2075.21	2763.02
2073.56	2794.86
2071.91	2745.63
2070.26	2835.87
2068.61	2685.13
2066.96	2831.39
2065.31	2830.66
2063.66	2761.8
2062.01	2762.61
2060.35	2830.01
2058.7	2776.34
2057.05	2751.43
2055.4	2818.79
2053.74	2804.47
2052.09	2794.69
2050.43	2824.21
2048.78	2752.49
2047.12	2806.17
2045.47	2751.11
2043.81	2839.48
2042.15	2841.79
2040.5	2816.94
2038.84	2786.07
2037.18	2800.45
2035.52	2736.44
2033.87	2800.57
2032.21	2720.01
2030.55	2776.58
2028.89	2792.46
2027.23	2814.36
2025.57	2825.71
2023.91	2728.69
2022.24	2798.74
2020.58	2737.88
2018.92	2822.93
2017.26	2808.71
2015.59	2761.42
2013.93	2781.79
2012.27	2809.65
2010.6	2730.86
2008.94	2839.82
2007.27	2732.53
2005.61	2770.9
2003.94	2750.72
2002.27	2700.54
2000.61	2824.38
1998.94	2756.22
1997.27	2731.57
1995.61	2799.86
1993.94	2734.75
1992.27	2705.63
1990.6	2746.92
1988.93	2785.19
1987.26	2732.13
1985.59	2713.51
1983.92	2697.9
1982.25	2737.65
1980.58	2687.64
1978.9	2730.37
1977.23	2789.52
1975.56	2687.23
1973.89	2812.1
1972.21	2775.58
1970.54	2718.18
1968.86	2699.62
1967.19	2748.24
1965.51	2717.75
1963.84	2714.12
1962.16	2610.56
1960.49	2709.87
1958.81	2668.97
1957.13	2644.5
1955.46	2697.53
1953.78	2693.92
1952.1	2650.1
1950.42	2743.31
1948.74	2703.95
1947.06	2633.36
1945.38	2646.14
1943.7	2688.68
1942.02	2667.23
1940.34	2720.16
1938.66	2725.48
1936.98	2660.93
1935.3	2704.9
1933.61	2720.62
1931.93	2617.49
1930.25	2671.84
1928.56	2628.17
1926.88	2689.92
1925.19	2629.94
1923.51	2697.59
1921.82	2723.68
1920.14	2640
1918.45	2686.85
1916.77	2618.04
1915.08	2681.18
1913.39	2676.12
1911.71	2682.92
1910.02	2666.02
1908.33	2600.26
1906.64	2641.13
1904.95	2686.41
1903.26	2718.36
1901.57	2630.46
1899.88	2689.03
1898.19	2722.44
1896.5	2597.64
1894.81	2619.23
1893.12	2686.62
1891.43	2541.22
1889.73	2663.26
1888.04	2649.37
1886.35	2613.34
1884.65	2612.76
1882.96	2653.5
1881.26	2568.8
1879.57	2639.04
1877.87	2589.78
1876.18	2626.07
1874.48	2672.66
1872.79	2560.05
1871.09	2597.8
1869.39	2564.81
1867.7	2559.83
1866	2563.68
1864.3	2626.42
1862.6	2675.88
1860.9	2603.18
1859.2	2624.68
1857.5	2469.66
1855.8	2594.11
1854.1	2555.32
1852.4	2606.2
1850.7	2605.63
1849	2631.51
1847.3	2550.14
1845.6	2574.55
1843.89	2703.2
1842.19	2620.4
1840.49	2553.78
1838.78	2625.12
1837.08	2574.67
1835.37	2572.64
1833.67	2616.08
1831.96	2583.25
1830.26	2604.68
1828.55	2607.04
1826.85	2605.01
1825.14	2551.72
1823.43	2593.63
1821.73	2581.36
1820.02	2554.45
1818.31	2466.09
1816.6	2587
1814.89	2539.63
1813.18	2577.11
1811.47	2518.06
1809.76	2612.55
1808.05	2496.52
1806.34	2531.05
1804.63	2556.81
1802.92	2550.42
1801.21	2484.15
1799.5	2509.9
1797.78	2615.93
1796.07	2561.37
1794.36	2464.51
1792.64	2593.82
1790.93	2497.01
1789.21	2531.47
1787.5	2548.43
1785.78	2582.86
1784.07	2534.22
1782.35	2524.94
1780.64	2531.69
1778.92	2503.48
1777.2	2537.89
1775.49	2554.82
1773.77	2535.36
1772.05	2488.26
1770.33	2550.28
1768.61	2619.56
1766.89	2450.32
1765.17	2462.89
1763.45	2545.22
1761.73	2531.6
1760.01	2443.89
1758.29	2494.21
1756.57	2559.04
1754.85	2514.94
1753.13	2492.64
1751.4	2480.5
1749.68	2523.51
1747.96	2489.61
1746.24	2496.34
1744.51	2524.82
1742.79	2524.29
1741.06	2490.42
1739.34	2526.12
1737.61	2541.53
1735.89	2423.66
1734.16	2570.88
1732.43	2538.49
1730.71	2504.66
1728.98	2573.61
1727.25	2518.08
1725.52	2456.78
1723.8	2489.54
1722.07	2471.66
1720.34	2476.93
1718.61	2506.77
1716.88	2532.27
1715.15	2518.73
1713.42	2493.65
1711.69	2488.79
1709.96	2544.6
1708.23	2476.21
1706.49	2530.54
1704.76	2566.1
1703.03	2503.52
1701.3	2531.85
1699.56	2503.92
1697.83	2539.45
1696.1	2505.76
1694.36	2536.95
1692.63	2572.46
1690.89	2597.86
1689.16	2520.97
1687.42	2523.33
1685.68	2482.48
1683.95	2480.53
1682.21	2583.65
1680.47	2478.06
1678.74	2548.05
1677	2544.64
1675.26	2513.92
1673.52	2583.85
1671.78	2586.19
1670.04	2545.41
1668.3	2590.87
1666.56	2583.15
1664.82	2565.38
1663.08	2577.78
1661.34	2565.76
1659.6	2648.49
1657.86	2560.39
1656.11	2594.3
1654.37	2616.72
1652.63	2591.8
1650.89	2532.47
1649.14	2609.37
1647.4	2669.03
1645.65	2672.78
1643.91	2617.78
1642.16	2663.09
1640.42	2681.16
1638.67	2650.53
1636.93	2712.98
1635.18	2672.34
1633.43	2604.53
1631.68	2632.61
1629.94	2682.14
1628.19	2750.24
1626.44	2701.05
1624.69	2727.66
1622.94	2685.65
1621.19	2729.4
1619.44	2758.84
1617.69	2702.57
1615.94	2750.57
1614.19	2732.87
1612.44	2860.78
1610.69	2763.14
1608.94	2758.3
1607.18	2793.4
1605.43	2772.85
1603.68	2846.44
1601.93	2780.27
1600.17	2809.63
1598.42	2874.62
1596.66	2831.28
1594.91	2806.48
1593.15	2768.87
1591.4	2765.46
1589.64	2665.23
1587.89	2678.92
1586.13	2803.6
1584.37	2768.88
1582.61	2808.14
1580.86	2715.12
1579.1	2824.06
1577.34	2705.48
1575.58	2694.97
1573.82	2678.79
1572.06	2682.5
1570.3	2735.93
1568.54	2728.27
1566.78	2697.89
1565.02	2738.51
1563.26	2736.53
1561.5	2663.59
1559.74	2688.58
1557.97	2739.1
1556.21	2701.66
1554.45	2709.62
1552.68	2744.5
1550.92	2704.25
1549.16	2754.71
1547.39	2710.23
1545.63	2643.1
1543.86	2635.48
1542.09	2636.35
1540.33	2615.99
1538.56	2623.95
1536.8	2658.79
1535.03	2586.09
1533.26	2671.84
1531.49	2552.51
1529.72	2631.16
1527.96	2609.41
1526.19	2617.36
1524.42	2606.93
1522.65	2559.78
1520.88	2618.57
1519.11	2632.16
1517.34	2563.85
1515.57	2587.32
1513.79	2538.8
1512.02	2569.32
1510.25	2530.71
1508.48	2602.12
1506.7	2636.84
1504.93	2572.85
1503.16	2568.1
1501.38	2529.52
1499.61	2485.32
1497.83	2574.97
1496.06	2520.92
1494.28	2468.3
1492.51	2441.05
1490.73	2429.29
1488.95	2469.6
1487.18	2428.29
1485.4	2372.93
1483.62	2401.97
1481.84	2502.71
1480.07	2475.49
1478.29	2449.68
1476.51	2428.1
1474.73	2421.98
1472.95	2453.79
1471.17	2411.15
1469.39	2482.26
1467.61	2446.66
1465.83	2425.1
1464.04	2375.49
1462.26	2450.75
1460.48	2396.95
1458.7	2446.94
1456.91	2576.82
1455.13	2452.94
1453.35	2460.84
1451.56	2562.61
1449.78	2514.45
1447.99	2474.72
1446.21	2528.82
1444.42	2479.3
1442.63	2496.98
1440.85	2471.28
1439.06	2458.17
1437.27	2509.42
1435.49	2510.3
1433.7	2525.16
1431.91	2489.69
1430.12	2543.68
1428.33	2633.98
1426.54	2483.95
1424.75	2469.47
1422.96	2457.78
1421.17	2467.05
1419.38	2438.62
1417.59	2394.85
1415.8	2441.79
1414.01	2483.14
1412.21	2387.78
1410.42	2443.06
1408.63	2443.95
1406.83	2361.2
1405.04	2451.29
1403.24	2480.04
1401.45	2441.92
1399.66	2391.27
1397.86	2369.89
1396.06	2324.84
1394.27	2410.65
1392.47	2336.4
1390.67	2380.43
1388.88	2428.62
1387.08	2423.94
1385.28	2388.68
1383.48	2374.28
1381.68	2352.93
1379.88	2428.87
1378.09	2374.18
1376.29	2352.85
1374.48	2403.74
1372.68	2378.24
1370.88	2379.14
1369.08	2413.33
1367.28	2297.67
1365.48	2369.32
1363.67	2348.02
1361.87	2348.91
1360.07	2374.76
1358.26	2360.4
1356.46	2361.29
1354.66	2313.69
1352.85	2360.3
1351.05	2365.35
1349.24	2373.16
1347.43	2329.75
1345.63	2395.69
1343.82	2357.82
1342.01	2369.78
1340.21	2341.62
1338.4	2399.2
1336.59	2304.69
1334.78	2363.64
1332.97	2407.36
1331.16	2456.59
1329.35	2328.99
1327.54	2316.07
1325.73	2325.24
1323.92	2328.89
1322.11	2353.25
1320.3	2249.26
1318.49	2281.89
1316.67	2231.75
1314.86	2356.77
1313.05	2296.99
1311.23	2333.72
1309.42	2331.85
1307.61	2301.04
1305.79	2317.08
1303.98	2301.44
1302.16	2328.49
1300.35	2212.36
1298.53	2316.49
1296.71	2336.64
1294.89	2336.15
1293.08	2293.01
1291.26	2318.65
1289.44	2353.9
1287.62	2301.17
1285.8	2286.93
1283.98	2278.2
1282.16	2318.93
1280.34	2279.98
1278.52	2331.67
1276.7	2255.66
1274.88	2227.73
1273.06	2253.33
1271.24	2291.26
1269.41	2237.28
1267.59	2218.97
1265.77	2293.91
1263.94	2157.7
1262.12	2242.21
1260.3	2232.14
1258.47	2186.45
1256.65	2170.92
1254.82	2170.45
1252.99	2150.82
1251.17	2109.29
1249.34	2152.63
1247.51	2230.16
1245.69	2222.84
1243.86	2091.07
1242.03	2104.29
1240.2	2065.56
1238.37	2114.32
1236.54	2127.53
1234.71	2133.9
1232.88	2158.02
1231.05	2141.17
1229.22	2184.4
1227.39	2047.43
1225.56	2057.91
1223.72	2075.2
1221.89	2073.38
1220.06	2018.38
1218.22	2002.95
1216.39	2067.95
1214.56	2042.97
1212.72	1989.38
1210.89	2061.15
1209.05	2036.19
1207.22	2008.51
1205.38	2025.78
1203.54	2074.34
1201.7	1974.54
1199.87	2024.45
1198.03	2066.18
1196.19	1990.93
1194.35	2035.37
1192.51	2034.92
1190.67	2022.25
1188.83	2031.32
1186.99	1979.25
1185.15	1995.12
1183.31	2021.84
1181.47	2034.97
1179.63	2042.67
1177.79	2002.87
1175.94	2013.29
1174.1	2045.4
1172.26	1989.35
1170.41	1904.86
1168.57	1999.33
1166.72	1966.36
1164.88	1975.41
1163.03	1964.14
1161.19	1996.22
1159.34	1925.37
1157.49	1964.2
1155.65	1961.06
1153.8	1951.16
1151.95	1975.08
1150.1	1934.07
1148.25	1901.19
1146.4	1960.26
1144.55	1971.99
1142.7	1876.96
1140.85	1934.64
1139	1877.48
1137.15	1936.48
1135.3	1909.05
1133.45	1866.79
1131.6	1977.03
1129.74	1910.48
1127.89	1877.69
1126.04	1982.46
1124.18	1936.18
1122.33	1872.39
1120.47	1886.8
1118.62	1850
1116.76	1881.92
1114.9	1872.08
1113.05	1860.89
1111.19	1856.43
1109.33	1838.52
1107.47	1898.67
1105.62	1867.3
1103.76	1896.47
1101.9	1894.71
1100.04	1860.67
1098.18	1837.41
1096.32	1894.78
1094.46	1786.88
1092.6	1833.49
1090.74	1818.31
1088.87	1829.98
1087.01	1791.99
1085.15	1825.14
1083.28	1781.79
1081.42	1869.93
1079.56	1830.61
1077.69	1853
1075.83	1777.51
1073.96	1806.6
1072.1	1748.58
1070.23	1728.09
1068.36	1765.2
1066.5	1811.67
1064.63	1787.16
1062.76	1788.1
1060.89	1793.05
1059.02	1899.67
1057.15	1843.06
1055.28	1813.23
1053.41	1774.05
1051.54	1730.88
1049.67	1810.66
1047.8	1812.92
1045.93	1816.52
1044.06	1722.63
1042.19	1719.57
1040.31	1759.23
1038.44	1828.22
1036.57	1757.09
1034.69	1762.03
1032.82	1762.96
1030.94	1709.23
1029.07	1799.49
1027.19	1769.76
1025.31	1807.99
1023.44	1744.98
1021.56	1807.17
1019.68	1786.79
1017.8	1777.06
1015.93	1712.78
1014.05	1781.57
1012.17	1739.93
1010.29	1758.15
1008.41	1741.8
1006.53	1696.2
1004.65	1678.54
1002.76	1690.11
1000.88	1726.92
998.999	1788.94
997.116	1755.34
995.233	1753.61
993.349	1706.76
991.465	1724.94
989.581	1728.53
987.696	1726.8
985.81	1713.15
983.925	1702.15
982.038	1738.87
980.151	1747.74
978.264	1593.67
976.377	1705.88
974.489	1724.03
972.6	1739.52
970.711	1740.44
968.822	1636.83
966.932	1759.48
965.042	1679.72
963.151	1704.45
961.26	1726.53
959.369	1649.48
957.477	1651.74
955.585	1667.21
953.692	1640.41
951.798	1683.6
949.905	1684.54
948.011	1612.87
946.116	1669.24
944.221	1639.83
942.326	1636.81
940.43	1653.57
938.533	1645.28
936.637	1634.35
934.739	1676.14
932.842	1696.83
930.944	1637.17
929.045	1685.51
927.146	1644.31
925.247	1586.01
923.347	1672.49
921.447	1572.12
919.546	1636.2
917.645	1645.02
915.743	1588.11
913.841	1653.46
911.938	1635.99
910.035	1575.17
908.132	1576.12
906.228	1613.83
904.324	1579.32
902.419	1598.64
900.514	1579.9
898.608	1554.6
896.702	1593.59
894.796	1591.9
892.889	1579.73
890.981	1593.78
889.073	1517.4
887.165	1629.71
885.256	1578.25
883.347	1525.5
881.437	1510.74
879.527	1581.07
877.617	1520.5
875.706	1584.25
873.794	1576.03
871.883	1562.58
869.97	1492.93
868.057	1495.19
866.144	1498.76
864.23	1516.7
862.316	1509.81
860.402	1560.38
858.487	1540.43
856.571	1444.79
854.655	1445.76
852.739	1478.03
850.822	1505.07
848.905	1536.01
846.987	1517.4
845.069	1484.46
843.15	1498.44
841.231	1499.39
839.311	1501.64
837.391	1460.92
835.471	1489.21
833.55	1457.63
831.628	1427.36
829.707	1438.72
827.784	1512.51
825.862	1460.15
823.938	1485.8
822.015	1458.16
820.091	1456.51
818.166	1393.82
816.241	1423.36
814.316	1439.9
812.39	1430.47
810.463	1371.73
808.536	1497.26
806.609	1395.73
804.681	1403.18
802.753	1387.28
800.824	1415.47
798.895	1460.49
796.966	1410.91
795.036	1358.77
793.105	1418.01
791.174	1376.25
789.243	1458.76
787.311	1344.53
785.378	1377.85
783.446	1466.77
781.512	1322.88
779.579	1376.87
777.644	1381.71
775.71	1329.69
773.775	1396.56
771.839	1380.72
769.903	1390.72
767.966	1320.68
766.029	1377.16
764.092	1309.73
762.154	1326.19
760.216	1385.2
758.277	1290.74
756.338	1316.21
754.398	1367.45
752.458	1264.04
750.517	1301.1
748.576	1367.76
746.634	1297.9
744.692	1314.33
742.75	1382.23
740.807	1316.28
738.863	1341.69
736.919	1351.66
734.975	1324.33
733.03	1343.3
731.085	1346.83
729.139	1320.81
727.193	1299.94
725.246	1370.27
723.299	1300.61
721.351	1334.95
719.403	1284.59
717.455	1304.81
715.506	1326.3
713.556	1306.75
711.606	1317.97
709.656	1251
707.705	1314.78
705.754	1346.49
703.802	1316.71
701.849	1272.86
699.897	1305.84
697.943	1256.89
695.99	1309.05
694.036	1349.68
692.081	1299.47
690.126	1295.32
688.17	1227.26
686.214	1266.58
684.258	1208.78
682.301	1290.25
680.343	1297.6
678.385	1303.68
676.427	1208.9
674.468	1207.33
672.509	1274.67
670.549	1261.61
668.589	1266.41
666.628	1211.28
664.667	1286.19
662.705	1301.18
660.743	1262.64
658.78	1332.4
656.817	1309.16
654.854	1331.76
652.89	1319.99
650.925	1282.77
648.96	1302.81
646.995	1288.51
645.029	1266.58
643.062	1253.57
641.095	1187.17
639.128	1250.42
637.16	1245.04
635.192	1284.12
633.223	1206.35
631.254	1254.3
629.284	1214.66
627.314	1211.83
625.344	1215.34
623.372	1209.98
621.401	1175.45
619.429	1181.51
617.456	1141.94
615.483	1142.93
613.51	1183.19
611.536	1186.71
609.561	1182.63
607.587	1134.24
605.611	1155.48
603.635	1145.08
601.659	1138.48
599.682	1187.53
597.705	1160.7
595.727	1190.76
593.749	1122.23
591.77	1118.17
589.791	1150.74
587.812	1187.09
585.831	1133.78
583.851	1109.53
581.87	1171.1
579.888	1151.89
577.906	1111.25
575.924	1112.25
573.941	1127.11
571.957	1091.55
569.974	1125.31
567.989	1098.59
566.004	1128.55
564.019	1118.21
562.033	1095.28
560.047	1039.64
558.06	1160.19
556.073	1088.21
554.085	1043.93
552.097	1135.47
550.109	1115.09
548.119	1062.03
546.13	1070.58
544.14	1102.98
542.149	1098.95
540.158	1064.79
538.167	1104.71
536.175	1060.52
534.182	1086.61
532.19	1144.06
530.196	1098.64
528.202	1074.55
526.208	1017.89
524.213	1259.52
522.218	1383.27
520.222	1543.28
518.226	1494.07
516.229	1204.49
514.232	1094.05
512.234	1061.25
510.236	1059.75
508.238	1067
506.239	1098.01
504.239	1018.98
502.239	1108.74
500.239	1016
498.238	1028.25
496.236	1080.47
494.234	1007.79
492.232	1043.75
490.229	1039.76
488.226	1005.82
486.222	1011.82
484.218	1050.25
482.213	1067.46
480.208	1023.57
478.202	992.172
476.196	1003.15
474.189	1015.37
472.182	976.523
470.174	1013.65
468.166	1027.11
466.158	1034.33
464.149	1011.69
462.139	975.374
460.129	1032.36
458.119	1003.52
456.108	994.578
454.097	929.712
452.085	995.354
450.072	1012.51
448.06	960.109
446.046	987.203
444.033	933.589
442.018	934.611
440.004	953.006
437.989	967.67
435.973	961.242
433.957	965.978
431.94	1001.7
429.923	985.358
427.906	1008.67
425.888	948.971
423.869	930.171
421.85	978.248
419.831	965.64
417.811	945.612
415.791	947.867
413.77	955.069
411.749	926.4
409.727	921.239
407.705	942.042
405.682	946.767
403.659	997.211
401.635	946.328
399.611	926.347
397.587	937.247
395.562	964.19
393.536	907.191
391.51	948.937
389.484	937.615
387.457	934.932
385.43	1006.24
383.402	966.555
381.374	952.774
379.345	914.354
377.316	969.584
375.286	913.934
373.256	938.353
371.225	940.6
369.194	928.076
367.163	878.64
365.13	946.105
363.098	970.49
361.065	917.389
359.032	893.82
356.998	877.636
354.963	871.292
352.929	916.552
350.893	896.69
348.858	914.907
346.821	875.41
344.785	916.946
342.748	911.829
340.71	945.977
338.672	894.242
336.634	954.133
334.595	951.465
332.555	871.57
330.515	928.975
328.475	878.528
326.434	948.156
324.393	889.155
322.351	906.097
320.309	923.032
318.266	914.257
316.223	909.158
314.18	935.867
312.136	911.196
310.091	931.78
308.046	948.687
306.001	965.586
303.955	943.375
301.909	968.821
299.862	929.519
297.815	962.283
295.767	981.604
293.719	1020.45
291.67	977.507
289.621	969.969
287.572	1003.91
285.522	1050.03
283.472	1042.48
281.421	1025.19
279.369	1078.58
277.318	1105.15
275.265	1054.96
273.213	1154.6
271.16	1201.84
269.106	1185.75
267.052	1228.09
264.998	1272.84
262.943	1373.54
260.887	1404.87
258.832	1471.44
256.775	1523.4
254.719	1600.86
252.661	1743.92
250.604	1778.77
248.546	1897.43
246.487	1956.53
244.428	1963.39
242.369	1975.11
240.309	2018.37
238.249	2002.16
236.188	2053.9
234.127	1985.53
232.065	1920.84
230.003	1911.94
227.941	1877.59
225.878	1835.98
223.815	1764.1
221.751	1774.63
219.687	1718.54
217.622	1628.57
215.557	1668.18
213.491	1684.77
211.425	1560.98
209.359	1548.55
207.292	1572.42
205.225	1541.85
203.157	1506.46
201.089	1420.32
