2075.45	979.674
2073.8	984.224
2072.16	929.39
2070.51	918.541
2068.86	951.644
2067.21	1004.42
2065.56	929.953
2063.9	1009.97
2062.25	953.699
2060.6	1009.45
2058.95	918.415
2057.3	915.156
2055.64	960.293
2053.99	919.229
2052.34	934.112
2050.68	930.854
2049.03	1016.73
2047.37	986.269
2045.72	925.622
2044.06	949.544
2042.4	976.472
2040.75	902.294
2039.09	933.747
2037.43	966.693
2035.77	996.607
2034.11	1510.37
2032.46	2456.37
2030.8	2422.62
2029.14	1840.61
2027.48	996.878
2025.82	957.49
2024.15	942.203
2022.49	935.952
2020.83	946.252
2019.17	962.564
2017.51	944.285
2015.84	921.505
2014.18	921.279
2012.52	976.649
2010.85	928.341
2009.19	916.101
2007.52	912.875
2005.86	938.172
2004.19	970.96
2002.52	945.219
2000.86	904.491
1999.19	947.762
1997.52	880.066
1995.86	947.305
1994.19	929.095
1992.52	915.388
1990.85	913.671
1989.18	937.411
1987.51	920.719
1985.84	966.898
1984.17	906.812
1982.5	918.564
1980.83	957.233
1979.15	930.089
1977.48	916.414
1975.81	949.078
1974.14	1101.27
1972.46	885.885
1970.79	894.637
1969.11	975.059
1967.44	873.315
1965.76	914.9
1964.09	943.035
1962.41	933.863
1960.74	915.747
1959.06	924.479
1957.38	922.772
1955.71	886.787
1954.03	956.612
1952.35	919.146
1950.67	929.358
1948.99	900.851
1947.31	928.926
1945.63	884.061
1943.95	883.856
1942.27	944.644
1940.59	889.396
1938.91	896.625
1937.23	909.798
1935.55	885.808
1933.86	927.21
1932.18	877.973
1930.5	941.636
1928.81	901.328
1927.13	847.678
1925.45	890.526
1923.76	931.87
1922.08	855.997
1920.39	883.983
1918.71	937.164
1917.02	870.237
1915.33	883.379
1913.64	871.323
1911.96	884.459
1910.27	915.363
1908.58	860.365
1906.89	925.312
1905.2	901.421
1903.51	921.935
1901.82	834.436
1900.13	899.332
1898.44	899.129
1896.75	882.663
1895.06	923.854
1893.37	833.498
1891.68	911.619
1889.99	970.502
1888.29	880.197
1886.6	899.195
1884.91	878.328
1883.21	875.18
1881.52	931.055
1879.82	858.563
1878.13	837.724
1876.43	890.621
1874.74	921.382
1873.04	896.121
1871.34	857.61
1869.65	886.885
1867.95	935.294
1866.25	848.205
1864.55	881.88
1862.86	881.685
1861.16	896.207
1859.46	857.756
1857.76	881.102
1856.06	873.556
1854.36	905.71
1852.66	851.122
1850.96	836.239
1849.25	865.442
1847.55	888.757
1845.85	866.532
1844.15	881.026
1842.44	872.026
1840.74	874.771
1839.04	783.6
1837.33	850.916
1835.63	931.403
1833.92	929.734
1832.22	889.946
1830.51	895.616
1828.81	866.112
1827.1	845.411
1825.4	884.78
1823.69	869.942
1821.98	843.398
1820.27	901.772
1818.56	832.788
1816.86	851.631
1815.15	866.077
1813.44	899.531
1811.73	894.951
1810.02	849.435
1808.31	890.18
1806.6	832.994
1804.89	856.193
1803.18	848.705
1801.46	866.049
1799.75	858.562
1798.04	916.771
1796.33	847.978
1794.61	853.633
1792.9	854.91
1791.19	844.517
1789.47	861.836
1787.76	831.035
1786.04	862.926
1784.33	840.882
1782.61	850.902
1780.89	850.721
1779.18	844.714
1777.46	869.288
1775.74	821.063
1774.02	832.532
1772.31	855.638
1770.59	820.54
1768.87	868.366
1767.15	873.999
1765.43	850.551
1763.71	796.587
1761.99	877.805
1760.27	810.781
1758.55	871.623
1756.83	880.153
1755.11	843.665
1753.38	828.969
1751.66	828.795
1749.94	821.364
1748.22	799.428
1746.49	884.843
1744.77	826.647
1743.05	854.022
1741.32	849.494
1739.6	843.518
1737.87	883.914
1736.14	838.818
1734.42	832.848
1732.69	786.333
1730.97	819.469
1729.24	826.535
1727.51	848.07
1725.78	856.574
1724.05	857.841
1722.33	795.471
1720.6	854.591
1718.87	838.51
1717.14	870.133
1715.41	848.275
1713.68	794.641
1711.95	793.03
1710.22	797.198
1708.49	856.231
1706.75	867.602
1705.02	837.112
1703.29	834.052
1701.56	849.748
1699.82	851.014
1698.09	888.331
1696.36	857.869
1694.62	797.148
1692.89	863.277
1691.15	792.494
1689.42	884.528
1687.68	859.86
1685.94	851.041
1684.21	788.958
1682.47	831.976
1680.73	778.557
1679	858.969
1677.26	841.529
1675.52	815.467
1673.78	821.05
1672.04	833.819
1670.3	862.393
1668.56	823.415
1666.82	771.522
1665.08	867.604
1663.34	830.085
1661.6	796.889
1659.86	867.066
1658.12	822.395
1656.37	823.66
1654.63	790.493
1652.89	869.22
1651.15	818.848
1649.4	804.342
1647.66	832.845
1645.91	809.743
1644.17	831.069
1642.42	902.527
1640.68	859.373
1638.93	816.236
1637.19	838.975
1635.44	824.489
1633.69	795.697
1631.95	805.549
1630.2	819.688
1628.45	812.369
1626.7	760.724
1624.95	816.323
1623.2	824.732
1621.45	781.691
1619.71	820.106
1617.96	802.796
1616.2	824.054
1614.45	829.596
1612.7	789.453
1610.95	836.392
1609.2	867.614
1607.45	793.247
1605.69	840.156
1603.94	855.671
1602.19	828.405
1600.43	873.852
1598.68	828.065
1596.93	810.795
1595.17	833.423
1593.42	796.219
1591.66	830.233
1589.9	780.231
1588.15	801.423
1586.39	826.876
1584.63	849.473
1582.88	800.93
1581.12	874.726
1579.36	804.868
1577.6	787.642
1575.84	797.43
1574.08	777.371
1572.33	839.729
1570.57	758.585
1568.81	815.24
1567.04	751.174
1565.28	846.139
1563.52	806.223
1561.76	773.418
1560	811.567
1558.24	750.404
1556.47	788.543
1554.71	870.622
1552.95	847.761
1551.18	789.475
1549.42	843.162
1547.65	799.069
1545.89	774.825
1544.12	832.73
1542.36	801.409
1540.59	798.414
1538.83	758.621
1537.06	792.426
1535.29	775.287
1533.52	789.272
1531.76	756.584
1529.99	747.946
1528.22	780.305
1526.45	787.211
1524.68	760.203
1522.91	762.872
1521.14	783.902
1519.37	776.68
1517.6	784.992
1515.83	773.539
1514.06	783.259
1512.29	818.373
1510.52	768.83
1508.74	768.672
1506.97	737.492
1505.2	800.782
1503.42	782.294
1501.65	715.899
1499.87	770.701
1498.1	788.855
1496.32	795.735
1494.55	789.939
1492.77	746.135
1491	769.909
1489.22	738.792
1487.44	754.116
1485.67	759.587
1483.89	721.46
1482.11	742.402
1480.33	802.698
1478.55	754.746
1476.77	778.479
1475	750.22
1473.22	745.852
1471.43	755.529
1469.65	752.565
1467.87	791.715
1466.09	787.341
1464.31	760.518
1462.53	735.11
1460.75	781.244
1458.96	754.439
1457.18	801.952
1455.4	749.922
1453.61	732.95
1451.83	748.211
1450.04	746.656
1448.26	718.491
1446.47	758.95
1444.69	764.393
1442.9	751.638
1441.12	797.663
1439.33	773.713
1437.54	732.987
1435.75	741.226
1433.97	780.224
1432.18	761.889
1430.39	789.685
1428.6	754.586
1426.81	713.914
1425.02	690.021
1423.23	723.394
1421.44	721.848
1419.65	763.576
1417.86	760.627
1416.07	763.259
1414.27	698.928
1412.48	788.048
1410.69	747.445
1408.9	718.011
1407.1	706.711
1405.31	731.649
1403.51	727.317
1401.72	782.887
1399.92	728.407
1398.13	740.787
1396.33	728.104
1394.54	658.358
1392.74	699.969
1390.94	715.127
1389.15	706.632
1387.35	705.094
1385.55	746.66
1383.75	674.217
1381.95	744.958
1380.15	753.14
1378.35	705.748
1376.55	681.988
1374.75	756.834
1372.95	651.158
1371.15	712.098
1369.35	750.808
1367.55	760.364
1365.75	753.268
1363.94	723.985
1362.14	711.353
1360.34	705.658
1358.54	723.529
1356.73	721.992
1354.93	680.276
1353.12	721.689
1351.32	724.307
1349.51	739.386
1347.71	729.54
1345.9	701.706
1344.09	704.326
1342.29	724.93
1340.48	764.889
1338.67	737.07
1336.86	746.593
1335.05	739.525
1333.24	746.279
1331.43	779.282
1329.62	755.634
1327.81	679.513
1326	778.789
1324.19	771.722
1322.38	738.433
1320.57	752.076
1318.76	764.334
1316.95	739.344
1315.13	715.743
1313.32	707.319
1311.51	781.608
1309.69	770.417
1307.88	753.719
1306.06	681.922
1304.25	692.796
1302.43	732.583
1300.62	696.633
1298.8	696.485
1296.98	718.355
1295.17	723.706
1293.35	708.421
1291.53	731.65
1289.71	716.369
1287.9	710.718
1286.08	680.33
1284.26	655.451
1282.44	722.628
1280.62	653.798
1278.8	697.602
1276.98	674.113
1275.15	673.969
1273.33	654.612
1271.51	672.309
1269.69	673.537
1267.87	674.764
1266.04	643.083
1264.22	675.846
1262.39	681.184
1260.57	650.891
1258.74	719.252
1256.92	641.024
1255.09	705.249
1253.27	679.084
1251.44	677.57
1249.61	626.788
1247.79	622.549
1245.96	656.614
1244.13	668.781
1242.3	646.76
1240.48	671.227
1238.65	645.114
1236.82	654.54
1234.99	653.033
1233.16	678.844
1231.33	648.654
1229.49	703.126
1227.66	615.614
1225.83	682.352
1224	660.374
1222.17	642.497
1220.33	631.448
1218.5	677.671
1216.67	663.892
1214.83	681.466
1213	598.197
1211.16	698.881
1209.33	681.022
1207.49	687.683
1205.65	618.1
1203.82	626.132
1201.98	660.018
1200.14	628.581
1198.3	651.569
1196.47	682.706
1194.63	599.617
1192.79	621.236
1190.95	619.742
1189.11	642.706
1187.27	638.49
1185.43	673.664
1183.59	658.58
1181.75	595.986
1179.9	654.22
1178.06	673.075
1176.22	663.431
1174.38	630.731
1172.53	596.69
1170.69	616.897
1168.84	619.472
1167	617.981
1165.15	672.043
1163.31	601.454
1161.46	618.928
1159.62	674.308
1157.77	630.84
1155.92	638.822
1154.08	644.093
1152.23	631.776
1150.38	643.81
1148.53	624.736
1146.68	636.766
1144.83	625.812
1142.98	663.512
1141.13	632.291
1139.28	661.868
1137.43	648.217
1135.58	608.919
1133.73	643.88
1131.87	670.729
1130.02	638.198
1128.17	582.749
1126.31	601.501
1124.46	614.852
1122.6	632.24
1120.75	652.316
1118.89	631.959
1117.04	626.43
1115.18	678.818
1113.33	630.191
1111.47	628.704
1109.61	625.872
1107.75	641.881
1105.89	653.846
1104.04	642.94
1102.18	618.59
1100.32	633.241
1098.46	571.268
1096.6	630.271
1094.74	661.032
1092.88	693.122
1091.01	621.79
1089.15	601.511
1087.29	628.223
1085.43	606.61
1083.56	613.182
1081.7	629.142
1079.84	634.366
1077.97	628.86
1076.11	646.146
1074.24	605.793
1072.38	604.317
1070.51	652.408
1068.64	604.045
1066.78	586.501
1064.91	618.499
1063.04	559.468
1061.17	659.702
1059.3	604.702
1057.43	682.143
1055.56	573.673
1053.69	635.042
1051.82	580.097
1049.95	602.683
1048.08	615.907
1046.21	654.504
1044.34	645.007
1042.47	610.148
1040.59	634.037
1038.72	608.537
1036.85	605.731
1034.97	585.585
1033.1	630.794
1031.22	639.984
1029.35	617.177
1027.47	575.724
1025.59	636.883
1023.72	639.402
1021.84	647.247
1019.96	636.448
1018.09	583.056
1016.21	650.797
1014.33	632.021
1012.45	627.886
1010.57	623.753
1008.69	627.599
1006.81	583.587
1004.93	604.718
1003.05	564.718
1001.16	579.201
999.281	625.554
997.398	606.821
995.515	615.974
993.632	585.307
991.748	602.423
989.863	619.531
987.978	615.409
986.093	605.986
984.207	621.755
982.321	626.914
980.434	630.745
978.547	585.557
976.659	622.508
974.772	603.826
972.883	614.278
970.994	578.4
969.105	586.207
967.215	633.698
965.325	658.682
963.435	649.274
961.544	641.192
959.652	610.644
957.76	609.181
955.868	579.976
953.975	618.145
952.082	599.515
950.188	628.421
948.294	599.238
946.4	604.377
944.505	589.725
942.609	552.657
940.714	563.078
938.817	552.4
936.921	590.496
935.023	562.686
933.126	590.222
931.228	628.282
929.329	612.334
927.43	605.609
925.531	583.092
923.631	585.588
921.731	598.608
919.83	569.532
917.929	581.234
916.028	554.805
914.126	542.846
912.223	5918.66
910.32	1261.23
908.417	580.557
906.513	573.856
904.609	551.403
902.704	527.648
900.799	589.201
898.894	591.687
896.988	587.613
895.081	567.806
893.174	576.85
891.267	572.783
889.359	564.786
887.451	547.623
885.542	578.93
883.633	570.937
881.723	540.692
879.813	566.742
877.903	566.609
875.992	595.258
874.081	519.257
872.169	560.98
870.256	573.921
868.344	545.032
866.43	507.009
864.517	547.388
862.603	545.953
860.688	536.684
858.773	566.584
856.858	539.042
854.942	529.781
853.026	530.96
851.109	533.444
849.192	526.798
847.274	495.386
845.356	539.583
843.437	572.032
841.518	513.274
839.599	548.318
837.679	570.324
835.758	489.478
833.837	571.356
831.916	547.8
829.994	532.06
828.072	533.235
826.149	514.905
824.226	513.483
822.303	513.361
820.379	491.151
818.454	530.006
816.529	555.854
814.604	472.624
812.678	499.772
810.751	545.077
808.825	522.89
806.897	526.658
804.97	516.158
803.042	482.324
801.113	465.358
799.184	541.709
797.254	515.668
795.324	527.203
793.394	519.308
791.463	512.711
789.532	497.056
787.6	487.879
785.667	472.237
783.735	503.169
781.801	490.117
779.868	511.979
777.934	493.762
775.999	529.827
774.064	470.271
772.128	495.992
770.193	520.409
768.256	522.867
766.319	489.184
764.382	507.133
762.444	470.889
760.506	530.108
758.567	480.981
756.628	510.517
754.688	503.951
752.748	476.771
750.807	502.422
748.866	454.648
746.925	440.375
744.983	518.798
743.04	481.35
741.097	509.543
739.154	482.406
737.21	515.73
735.266	470.604
733.321	500.058
731.376	532.068
729.43	493.394
727.484	494.561
725.537	494.442
723.59	481.485
721.643	478.802
719.695	505.638
717.746	481.139
715.797	465.631
713.848	442.436
711.898	489.769
709.947	460.17
707.997	425.459
706.045	491.979
704.094	491.862
702.141	509.672
700.189	527.474
698.235	494.068
696.282	426.128
694.328	479.759
692.373	447.667
690.418	469.299
688.463	473.022
686.507	502.305
684.55	465.128
682.593	449.686
680.636	464.905
678.678	486.501
676.72	451.916
674.761	456.913
672.802	446.596
670.842	446.489
668.882	480.817
666.921	484.527
664.96	460.19
662.998	438.414
661.036	481.63
659.074	449.668
657.111	452.108
655.147	486.377
653.183	493.898
651.219	445.419
649.254	444.04
647.288	440.118
645.322	455.273
643.356	451.35
641.389	442.344
639.422	465.112
637.454	417.992
635.486	435.675
633.517	438.11
631.548	455.779
629.579	467.093
627.609	425.105
625.638	426.272
623.667	386.851
621.695	433.676
619.723	455.124
617.751	419.526
615.778	421.96
613.805	424.393
611.831	466.087
609.856	369.741
607.882	406.365
605.906	429.049
603.93	416.293
601.954	459.204
599.978	427.476
598	426.109
596.023	428.535
594.045	423.378
592.066	454.864
590.087	433.281
588.107	402.867
586.127	368.68
584.147	417.822
582.166	440.438
580.184	407.529
578.202	426.352
576.22	390.94
574.237	414.801
572.254	404.618
570.27	373.017
568.286	406.945
566.301	367.8
564.316	402.972
562.33	417.984
560.344	406.556
558.357	411.492
556.37	411.394
554.382	384.883
552.394	396.108
550.406	436.244
548.416	394.662
546.427	405.877
544.437	383.168
542.447	390.612
540.456	411.866
538.464	404.235
536.472	409.159
534.48	406.552
532.487	437.818
530.494	420.155
528.5	430.086
526.506	455.056
524.511	536.412
522.516	695.416
520.52	844.323
518.524	673.795
516.527	525.886
514.53	471.933
512.533	445.539
510.535	449.187
508.536	401.546
506.537	381.44
504.538	410.107
502.538	421.261
500.537	444.906
498.536	422.31
496.535	417.214
494.533	420.862
492.531	405.779
490.528	379.47
488.525	411.827
486.521	416.721
484.517	407.891
482.512	376.617
480.507	400.217
478.501	390.151
476.495	381.336
474.489	375.016
472.482	411.05
470.474	318.8
468.466	356.076
466.458	358.481
464.449	384.53
462.439	337.162
460.429	363.204
458.419	432.758
456.408	410.277
454.397	389.051
452.385	406.357
450.373	391.353
448.36	377.598
446.347	401.104
444.333	357.557
442.319	388.504
440.304	341.257
438.289	380.878
436.274	364.664
434.258	385.66
432.241	374.412
430.224	418.946
428.207	385.39
426.189	381.584
424.171	348.052
422.152	364.069
420.132	366.46
418.113	344.096
416.092	395.989
414.072	336.513
412.05	330.25
410.029	336.356
408.007	343.696
405.984	348.561
403.961	348.48
401.937	358.283
399.913	322.38
397.889	400.103
395.864	377.788
393.839	333.265
391.813	389.954
389.786	363.955
387.76	337.968
385.732	352.688
383.704	348.909
381.676	379.644
379.648	377.092
377.618	344.972
375.589	323.953
373.559	363.286
371.528	338.578
369.497	345.886
367.466	376.573
365.434	360.492
363.401	354.259
361.368	343.11
359.335	344.261
357.301	358.933
355.267	376.057
353.232	302.251
351.197	329.207
349.161	359.835
347.125	376.942
345.089	344.941
343.052	337.499
341.014	338.649
338.976	349.613
336.938	350.76
334.899	350.681
332.86	330.987
330.82	349.297
328.779	359.02
326.739	352.814
324.698	358.859
322.656	350.206
320.614	347.679
318.571	353.721
316.528	392.799
314.485	367.019
312.441	369.383
310.396	344.844
308.351	377.776
306.306	350.801
304.26	375.163
302.214	375.08
300.167	392.097
298.12	384.682
296.073	379.713
294.025	372.304
291.976	383.205
289.927	420.944
287.878	390.355
285.828	461.004
283.778	457.245
281.727	433.982
279.676	442.417
277.624	474.001
275.572	445.877
273.519	460.395
271.466	462.729
269.413	468.715
267.359	500.258
265.304	489.197
263.249	536.539
261.194	526.69
259.138	527.792
257.082	528.892
255.026	525.13
252.969	549.322
250.911	577.149
248.853	579.454
246.795	561.11
244.736	545.203
242.676	570.579
240.617	551.036
238.556	554.558
236.496	531.387
234.435	597.985
232.373	542.073
230.311	566.205
228.249	574.569
226.186	563.539
224.123	570.688
222.059	524.533
219.995	564.389
217.93	518.255
215.865	544.778
213.8	542.242
211.734	520.345
209.667	506.926
207.6	558.832
205.533	515.177
203.466	492.096
201.397	431.551
