2001.48	3619.22
2000.55	3758.73
1999.61	3870.64
1998.68	3738.47
1997.75	3673.38
1996.82	3763.8
1995.88	3755.02
1994.95	3673.89
1994.02	3643.69
1993.08	3602.79
1992.15	3569.94
1991.22	3587.98
1990.28	3490.9
1989.35	3591.92
1988.41	3593.89
1987.48	3721.6
1986.55	3413.25
1985.61	3554.32
1984.68	3473.4
1983.74	3523.51
1982.81	3656.45
1981.87	3596.94
1980.93	3577.53
1980	3502.02
1979.06	3672.26
1978.13	3610.12
1977.19	3441.22
1976.25	3531.29
1975.32	3650.68
1974.38	3583.25
1973.44	3755.94
1972.5	3501.83
1971.57	3557.13
1970.63	3548.43
1969.69	3454.44
1968.75	3653.62
1967.81	3538.33
1966.88	3542.96
1965.94	3720.71
1965	3488.3
1964.06	3823.06
1963.12	3454.98
1962.18	3438.33
1961.24	3871.35
1960.3	3519.44
1959.36	3611.83
1958.42	3762.69
1957.48	3615.72
1956.54	3593.74
1955.6	3515.96
1954.66	3597.63
1953.72	3503.94
1952.78	3760.88
1951.84	3608.77
1950.89	3477.96
1949.95	3548.94
1949.01	3455.36
1948.07	3571.42
1947.13	3652.95
1946.18	3599.18
1945.24	3720.45
1944.3	3671.99
1943.35	3756.09
1942.41	3591.03
1941.47	3667.16
1940.52	3706.17
1939.58	3784.89
1938.64	3707.35
1937.69	3489.51
1936.75	3703.23
1935.8	3601.93
1934.86	3722.93
1933.91	3589.92
1932.97	3626.24
1932.02	3601.72
1931.08	3582.5
1930.13	3840.84
1929.18	3710.58
1928.24	3733.62
1927.29	3563.81
1926.35	3586.87
1925.4	3594.08
1924.45	3757.06
1923.5	3661.29
1922.56	3650
1921.61	3514.71
1920.66	3711.87
1919.71	3716.41
1918.77	3847.53
1917.82	3562.01
1916.87	3666.75
1915.92	3550.06
1914.97	3694.28
1914.02	3714.62
1913.07	3740.22
1912.13	3539.34
1911.18	3614.99
1910.23	3556.36
1909.28	3634.61
1908.33	3794.4
1907.38	3538.46
1906.43	3716.61
1905.47	3707.99
1904.52	3888.67
1903.57	3809.03
1902.62	3937.06
1901.67	3757.59
1900.72	3851.42
1899.77	3643.15
1898.81	3605.66
1897.86	3749.35
1896.91	3722.36
1895.96	3640.26
1895.01	3734
1894.05	3662.42
1893.1	3664.32
1892.15	3689.81
1891.19	3728.41
1890.24	3803.69
1889.28	3800.31
1888.33	3694.74
1887.38	3822.38
1886.42	3758.75
1885.47	3697.77
1884.51	3707.51
1883.56	3604.68
1882.6	3750.53
1881.65	3720.99
1880.69	3550.2
1879.74	3591.34
1878.78	3640.32
1877.82	3602.99
1876.87	3868.91
1875.91	3818.48
1874.95	3775.91
1874	3887.5
1873.04	3779.63
1872.08	3841.56
1871.12	3861.68
1870.17	3840.03
1869.21	3716.59
1868.25	3705.41
1867.29	3608.15
1866.33	3696.11
1865.38	3721.45
1864.42	3835.44
1863.46	3803.39
1862.5	3711.41
1861.54	3661.16
1860.58	3673.46
1859.62	3701.38
1858.66	3786.58
1857.7	3715.52
1856.74	3766.85
1855.78	3857.19
1854.82	3861.62
1853.86	3790.61
1852.9	3662.4
1851.94	3799.5
1850.97	3595.93
1850.01	3790.18
1849.05	3805.02
1848.09	3770.48
1847.13	3832.08
1846.16	3818.33
1845.2	3698.11
1844.24	3635.05
1843.27	3982.18
1842.31	3874.98
1841.35	3881.99
1840.38	3953.86
1839.42	3761.12
1838.46	3760.37
1837.49	3567.75
1836.53	3857.37
1835.56	3758.11
1834.6	3949.12
1833.63	3836.93
1832.67	3916.46
1831.7	3729.22
1830.74	3870.88
1829.77	3872.69
1828.81	3934.03
1827.84	3788.34
1826.87	3911.76
1825.91	3843.73
1824.94	3780.89
1823.97	3932.69
1823.01	3955.17
1822.04	3850.99
1821.07	3917.41
1820.1	3738.36
1819.14	3926.17
1818.17	3925.39
1817.2	3733.54
1816.23	3885.1
1815.26	3652.03
1814.29	3937.73
1813.32	3864.71
1812.36	3902.62
1811.39	3925.05
1810.42	3885.59
1809.45	3815.21
1808.48	3989.71
1807.51	4030.14
1806.54	4091.16
1805.57	3879.13
1804.59	3801.09
1803.62	3918.77
1802.65	3897.39
1801.68	3749.91
1800.71	3970.45
1799.74	3972.23
1798.77	3894.27
1797.79	3816.34
1796.82	3920.99
1795.85	3799.39
1794.88	3914.28
1793.9	3918.64
1792.93	3940.97
1791.96	3870.83
1790.98	3849.51
1790.01	3830.77
1789.04	3794.06
1788.06	3975.52
1787.09	3736.09
1786.11	3760.99
1785.14	4073.16
1784.16	3890.27
1783.19	3838.21
1782.21	4178.38
1781.24	3949.44
1780.26	3928.15
1779.29	4029.83
1778.31	3793.38
1777.33	3795.18
1776.36	4009.49
1775.38	3901.17
1774.4	3915.74
1773.43	3850.99
1772.45	4001.15
1771.47	4036.16
1770.49	3961.19
1769.52	4006.41
1768.54	3962.15
1767.56	3989.47
1766.58	3871.13
1765.6	3809.04
1764.63	3884.9
1763.65	4019.46
1762.67	3832.28
1761.69	4145.48
1760.71	3828.18
1759.73	4003.47
1758.75	3849.6
1757.77	4055.43
1756.79	4090.31
1755.81	4028.3
1754.83	4081.02
1753.85	3708.12
1752.86	3872.99
1751.88	3961.38
1750.9	3823.04
1749.92	4076.92
1748.94	4147.39
1747.96	4105.83
1746.97	3987.93
1745.99	4040.56
1745.01	3932.91
1744.03	3876.16
1743.04	3956.75
1742.06	3930.53
1741.08	3983.12
1740.09	3972.15
1739.11	3925.62
1738.12	3853.7
1737.14	3931.66
1736.15	3910.55
1735.17	4051.94
1734.18	3969.9
1733.2	3882.81
1732.21	4034.27
1731.23	3840.66
1730.24	4017.43
1729.26	3872.08
1728.27	4155.25
1727.28	3824.89
1726.3	3922.96
1725.31	4031.12
1724.32	4042.97
1723.34	4204.25
1722.35	3993.23
1721.36	4086.1
1720.38	4054.9
1719.39	4033.84
1718.4	4076.04
1717.41	3958.85
1716.42	4142.68
1715.43	4088.74
1714.44	3918.54
1713.46	3978.41
1712.47	4146.92
1711.48	4196.61
1710.49	4122.51
1709.5	4035.81
1708.51	4035
1707.52	3955.92
1706.53	3937.46
1705.54	4098.17
1704.54	4238.63
1703.55	7766.73
1702.56	8529.32
1701.57	4435.26
1700.58	3910
1699.59	4161.26
1698.6	4122.62
1697.6	4129.34
1696.61	4136.07
1695.62	4052.12
1694.63	4011.02
1693.63	4060.56
1692.64	4105.04
1691.65	4016.14
1690.65	4239.24
1689.66	4132.74
1688.66	4048.91
1687.67	4108.44
1686.67	4132.75
1685.68	4079.13
1684.69	4083.33
1683.69	4183
1682.69	4189.69
1681.7	4289.3
1680.7	4067.48
1679.71	4224.8
1678.71	4266.62
1677.72	4054.97
1676.72	4182.1
1675.72	4148.65
1674.73	4077.59
1673.73	4039.16
1672.73	4005.75
1671.73	4102.69
1670.74	4187.05
1669.74	4116.06
1668.74	4363.19
1667.74	4177
1666.74	4236.24
1665.74	4205.34
1664.74	4164.45
1663.75	4121.07
1662.75	4075.21
1661.75	4139.41
1660.75	4061.05
1659.75	3900.22
1658.75	4129.4
1657.75	4161.05
1656.75	4437.55
1655.75	4166.86
1654.74	4068.61
1653.74	4087.76
1652.74	4116.89
1651.74	4225.88
1650.74	4252.48
1649.74	4331.46
1648.73	4205.85
1647.73	4322.22
1646.73	4149.29
1645.73	4108.56
1644.72	4264.76
1643.72	4271.37
1642.72	4310.37
1641.71	4264.66
1640.71	4261.3
1639.71	4250.48
1638.7	4296.91
1637.7	4415.52
1636.69	4210.56
1635.69	4331.62
1634.68	4285.97
1633.68	4118.47
1632.67	4227.04
1631.67	4407.66
1630.66	4150.76
1629.65	4299.01
1628.65	4429.82
1627.64	4269.94
1626.64	4298.88
1625.63	4322.84
1624.62	4314.51
1623.61	4254.07
1622.61	4265.61
1621.6	4336.69
1620.59	4281.24
1619.58	4337.41
1618.57	4440.67
1617.57	4362.92
1616.56	4369.47
1615.55	4323.97
1614.54	4276.02
1613.53	4354.42
1612.52	4217.33
1611.51	4384.83
1610.5	4312.16
1609.49	4439.97
1608.48	4186.68
1607.47	4363.95
1606.46	4415.01
1605.45	4409.16
1604.44	4331.62
1603.43	4333.21
1602.41	4315.03
1601.4	4242.5
1600.39	4421.97
1599.38	4421.07
1598.37	4279.42
1597.35	4125.48
1596.34	4290.02
1595.33	4202.77
1594.31	4310.48
1593.3	4393.48
1592.29	4281.6
1591.27	4426.21
1590.26	4331.62
1589.24	4518.07
1588.23	4255.93
1587.22	4176.22
1586.2	4222.17
1585.19	4371.55
1584.17	4392.82
1583.15	4431.31
1582.14	4430.41
1581.12	4409.82
1580.11	4359.71
1579.09	4385.88
1578.07	4446.47
1577.06	4337.38
1576.04	4469.24
1575.02	4347.9
1574.01	4278.21
1572.99	4414.92
1571.97	4323.13
1570.95	4270.68
1569.93	4264.9
1568.92	4423.59
1567.9	4547.86
1566.88	4372.71
1565.86	4553.37
1564.84	4312.06
1563.82	4460.77
1562.8	4256.36
1561.78	4530.04
1560.76	4360.01
1559.74	4498.79
1558.72	4294.54
1557.7	4543.49
1556.68	4535.22
1555.66	4497.56
1554.64	4386.49
1553.61	4329.31
1552.59	4296.62
1551.57	4364.24
1550.55	4385.36
1549.53	4489.61
1548.5	4405.57
1547.48	4280.01
1546.46	4161.83
1545.44	4297.81
1544.41	4331.13
1543.39	4391.3
1542.36	4463.66
1541.34	4418.8
1540.32	4474.04
1539.29	4458.48
1538.27	4298.98
1537.24	4668.88
1536.22	4509.4
1535.19	4503.61
1534.17	4322.28
1533.14	4440.83
1532.11	4437.49
1531.09	4297.71
1530.06	4525.8
1529.04	4354.4
1528.01	4621.34
1526.98	4508.41
1525.95	4395.53
1524.93	4440.87
1523.9	4534.84
1522.87	4395.27
1521.84	4588.92
1520.82	4590.41
1519.79	4543.28
1518.76	4688.18
1517.73	4631.33
1516.7	4326.71
1515.67	4631.86
1514.64	4465.78
1513.61	4540.13
1512.58	4531.92
1511.55	4594.09
1510.52	4462.13
1509.49	4449.08
1508.46	4610.67
1507.43	4738.25
1506.4	4494.84
1505.37	4447.86
1504.34	4556
1503.3	4632.6
1502.27	4486.31
1501.24	4577.42
1500.21	4692.71
1499.17	4410.92
1498.14	4509.25
1497.11	4605.13
1496.07	4362.24
1495.04	4475.03
1494.01	4471.7
1492.97	4468.36
1491.94	4431.18
1490.91	4647.8
1489.87	4562.27
1488.84	4558.92
1487.8	4574.89
1486.77	4694.7
1485.73	4548.87
1484.69	4620.35
1483.66	4496.32
1482.62	4606.39
1481.59	4677.82
1480.55	4855.35
1479.51	4736.19
1478.48	4667.71
1477.44	4722.19
1476.4	4786.29
1475.36	4669.65
1474.33	4854.19
1473.29	4870.05
1472.25	4854.6
1471.21	4774.15
1470.17	4725.03
1469.13	4704.81
1468.1	4869.86
1467.06	4719.71
1466.02	4615.33
1464.98	4847.62
1463.94	4712
1462.9	4682.18
1461.86	4988.82
1460.82	4745.13
1459.78	4739.35
1458.73	4872.86
1457.69	4847.85
1456.65	4683.61
1455.61	4910.66
1454.57	4765.67
1453.53	4721.51
1452.48	4804.49
1451.44	4921.01
1450.4	4709
1449.36	4722.42
1448.31	4831.69
1447.27	4653.38
1446.23	4877.62
1445.18	4716.13
1444.14	4928.29
1443.09	4704.61
1442.05	4684.5
1441.01	4748.15
1439.96	4756.74
1438.92	4829.92
1437.87	4785.87
1436.82	4641.41
1435.78	4803.03
1434.73	4780.53
1433.69	4772.37
1432.64	4912.36
1431.59	4720.24
1430.55	4740.76
1429.5	4782.77
1428.45	4712.55
1427.41	4682.93
1426.36	4858.56
1425.31	4659.53
1424.26	4556
1423.21	4636.15
1422.17	4639.96
1421.12	4822.56
1420.07	4640.43
1419.02	4737.17
1417.97	4771.93
1416.92	4597.06
1415.87	4912.84
1414.82	4659.45
1413.77	4627.54
1412.72	4764.63
1411.67	4823.13
1410.62	4669.88
1409.57	4649.89
1408.51	4870.08
1407.46	4688.39
1406.41	4727.83
1405.36	4793.39
1404.31	4809.03
1403.25	4800.91
1402.2	4726.3
1401.15	4893.91
1400.1	4800.31
1399.04	4877.65
1397.99	4852.91
1396.94	4892.24
1395.88	4831.93
1394.83	4769.27
1393.77	4576.22
1392.72	4845.53
1391.66	4894.3
1390.61	4793.76
1389.55	4809.35
1388.5	4720.72
1387.44	4790.79
1386.39	4740.08
1385.33	4857.45
1384.27	4723.92
1383.22	4819.95
1382.16	4743.25
1381.1	4825.05
1380.05	4819.33
1378.99	4927.08
1377.93	4935.52
1376.87	4726.53
1375.82	5053.98
1374.76	4875.76
1373.7	4782.64
1372.64	4989.45
1371.58	4813.71
1370.52	4784.39
1369.46	4762.16
1368.4	4959.36
1367.34	4779.06
1366.28	4829.96
1365.22	4637.97
1364.16	4943.47
1363.1	4819.88
1362.04	4677.5
1360.98	4744.85
1359.92	4696.76
1358.86	4907.73
1357.8	4857.27
1356.73	4797.42
1355.67	4803.48
1354.61	4988.37
1353.55	4907.35
1352.48	4892.22
1351.42	4846.53
1350.36	4948.97
1349.29	5107.78
1348.23	5005.67
1347.16	5009.33
1346.1	4860.3
1345.04	5239.77
1343.97	5121.27
1342.91	5150.73
1341.84	5072.21
1340.78	5101.66
1339.71	5185.06
1338.64	5083.12
1337.58	5100.83
1336.51	5256.87
1335.45	5309.69
1334.38	5233.59
1333.31	5169.23
1332.25	5238.44
1331.18	5422.4
1330.11	5191.77
1329.04	5214.11
1327.97	5220.05
1326.91	5158.11
1325.84	5236.6
1324.77	5001.57
1323.7	5271.84
1322.63	5170.2
1321.56	5150.42
1320.49	4995.08
1319.42	5036.11
1318.35	4890.2
1317.28	5120.44
1316.21	4983.92
1315.14	4975.88
1314.07	5030.87
1313	4887.45
1311.93	4958.77
1310.86	5107.06
1309.78	5057.01
1308.71	5062.96
1307.64	5022.27
1306.57	4986.25
1305.5	4924.62
1304.42	4818.74
1303.35	4978.48
1302.28	4984.43
1301.2	5011.34
1300.13	5075.49
1299.05	5097.71
1297.98	5008.21
1296.91	4944.35
1295.83	5145.7
1294.76	4942.29
1293.68	4727.33
1292.61	4891.41
1291.53	4734.66
1290.45	4949.79
1289.38	4876.73
1288.3	4894.3
1287.23	4867.73
1286.15	4783.13
1285.07	4805.35
1284	4957.53
1282.92	4782.46
1281.84	4983.3
1280.76	4778.15
1279.68	4904.7
1278.61	4750.65
1277.53	4874.84
1276.45	4880.77
1275.37	4926.1
1274.29	4843.99
1273.21	4900.88
1272.13	4839.65
1271.05	4806.23
1269.97	4902.44
1268.89	4785.71
1267.81	4939.73
1266.73	4887.81
1265.65	5000.11
1264.57	4929.7
1263.49	4926.36
1262.4	4763.54
1261.32	4912.75
1260.24	4710.73
1259.16	4725.91
1258.08	4824.23
1256.99	4689.3
1255.91	4759.88
1254.83	4858.13
1253.74	4921.72
1252.66	4879.17
1251.58	4855.08
1250.49	4927.86
1249.41	4924.53
1248.32	4953.46
1247.24	4906.34
1246.15	5045.86
1245.07	4835.18
1243.98	4799.62
1242.9	4932.17
1241.81	4857.47
1240.72	4950.82
1239.64	4977.4
1238.55	4813.01
1237.46	4782.1
1236.38	4730.51
1235.29	4911.16
1234.2	4765.31
1233.11	4853.94
1232.03	4928.75
1230.94	4782.99
1229.85	4742.95
1228.76	4872.84
1227.67	4819.02
1226.58	4804.24
1225.49	4975.35
1224.4	4756.34
1223.31	4968.68
1222.22	4788.75
1221.13	7592.06
1220.04	5437.81
1218.95	4817.83
1217.86	4757.24
1216.77	4863.92
1215.68	5032.41
1214.59	4928.3
1213.5	4821.94
1212.4	4814.06
1211.31	4888.58
1210.22	4658.74
1209.13	4820.19
1208.03	5038.75
1206.94	4971.38
1205.85	4894.89
1204.75	4807.01
1203.66	4858.56
1202.56	4752.44
1201.47	4792.56
1200.38	4960.56
1199.28	4770
1198.19	4812.37
1197.09	4765.71
1195.99	4903.91
1194.9	4941.67
1193.8	4972.57
1192.71	4805.05
1191.61	4838.24
1190.51	4828.1
1189.42	4952.44
1188.32	4791.9
1187.22	4923.02
1186.12	4801.27
1185.03	4804.82
1183.93	4935.86
1182.83	4757.28
1181.73	4908.75
1180.63	4894.07
1179.53	4674.66
1178.43	5023.92
1177.33	4972.84
1176.24	4912.69
1175.14	4929.84
1174.03	4974.25
1172.93	4939.13
1171.83	5067.56
1170.73	4977.93
1169.63	4824.76
1168.53	4864.61
1167.43	4897.63
1166.33	4894.33
1165.23	4875.15
1164.12	4824.23
1163.02	4916.18
1161.92	4989.97
1160.81	4848.38
1159.71	4915.35
1158.61	4791.97
1157.5	4806.81
1156.4	4943.95
1155.3	4874.98
1154.19	4955.45
1153.09	4954.41
1151.98	4801.76
1150.88	4893.5
1149.77	4989.73
1148.67	4986.42
1147.56	4906.24
1146.46	4925.55
1145.35	4965.19
1144.24	4941.55
1143.14	4676.2
1142.03	4700.06
1140.92	5006.17
1139.81	4930.62
1138.71	4983.75
1137.6	4998.49
1136.49	5126.04
1135.38	5111.43
1134.27	4823.94
1133.17	5082.22
1132.06	5040.57
1130.95	5007.95
1129.84	4982.11
1128.73	4999.08
1127.62	4916.94
1126.51	5026.25
1125.4	5074.72
1124.29	4940.84
1123.18	4980.31
1122.07	5103.01
1120.95	4975.96
1119.84	5017.64
1118.73	4962.61
1117.62	5006.53
1116.51	4884.1
1115.39	5011.16
1114.28	5025.82
1113.17	5125.84
1112.05	4783.41
1110.94	5024.89
1109.83	5003.62
1108.71	5058.67
1107.6	4855.66
1106.48	5076.73
1105.37	4911.92
1104.26	5031.98
1103.14	4871.73
1102.02	4976.05
1100.91	5080.33
1099.79	5074.77
1098.68	5138.66
1097.56	4987.53
1096.44	5196.95
1095.33	4998.85
1094.21	5127.6
1093.09	5066.1
1091.98	5015.81
1090.86	5021.46
1089.74	5147.87
1088.62	5131.13
1087.5	4984.75
1086.39	4990.4
1085.27	5154.68
1084.15	5126.79
1083.03	5087.73
1081.91	5133.55
1080.79	5052.09
1079.67	5095.66
1078.55	5016.48
1077.43	4995.34
1076.31	5012.13
1075.19	5234.08
1074.06	5112.57
1072.94	5138.23
1071.82	5157.2
1070.7	5100.41
1069.58	4999.08
1068.45	5211.84
1067.33	5244.14
1066.21	5167.33
1065.09	5137.3
1063.96	5178.49
1062.84	5179.62
1061.72	5329.78
1060.59	5137.39
1059.47	5071.82
1058.34	5221.91
1057.22	5103.01
1056.09	5088.59
1054.97	5260.8
1053.84	5219.7
1052.72	5176.4
1051.59	5079.84
1050.46	5140.91
1049.34	5124.29
1048.21	5023.35
1047.08	5066.65
1045.96	4996.83
1044.83	5122.16
1043.7	5260.73
1042.57	5204.21
1041.44	5236.34
1040.32	5168.76
1039.19	5176.53
1038.06	5062.49
1036.93	5229.68
1035.8	5173.23
1034.67	5092.46
1033.54	5204.22
1032.41	5132.33
1031.28	5129.03
1030.15	5315.89
1029.02	5173.27
1027.89	5169.96
1026.76	5221.9
1025.62	5306.96
1024.49	5182.13
1023.36	5238.45
1022.23	5312.41
1021.1	9505.55
1019.96	13610.8
1018.83	5926.86
1017.7	5149.05
1016.56	5229.56
1015.43	5270.35
1014.3	5220.72
1013.16	5365.09
1012.03	5344.12
1010.89	5239.43
1009.76	5174.43
1008.62	5301.06
1007.49	5359.39
1006.35	5325.22
1005.22	5324.09
1004.08	5245.94
1002.94	5324.02
1001.81	5415.27
1000.67	5321.76
999.533	5305.23
998.396	5363.45
997.258	5274.4
996.12	5326.01
994.982	5313.9
993.844	5448.93
992.706	5364.33
991.567	5595.89
990.428	5311.56
989.288	5597.9
988.149	5309.3
987.009	5367.39
985.869	5368.44
984.729	5560.24
983.588	5477.95
982.448	5465.82
981.307	5394.54
980.166	5577.4
979.024	5558.69
977.882	5478.68
976.74	5427.15
975.598	5568.27
974.456	5468.61
973.313	5592.15
972.17	5326.28
971.027	5416.99
969.884	5450.82
968.74	5611.42
967.596	5468.16
966.452	5641.8
965.308	5527
964.163	5521.45
963.018	5522.45
961.873	5630.43
960.728	5707.81
959.582	5730.59
958.436	5661.73
957.29	5592.9
956.144	5548.09
954.997	5529.46
953.85	5434.55
952.703	5551.07
951.556	5447.48
950.408	5555.24
949.261	5499.6
948.113	5463.58
946.964	5566.92
945.816	5600.55
944.667	5571.06
943.518	5458.91
942.369	5477.32
941.219	5593.59
940.069	5457.58
938.919	5443.37
937.769	5555.22
936.618	5677.89
935.468	5555.02
934.317	5708.04
933.165	5672.08
932.014	5516.72
930.862	5535.07
929.71	5447.08
928.558	5458.93
927.405	5477.29
926.253	5692.99
925.1	5526.98
923.947	5653.7
922.793	5492.1
921.639	5438.92
920.485	5418.26
919.331	5694.34
918.177	5491.73
917.022	5600.97
915.867	5524.01
914.712	5570.44
913.556	5571.41
912.401	5539.93
911.245	5605.78
910.088	5669.45
908.932	5527.72
907.775	5658.37
906.618	5568.56
905.461	5623.54
904.304	5548.9
903.146	5556.34
901.988	5727.87
900.83	5771.97
899.672	5688.73
898.513	5611.99
897.354	5783.36
896.195	5555.67
895.035	5811.07
893.876	5680.47
892.716	5526.22
891.556	5652.17
890.395	5657.42
889.234	5768.21
888.074	5797.12
886.912	5671
885.751	5667.63
884.589	5810.61
883.427	5678.11
882.265	5560.73
881.103	5731.59
879.94	5754.01
878.777	5542.1
877.614	5594.64
876.451	5657.9
875.287	5534.23
874.123	5719.91
872.959	5632.78
871.794	5635.86
870.63	5649.67
869.465	5539.01
868.3	5642.95
867.134	5551.64
865.969	5503.27
864.803	5611.44
863.637	5490.18
862.47	5630.46
861.303	5667.82
860.136	5574.47
858.969	5586.13
857.802	5531.39
856.634	5525.92
855.466	5616.77
854.298	5549.22
853.13	5776.96
851.961	5566.08
850.792	5586.27
849.623	5503.81
848.453	5547.52
847.284	5642.51
846.114	5491.71
844.944	5469.16
843.773	5457.31
842.602	5537.28
841.431	5501.92
840.26	5408.95
839.089	5484.61
837.917	5558.11
836.745	5533.45
835.573	5513.06
834.4	5580.1
833.228	5553.32
832.055	5641.64
830.881	5408.15
829.708	5515.64
828.534	5471.85
827.36	5430.21
826.186	5567.43
825.012	5621.57
823.837	5460.75
822.662	5665.95
821.487	5479.66
820.311	5565.67
819.135	5517.7
817.959	5314.55
816.783	5528.07
815.606	5605.49
814.43	5440.7
813.253	5386.43
812.075	5472.33
810.898	5532.72
809.72	5544.26
808.542	5642.8
807.364	5567.32
806.185	5610.66
805.006	5514.02
803.827	5466.18
802.648	5604.91
801.468	5391.76
800.289	5350.33
799.108	5594.92
797.928	5494.16
796.747	5368.04
795.567	5470.62
794.386	5503.3
793.204	5423.81
792.023	5340.12
790.841	5453.19
789.659	5655.04
788.476	5429.69
787.293	5589.17
786.111	5461.16
784.927	5563.51
783.744	5507.38
782.56	5565.33
781.376	5350.85
780.192	6924.62
779.008	7944.7
777.823	5786.31
776.638	5550.87
775.453	5418.89
774.267	5373.43
773.082	5439.73
771.896	5510.22
770.71	5372.04
769.523	5305.56
768.336	5479.26
767.149	5539.15
765.962	5394.76
764.775	5515.7
763.587	5512.4
762.399	5538.56
761.21	5381.67
760.022	5504.61
758.833	5659.03
757.644	5462.27
756.455	5475.8
755.265	5564.98
754.075	5431.4
752.885	5495.35
751.695	5578.16
750.504	5642.05
749.313	5743.69
748.122	5582.93
746.931	5441.13
745.739	5557.43
744.547	5768.07
743.355	5664.06
742.163	5732.02
740.97	6041
739.777	6198.96
738.584	6270.94
737.39	6445.54
736.197	6666.14
735.003	6815.45
733.808	7146.81
732.614	7072.01
731.419	7156.26
730.224	7018.73
729.029	6808.05
727.833	6476.17
726.638	6355.6
725.441	6097.12
724.245	5922.35
723.049	5799.88
721.852	5815.33
720.655	5678.32
719.457	5756.43
718.26	5680.02
717.062	5551.48
715.864	5848.65
714.665	5688.84
713.467	5604.17
712.268	5538.31
711.069	5470.39
709.869	5690.14
708.669	5609.72
707.469	5700.16
706.269	5694.76
705.069	5551.91
703.868	5567.36
702.667	5568.23
701.466	5552.45
700.264	5457.61
699.062	5512.58
697.86	5505.14
696.658	5495.63
695.455	5623.32
694.253	5493.23
693.049	5460.87
691.846	5598.87
690.642	5466.8
689.439	5718.95
688.234	5705.25
687.03	5560.78
685.825	5547.12
684.62	5560.43
683.415	5571.67
682.21	5587.04
681.004	5786.95
679.798	5808.49
678.592	5589.6
677.385	5569.74
676.178	5599.6
674.971	5639.8
673.764	5611.65
672.556	5786.4
671.349	5501.57
670.14	5641.09
668.932	5677.09
667.724	5762.73
666.515	5771.81
665.305	5785.03
664.096	5748.62
662.886	5865.17
661.676	6022.98
660.466	5711.8
659.256	5853.06
658.045	5806.36
656.834	5794.77
655.623	5960.68
654.411	5806.68
653.199	5995.21
651.987	5905.21
650.775	7625.81
649.562	12842.3
648.35	11479.1
647.136	8947.96
645.923	8297
644.709	6023.12
643.495	5929.13
642.281	5969.01
641.067	5893.6
639.852	5851.15
638.637	5886.91
637.422	5869.16
636.206	5917.24
634.991	5843.98
633.774	5974.27
632.558	5736.59
631.342	5883.29
630.125	5968.29
628.908	5956.72
627.69	5899.97
626.473	5945.9
625.255	5811.17
624.036	5998.7
622.818	5894.8
621.599	5963.26
620.38	5730.2
619.161	5876.58
617.942	5838.39
616.722	5841.21
615.502	5782.55
614.281	5879.62
613.061	5761.59
611.84	5780.8
610.619	5797.96
609.398	5870.38
608.176	5895.69
606.954	5794.15
605.732	5684.46
604.509	5832.51
603.287	5714.69
602.064	5766.58
600.84	5755.1
599.617	5715.01
598.393	5897.61
597.169	5720.67
595.945	5797.01
594.72	5826.36
593.495	5914.89
592.27	5756.47
591.045	5722.56
589.819	5745.78
588.593	5703.73
587.367	5641.32
586.14	6045.71
584.913	5934.34
583.686	5924.88
582.459	5925.62
581.232	5979.3
580.004	5754.02
578.776	5986.85
577.547	5773.88
576.319	5949.63
575.09	5958.5
573.86	5849.39
572.631	5957.91
571.401	5737.04
570.171	5894.32
568.941	5994.62
567.71	6007.53
566.48	6061.05
565.249	6153.13
564.017	6009.66
562.786	6004.27
561.554	6138.92
560.322	6129.46
559.089	5907
557.856	6145.01
556.623	5953.06
555.39	6164.61
554.157	6070.02
552.923	6003.84
551.689	6049.12
550.454	6169.31
549.22	6253
547.985	6097.76
546.75	6126.78
545.514	6086.98
544.279	6113.96
543.043	6149.02
541.806	6190.14
540.57	6277.73
539.333	6195.49
538.096	6050.64
536.859	6095.78
535.621	6161.1
534.383	6230.43
533.145	6281.55
531.907	6187.31
530.668	6226.31
529.429	6315.74
528.19	6271.98
526.95	6470.27
525.711	6283.33
524.47	6489.59
523.23	6730.03
521.99	7190.01
520.749	7470.48
519.507	7565.52
518.266	7253.72
517.024	6865.56
515.782	6455.42
514.54	6456.01
513.298	6205.09
512.055	6378.73
510.812	6264.7
509.568	6287.44
508.325	6300.13
507.081	6304.76
505.837	6365.66
504.592	6229.66
503.347	6262.43
502.102	6251
500.857	6341.97
499.612	6248.24
498.366	6140.5
497.12	6203.35
495.873	6137.79
494.627	6202.61
493.38	6331.56
492.133	6175.81
490.885	6400.9
489.637	6337.38
488.389	6293.91
487.141	6488.78
485.892	6313.15
484.644	6337.78
483.394	6328.37
482.145	6276.95
480.895	6369.58
479.645	6354.17
478.395	6328.77
477.145	6451.32
475.894	6309.98
474.643	6370.53
473.391	6347.14
472.14	6255.85
470.888	6258.46
469.636	6213.15
468.383	6337.53
467.13	6208.4
465.877	6276.86
464.624	6247.54
463.371	6168.38
462.117	6141.09
460.863	6345.06
459.608	6317.74
458.353	6240.62
457.099	6368.73
455.843	6387.23
454.588	6284.26
453.332	6346.58
452.076	6321.28
450.82	6383.56
449.563	6312.51
448.306	6327.02
447.049	6399.2
445.791	6397.78
444.534	6523.57
443.276	6424.75
442.017	6399.48
440.759	6485.46
439.5	6489.98
438.241	6504.42
436.981	6429.53
435.722	6428.1
434.462	6400.88
433.201	6518.49
431.941	6378.21
430.68	6525.5
429.419	6490.35
428.157	6453.24
426.896	6523.14
425.634	6614.8
424.372	6538.07
423.109	6568.3
421.846	6588.61
420.583	6587.15
419.32	6641.09
418.056	6532.78
416.792	6695.5
415.528	6828.49
414.264	6469.11
412.999	6609.99
411.734	6499.83
410.469	6634.72
409.203	6572
407.937	6412.55
406.671	6628.31
405.405	6528.14
404.138	6627.34
402.871	6742.28
401.604	6697.38
400.336	6863.53
