2001.48	5481.14
2000.55	5505.29
1999.61	5624.91
1998.68	5540.66
1997.75	5724.58
1996.82	5484.86
1995.88	5553.46
1994.95	5600.6
1994.02	5441.42
1993.08	5370.71
1992.15	5538.37
1991.22	5406.07
1990.28	5217.61
1989.35	5246.02
1988.41	5394.84
1987.48	5353.65
1986.55	5328.52
1985.61	5300.72
1984.68	5361.17
1983.74	5231.79
1982.81	5326.98
1981.87	5347.31
1980.93	5482.51
1980	5419.99
1979.06	5520.41
1978.13	5324.39
1977.19	5558.27
1976.25	5466.42
1975.32	5481.35
1974.38	5410.9
1973.44	5367.15
1972.5	5558.12
1971.57	5466.36
1970.63	5627.9
1969.69	5474.86
1968.75	5580.37
1967.81	5307.5
1966.88	5580.83
1965.94	5638.32
1965	5714.43
1964.06	5479.01
1963.12	5736.12
1962.18	5860.07
1961.24	5558.25
1960.3	5719.42
1959.36	5715.63
1958.42	5578.88
1957.48	5484.72
1956.54	5680.34
1955.6	5639.35
1954.66	5638.23
1953.72	5788.54
1952.78	5689.12
1951.84	5539.29
1950.89	5734.66
1949.95	5675.13
1949.01	5732.39
1948.07	5739.21
1947.13	5639.92
1946.18	5556.58
1945.24	5682.77
1944.3	5498.71
1943.35	5555.93
1942.41	5599.89
1941.47	5622.62
1940.52	5867.88
1939.58	5705.15
1938.64	5730.5
1937.69	5626.11
1936.75	5741.47
1935.8	5531.25
1934.86	5601.6
1933.91	5682.5
1932.97	5760.72
1932.02	5767.51
1931.08	5710.84
1930.13	7496.64
1929.18	5769.37
1928.24	5741.8
1927.29	5640.27
1926.35	5655
1925.4	5833.45
1924.45	5842.85
1923.5	5567.16
1922.56	5737.61
1921.61	5601.9
1920.66	5774.9
1919.71	5781.67
1918.77	5862.27
1917.82	5739.82
1916.87	5804.59
1915.92	5711.19
1914.97	5778.57
1914.02	5716.83
1913.07	5660.38
1912.13	5769.86
1911.18	5953.02
1910.23	5849.17
1909.28	5813.8
1908.33	5733.7
1907.38	5790.44
1906.43	5770.88
1905.47	5809.18
1904.52	5855.35
1903.57	5820.01
1902.62	5918.73
1901.67	5738.87
1900.72	5771.88
1899.77	5949.35
1898.81	5787.97
1897.86	5860.34
1896.91	5832.92
1895.96	5818.64
1895.01	5935.56
1894.05	5755.98
1893.1	5988.28
1892.15	6029.05
1891.19	5804.99
1890.24	5782.86
1889.28	5944.21
1888.33	5843.45
1887.38	5920.88
1886.42	5694.44
1885.47	6002.33
1884.51	5959.24
1883.56	5939.73
1882.6	5985.66
1881.65	5824.85
1880.69	5852.47
1879.74	5929.77
1878.78	5821.37
1877.82	6065.99
1876.87	5829.51
1875.91	5864.94
1874.95	6070.2
1874	6042.87
1873.04	5895.39
1872.08	6118.81
1871.12	5968.76
1870.17	5951.91
1869.21	5992.48
1868.25	5894.74
1867.29	5885.74
1866.33	5868.92
1865.38	6060.73
1864.42	5884.83
1863.46	5941.01
1862.5	6051.89
1861.54	5876.1
1860.58	5929.64
1859.62	5884.17
1858.66	6093.94
1857.7	6090.13
1856.74	6140.98
1855.78	6017.42
1854.82	6076.07
1853.86	6020.23
1852.9	6149.08
1851.94	6051.63
1850.97	5954.22
1850.01	6067.42
1849.05	6076.6
1848.09	6252.09
1847.13	6102.75
1846.16	6026.21
1845.2	5983.45
1844.24	5945.91
1843.27	6116.05
1842.31	6278.34
1841.35	6129.18
1840.38	6016.4
1839.42	5965.91
1838.46	6125.51
1837.49	6152.81
1836.53	6053.07
1835.56	6176.27
1834.6	6120.62
1833.63	6308.52
1832.67	6263.23
1831.7	6148.03
1830.74	6214.12
1829.77	6075.67
1828.81	6128.81
1827.84	6137.94
1826.87	6069.44
1825.91	6360.52
1824.94	6217.01
1823.97	6120.1
1823.01	6323.1
1822.04	6190.02
1821.07	6113.85
1820.1	6208.21
1819.14	6126.9
1818.17	6278.04
1817.2	6271.62
1816.23	6087.08
1815.26	6282.02
1814.29	6071.74
1813.32	6116.97
1812.36	6255.03
1811.39	6467.83
1810.42	14232.6
1809.45	7230.86
1808.48	6229.41
1807.51	6302.89
1806.54	6404.68
1805.57	6331.27
1804.59	6396.96
1803.62	6205.15
1802.65	6373.81
1801.68	6207.81
1800.71	6332.65
1799.74	6367.4
1798.77	6204.08
1797.79	6367.42
1796.82	6245.3
1795.85	6526.82
1794.88	6317.33
1793.9	6372.6
1792.93	6327.65
1791.96	6264.73
1790.98	6489.47
1790.01	6429.11
1789.04	6225.03
1788.06	6454.77
1787.09	6407.28
1786.11	6400.87
1785.14	6353.42
1784.16	6400.87
1783.19	6443.17
1782.21	6434.19
1781.24	6409.83
1780.26	6244.55
1779.29	6117.77
1778.31	6498.18
1777.33	6345.79
1776.36	6531.42
1775.38	6491.71
1774.4	6352.2
1773.43	6396.99
1772.45	6283.14
1771.47	6619.5
1770.49	6541.46
1769.52	6573.38
1768.54	6582.28
1767.56	6228.27
1766.58	6365
1765.6	6608.98
1764.63	6372.66
1763.65	6522.05
1762.67	6569.25
1761.69	6396.9
1760.71	6592.13
1759.73	6468.33
1758.75	6617.54
1757.77	6478.48
1756.79	6477.18
1755.81	6432.54
1754.83	6257.91
1753.85	6608.35
1752.86	6596.83
1751.88	6626.07
1750.9	6576.35
1749.92	6501.17
1748.94	6489.68
1747.96	6516.38
1746.97	6487.07
1745.99	6623.17
1745.01	6591.31
1744.03	6569.63
1743.04	6713.26
1742.06	6439.87
1741.08	6522.46
1740.09	6416.95
1739.11	6608.76
1738.12	6404.2
1737.14	6768.65
1736.15	6729.2
1735.17	6598.36
1734.18	6571.65
1733.2	6725.14
1732.21	6569.01
1731.23	6653.93
1730.24	6822.52
1729.26	6248.07
1728.27	6629.63
1727.28	6800.66
1726.3	6682.71
1725.31	6529.35
1724.32	6695.22
1723.34	6754.66
1722.35	6659.6
1721.36	6926.62
1720.38	6978.38
1719.39	6830.19
1718.4	6798.45
1717.41	6721.19
1716.42	6671.79
1715.43	6758.94
1714.44	6747.47
1713.46	6637.42
1712.47	6770.02
1711.48	6758.54
1710.49	6840.54
1709.5	6783.6
1708.51	6741.83
1707.52	6788.44
1706.53	6842.59
1705.54	6742.8
1704.54	6711.16
1703.55	6760.25
1702.56	7051.44
1701.57	6959.24
1700.58	7020.86
1699.59	6906.02
1698.6	6932.35
1697.6	6968.74
1696.61	6987.49
1695.62	6933.19
1694.63	6785.75
1693.63	6862.42
1692.64	6800.63
1691.65	7096.19
1690.65	6951.35
1689.66	7055.59
1688.66	7001.35
1687.67	6753.53
1686.67	6945.73
1685.68	7054.91
1684.69	6973.08
1683.69	6856.1
1682.69	7038.08
1681.7	7044.19
1680.7	7213.5
1679.71	7026.28
1678.71	7142.82
1677.72	7005.87
1676.72	7082.23
1675.72	7040.66
1674.73	7169.64
1673.73	7027.78
1672.73	7201.83
1671.73	7152.76
1670.74	7033.54
1669.74	7194.96
1668.74	7130.88
1667.74	7194.55
1666.74	7238.16
1665.74	7221.68
1664.74	7117.61
1663.75	7241.27
1662.75	7252.31
1661.75	7278.36
1660.75	7441.93
1659.75	7327.91
1658.75	7233.94
1657.75	7362.43
1656.75	7343.45
1655.75	7294.5
1654.74	7437.88
1653.74	7256.59
1652.74	7399.92
1651.74	7430.87
1650.74	7466.8
1649.74	7679.86
1648.73	7413.88
1647.73	7524.61
1646.73	7443.29
1645.73	7636.24
1644.72	7497.6
1643.72	7605.73
1642.72	7828.43
1641.71	7739.65
1640.71	7810.31
1639.71	7743.98
1638.7	7901.74
1637.7	7925.03
1636.69	7821.39
1635.69	7834.73
1634.68	8017.22
1633.68	8035.49
1632.67	7767.8
1631.67	7830.86
1630.66	7948.58
1629.65	7810.29
1628.65	7910.57
1627.64	7839.41
1626.64	8004.21
1625.63	8044.8
1624.62	7961.24
1623.61	7887.65
1622.61	7908.38
1621.6	7899.33
1620.59	7761.3
1619.58	7687.81
1618.57	7817.65
1617.57	7637.58
1616.56	7720.3
1615.55	7651.82
1614.54	7823.69
1613.53	7799.81
1612.52	7723.93
1611.51	7742.17
1610.5	7601.97
1609.49	7815.74
1608.48	7784.46
1607.47	7871.94
1606.46	7768.93
1605.45	7819.28
1604.44	7711.37
1603.43	7838.34
1602.41	7952.9
1601.4	7901.87
1600.39	7868.15
1599.38	7817.15
1598.37	7862.48
1597.35	7915.19
1596.34	7928.39
1595.33	7795.98
1594.31	8021.39
1593.3	8007.42
1592.29	8151.31
1591.27	7964.71
1590.26	8194.83
1589.24	8050.2
1588.23	8080.6
1587.22	8246.49
1586.2	7973.85
1585.19	8115.07
1584.17	8145.43
1583.15	8089.61
1582.14	8060.88
1581.12	8187.2
1580.11	8279.03
1579.09	8193.71
1578.07	7916.59
1577.06	8138.73
1576.04	7903.53
1575.02	8132.96
1574.01	8013.35
1572.99	8105.07
1571.97	7865.16
1570.95	8131.24
1569.93	7955.25
1568.92	8078.83
1567.9	7964.28
1566.88	8016.64
1565.86	8044.44
1564.84	7733.75
1563.82	7962.69
1562.8	8135.14
1561.78	8020.72
1560.76	8171.04
1559.74	8037.05
1558.72	8086.86
1557.7	8197.88
1556.68	7975.81
1555.66	8204.32
1554.64	8339.72
1553.61	8264.6
1552.59	8424.41
1551.57	8518.09
1550.55	8599.51
1549.53	8671.11
1548.5	8688.9
1547.48	8718.9
1546.46	9022.6
1545.44	8991.44
1544.41	9143.5
1543.39	9151.4
1542.36	9181.27
1541.34	9242.87
1540.32	9419.16
1539.29	9370.87
1538.27	9281.12
1537.24	9242.63
1536.22	9157.82
1535.19	9263.24
1534.17	9122.39
1533.14	9059.59
1532.11	8916.4
1531.09	8870.72
1530.06	8769.04
1529.04	8684.44
1528.01	8451.35
1526.98	8578.64
1525.95	8428.42
1524.93	8507
1523.9	8534.45
1522.87	8360.01
1521.84	8290.21
1520.82	8290.94
1519.79	8177.42
1518.76	8229.22
1517.73	8154.64
1516.7	8106.81
1515.67	8056.57
1514.64	8152.06
1513.61	8296.06
1512.58	8189.98
1511.55	8188.31
1510.52	8147.81
1509.49	8146.14
1508.46	8217.23
1507.43	8125.83
1506.4	8049
1505.37	8243.69
1504.34	8154.76
1503.3	8259.69
1502.27	8071.48
1501.24	8806.08
1500.21	11915.8
1499.17	8432.07
1498.14	8309.32
1497.11	8164.84
1496.07	8293.82
1495.04	8301.79
1494.01	8425.85
1492.97	8387.85
1491.94	8195.15
1490.91	8630.94
1489.87	8638.83
1488.84	8308.49
1487.8	8557.99
1486.77	8454.81
1485.73	8561.72
1484.69	8625.14
1483.66	8613.72
1482.62	8558.87
1481.59	8730.81
1480.55	8724.19
1479.51	10605.8
1478.48	11134
1477.44	9343.14
1476.4	9555.71
1475.36	11835.6
1474.33	9599.97
1473.29	9366.78
1472.25	9617.7
1471.21	9760.17
1470.17	9945.92
1469.13	10208.6
1468.1	10170.4
1467.06	10324.7
1466.02	10793.9
1464.98	10943.2
1463.94	11248.7
1462.9	11436.3
1461.86	11594.9
1460.82	11717.5
1459.78	12068.2
1458.73	11914.4
1457.69	12041.6
1456.65	12101.5
1455.61	15312.8
1454.57	14805.7
1453.53	12098.9
1452.48	11441.5
1451.44	11259.3
1450.4	11120.3
1449.36	10940.7
1448.31	10919.2
1447.27	10480.9
1446.23	10251.1
1445.18	10457.4
1444.14	10091.3
1443.09	9952.71
1442.05	9929.12
1441.01	9888.78
1439.96	9649.87
1438.92	9612
1437.87	9619.58
1436.82	9431.08
1435.78	9278.52
1434.73	9388.95
1433.69	9322.5
1432.64	9146.16
1431.59	9323.43
1430.55	9018.2
1429.5	9044.99
1428.45	9026.41
1427.41	9029.33
1426.36	8898.6
1425.31	8934.94
1424.26	8744.66
1423.21	8750.01
1422.17	8898.42
1421.12	8772.62
1420.07	8801.8
1419.02	8680.84
1417.97	8848.2
1416.92	8839.23
1415.87	8742.14
1414.82	8821.29
1413.77	8938.49
1412.72	8836.69
1411.67	8882.46
1410.62	9151.82
1409.57	8976.31
1408.51	9217
1407.46	9364.88
1406.41	9564.99
1405.36	9696.1
1404.31	9670.34
1403.25	9832.25
1402.2	9901.47
1401.15	10673.5
1400.1	12136.1
1399.04	11832.2
1397.99	10567.2
1396.94	10299.3
1395.88	10283
1394.83	10207.3
1393.77	10404.4
1392.72	10570.5
1391.66	10461.7
1390.61	10478.5
1389.55	10623.2
1388.5	10455.2
1387.44	10884.1
1386.39	10846.3
1385.33	10692.6
1384.27	11158.9
1383.22	11336.5
1382.16	11416.9
1381.1	11729.1
1380.05	11844.9
1378.99	12119.1
1377.93	12258.4
1376.87	12066.8
1375.82	12406.9
1374.76	12413.8
1373.7	12323.9
1372.64	12401.6
1371.58	12325.8
1370.52	12323.3
1369.46	12353.8
1368.4	12171.9
1367.34	12070.3
1366.28	11949.9
1365.22	11685.7
1364.16	11647.9
1363.1	11676.1
1362.04	11428.7
1360.98	11687.8
1359.92	11459.2
1358.86	11468.6
1357.8	11536.9
1356.73	11755.8
1355.67	11758.1
1354.61	11823.9
1353.55	12007.3
1352.48	12033
1351.42	12103.4
1350.36	12361.8
1349.29	12641.4
1348.23	13012.4
1347.16	13301
1346.1	13683.5
1345.04	13607.9
1343.97	14114.6
1342.91	14229.1
1341.84	14533.6
1340.78	14593.9
1339.71	14722.3
1338.64	14695.8
1337.58	14842.8
1336.51	14741.3
1335.45	14876.5
1334.38	14718.7
1333.31	14633.7
1332.25	14422.1
1331.18	14362.9
1330.11	14212.4
1329.04	14057.3
1327.97	13759.4
1326.91	18247.7
1325.84	13947.9
1324.77	13149.6
1323.7	13067.3
1322.63	12858.9
1321.56	12615.4
1320.49	12608.1
1319.42	12420.8
1318.35	12495.4
1317.28	12513.8
1316.21	12338.4
1315.14	12001.9
1314.07	11871
1313	11756.5
1311.93	11555.7
1310.86	11247.7
1309.78	11161.3
1308.71	10902.5
1307.64	10730
1306.57	10828
1305.5	10459.9
1304.42	10338.9
1303.35	10245.8
1302.28	10288
1301.2	10250.9
1300.13	10102.1
1299.05	10216.4
1297.98	10132.8
1296.91	10102.8
1295.83	10049.5
1294.76	10042.7
1293.68	9989.48
1292.61	9950.2
1291.53	10129.4
1290.45	9978.59
1289.38	9948.63
1288.3	9907.07
1287.23	10109.4
1286.15	9995.82
1285.07	10068
1284	10059
1282.92	10077.7
1281.84	10022.3
1280.76	10247.5
1279.68	10108.5
1278.61	10331.3
1277.53	10477.5
1276.45	10361.8
1275.37	10433.8
1274.29	10658.6
1273.21	10589.2
1272.13	10422.6
1271.05	10679.7
1269.97	10566.4
1268.89	10411.5
1267.81	10272.8
1266.73	10175.8
1265.65	10120.5
1264.57	10257.1
1263.49	10093.1
1262.4	9718.92
1261.32	9911
1260.24	9712.55
1259.16	9770.58
1258.08	9567.62
1256.99	9623.35
1255.91	9639.8
1254.83	9522.39
1253.74	9495.02
1252.66	9266.96
1251.58	9451.85
1250.49	9290.76
1249.41	9300.35
1248.32	9252.3
1247.24	9268.8
1246.15	9177.01
1245.07	9322.52
1243.98	9214.63
1242.9	9348.55
1241.81	9169.34
1240.72	9149.01
1239.64	9331.19
1238.55	9264.81
1237.46	9311.18
1236.38	9152.85
1235.29	9325.68
1234.2	9222.58
1233.11	9112.64
1232.03	9310.64
1230.94	9235.17
1229.85	9244.73
1228.76	9169.31
1227.67	9500.29
1226.58	9257.28
1225.49	9181.91
1224.4	9170.81
1223.31	9269.82
1222.22	9153.21
1221.13	9130.65
1220.04	9291.51
1218.95	9310.19
1217.86	9514.48
1216.77	9464.37
1215.68	9370.77
1214.59	9517.66
1213.5	9646.18
1212.4	9708.25
1211.31	9708.5
1210.22	9594.35
1209.13	9896.6
1208.03	9931.12
1206.94	9878.73
1205.85	9673.18
1204.75	9883.73
1203.66	9925.08
1202.56	9945.85
1201.47	9621.67
1200.38	9930.26
1199.28	9978.41
1198.19	10024.3
1197.09	9901.18
1195.99	9812.39
1194.9	9876.5
1193.8	9625.79
1192.71	9569.04
1191.61	9334.47
1190.51	9416.85
1189.42	9451.34
1188.32	9185.04
1187.22	9271.96
1186.12	9194.85
1185.03	8967.48
1183.93	9074.88
1182.83	9022.89
1181.73	8823.01
1180.63	8962.22
1179.53	9039.96
1178.43	8978.93
1177.33	8872.44
1176.24	8825.11
1175.14	8814.17
1174.03	9035.01
1172.93	9024.02
1171.83	8844.95
1170.73	8965.72
1169.63	8934.32
1168.53	8759.92
1167.43	8769.43
1166.33	8731.28
1165.23	8944.96
1164.12	8977.1
1163.02	9013.76
1161.92	8982.39
1160.81	9116.5
1159.71	9026.2
1158.61	9019.77
1157.5	9264.78
1156.4	9115.62
1155.3	9136.35
1154.19	8998.6
1153.09	8953.7
1151.98	8917.87
1150.88	9169.38
1149.77	8954.83
1148.67	9079.58
1147.56	9292.46
1146.46	9109.67
1145.35	9195.89
1144.24	9270.77
1143.14	9171.68
1142.03	9068.12
1140.92	9025.56
1139.81	9856.72
1138.71	11714.5
1137.6	12111.5
1136.49	10069.3
1135.38	9092.75
1134.27	8993.86
1133.17	9043.82
1132.06	8922.43
1130.95	8895.76
1129.84	8972.75
1128.73	8738.82
1127.62	8910.41
1126.51	8897.27
1125.4	9039.48
1124.29	8918.27
1123.18	8718.35
1122.07	8973.01
1120.95	8703.42
1119.84	8789.3
1118.73	8800.94
1117.62	8722.64
1116.51	8889.37
1115.39	8874.01
1114.28	8986.72
1113.17	8787.16
1112.05	8785.3
1110.94	8920.41
1109.83	8777.1
1108.71	8802.18
1107.6	8851.93
1106.48	8879.22
1105.37	8751.75
1104.26	8785.78
1103.14	8828.76
1102.02	9396.22
1100.91	10720.9
1099.79	11218.3
1098.68	8944.5
1097.56	8805.99
1096.44	8927.28
1095.33	8717.2
1094.21	8959.32
1093.09	8950.71
1091.98	8758.66
1090.86	8929.03
1089.74	8889.13
1088.62	9003.51
1087.5	9059.72
1086.39	9100.27
1085.27	8984.39
1084.15	9132.16
1083.03	9186.06
1081.91	9309.16
1080.79	9322.82
1079.67	9276.21
1078.55	9399.21
1077.43	9330.29
1076.31	9413.07
1075.19	9411.08
1074.06	9438.07
1072.94	9284.49
1071.82	9347.16
1070.7	9229.31
1069.58	9269.68
1068.45	9227.62
1067.33	9218.99
1066.21	9248.2
1065.09	9333.05
1063.96	9106.31
1062.84	8964.21
1061.72	9033.49
1060.59	8880.35
1059.47	8987.42
1058.34	8763.21
1057.22	8885.81
1056.09	8917.26
1054.97	8882.05
1053.84	8906.82
1052.72	8975.99
1051.59	9038.47
1050.46	9187.49
1049.34	8861.53
1048.21	8892.93
1047.08	8946.51
1045.96	8815.97
1044.83	9040.27
1043.7	8907.56
1042.57	9180.5
1041.44	9038.95
1040.32	9085.77
1039.19	9139.22
1038.06	9073.06
1036.93	9135.34
1035.8	9140.04
1034.67	9262.03
1033.54	9178.2
1032.41	9278.01
1031.28	9125.64
1030.15	9079.48
1029.02	9205.77
1027.89	9444.74
1026.76	9414.01
1025.62	9239.67
1024.49	9250.96
1023.36	9107.66
1022.23	9196.25
1021.1	9008.86
1019.96	9245.31
1018.83	9080.05
1017.7	9294.32
1016.56	9393.8
1015.43	9188.93
1014.3	9209.02
1013.16	9048.36
1012.03	9291.05
1010.89	9295.68
1009.76	9291.5
1008.62	9309.35
1007.49	9397.64
1006.35	9164.49
1005.22	9431.06
1004.08	9268.42
1002.94	9378.64
1001.81	9273.27
1000.67	9337.27
999.533	9214.35
998.396	9331.09
997.258	9232.41
996.12	9344.69
994.982	9344.9
993.844	9239.68
992.706	9422.16
991.567	9099.64
990.428	9345.72
989.288	9429.31
988.149	9313.21
987.009	9638.05
985.869	9456.17
984.729	9469.5
983.588	9533.25
982.448	9430.4
981.307	9421.82
980.166	9389.14
979.024	9492.27
977.882	9468.34
976.74	9501.35
975.598	9446.79
974.456	9171.24
973.313	9420.88
972.17	9322.63
971.027	9152.25
969.884	9323.02
968.74	9434.7
967.596	9238.18
966.452	9417.57
965.308	9059.47
964.163	9219.16
963.018	9103.64
961.873	9232.69
960.728	9121.58
959.582	9154.55
958.436	9174.41
957.29	9124.46
956.144	8926.24
954.997	9181.61
953.85	9173.11
952.703	9153.72
951.556	9151.76
950.408	9056.13
949.261	8925.69
948.113	9091.45
946.964	9313.75
945.816	8880.78
944.667	9161.79
943.518	9140.25
942.369	9055.63
941.219	9116.77
940.069	9421.4
938.919	11623.7
937.769	10365
936.618	9621.78
935.468	9217.81
934.317	9402.63
933.165	9296.39
932.014	9294.4
930.862	9374.89
929.71	9362.03
928.558	9457.67
927.405	9668.22
926.253	9598.92
925.1	9447.26
923.947	9228.45
922.793	9384.69
921.639	9222.33
920.485	9510.66
919.331	9296.35
918.177	9199.08
917.022	9389.8
915.867	9175.66
914.712	9199.66
913.556	8996.47
912.401	8927.48
911.245	8970.98
910.088	8839.33
908.932	8941.2
907.775	8937.12
906.618	8980.58
905.461	9186.05
904.304	8935.69
903.146	8879.79
901.988	8987.99
900.83	8826.33
899.672	8938.81
898.513	8919.64
897.354	8889.68
896.195	8892.08
895.035	9118.74
893.876	8998.21
892.716	8970.42
891.556	9028.83
890.395	9158.31
889.234	8966.79
888.074	8990.71
886.912	8906.97
885.751	8877.07
884.589	9170
883.427	8918.44
882.265	9009.02
881.103	9032.9
879.94	8848.19
878.777	8900.03
877.614	9087.26
876.451	8659.83
875.287	8971.63
874.123	8808.61
872.959	8939.86
871.794	8942.23
870.63	8867.33
869.465	8919.07
868.3	8816.31
867.134	8904.51
865.969	8909.03
864.803	8939.28
863.637	9061.69
862.47	9134.76
861.303	8888.51
860.136	9094.41
858.969	9133.15
857.802	9002.69
856.634	8850.88
855.466	9007.38
854.298	9159.53
853.13	8977.83
851.961	9142.75
850.792	9048.81
849.623	8969.89
848.453	8952.99
847.284	8773.67
846.114	8923.49
844.944	9165.12
843.773	8868.39
842.602	8860.07
841.431	8836.81
840.26	8768.74
839.089	8939.71
837.917	8837.5
836.745	8818.53
835.573	8948.86
834.4	8868.03
833.228	8970.58
832.055	8981.43
830.881	8960.32
829.708	9084.08
828.534	9016.09
827.36	9086.55
826.186	8897.24
825.012	8931.5
823.837	8891.27
822.662	8965.95
821.487	8923.59
820.311	9023.75
819.135	9100.48
817.959	8947.58
816.783	9032.79
815.606	8718.48
814.43	8907.79
813.253	8978.09
812.075	8925.18
810.898	8912.64
809.72	8968.02
808.542	8983.06
807.364	8985.37
806.185	9066.15
805.006	8875.45
803.827	9013.47
802.648	8930.97
801.468	8977.78
800.289	9041.53
799.108	9206.94
797.928	9183.77
796.747	9086.49
795.567	9141.69
794.386	9222.26
793.204	9067.9
792.023	9222.5
790.841	9207.82
789.659	9277.73
788.476	9349.72
787.293	9199.73
786.111	9316.09
784.927	9362.67
783.744	9216.99
782.56	9212.89
781.376	9126.43
780.192	9092.79
779.008	9076.04
777.823	9093.07
776.638	8897
775.453	9002.65
774.267	9038.66
773.082	8988.21
771.896	9070.58
770.71	9072.83
769.523	9121.43
768.336	9285.88
767.149	9195.41
765.962	9123.93
764.775	9237.74
763.587	9442.01
762.399	9444.17
761.21	9313.78
760.022	9501.07
758.833	9444.34
757.644	9772.38
756.455	9986.77
755.265	10144.3
754.075	10345.9
752.885	10915.1
751.695	11366.3
750.504	12197.5
749.313	12692.4
748.122	13506.1
746.931	14017.2
745.739	14811.4
744.547	15273.8
743.355	15947.9
742.163	16586
740.97	17351.6
739.777	18033.1
738.584	19158.5
737.39	20425.9
736.197	21391.1
735.003	21792.7
733.808	21907.3
732.614	20866.5
731.419	20094
730.224	18395.1
729.029	16602.8
727.833	14865.7
726.638	13346.8
725.441	12031.2
724.245	11447.6
723.049	10847.6
721.852	10431.7
720.655	10030.5
719.457	9673.38
718.26	9761.04
717.062	9577.35
715.864	9410.43
714.665	9443.84
713.467	9400.08
712.268	9320.88
711.069	9345.95
709.869	9300.15
708.669	9254.36
707.469	9189.85
706.269	9348.23
705.069	9248.32
703.868	9194.26
702.667	9054.87
701.466	9175.69
700.264	9244.43
699.062	9140.49
697.86	9300.72
696.658	9408.9
695.455	9419.32
694.253	9841.26
693.049	9830.81
691.846	9963.7
690.642	10001
689.439	10030
688.234	10623.6
687.03	15067.5
685.825	10411.5
684.62	9905.04
683.415	9589.65
682.21	9614.52
681.004	9390.57
679.798	9614.48
678.592	9316.01
677.385	9231.09
676.178	9421.74
674.971	9359.62
673.764	9251.97
672.556	9318.27
671.349	9274.84
670.14	9380.43
668.932	9295.62
667.724	9293.59
666.515	9413.58
665.305	9277.13
664.096	10449.2
662.886	11329.4
661.676	9690.49
660.466	9411.57
659.256	9407.45
658.045	9430.17
656.834	9322.83
655.623	9510.67
654.411	9593.2
653.199	9593.16
651.987	9529.19
650.775	9650.84
649.562	9865.2
648.35	9696.09
647.136	10042.2
645.923	9937.03
644.709	9646.47
643.495	9951.22
642.281	9809.03
641.067	10010.7
639.852	9998.2
638.637	10096.8
637.422	10014.4
636.206	10131.5
634.991	9874.3
633.774	10192.9
632.558	9991.25
631.342	10217.2
630.125	10011.5
628.908	10140.8
627.69	10077
626.473	10039.9
625.255	9939.13
624.036	9612.7
622.818	9471.08
621.599	9460.8
620.38	9413.61
619.161	9194.2
617.942	9128.63
616.722	9128.68
615.502	8919.72
614.281	8911.62
613.061	8704.85
611.84	8926.15
610.619	8870.96
609.398	8920.19
608.176	8887.53
606.954	8758.74
605.732	8810
604.509	8947.13
603.287	8859.3
602.064	8769.45
600.84	8794.1
599.617	8830.99
598.393	8998.61
597.169	8851.63
595.945	8872.14
594.72	9013.1
593.495	8868.25
592.27	8874.47
591.045	9078.57
589.819	8992.95
588.593	9046.04
587.367	8858.52
586.14	8889.19
584.913	9205.15
583.686	8962.71
582.459	9217.4
581.232	9129.84
580.004	8999.56
578.776	8975.19
577.547	9134
576.319	9095.37
575.09	9215.43
573.86	9164.59
572.631	9264.25
571.401	9280.51
570.171	9621.96
568.941	9562.95
567.71	9723.38
566.48	9709.05
565.249	9804.39
564.017	9956.54
562.786	9976.68
561.554	10108.4
560.322	9994.61
559.089	9671.9
557.856	9675.86
556.623	9728.48
555.39	9730.39
554.157	9594.48
552.923	9689.63
551.689	9495.05
550.454	9551.69
549.22	9397.72
547.985	9450.31
546.75	9168.91
545.514	9162.85
544.279	9073.83
543.043	9249.83
541.806	9310.48
540.57	9055.71
539.333	9187.12
538.096	9092.13
536.859	9045.68
535.621	9104.29
534.383	9255.77
533.145	9170.94
531.907	9021.56
530.668	8985.26
529.429	9300.07
528.19	9108.39
526.95	9176.97
525.711	9132.6
524.47	9176.96
523.23	9501.46
521.99	9817.75
520.749	9938.48
519.507	10053.1
518.266	9815.28
517.024	9549.37
515.782	9450.64
514.54	9213.09
513.298	9154.72
512.055	9382.02
510.812	9367.88
509.568	9414.07
508.325	9261.22
507.081	9411.92
505.837	9361.62
504.592	9257.1
503.347	9465.94
502.102	9628.51
500.857	9530.02
499.612	9686.48
498.366	10001.4
497.12	10306.1
495.873	10297.8
494.627	10438
493.38	10311.3
492.133	10104.6
490.885	9795.75
489.637	9875.73
488.389	9595.11
487.141	9520.89
485.892	9388.63
484.644	9384.56
483.394	9364.47
482.145	9426.42
480.895	9318.31
479.645	9210.25
478.395	9164.22
477.145	9046.24
475.894	9110.19
474.643	9142.15
473.391	9126.14
472.14	9247.96
470.888	9024.25
469.636	9239.87
468.383	9249.8
467.13	9159.94
465.877	9247.7
464.624	9247.64
463.371	9113.97
462.117	9145.85
460.863	9225.55
459.608	9311.19
458.353	9145.74
457.099	9289.14
455.843	9147.66
454.588	9113.78
453.332	9161.53
452.076	9097.79
450.82	9398.24
449.563	9219.09
448.306	9141.47
447.049	9382.04
445.791	9143.38
444.534	9256.63
443.276	9401.63
442.017	9264.45
440.759	9240.54
439.5	9558.22
438.241	9427.04
436.981	9323.71
435.722	9534
434.462	9523.94
433.201	9355.2
431.941	9341.22
430.68	9333.2
429.419	9624.52
428.157	9491.57
426.896	9378.5
425.634	9647.82
424.372	9649.64
423.109	9780.17
421.846	9576.06
420.583	9655.08
419.32	9627.21
418.056	9706.19
416.792	9692.16
415.528	9555.53
414.264	9721.46
412.999	9810.23
411.734	9823.86
410.469	9675.46
409.203	9598.25
407.937	9641.53
406.671	9532.77
405.405	9649.09
404.138	9729.83
402.871	9709.91
401.604	9622.92
400.336	9484.69
