2001.48	19413.4
2000.55	18957.3
1999.61	19176.2
1998.68	18984.7
1997.75	19208.8
1996.82	19315
1995.88	19421
1994.95	19430.6
1994.02	19287.5
1993.08	18340.8
1992.15	18728.1
1991.22	18585.2
1990.28	18608.3
1989.35	18631.4
1988.41	18646.5
1987.48	18410
1986.55	18879.9
1985.61	18659.5
1984.68	18872.4
1983.74	18874
1982.81	18744.7
1981.87	18773
1980.93	19167.4
1980	18923.2
1979.06	19010.3
1978.13	19059.9
1977.19	19098.9
1976.25	18918.9
1975.32	19192.7
1974.38	19076.9
1973.44	19019.8
1972.5	19125.4
1971.57	19196.2
1970.63	19245.8
1969.69	19159.3
1968.75	19033
1967.81	19151.8
1966.88	19379.7
1965.94	19208.1
1965	19356.1
1964.06	19461.4
1963.12	19590.7
1962.18	19286.1
1961.24	19388.7
1960.3	19443.4
1959.36	19644.3
1958.42	19792
1957.48	19833.3
1956.54	19537
1955.6	19950.3
1954.66	20198.8
1953.72	19618.3
1952.78	19649
1951.84	19923.9
1950.89	19667.8
1949.95	19804.5
1949.01	19973.1
1948.07	19706.5
1947.13	19816.7
1946.18	19812.7
1945.24	19822.1
1944.3	19950.7
1943.35	19747.9
1942.41	19942.8
1941.47	20060.7
1940.52	19757.4
1939.58	19825
1938.64	19638.4
1937.69	19748.3
1936.75	19892.6
1935.8	19801.4
1934.86	19776.3
1933.91	20036.9
1932.97	20006.5
1932.02	19740.7
1931.08	19816.1
1930.13	19904.7
1929.18	20017
1928.24	19627.3
1927.29	19573.2
1926.35	19564
1925.4	19710.7
1924.45	19925.9
1923.5	19848
1922.56	19793.9
1921.61	19890.3
1920.66	19878.4
1919.71	19951
1918.77	19757.1
1917.82	19658.3
1916.87	19807.3
1915.92	20006.3
1914.97	19717.7
1914.02	19985.2
1913.07	19923.3
1912.13	19874.5
1911.18	19973.3
1910.23	19764
1909.28	19781.1
1908.33	20185
1907.38	19775.9
1906.43	19582.6
1905.47	20054.7
1904.52	19779.9
1903.57	19710.2
1902.62	19643.2
1901.67	19896.8
1900.72	19908.7
1899.77	20051.8
1898.81	20158.1
1897.86	19770.8
1896.91	19892.8
1895.96	19923
1895.01	20047.6
1894.05	20151.2
1893.1	20071.1
1892.15	20203.5
1891.19	19926.8
1890.24	20245.3
1889.28	20364.4
1888.33	20507.1
1887.38	19900.5
1886.42	19679.1
1885.47	20212
1884.51	19878.1
1883.56	20224.9
1882.6	20254.9
1881.65	20078.2
1880.69	20108.2
1879.74	20441.6
1878.78	20058.4
1877.82	20467.5
1876.87	20157.6
1875.91	20184.9
1874.95	20677.4
1874	20022.7
1873.04	20428.8
1872.08	19975.6
1871.12	19958.5
1870.17	20372.2
1869.21	20253.3
1868.25	20338
1867.29	20584.4
1866.33	20567.3
1865.38	20425
1864.42	20397.4
1863.46	20682.7
1862.5	20634.3
1861.54	20559.8
1860.58	20133.7
1859.62	20702.7
1858.66	20393.9
1857.7	20660.6
1856.74	20651.3
1855.78	20423.3
1854.82	20692.5
1853.86	20979.7
1852.9	20640
1851.94	22370.5
1850.97	20868.4
1850.01	20604.3
1849.05	20582
1848.09	20562.3
1847.13	20467.2
1846.16	20870.9
1845.2	20817.4
1844.24	20686
1843.27	20510.6
1842.31	21002.2
1841.35	20211.8
1840.38	20373.8
1839.42	20688.7
1838.46	20513.5
1837.49	20869.8
1836.53	21078.2
1835.56	20923.6
1834.6	20779.5
1833.63	20762.4
1832.67	20965.5
1831.7	20888.8
1830.74	20874.3
1829.77	21105.7
1828.81	20529.4
1827.84	20781.5
1826.87	20984.3
1825.91	20711.1
1824.94	21221.6
1823.97	21080.3
1823.01	20949.5
1822.04	20911.7
1821.07	20966.9
1820.1	21024.7
1819.14	20782.9
1818.17	20786.5
1817.2	21156.7
1816.23	21075
1815.26	20776.6
1814.29	21322.1
1813.32	20961.8
1812.36	21050.4
1811.39	20953.4
1810.42	20944
1809.45	20862.5
1808.48	21157.3
1807.51	21415.9
1806.54	21138.5
1805.57	21394.4
1804.59	21163.5
1803.62	21028
1802.65	21497.4
1801.68	21076.2
1800.71	21398.8
1799.74	21685.2
1798.77	21076.4
1797.79	21352.5
1796.82	21103.9
1795.85	21223.1
1794.88	21393.6
1793.9	21124.7
1792.93	21318.2
1791.96	21319.1
1790.98	21309.7
1790.01	21482.6
1789.04	21360.2
1788.06	21456
1787.09	21367
1786.11	21403.8
1785.14	21509.8
1784.16	21451.6
1783.19	21603.7
1782.21	21507.1
1781.24	21354.1
1780.26	21480.5
1779.29	21624.8
1778.31	21556.4
1777.33	21480.4
1776.36	21578.5
1775.38	21553.7
1774.4	21743.9
1773.43	21818.8
1772.45	21632.8
1771.47	21610.6
1770.49	21677.8
1769.52	21663.3
1768.54	21666.6
1767.56	21634.1
1766.58	21571
1765.6	21765.9
1764.63	21840.7
1763.65	21971.7
1762.67	21837.1
1761.69	21797
1760.71	21733.9
1759.73	21795.8
1758.75	21679.2
1757.77	21608.5
1756.79	21566
1755.81	21638.1
1754.83	21794.3
1753.85	21596.3
1752.86	21622.5
1751.88	21391.4
1750.9	21848.1
1749.92	21876.8
1748.94	21763
1747.96	21791.7
1746.97	21835.7
1745.99	22050.1
1745.01	22038
1744.03	21845.4
1743.04	22024.1
1742.06	21625.6
1741.08	21905.9
1740.09	21832.9
1739.11	22384.9
1738.12	22255.9
1737.14	22243.8
1736.15	21789.9
1735.17	21909.9
1734.18	21877.6
1733.2	22094
1732.21	22107.3
1731.23	22146
1730.24	22133.9
1729.26	22015.3
1728.27	21868.9
1727.28	22196.6
1726.3	22361.9
1725.31	22200.3
1724.32	22322.5
1723.34	22328.1
1722.35	22328.7
1721.36	22149.5
1720.38	21952.6
1719.39	22097.5
1718.4	21908.4
1717.41	22364.4
1716.42	22564.7
1715.43	22231.4
1714.44	22110.7
1713.46	22268
1712.47	22293.8
1711.48	22445.9
1710.49	22643.5
1709.5	22141.4
1708.51	22457.6
1707.52	22271.3
1706.53	22552
1705.54	22628.2
1704.54	22439.5
1703.55	22467.8
1702.56	22387.6
1701.57	22801.6
1700.58	24382.7
1699.59	24642.4
1698.6	22601.3
1697.6	22488.4
1696.61	22592.2
1695.62	22456.7
1694.63	22537.8
1693.63	22787.5
1692.64	22808
1691.65	22894
1690.65	22466.7
1689.66	22764
1688.66	22782.1
1687.67	22752.3
1686.67	22604.4
1685.68	22901.4
1684.69	22743.5
1683.69	23186.1
1682.69	22902.6
1681.7	23048.7
1680.7	23109.3
1679.71	23154.8
1678.71	23012.1
1677.72	23190.6
1676.72	23231.1
1675.72	23096
1674.73	23201.6
1673.73	23450.2
1672.73	23440.4
1671.73	23117.4
1670.74	23606.3
1669.74	23408.7
1668.74	23564.2
1667.74	23454.3
1666.74	23517.1
1665.74	23462.3
1664.74	23727.9
1663.75	23532.9
1662.75	23608.2
1661.75	23700.9
1660.75	23813.7
1659.75	23503.8
1658.75	24216.5
1657.75	23676.7
1656.75	24251.6
1655.75	24466.6
1654.74	24284.3
1653.74	24521.6
1652.74	24586.5
1651.74	24713.8
1650.74	24693.8
1649.74	24871
1648.73	24818.5
1647.73	25185.1
1646.73	25419.4
1645.73	25184.9
1644.72	25301.9
1643.72	25528.5
1642.72	25535.8
1641.71	25876.9
1640.71	25540.4
1639.71	26222.5
1638.7	26000.6
1637.7	26162.1
1636.69	26467.8
1635.69	26141.5
1634.68	26414.8
1633.68	26290
1632.67	26235
1631.67	26090.4
1630.66	26216.9
1629.65	26151.9
1628.65	25828.6
1627.64	25947.6
1626.64	25589.6
1625.63	25894.8
1624.62	25601.6
1623.61	25621.2
1622.61	25186.7
1621.6	25375.1
1620.59	25454.3
1619.58	24920.9
1618.57	24935.7
1617.57	24980.2
1616.56	25101.5
1615.55	25202.9
1614.54	24880.7
1613.53	24660.2
1612.52	24603.2
1611.51	24731.9
1610.5	24699.6
1609.49	24932.2
1608.48	24813.3
1607.47	24946.8
1606.46	25804.9
1605.45	25000.9
1604.44	25079.9
1603.43	24963.6
1602.41	24973.3
1601.4	25007.8
1600.39	25042.2
1599.38	25439.7
1598.37	24836.9
1597.35	25276.3
1596.34	25409.4
1595.33	25238.8
1594.31	25423.7
1593.3	25381.5
1592.29	25243.2
1591.27	25437.8
1590.26	25605.2
1589.24	25279.5
1588.23	25777.1
1587.22	25828.5
1586.2	25732.1
1585.19	25394.4
1584.17	25625.6
1583.15	25467.7
1582.14	25516.7
1581.12	25499.2
1580.11	25639.2
1579.09	25348.6
1578.07	25323.8
1577.06	25274.3
1576.04	25286.4
1575.02	25394.3
1574.01	25575.9
1572.99	25479.8
1571.97	25676
1570.95	25599.5
1569.93	25415.1
1568.92	25532.6
1567.9	25959.4
1566.88	25848.6
1565.86	26135.2
1564.84	26483.1
1563.82	26818.6
1562.8	27237.3
1561.78	27788.2
1560.76	28020.2
1559.74	28428.6
1558.72	29250.9
1557.7	29742.1
1556.68	29995.6
1555.66	29945.4
1554.64	30211
1553.61	30378.6
1552.59	30631.8
1551.57	30373.5
1550.55	30269.5
1549.53	30053
1548.5	29599.5
1547.48	29417.4
1546.46	29110.8
1545.44	28618.7
1544.41	28309.9
1543.39	28042.8
1542.36	27639
1541.34	27897.1
1540.32	27110.3
1539.29	27451.3
1538.27	27126
1537.24	27164.4
1536.22	26963.8
1535.19	26824.1
1534.17	26733.3
1533.14	26374.4
1532.11	26120.5
1531.09	25934.9
1530.06	26192.6
1529.04	26141
1528.01	26223.3
1526.98	25896.6
1525.95	25910.8
1524.93	25564.8
1523.9	25985.3
1522.87	25714.9
1521.84	25434.8
1520.82	25548.7
1519.79	25302.9
1518.76	25579.6
1517.73	25581.7
1516.7	25484.1
1515.67	25731.5
1514.64	25638.8
1513.61	25466
1512.58	25642.9
1511.55	25848.7
1510.52	25525.6
1509.49	25707.2
1508.46	25900.8
1507.43	25786.3
1506.4	26076.8
1505.37	25545.5
1504.34	26170.4
1503.3	26203.8
1502.27	26142.7
1501.24	26699.2
1500.21	26783.3
1499.17	26874.7
1498.14	26978.1
1497.11	27246
1496.07	27133.9
1495.04	27128.4
1494.01	26982.5
1492.97	27368.7
1491.94	27087.5
1490.91	26941.8
1489.87	27204.5
1488.84	27370.4
1487.8	27328.6
1486.77	27245.7
1485.73	27088
1484.69	27181.4
1483.66	27306.1
1482.62	27399.5
1481.59	27567.5
1480.55	27482.3
1479.51	27937.2
1478.48	28107.5
1477.44	28624.8
1476.4	28944.3
1475.36	29184.1
1474.33	29339.5
1473.29	29889.9
1472.25	31090.2
1471.21	31741
1470.17	32649.2
1469.13	33597.9
1468.1	35179
1467.06	36309.6
1466.02	36713.4
1464.98	37862.4
1463.94	38770.6
1462.9	38488.6
1461.86	38699.4
1460.82	38359.9
1459.78	38282.3
1458.73	37333
1457.69	36835.5
1456.65	35826.9
1455.61	34816.2
1454.57	33978.8
1453.53	33549.6
1452.48	32511.2
1451.44	32027.3
1450.4	31586.8
1449.36	30429.6
1448.31	30109.4
1447.27	29880.3
1446.23	29577.1
1445.18	29204.6
1444.14	29004.6
1443.09	28773.6
1442.05	28722.2
1441.01	28520
1439.96	28411.2
1438.92	28151.8
1437.87	27868.6
1436.82	27793.5
1435.78	27522.4
1434.73	27523.9
1433.69	27601.9
1432.64	27471.9
1431.59	27270.4
1430.55	26913.7
1429.5	26946.3
1428.45	27124.6
1427.41	26529.5
1426.36	27044.2
1425.31	26726.1
1424.26	26937.7
1423.21	26889.2
1422.17	26630.9
1421.12	26630.2
1420.07	26631.8
1419.02	26593
1417.97	26558.9
1416.92	27044.1
1415.87	26986.1
1414.82	27494.8
1413.77	27227.3
1412.72	27785.7
1411.67	28182.1
1410.62	28497.4
1409.57	28803.1
1408.51	29650.9
1407.46	30407.9
1406.41	30984
1405.36	31412.5
1404.31	31928.8
1403.25	32701.3
1402.2	32810.9
1401.15	32761.4
1400.1	33065.7
1399.04	32581.7
1397.99	32525.2
1396.94	32335.8
1395.88	32312.5
1394.83	31969
1393.77	31817.8
1392.72	32098.1
1391.66	31674.3
1390.61	32151.1
1389.55	32085.3
1388.5	33113.7
1387.44	33440.8
1386.39	34234.1
1385.33	35592.9
1384.27	35933.5
1383.22	37149.4
1382.16	38024.1
1381.1	38472.7
1380.05	38954.2
1378.99	39577.4
1377.93	39460.5
1376.87	39584.7
1375.82	39718.3
1374.76	39251.8
1373.7	38811.4
1372.64	37814
1371.58	37227.8
1370.52	36967.5
1369.46	36249.5
1368.4	35907
1367.34	35404.2
1366.28	34918.1
1365.22	33967.7
1364.16	33581.2
1363.1	33553
1362.04	33037.1
1360.98	32985.4
1359.92	33240.1
1358.86	33080.1
1357.8	33339.3
1356.73	33261.8
1355.67	33791.5
1354.61	34184.5
1353.55	35141.9
1352.48	35863.8
1351.42	36535.9
1350.36	37600.4
1349.29	38382.4
1348.23	39843.3
1347.16	40850
1346.1	42074.8
1345.04	42874
1343.97	44224.7
1342.91	45189.8
1341.84	46048.9
1340.78	46520.4
1339.71	46672.6
1338.64	46974.9
1337.58	46789.3
1336.51	46498.2
1335.45	45879
1334.38	45792.1
1333.31	44866.4
1332.25	44367.5
1331.18	43486.9
1330.11	42787.1
1329.04	41729.3
1327.97	40866.2
1326.91	40277.3
1325.84	39796.3
1324.77	39526
1323.7	39562.2
1322.63	38431.6
1321.56	37832.1
1320.49	37719
1319.42	37313.9
1318.35	36364.6
1317.28	35913.2
1316.21	35718.9
1315.14	35116
1314.07	34326.7
1313	33243.5
1311.93	32947.3
1310.86	32856.4
1309.78	32462.4
1308.71	31914.6
1307.64	31495.2
1306.57	31334.8
1305.5	31127.9
1304.42	30688
1303.35	30588.4
1302.28	30575.1
1301.2	30296.3
1300.13	30075.8
1299.05	29927.5
1297.98	30302.9
1296.91	30364.1
1295.83	30199.6
1294.76	29974.7
1293.68	30680
1292.61	30838.6
1291.53	31111.1
1290.45	31141.8
1289.38	31179.5
1288.3	31993
1287.23	31860.9
1286.15	32290.8
1285.07	32432.6
1284	33335.7
1282.92	34152.5
1281.84	34421.4
1280.76	35516
1279.68	36410.7
1278.61	37050
1277.53	37538.3
1276.45	37759.9
1275.37	37932.8
1274.29	37748.8
1273.21	37483.9
1272.13	36948.1
1271.05	36190.3
1269.97	35497.6
1268.89	34851.4
1267.81	33641.1
1266.73	33178.3
1265.65	32181.6
1264.57	31663.8
1263.49	31227.2
1262.4	30259.2
1261.32	29753.8
1260.24	29475
1259.16	28995.3
1258.08	28827.6
1256.99	28426.7
1255.91	28536.2
1254.83	28361.8
1253.74	28122.8
1252.66	27794
1251.58	27905.8
1250.49	27911.5
1249.41	27495.3
1248.32	27547.1
1247.24	27541.4
1246.15	27611.7
1245.07	27707.3
1243.98	27243.1
1242.9	27394
1241.81	27475.8
1240.72	27562.1
1239.64	27763.4
1238.55	27557.5
1237.46	27643.7
1236.38	27649.4
1235.29	27774.7
1234.2	27932.1
1233.11	27728.6
1232.03	27690.6
1230.94	27769.8
1229.85	27844.4
1228.76	27565.3
1227.67	27922.3
1226.58	27579
1225.49	27626
1224.4	27810.7
1223.31	28091.6
1222.22	28023.8
1221.13	27926.2
1220.04	27911.2
1218.95	27974.1
1217.86	28293.7
1216.77	28361
1215.68	28343.7
1214.59	28763.7
1213.5	28521.8
1212.4	29172.8
1211.31	29056.9
1210.22	29268.1
1209.13	29230
1208.03	29125.5
1206.94	29940.3
1205.85	29362.5
1204.75	29856.9
1203.66	29610.7
1202.56	29478.8
1201.47	29262.5
1200.38	29299.7
1199.28	29097.2
1198.19	29061.4
1197.09	28886.4
1195.99	28700.1
1194.9	28502.4
1193.8	28186.2
1192.71	28184.9
1191.61	28236
1190.51	28011.2
1189.42	27768.3
1188.32	27475.4
1187.22	27020.8
1186.12	26960.5
1185.03	26795.4
1183.93	27078.9
1182.83	26927.6
1181.73	26774
1180.63	26577.2
1179.53	26485.2
1178.43	26311.3
1177.33	26656
1176.24	26711.8
1175.14	26367.5
1174.03	26068.8
1172.93	26354.1
1171.83	26825.6
1170.73	26688.2
1169.63	26360.2
1168.53	26438.7
1167.43	26292.4
1166.33	26407.1
1165.23	26524.1
1164.12	26314.4
1163.02	26435.8
1161.92	26491.5
1160.81	26420.2
1159.71	26639
1158.61	26769.3
1157.5	26917.7
1156.4	27460.1
1155.3	27409
1154.19	27550.4
1153.09	28031.2
1151.98	27891.8
1150.88	27913.1
1149.77	28099.5
1148.67	28202.1
1147.56	28361.2
1146.46	28463.8
1145.35	28197.9
1144.24	27900.4
1143.14	28226.6
1142.03	27762.2
1140.92	27830.9
1139.81	27895
1138.71	27324.8
1137.6	27528.9
1136.49	27238.9
1135.38	27151.9
1134.27	27274.7
1133.17	26989.4
1132.06	26855.2
1130.95	26964.5
1129.84	26909.2
1128.73	26811.2
1127.62	26798.8
1126.51	26844.9
1125.4	26647.9
1124.29	26489.2
1123.18	26924.7
1122.07	26651.3
1120.95	26360
1119.84	26496.1
1118.73	26587.2
1117.62	26347.8
1116.51	26353.5
1115.39	26489.5
1114.28	26162.6
1113.17	26485
1112.05	26382.9
1110.94	26152.8
1109.83	26115.8
1108.71	26496.3
1107.6	26008.3
1106.48	26328.1
1105.37	26179
1104.26	26263.1
1103.14	26190.3
1102.02	26171.4
1100.91	26033.6
1099.79	25848.9
1098.68	25886
1097.56	26032.8
1096.44	26159.4
1095.33	25954.6
1094.21	25629.1
1093.09	26435.9
1091.98	26090.3
1090.86	26019.9
1089.74	26047.9
1088.62	26156.5
1087.5	26211.3
1086.39	26339.8
1085.27	26305.2
1084.15	26190.2
1083.03	26320.9
1081.91	26565.4
1080.79	26419.1
1079.67	26525.1
1078.55	26619.9
1077.43	26382.3
1076.31	26490.4
1075.19	26525
1074.06	26316.5
1072.94	26446.9
1071.82	26385.5
1070.7	26567.1
1069.58	26626.1
1068.45	26433.4
1067.33	26240.7
1066.21	26315.3
1065.09	26287.5
1063.96	26166.2
1062.84	26652.3
1061.72	26217.4
1060.59	26220.7
1059.47	26477.5
1058.34	26236.3
1057.22	26357.4
1056.09	26354
1054.97	26230.7
1053.84	26316.2
1052.72	26663.7
1051.59	26071.9
1050.46	26588
1049.34	26555.7
1048.21	26683.2
1047.08	26466.8
1045.96	26388
1044.83	26646.3
1043.7	26704.9
1042.57	26787.9
1041.44	26647.1
1040.32	26738.9
1039.19	26828.5
1038.06	26681
1036.93	27155.8
1035.8	27023.9
1034.67	27308.1
1033.54	27134.1
1032.41	27234.5
1031.28	27186.7
1030.15	27391
1029.02	27327.7
1027.89	27218
1026.76	27143.7
1025.62	27551.1
1024.49	27660.1
1023.36	27853
1022.23	28028.1
1021.1	27730.8
1019.96	28097.9
1018.83	27994.8
1017.7	28112.4
1016.56	27982.9
1015.43	28199.7
1014.3	28037.1
1013.16	28000.3
1012.03	27998.8
1010.89	28010.4
1009.76	28072.8
1008.62	28088.8
1007.49	27695.3
1006.35	28026.2
1005.22	27492
1004.08	27622.6
1002.94	27742.1
1001.81	27784.6
1000.67	27576.4
999.533	27427.6
998.396	27608.6
997.258	27253.3
996.12	27603.4
994.982	27366.9
993.844	27354.5
992.706	27471.6
991.567	27468
990.428	27804.5
989.288	27873.2
988.149	27851.9
987.009	27918.3
985.869	28033
984.729	27899.8
983.588	28264.4
982.448	27999.7
981.307	27976.2
980.166	27854.2
979.024	27699.3
977.882	27612.4
976.74	27475.1
975.598	27607.1
974.456	27288.3
973.313	27496.9
972.17	27340.1
971.027	27367.1
969.884	27317.5
968.74	27248.3
967.596	27415.1
966.452	27269.4
965.308	27219.9
964.163	27174.8
963.018	27158.1
961.873	27276.7
960.728	27345.1
959.582	27372
958.436	27370.5
957.29	27449.7
956.144	27258.5
954.997	27121.8
953.85	27427.8
952.703	27345.6
951.556	27185.1
950.408	27218.5
949.261	27308.5
948.113	27400.7
946.964	27579.9
945.816	27665.4
944.667	27598.5
943.518	27760.2
942.369	27978.3
941.219	28191.9
940.069	28499
938.919	28566.8
937.769	28721.6
936.618	29371.6
935.468	29117.7
934.317	29419.9
933.165	29457
932.014	29505
930.862	29539.9
929.71	29581.3
928.558	29609.7
927.405	29321.4
926.253	29204.5
925.1	28836.1
923.947	28797.4
922.793	28641.7
921.639	28392.9
920.485	28196.2
919.331	27895.6
918.177	27400.2
917.022	27493.9
915.867	27232.6
914.712	26988.7
913.556	27342.1
912.401	27163.2
911.245	26755.1
910.088	26918
908.932	26810.6
907.775	27023.2
906.618	26552.8
905.461	27113.1
904.304	26882.7
903.146	27218.1
901.988	26866.8
900.83	26839.5
899.672	27086.2
898.513	27022.1
897.354	27083.2
896.195	27062.3
895.035	27022
893.876	27113.2
892.716	27288.4
891.556	26933.5
890.395	26800.6
889.234	27083.5
888.074	27155.2
886.912	26934
885.751	26956.2
884.589	27004.3
883.427	26695.1
882.265	26915.2
881.103	26621.2
879.94	26598.3
878.777	26874.2
877.614	26548.2
876.451	26561.8
875.287	26648.5
874.123	26571.9
872.959	26813.1
871.794	26738.7
870.63	26668.5
869.465	26632.7
868.3	26571.2
867.134	26844.4
865.969	26879.4
864.803	27109.4
863.637	27127.2
862.47	26748.4
861.303	26751.2
860.136	26972.6
858.969	26763.3
857.802	27143
856.634	26914.5
855.466	27264
854.298	26693.2
853.13	26497
851.961	26966.2
850.792	26688.8
849.623	26834.8
848.453	26489.1
847.284	26819
846.114	26511.9
844.944	26657.9
843.773	26647.9
842.602	26236.4
841.431	26557.4
840.26	26617.9
839.089	26535.3
837.917	26209.5
836.745	26410.8
835.573	26466.9
834.4	26465.5
833.228	26440.6
832.055	26402.9
830.881	26691.3
829.708	26366
828.534	26656.4
827.36	26390.8
826.186	26308.5
825.012	26602.9
823.837	26595.1
822.662	26865.9
821.487	26619.8
820.311	26524.7
819.135	26425.4
817.959	26392.1
816.783	26792.3
815.606	26510.3
814.43	26625.7
813.253	26095.3
812.075	26796.8
810.898	26644.5
809.72	26831.9
808.542	26611.8
807.364	26934.9
806.185	26685.1
805.006	26626.3
803.827	26590.9
802.648	26697.5
801.468	26556.1
800.289	26435.9
799.108	26739.5
797.928	26623.6
796.747	26628.4
795.567	26607.9
794.386	26839.2
793.204	27180.4
792.023	27157.6
790.841	27149.6
789.659	27604.8
788.476	27478.3
787.293	27685.9
786.111	27426.2
784.927	27771.1
783.744	27167.2
782.56	27121.2
781.376	27047.8
780.192	26930
779.008	26867.2
777.823	26705.2
776.638	27313.4
775.453	26666.2
774.267	26420
773.082	26789.6
771.896	26815.4
770.71	26607.3
769.523	26881.8
768.336	27071.9
767.149	26969.1
765.962	27287.6
764.775	27309
763.587	27589.3
762.399	27726.5
761.21	27579.5
760.022	27733.4
758.833	28007
757.644	28230.1
756.455	28720.1
755.265	29352.8
754.075	29562.8
752.885	30556.3
751.695	31272.2
750.504	32642.8
749.313	33752.6
748.122	35036
746.931	37173
745.739	40049.6
744.547	43671.6
743.355	48328
742.163	54657.5
740.97	62235.7
739.777	69904.9
738.584	76803.9
737.39	81950.8
736.197	85112.1
735.003	84241.4
733.808	80976.3
732.614	75029.4
731.419	68528.5
730.224	60700
729.029	53433.2
727.833	47248.7
726.638	41326
725.441	37174.2
724.245	34261.4
723.049	32442.5
721.852	30935.7
720.655	30012.2
719.457	29216.4
718.26	28702.8
717.062	28229.1
715.864	28437.9
714.665	27553.4
713.467	27733
712.268	27553.9
711.069	27335.3
709.869	27208.5
708.669	26965
707.469	27190.4
706.269	27122
705.069	27309.7
703.868	26824.9
702.667	27002.3
701.466	26859
700.264	26938.5
699.062	27107.4
697.86	27018.3
696.658	27370
695.455	27738.2
694.253	28025.3
693.049	28532.4
691.846	28422.3
690.642	29049.6
689.439	28918.7
688.234	29352.5
687.03	29541.3
685.825	29615.8
684.62	29453.7
683.415	29115.4
682.21	28557.4
681.004	28202.8
679.798	28035
678.592	27788.4
677.385	27983.4
676.178	27840.5
674.971	27621.1
673.764	27542.6
672.556	27389.6
671.349	27402.3
670.14	27410.8
668.932	27330.3
667.724	27316.1
666.515	27647.2
665.305	27641.2
664.096	27843.9
662.886	27912.2
661.676	28166.5
660.466	28470.2
659.256	28693.2
658.045	29044.2
656.834	29525
655.623	29896.3
654.411	30490.2
653.199	30865.2
651.987	31780.5
650.775	31697.2
649.562	32141.8
648.35	32406.9
647.136	32673.9
645.923	32707.9
644.709	32474.2
643.495	32835.7
642.281	33013.9
641.067	32936.6
639.852	32513.7
638.637	32377
637.422	32127.1
636.206	31836.3
634.991	31658.6
633.774	31337.2
632.558	31067.2
631.342	31354.3
630.125	30712.6
628.908	30798.3
627.69	30017.3
626.473	29990.2
625.255	29207.8
624.036	28815.5
622.818	28638.9
621.599	28310.6
620.38	28273.6
619.161	27937.3
617.942	27299.8
616.722	27390.1
615.502	27332.9
614.281	27261.4
613.061	26958.4
611.84	26950.4
610.619	26782.8
609.398	26877.2
608.176	26897.9
606.954	27016.8
605.732	26728.6
604.509	26735.1
603.287	26759.9
602.064	26694.7
600.84	26791
599.617	26730
598.393	26822.2
597.169	26724.4
595.945	26832.9
594.72	26833.1
593.495	26884.4
592.27	26943.8
591.045	27088.8
589.819	27133.9
588.593	27248.2
587.367	27117.9
586.14	27389.1
584.913	27307.7
583.686	27434.2
582.459	27935.3
581.232	28084
580.004	27992.3
578.776	28385.1
577.547	28759.5
576.319	28812.2
575.09	29100.8
573.86	29007
572.631	29384.9
571.401	29238.2
570.171	29479.7
568.941	29164.4
567.71	29946.2
566.48	29596.4
565.249	29991.9
564.017	29946.8
562.786	29765.6
561.554	30091.9
560.322	29925
559.089	29614.1
557.856	29907.8
556.623	29045.5
555.39	29543.9
554.157	28971.9
552.923	29170.2
551.689	28896.4
550.454	28756.3
549.22	28662.9
547.985	28593.9
546.75	28456
545.514	28249.4
544.279	28396.9
543.043	28342.1
541.806	28058.9
540.57	27967.8
539.333	28153.6
538.096	28161.6
536.859	28034.1
535.621	28189.6
534.383	28195.5
533.145	27946.9
531.907	28039.7
530.668	27993.2
529.429	28160.5
528.19	27865.8
526.95	28075.5
525.711	27970.5
524.47	28383.7
523.23	28367.3
521.99	28373.1
520.749	28965.2
519.507	28854.1
518.266	28672.5
517.024	28283.7
515.782	28474.7
514.54	28208.8
513.298	28218.7
512.055	28459.9
510.812	28214.3
509.568	28252.3
508.325	28320.4
507.081	28414.6
505.837	28504.8
504.592	28249.4
503.347	28576.6
502.102	28626.5
500.857	28690.4
499.612	28553.6
498.366	32273.8
497.12	30390.8
495.873	29403.2
494.627	28572.5
493.38	28586.2
492.133	28620
490.885	28625.7
489.637	28787.7
488.389	28769.3
487.141	28748.9
485.892	28688.5
484.644	28912.4
483.394	28719.8
482.145	28787.5
480.895	28869.2
479.645	28754.8
478.395	28792.4
477.145	28734
475.894	29145.4
474.643	32254.3
473.391	30728.8
472.14	29265.9
470.888	29009.8
469.636	28819.7
468.383	29036.9
467.13	29088.3
465.877	28942.2
464.624	29049.5
463.371	28861.6
462.117	28984.8
460.863	28783
459.608	29147.3
458.353	29144.8
457.099	29096.5
455.843	29169.8
454.588	29019.9
453.332	29268.3
452.076	28997.1
450.82	29344.9
449.563	28936.5
448.306	29238.4
447.049	29019.1
445.791	29571.3
444.534	29350.1
443.276	29647.6
442.017	29478.1
440.759	29513.3
439.5	29361.8
438.241	29605.4
436.981	29450
435.722	29562.5
434.462	29788.1
433.201	29759.7
431.941	29929.6
430.68	29893.2
429.419	29983.7
428.157	29919.6
426.896	30025.9
425.634	30074.7
424.372	30161.1
423.109	29940.5
421.846	30090.2
420.583	30236
419.32	30207.5
418.056	30305.6
416.792	30478.9
415.528	30173.5
414.264	30455.4
412.999	30371.6
411.734	30481.4
410.469	30484.5
409.203	30335.5
407.937	30360.4
406.671	30776.1
405.405	30684.4
404.138	30742.7
402.871	30660.9
401.604	30514
400.336	30233.1
