2001.48	3680.92
2000.55	3619.22
1999.61	3538.03
1998.68	3596.33
1997.75	3421.34
1996.82	3522.53
1995.88	3712.14
1994.95	3874.87
1994.02	3643.69
1993.08	3487.61
1992.15	3267.32
1991.22	3317.55
1990.28	3405.23
1989.35	3399.21
1988.41	3460.09
1987.48	3365.76
1986.55	3490.82
1985.61	3495.48
1984.68	3398.53
1983.74	3443.3
1982.81	3522.81
1981.87	3495.39
1980.93	3264.93
1980	3274.97
1979.06	3469.28
1978.13	3479.28
1977.19	3523.98
1976.25	3352.45
1975.32	3458.54
1974.38	3521.89
1973.44	3318.46
1972.5	3672.52
1971.57	6471.63
1970.63	5734.54
1969.69	3744.97
1968.75	3602.99
1967.81	3541
1966.88	3455.05
1965.94	3688.74
1965	3578.84
1964.06	3586.12
1963.12	3497.57
1962.18	3566.07
1961.24	3528.12
1960.3	3471.55
1959.36	3619.81
1958.42	3693.55
1957.48	3570.52
1956.54	3654.87
1955.6	3558.48
1954.66	3632.17
1953.72	3533.16
1952.78	3638.7
1951.84	3497.24
1950.89	3610.71
1949.95	3689.63
1949.01	3580.09
1948.07	3576.73
1947.13	3583.98
1946.18	3806.06
1945.24	3558.69
1944.3	3560.64
1943.35	3525.47
1942.41	3580.43
1941.47	3513.48
1940.52	3642.59
1939.58	3657.76
1938.64	3651.74
1937.69	3571.59
1936.75	3586.76
1935.8	3612.52
1934.86	3614.45
1933.91	3478.81
1932.97	3671.2
1932.02	3733.94
1931.08	3566.63
1930.13	3645.23
1929.18	3430.43
1928.24	3564.51
1927.29	3598.15
1926.35	3689.88
1925.4	3945.3
1924.45	11400.6
1923.5	4466.4
1922.56	3776.69
1921.61	3638.73
1920.66	3751.44
1919.71	3571.34
1918.77	3823.79
1917.82	3707.03
1916.87	3582.39
1915.92	3681.83
1914.97	3657.39
1914.02	3677.74
1913.07	3716.52
1912.13	3494.57
1911.18	3796.66
1910.23	3535.3
1909.28	3684.61
1908.33	3657.57
1907.38	3775.23
1906.43	3742.92
1905.47	3544.94
1904.52	3617.85
1903.57	3659.19
1902.62	3816.16
1901.67	3670.88
1900.72	3578.2
1899.77	3787.62
1898.81	3603.04
1897.86	3807.12
1896.91	3864.11
1895.96	3587.77
1895.01	3781.23
1894.05	3806.71
1893.1	3598.74
1892.15	3857.65
1891.19	3644.5
1890.24	3793.2
1889.28	3734.79
1888.33	3891.27
1887.38	3673.04
1886.42	3766.61
1885.47	3755.38
1884.51	3576.59
1883.56	3785.3
1882.6	3891.86
1881.65	3563.99
1880.69	3683.63
1879.74	3860.76
1878.78	3781.54
1877.82	3678.81
1876.87	3889.82
1875.91	3760.98
1874.95	3990.19
1874	3691.56
1873.04	3748.29
1872.08	3734.48
1871.12	3778.13
1870.17	3800.87
1869.21	3758.35
1868.25	3642.79
1867.29	3892.52
1866.33	3823.92
1865.38	3838.81
1864.42	3806.76
1863.46	3753.86
1862.5	3677.53
1861.54	3872.23
1860.58	3900.12
1859.62	3857.66
1858.66	3643.35
1857.7	3858.73
1856.74	3852.75
1855.78	3771.3
1854.82	3864.23
1853.86	3863.46
1852.9	3753.44
1851.94	3869.72
1850.97	3913.15
1850.01	3821.38
1849.05	3836.21
1848.09	3921.2
1847.13	4006.15
1846.16	3685.86
1845.2	3905.87
1844.24	3847.96
1843.27	3779.7
1842.31	3823.07
1841.35	3856.04
1840.38	3831.92
1839.42	3924.53
1838.46	3731.84
1837.49	4062.98
1836.53	3904.04
1835.56	3669.99
1834.6	3943.94
1833.63	3873.2
1832.67	3761.04
1831.7	3949.34
1830.74	3883.82
1829.77	4069.43
1828.81	4019.44
1827.84	3855.62
1826.87	3795.34
1825.91	3985.99
1824.94	3848.13
1823.97	4043.87
1823.01	3849.18
1822.04	3980.22
1821.07	3912.24
1820.1	3774.53
1819.14	3993.33
1818.17	3969.29
1817.2	3854.89
1816.23	3918.66
1815.26	4049.5
1814.29	3984.18
1813.32	3864.71
1812.36	4036.75
1811.39	3917.32
1810.42	4011.93
1809.45	3825.52
1808.48	4072.18
1807.51	3890.99
1806.54	3915.97
1805.57	4013.07
1804.59	3873.2
1803.62	3882.72
1802.65	4036.4
1801.68	3989.26
1800.71	4001.33
1799.74	3964.51
1798.77	4105.19
1797.79	4158.37
1796.82	4208.96
1795.85	4095.01
1794.88	3978.53
1793.9	4041.98
1792.93	3994.92
1791.96	3983.85
1790.98	3854.65
1790.01	3966.84
1789.04	4066.16
1788.06	4101.28
1787.09	4036.31
1786.11	4135.55
1785.14	3867.97
1784.16	4003.11
1783.19	4079.22
1782.21	3963.05
1781.24	4141.66
1780.26	3999.89
1779.29	4093.88
1778.31	4046.96
1777.33	4102.48
1776.36	3996.68
1775.38	4082.92
1774.4	3982.28
1773.43	4204.1
1772.45	4226.28
1771.47	3931.29
1770.49	3943.29
1769.52	4008.97
1768.54	4110.41
1767.56	4145.37
1766.58	3970.78
1765.6	4008.3
1764.63	4132.65
1763.65	4177.79
1762.67	4179.5
1761.69	4163.35
1760.71	4040.01
1759.73	4187.19
1758.75	4094.51
1757.77	4154.9
1756.79	4011.26
1755.81	4239.92
1754.83	4086.12
1753.85	4120.98
1752.86	4166.01
1751.88	4297.65
1750.9	4115.95
1749.92	4163.5
1748.94	4277.23
1747.96	4105.83
1746.97	4097.37
1745.99	4091.45
1745.01	4217.83
1744.03	4120.33
1743.04	4373.79
1742.06	4202.57
1741.08	4163.6
1740.09	4470.26
1739.11	4182.25
1738.12	4194.11
1737.14	4315.17
1736.15	4192.42
1735.17	4275.35
1734.18	4112.04
1733.2	4217.8
1732.21	4123.07
1731.23	4185.66
1730.24	4164.53
1729.26	4222.01
1728.27	4282.01
1727.28	4326.77
1726.3	4133.3
1725.31	4231.28
1724.32	4088.57
1723.34	4229.57
1722.35	4190.74
1721.36	4124.07
1720.38	4305.48
1719.39	4140.12
1718.4	4308.81
1717.41	4257.35
1716.42	4317.19
1715.43	4364.36
1714.44	4312.92
1713.46	4339.85
1712.47	4146.92
1711.48	4315.36
1710.49	4309.44
1709.5	4396.96
1708.51	4320.33
1707.52	4352.27
1706.53	4220.15
1705.54	4024.99
1704.54	4435.42
1703.55	4346.24
1702.56	4418.5
1701.57	4220.93
1700.58	4310.83
1699.59	4299.88
1698.6	4339.33
1697.6	4255.32
1696.61	4435.82
1695.62	4575.95
1694.63	4348.42
1693.63	4314.81
1692.64	4238.44
1691.65	4524.45
1690.65	4282.01
1689.66	4263.54
1688.66	4403.51
1687.67	4349.82
1686.67	4449.49
1685.68	4425.97
1684.69	4359.74
1683.69	4318.67
1682.69	4224.86
1681.7	4578.09
1680.7	4572.15
1679.71	4307.64
1678.71	4422.22
1677.72	4519.19
1676.72	4488.17
1675.72	4404.49
1674.73	4456.26
1673.73	4435.3
1672.73	4444.43
1671.73	4333.26
1670.74	4347.42
1669.74	4426.7
1668.74	4543.53
1667.74	4417.4
1666.74	4351.41
1665.74	4408.1
1664.74	4447.25
1663.75	4473.88
1662.75	4605.56
1661.75	4499.58
1660.75	4376.13
1659.75	4507.76
1658.75	4429.35
1657.75	4480.94
1656.75	4614.96
1655.75	4516.59
1654.74	4520.67
1653.74	4484.8
1652.74	4553.8
1651.74	4682.67
1650.74	4417.19
1649.74	4403.82
1648.73	4500.21
1647.73	4389.56
1646.73	4550.75
1645.73	4671.99
1644.72	4643.63
1643.72	4572.91
1642.72	4576.96
1641.71	4660.73
1640.71	4331.03
1639.71	4534.34
1638.7	4580.72
1637.7	4447.87
1636.69	4514.16
1635.69	4796.88
1634.68	4534.72
1633.68	4702.91
1632.67	4811.36
1631.67	4643.83
1630.66	4632.94
1629.65	4773.64
1628.65	4534.17
1627.64	4714.58
1626.64	4626.7
1625.63	4655.55
1624.62	4840.79
1623.61	4693.37
1622.61	4595.64
1621.6	4629.44
1620.59	4742.6
1619.58	4602.76
1618.57	4676.21
1617.57	4670.3
1616.56	4634.66
1615.55	4772.48
1614.54	4731.87
1613.53	4852.28
1612.52	4732.42
1611.51	4642.33
1610.5	4824.56
1609.49	4771.61
1608.48	4805.28
1607.47	4841.41
1606.46	4778.59
1605.45	4750.42
1604.44	4727.2
1603.43	4689.16
1602.41	4893.33
1601.4	4605.72
1600.39	4849.35
1599.38	4685.35
1598.37	4822.68
1597.35	4727.88
1596.34	4899.71
1595.33	4782.72
1594.31	4826.16
1593.3	4682.1
1592.29	4530.7
1591.27	4658
1590.26	4785.25
1589.24	4803.99
1588.23	4931.16
1587.22	4779.86
1586.2	4877.42
1585.19	4908.45
1584.17	4801.57
1583.15	4704.58
1582.14	4917.75
1581.12	4906.91
1580.11	4871.46
1579.09	4777
1578.07	4633.38
1577.06	4984.05
1576.04	4931.41
1575.02	4795.23
1574.01	4885.17
1572.99	4879.26
1571.97	4939.67
1570.95	5024.62
1569.93	4886.1
1568.92	4752.54
1567.9	4857.11
1566.88	4924.82
1565.86	4867.39
1564.84	4763.38
1563.82	4764.86
1562.8	4834.99
1561.78	4858.52
1560.76	4911.44
1559.74	4741.37
1558.72	4938.84
1557.7	4761.48
1556.68	4890.29
1555.66	4835.43
1554.64	4787.94
1553.61	4767.38
1552.59	4847.15
1551.57	4814.36
1550.55	4825.61
1549.53	4819.73
1548.5	4862.75
1547.48	4795.76
1546.46	4631.05
1545.44	4769.37
1544.41	4849.01
1543.39	4955.48
1542.36	4820.17
1541.34	4846.04
1540.32	4952.44
1539.29	4992.92
1538.27	4833.31
1537.24	5003.07
1536.22	5087.41
1535.19	4876.67
1534.17	4890.3
1533.14	5076.98
1532.11	4915.11
1531.09	4960.39
1530.06	4976.43
1529.04	4985.15
1528.01	5032.83
1526.98	5117
1525.95	5045.37
1524.93	4925.11
1523.9	4885.17
1522.87	5030.11
1521.84	4963.42
1520.82	5054.8
1519.79	4922.5
1518.76	4972.53
1517.73	5119.73
1516.7	5084.67
1515.67	5350.81
1514.64	5133.59
1513.61	5086.41
1512.58	5250.43
1511.55	5314.88
1510.52	5226.44
1509.49	5155.02
1508.46	5061.79
1507.43	4956.49
1506.4	5185.79
1505.37	5145.94
1504.34	5014.03
1503.3	5017.84
1502.27	5135.51
1501.24	5049.69
1500.21	5026.87
1499.17	5260.66
1498.14	5114.36
1497.11	5144.77
1496.07	5039.68
1495.04	5118.47
1494.01	5156.12
1492.97	5014.82
1491.94	5137.08
1490.91	4894.33
1489.87	5028.65
1488.84	5182.24
1487.8	5009.67
1486.77	5177.69
1485.73	5193.53
1484.69	5173.16
1483.66	5138.3
1482.62	5146.9
1481.59	5143.43
1480.55	5062.78
1479.51	5392.12
1478.48	5149.91
1477.44	5194.65
1476.4	5147.79
1475.36	5264.8
1474.33	5191.45
1473.29	5330.08
1472.25	5309.72
1471.21	5373.63
1470.17	5187.19
1469.13	5243.88
1468.1	5257.24
1467.06	5164.74
1466.02	5295.96
1464.98	5359.8
1463.94	5236.09
1462.9	5412.87
1461.86	5188.27
1460.82	5530.78
1459.78	5347.08
1458.73	5329.17
1457.69	5390.5
1456.65	5166.14
1455.61	5383.49
1454.57	5420.77
1453.53	5290.1
1452.48	5497.7
1451.44	5458.19
1450.4	5373.15
1449.36	5302.53
1448.31	5205.57
1447.27	5271.59
1446.23	5296.86
1445.18	5693.37
1444.14	5462.31
1443.09	5394.15
1442.05	5354.74
1441.01	5403.89
1439.96	5481.74
1438.92	5272.48
1437.87	5388.59
1436.82	5342.05
1435.78	5422.23
1434.73	5480.87
1433.69	5412.83
1432.64	5371.1
1431.59	5303.1
1430.55	5306.79
1429.5	5389.27
1428.45	5455
1427.41	5198.49
1426.36	5247.53
1425.31	5215.43
1424.26	5338.39
1423.21	5179.89
1422.17	5224.13
1421.12	5420.91
1420.07	5386.42
1419.02	5263.79
1417.97	5241.26
1416.92	5342.6
1415.87	5215.28
1414.82	5361.82
1413.77	5317.87
1412.72	5226.33
1411.67	5332.33
1410.62	5355.02
1409.57	5220.72
1408.51	5362.32
1407.46	5311.28
1406.41	5305.43
1405.36	5228.29
1404.31	5234.34
1403.25	5456.56
1402.2	5460.18
1401.15	5444.8
1400.1	5514.9
1399.04	5397.46
1397.99	5479.4
1396.94	5290.83
1395.88	5168.76
1394.83	5179.55
1393.77	5444.05
1392.72	5457.14
1391.66	5392.02
1390.61	5251.1
1389.55	5114.97
1388.5	5296.3
1387.44	5240.74
1386.39	5445.64
1385.33	5442.15
1384.27	5469.42
1383.22	5371.28
1382.16	5209.3
1381.1	5565.37
1380.05	8380.61
1378.99	6877.59
1377.93	5483.91
1376.87	5428.42
1375.82	5432.02
1374.76	5525.39
1373.7	5342.39
1372.64	5376.7
1371.58	5222.13
1370.52	5147.88
1369.46	5446.52
1368.4	5159.91
1367.34	5272.06
1366.28	5332.29
1365.22	5373.63
1364.16	5480.95
1363.1	5284.2
1362.04	5339.65
1360.98	5373.89
1359.92	5478.77
1358.86	5418.76
1357.8	5507.11
1356.73	5498.9
1355.67	5325.96
1354.61	5376.62
1353.55	5462.55
1352.48	5466.12
1351.42	5519.07
1350.36	5449.75
1349.29	5540.29
1348.23	5522.69
1347.16	5495.7
1346.1	5520.4
1345.04	5606.15
1343.97	5602.64
1342.91	5739.99
1341.84	5797.48
1340.78	5547.53
1339.71	5626.15
1338.64	5472.51
1337.58	5581.6
1336.51	5620.3
1335.45	5705.87
1334.38	5475
1333.31	5319.2
1332.25	5514.89
1331.18	5485.64
1330.11	5440.01
1329.04	5551.26
1327.97	5632.03
1326.91	5541.93
1325.84	5561.84
1324.77	5661.28
1323.7	5505.73
1322.63	5600.46
1321.56	5529.16
1320.49	5593.46
1319.42	5737.19
1318.35	5644.87
1317.28	5625.01
1316.21	5563.12
1315.14	5585.31
1314.07	5500.11
1313	5704.36
1311.93	5635.5
1310.86	5555
1309.78	5850.09
1308.71	5881.52
1307.64	5686.77
1306.57	5741.53
1305.5	5717.03
1304.42	5652.93
1303.35	5558.57
1302.28	5571.39
1301.2	5661.04
1300.13	5808.87
1299.05	5609.81
1297.98	5638.89
1296.91	5609.8
1295.83	5450.44
1294.76	5609.79
1293.68	5459.8
1292.61	5565.6
1291.53	5657.42
1290.45	5542.37
1289.38	5557.48
1288.3	5554
1287.23	5541.23
1286.15	5665.46
1285.07	5701.42
1284	5533.12
1282.92	5446.11
1281.84	5433.38
1280.76	5543.58
1279.68	5477.49
1278.61	5659.51
1277.53	5767.28
1276.45	5571.4
1275.37	5602.68
1274.29	5596.88
1273.21	5484.54
1272.13	5474.13
1271.05	5354.92
1269.97	5543.6
1268.89	5371.2
1267.81	5594.5
1266.73	5535.51
1265.65	5423.34
1264.57	5477.7
1263.49	5652.25
1262.4	5542.44
1261.32	5559.77
1260.24	5699.54
1259.16	5677.56
1258.08	5653.28
1256.99	5437.38
1255.91	5669.39
1254.83	5532.04
1253.74	5491.65
1252.66	5476.67
1251.58	5639.28
1250.49	5469.76
1249.41	5406.37
1248.32	5651.88
1247.24	5556.21
1246.15	5654.13
1245.07	5678.28
1243.98	5612.61
1242.9	5581.5
1241.81	5589.54
1240.72	5645.92
1239.64	5591.81
1238.55	5597.54
1237.46	5419.25
1236.38	5586
1235.29	5607.82
1234.2	5558.38
1233.11	5621.57
1232.03	5608.9
1230.94	5603.13
1229.85	5606.55
1228.76	5773.01
1227.67	5505.48
1226.58	5456.13
1225.49	5712.01
1224.4	5724.59
1223.31	5705.04
1222.22	5559.35
1221.13	5659.08
1220.04	5696.87
1218.95	5537.52
1217.86	5756.35
1216.77	5688.71
1215.68	5786.01
1214.59	5709.22
1213.5	5582.1
1212.4	5823.58
1211.31	5774.29
1210.22	5727.32
1209.13	5604.87
1208.03	5743.22
1206.94	5632.25
1205.85	5685.94
1204.75	5639.03
1203.66	5868.66
1202.56	5600.11
1201.47	5626.35
1200.38	5602.33
1199.28	5815.79
1198.19	5773.48
1197.09	5667.27
1195.99	5695.75
1194.9	5790.38
1193.8	5677.39
1192.71	5817.59
1191.61	5766.21
1190.51	5682.94
1189.42	5900.54
1188.32	5714.73
1187.22	5822.88
1186.12	5835.32
1185.03	5733.9
1183.93	5857.92
1182.83	5870.34
1181.73	5723.46
1180.63	5683.58
1179.53	5705.14
1178.43	5979.13
1177.33	5807.33
1176.24	5712.91
1175.14	5761.71
1174.03	5774.13
1172.93	5759.29
1171.83	5542.29
1170.73	5582
1169.63	5732.95
1168.53	5829.36
1167.43	5746.43
1166.33	5772.45
1165.23	5932.3
1164.12	5747.34
1163.02	5814.16
1161.92	5765.33
1160.81	5943.18
1159.71	5810.49
1158.61	5840.99
1157.5	5717.44
1156.4	5847.59
1155.3	5728.61
1154.19	5734.2
1153.09	5712.62
1151.98	5942.23
1150.88	5771.3
1149.77	5869.61
1148.67	5649.02
1147.56	5781.22
1146.46	5752.88
1145.35	5729.07
1144.24	5901.84
1143.14	7755.27
1142.03	6281.05
1140.92	5952.31
1139.81	5842.69
1138.71	5875.31
1137.6	6000.45
1136.49	5798.38
1135.38	6164.84
1134.27	5886.15
1133.17	5975.1
1132.06	5937.77
1130.95	5884.68
1129.84	6232.71
1128.73	5952.04
1127.62	6045.38
1126.51	5942.77
1125.4	5725.38
1124.29	5892.99
1123.18	5833.24
1122.07	5863.51
1120.95	6033.23
1119.84	6027.46
1118.73	5992.46
1117.62	6011.43
1116.51	5947.23
1115.39	5986.42
1114.28	5812.16
1113.17	5954.69
1112.05	6034.28
1110.94	5961.16
1109.83	5939.7
1108.71	5846.43
1107.6	5831.73
1106.48	5877.61
1105.37	5912.25
1104.26	5973.79
1103.14	6039.79
1102.02	6054.2
1100.91	5940.87
1099.79	6002.35
1098.68	6027.96
1097.56	5863.2
1096.44	5991.83
1095.33	5990.56
1094.21	5915.43
1093.09	5856
1091.98	5906.22
1090.86	6025.75
1089.74	6051.32
1088.62	5936.01
1087.5	5836.4
1086.39	6132.4
1085.27	6019.38
1084.15	6022.58
1083.03	6229.01
1081.91	6165.17
1080.79	6054.47
1079.67	5917.04
1078.55	6018.44
1077.43	6097.48
1076.31	6109.57
1075.19	5985.62
1074.06	5913.01
1072.94	6034.36
1071.82	6157.89
1070.7	6060.77
1069.58	6115.18
1068.45	6142.84
1067.33	6007.93
1066.21	6100.16
1065.09	6223.52
1063.96	6186.59
1062.84	6236.46
1061.72	6310.77
1060.59	6084.81
1059.47	5925.65
1058.34	6133.36
1057.22	9377
1056.09	6510.73
1054.97	6096.13
1053.84	6270.31
1052.72	6215.68
1051.59	6223.25
1050.46	6219.71
1049.34	6049.72
1048.21	6119.44
1047.08	6198
1045.96	6176.72
1044.83	6044.59
1043.7	6207.36
1042.57	6015.42
1041.44	6133.81
1040.32	6059.4
1039.19	6071.4
1038.06	6109.97
1036.93	6223.81
1035.8	6151.65
1034.67	5953.37
1033.54	6047.25
1032.41	6304.8
1031.28	6161.91
1030.15	6286.64
1029.02	6137.18
1027.89	6071.78
1026.76	6298.1
1025.62	6071.41
1024.49	6120.92
1023.36	6172.62
1022.23	6135.98
1021.1	6273.75
1019.96	6301.11
1018.83	6156.34
1017.7	6280.78
1016.56	6166.96
1015.43	6262.67
1014.3	6166.54
1013.16	6140.98
1012.03	6119.84
1010.89	6094.3
1009.76	6348.53
1008.62	6333.97
1007.49	6290.78
1006.35	6370.9
1005.22	6343.13
1004.08	6249.36
1002.94	6274.43
1001.81	6286.29
1000.67	6434.49
999.533	6331.98
998.396	6181.16
997.258	6375.44
996.12	6391.66
994.982	6471.57
993.844	6252.76
992.706	6334.87
991.567	6392.8
990.428	6191.7
989.288	6501.99
988.149	6377.74
987.009	6398.32
985.869	6528.53
984.729	6485.48
983.588	6549.86
982.448	6432.31
981.307	6433.13
980.166	6403.28
979.024	6478.57
977.882	6507.84
976.74	6322.56
975.598	6382.5
974.456	6400.83
973.313	6497.92
972.17	6374.04
971.027	6562.94
969.884	6366.94
968.74	6424.61
967.596	6414.49
966.452	6631.63
965.308	6396.46
964.163	6414.75
963.018	6347.87
961.873	6298.49
960.728	6412.83
959.582	6474.74
958.436	6495.18
957.29	6491.61
956.144	6612.35
954.997	6495.38
953.85	6555.03
952.703	6680.03
951.556	6367.01
950.408	6594.39
949.261	6373
948.113	6393.41
946.964	6577.1
945.816	6447.27
944.667	6537.3
943.518	6738.24
942.369	6464.89
941.219	6417.84
940.069	6455.6
938.919	6480.31
937.769	6507.18
936.618	6431.9
935.468	6526.12
934.317	6383.54
933.165	6369.14
932.014	6471.99
930.862	6646.43
929.71	6427.99
928.558	6485.19
927.405	6451.27
926.253	6527.96
925.1	6459.35
923.947	6590.2
922.793	6558.45
921.639	6466.03
920.485	6479.81
919.331	6513.08
918.177	6580.98
917.022	6475.65
915.867	6582.49
914.712	6440.41
913.556	6596.98
912.401	6580.42
911.245	6555.22
910.088	6555.98
908.932	6351.36
907.775	6449.42
906.618	6631.71
905.461	6740.47
904.304	6637.51
903.146	6711.67
901.988	6677.84
900.83	6715.26
899.672	6897.26
898.513	6598.03
897.354	6741.14
896.195	6726.75
895.035	6839.59
893.876	6704.47
892.716	6985.37
891.556	6615.39
890.395	6749.7
889.234	6752.56
888.074	6792.02
886.912	6814.25
885.751	6765.43
884.589	6731.69
883.427	6766.83
882.265	6795.49
881.103	6647.78
879.94	6654.95
878.777	6726.62
877.614	6703.68
876.451	6633.47
875.287	6625.6
874.123	6634.92
872.959	6708.65
871.794	6679.3
870.63	6690.74
869.465	6605.61
868.3	6619.21
867.134	6598.48
865.969	6691.42
864.803	6638.52
863.637	6857.9
862.47	6464.2
861.303	6557.1
860.136	6517.12
858.969	6607.82
857.802	6557.15
856.634	6497.93
855.466	6597.13
854.298	6482.29
853.13	6741.93
851.961	6642.08
850.792	6520.88
849.623	6735.44
848.453	6607.86
847.284	6456.82
846.114	6750.32
844.944	6496.77
843.773	6864.88
842.602	6581.52
841.431	6558.75
840.26	6437.81
839.089	6664.77
837.917	6627.06
836.745	6495.51
835.573	6609.27
834.4	6718.72
833.228	6610.69
832.055	6455.8
830.881	6477.85
829.708	6700.15
828.534	6632.67
827.36	6644.02
826.186	6487.17
825.012	6511.31
823.837	6550.34
822.662	6576.59
821.487	6536.88
820.311	6461.03
819.135	6544.69
817.959	6426.36
816.783	9846.8
815.606	6869.81
814.43	6562.41
813.253	6558.87
812.075	6531.97
810.898	6528.43
809.72	6541.88
808.542	6468.32
807.364	6725.77
806.185	6471.89
805.006	6457.76
803.827	6628.11
802.648	6444.37
801.468	6724.86
800.289	6473.37
799.108	6431.72
797.928	6551.06
796.747	6539.05
795.567	6465.66
794.386	6366.89
793.204	6321.08
792.023	6571.48
790.841	6586.98
789.659	6272.56
788.476	6552.42
787.293	6434.74
786.111	6587.63
784.927	6474.21
783.744	6491.82
782.56	6416.5
781.376	6472.12
780.192	6614.28
779.008	6524.2
777.823	6632.52
776.638	6517.15
775.453	6458.79
774.267	6556.51
773.082	6443.34
771.896	6606.37
770.71	6516.42
769.523	6668.82
768.336	6448.29
767.149	6554.31
765.962	6531.83
764.775	6509.36
763.587	6444.81
762.399	6502.33
761.21	6707.1
760.022	6562.62
758.833	6439.22
757.644	6467.26
756.455	6585.68
755.265	6664.11
754.075	6521.89
752.885	6572.99
751.695	6651.37
750.504	6616.33
749.313	6726.16
748.122	6775.07
746.931	6620.42
745.739	6681.92
744.547	6743.4
743.355	6643.37
742.163	6736.28
740.97	6753.68
739.777	6833.94
738.584	6765.41
737.39	6904.29
736.197	6906.98
735.003	7075.08
733.808	7134.25
732.614	7172.47
731.419	7110.23
730.224	6968.52
729.029	6948.18
727.833	6804.47
726.638	6692.19
725.441	6776.44
724.245	6827.21
723.049	6936.45
721.852	6667.58
720.655	6797.69
719.457	6652.15
718.26	6621.48
717.062	6805.78
715.864	6802.22
714.665	6742.32
713.467	6795.09
712.268	6747.73
711.069	6635.77
709.869	6773.98
708.669	6785.01
707.469	6781.45
706.269	6704.98
705.069	6628.55
703.868	6739.54
702.667	6731.83
701.466	6665.85
700.264	6666.48
699.062	6756.56
697.86	6773.8
696.658	6662.12
695.455	6787.48
694.253	6821.34
693.049	6759.59
691.846	6645.93
690.642	6698.49
689.439	6912.99
688.234	6662.35
687.03	6818.65
685.825	6765.28
684.62	6803.23
683.415	6857.75
682.21	6709.01
681.004	6674.37
679.798	6815.95
678.592	6928.46
677.385	6628.57
676.178	6852.93
674.971	6749.95
673.764	6938.98
672.556	6877.43
671.349	6797.27
670.14	6799.93
668.932	6651.55
667.724	7005.88
666.515	6931.97
665.305	6990.41
664.096	7017.83
662.886	7026.63
661.676	7091.21
660.466	6947.12
659.256	7081.92
658.045	7103.08
656.834	7093.27
655.623	6957.57
654.411	7005.57
653.199	7187.65
651.987	6988.07
650.775	7027.79
649.562	7104.6
648.35	7090.68
647.136	7076.76
645.923	7116.42
644.709	7071.61
643.495	7039.17
642.281	6994.39
641.067	7079.32
639.852	7164.21
638.637	7055.65
637.422	6932.73
636.206	7132.77
634.991	6942.03
633.774	7115.26
632.558	6988.33
631.342	7085.43
630.125	7046.9
628.908	6985.79
627.69	6932.92
626.473	6956.04
625.255	7090
624.036	6922.21
622.818	7185.38
621.599	7050.47
620.38	7007.91
619.161	7041.23
617.942	7013.04
616.722	6904.92
615.502	6997.67
614.281	6846.58
613.061	7127.74
611.84	6872.25
610.619	6864.6
609.398	7022.75
608.176	7086.7
606.954	7081.05
605.732	7048.82
604.509	7137.25
603.287	6996.66
602.064	6948.11
600.84	6915.93
599.617	7084
598.393	7129.43
597.169	6962.43
595.945	6891.48
594.72	6975.71
593.495	7019.08
592.27	7095.08
591.045	7091.49
589.819	7089.93
588.593	7118.96
587.367	7215.26
586.14	6973.15
584.913	6973.66
583.686	6990.46
582.459	6958.37
581.232	7136.06
580.004	7423.62
578.776	7354.81
577.547	7214.8
576.319	7288.5
575.09	7252.32
573.86	7303.61
572.631	7295.9
571.401	7247.54
570.171	7333.34
568.941	7402.85
567.71	7321.99
566.48	7281.79
565.249	7184.74
564.017	7335.43
562.786	7301.34
561.554	7295.68
560.322	7344.8
559.089	7460.83
557.856	7270.58
556.623	7333.87
555.39	7228.87
554.157	7298.21
552.923	7347.26
551.689	7463.14
550.454	7327.82
549.22	7504.41
547.985	7468.34
546.75	7685.29
545.514	7588.49
544.279	7418.89
543.043	7479.96
541.806	7447.98
540.57	7511.04
539.333	7458.85
538.096	7475.4
536.859	7619.22
535.621	7510.48
534.383	7462.38
533.145	7525.34
531.907	7529.74
530.668	7429.19
529.429	7480.01
528.19	7492.48
526.95	7476.71
525.711	7594.03
524.47	7820.17
523.23	8050.24
521.99	8235.87
520.749	8747.8
519.507	8514.23
518.266	8321.04
517.024	8125.92
515.782	7997.31
514.54	7822.48
513.298	7758.38
512.055	7690.28
510.812	7710.71
509.568	7729.11
508.325	7683.18
507.081	7848.29
505.837	7788.29
504.592	7774.52
503.347	7668.36
502.102	7722.89
500.857	7526.45
499.612	7649.23
498.366	7743.86
497.12	7694
495.873	7620.09
494.627	7756.77
493.38	7714.96
492.133	7619.04
490.885	7705.53
489.637	7695.82
488.389	7523.85
487.141	7598.29
485.892	7804.84
484.644	7701.02
483.394	7815.4
482.145	7783.65
480.895	7935.97
479.645	7796.21
478.395	7740.49
477.145	7694.8
475.894	7783.04
474.643	7743.35
473.391	7855.51
472.14	7829.8
470.888	7808.1
469.636	7766.44
468.383	7796.66
467.13	7806.9
465.877	7767.27
464.624	7841.35
463.371	7707.98
462.117	7845.85
460.863	7758.39
459.608	7635.1
458.353	7870.52
457.099	7984.32
455.843	7679.82
454.588	7857.32
453.332	7863.54
452.076	7710.53
450.82	7923.73
449.563	7822.5
448.306	7952.04
447.049	7838.92
445.791	8063.83
444.534	8040.17
443.276	7674.72
442.017	7824.02
440.759	7925.57
439.5	8068.78
438.241	7800.94
436.981	8041.38
435.722	7876.86
434.462	8093.37
433.201	8034.04
431.941	7986.64
430.68	7961.08
429.419	8117.9
428.157	8046.73
426.896	8128.16
425.634	8132.3
424.372	8128.51
423.109	8089.08
421.846	8162.52
420.583	8168.62
419.32	8099.52
418.056	8163.01
416.792	8125.59
415.528	8052.59
414.264	8141.75
412.999	8137.96
411.734	8151.96
410.469	8162
409.203	8053.52
407.937	8298.59
406.671	8038.09
405.405	8336.35
404.138	8233.85
402.871	8247.8
401.604	8149.3
400.336	8127.76
