2075.21	2080.6
2073.56	2120.03
2071.91	2052.78
2070.26	2049.22
2068.61	2129.01
2066.96	2113.31
2065.31	2047.65
2063.66	2056.21
2062.01	2034.49
2060.35	2124.78
2058.7	2112.14
2057.05	2066.22
2055.4	2108.04
2053.74	2018.31
2052.09	2100.93
2050.43	2098.89
2048.78	2098.36
2047.12	2070.65
2045.47	2017.28
2043.81	2087.72
2042.15	2078.15
2040.5	2035.38
2038.84	2080.12
2037.18	2061.51
2035.52	2088.13
2033.87	2117.76
2032.21	1989.15
2030.55	2029.33
2028.89	2046.9
2027.23	1993.69
2025.57	1975.14
2023.91	2119.14
2022.24	2008.77
2020.58	2009.78
2018.92	2036.36
2017.26	2020.83
2015.59	2015.82
2013.93	1994.29
2012.27	2083.95
2010.6	2066.92
2008.94	1983.82
2007.27	2052.4
2005.61	2066.91
2003.94	2051.41
2002.27	1957.89
2000.61	2023.42
1998.94	2076.91
1997.27	2023.94
1995.61	2041.44
1993.94	2022.96
1992.27	1977.53
1990.6	2075.91
1988.93	1997.55
1987.26	1989.59
1985.59	1992.11
1983.92	2075.43
1982.25	2012.1
1980.58	1996.66
1978.9	1987.22
1977.23	2004.69
1975.56	2011.68
1973.89	2175.57
1972.21	2007.74
1970.54	1983.37
1968.86	1988.88
1967.19	2027.22
1965.51	1978.99
1963.84	2068.05
1962.16	2015.35
1960.49	2001.45
1958.81	1965.2
1957.13	1972.19
1955.46	1916.59
1953.78	2030.87
1952.1	1996.14
1950.42	1942.06
1948.74	1890.98
1947.06	1941.16
1945.38	1963.03
1943.7	1959.6
1942.02	2033.52
1940.34	1900.69
1938.66	1973.11
1936.98	1942.92
1935.3	1988.55
1933.61	1977.69
1931.93	1981.69
1930.25	1944.1
1928.56	2006.02
1926.88	1925.4
1925.19	1938.32
1923.51	1948.26
1921.82	1959.68
1920.14	1956.27
1918.45	1960.27
1916.77	1878.29
1915.08	1908.99
1913.39	1938.19
1911.71	1930.34
1910.02	1937.31
1908.33	1883.56
1906.64	1894.98
1904.95	1910.83
1903.26	1971.07
1901.57	1905.53
1899.88	1868.12
1898.19	1950.52
1896.5	1966.34
1894.81	1865.39
1893.12	1881.22
1891.43	1823.18
1889.73	1943.9
1888.04	1905.06
1886.35	1864.77
1884.65	1876.17
1882.96	1959.87
1881.26	1856.15
1879.57	1901.46
1877.87	1914.31
1876.18	1888.82
1874.48	1916.41
1872.79	1873.25
1871.09	1896.41
1869.39	1865.05
1867.7	1902.93
1866	1917.24
1864.3	1909.45
1862.6	1891.37
1860.9	1854.16
1859.2	1896.42
1857.5	1815.1
1855.8	1947.05
1854.1	1912.81
1852.4	1860.94
1850.7	1879.64
1849	1871.88
1847.3	1919.95
1845.6	1874
1843.89	1913.23
1842.19	1865.84
1840.49	1836.08
1838.78	1844.48
1837.08	1829.41
1835.37	1962.48
1833.67	1847.68
1831.96	1930.84
1830.26	1933.36
1828.55	1798.11
1826.85	1834.35
1825.14	1867.65
1823.43	1906.78
1821.73	1899.05
1820.02	1818.13
1818.31	1866.03
1816.6	1890.5
1814.89	1865.22
1813.18	1762.44
1811.47	1877.58
1809.76	1872.79
1808.05	1827.08
1806.34	1816.45
1804.63	1835.06
1802.92	1811.29
1801.21	1818.21
1799.5	1768.17
1797.78	1807.21
1796.07	1787.85
1794.36	1851.67
1792.64	1772.49
1790.93	1811.5
1789.21	1816.94
1787.5	1839.88
1785.78	1830.74
1784.07	1791.01
1782.35	1799.37
1780.64	1836.86
1778.92	1833.55
1777.2	1841.9
1775.49	1809.48
1773.77	1787.27
1772.05	1840.73
1770.33	1805.42
1768.61	1758.49
1766.89	1763.94
1765.17	1794.1
1763.45	1802.44
1761.73	1800.6
1760.01	1822.02
1758.29	1794.03
1756.57	1866.27
1754.85	1806.34
1753.13	1819.03
1751.4	1844.77
1749.68	1800.85
1747.96	1817.88
1746.24	1775.43
1744.51	1850.47
1742.79	1832.68
1741.06	1816.35
1739.34	1779.74
1737.61	1754.73
1735.89	1886.19
1734.16	1811.93
1732.43	1775.35
1730.71	1879.22
1728.98	1835.4
1727.25	1777.13
1725.52	1851.99
1723.8	1854.5
1722.07	1809.28
1720.34	1785.76
1718.61	1827.31
1716.88	1789.35
1715.15	1846.78
1713.42	1873.85
1711.69	1840.23
1709.96	1870.18
1708.23	1849.57
1706.49	1794.33
1704.76	1830.04
1703.03	1872.95
1701.3	1859.58
1699.56	1888.04
1697.83	1841.5
1696.1	1845.44
1694.36	1801.81
1692.63	1827.38
1690.89	1821.24
1689.16	1858.31
1687.42	1819.04
1685.68	1833.06
1683.95	1812.53
1682.21	1779.05
1680.47	1768.61
1678.74	1847.37
1677	1798.08
1675.26	1822.16
1673.52	1857.73
1671.78	1763.9
1670.04	1856.96
1668.3	1794.79
1666.56	1808.78
1664.82	1898.9
1663.08	1833.88
1661.34	1844.99
1659.6	1818.77
1657.86	1878.67
1656.11	1871.11
1654.37	1857.81
1652.63	1876.08
1650.89	1878.56
1649.14	1898.24
1647.4	1926.52
1645.65	1994.91
1643.91	1915.7
1642.16	2055.69
1640.42	1969.33
1638.67	1960.34
1636.93	1965.66
1635.18	1869.35
1633.43	1917.62
1631.68	1895.77
1629.94	1961.18
1628.19	1892.13
1626.44	1860.28
1624.69	1891.35
1622.94	1898.11
1621.19	2007.75
1619.44	2030.2
1617.69	1921.22
1615.94	1965.1
1614.19	1974.69
1612.44	1968.57
1610.69	1985.3
1608.94	1927.81
1607.18	1960.23
1605.43	1995.48
1603.68	2069.23
1601.93	1976.13
1600.17	2021.34
1598.42	1985.3
1596.66	2007.69
1594.91	2041.47
1593.15	2036.77
1591.4	1913.89
1589.64	2007.46
1587.89	1870.4
1586.13	2029.41
1584.37	1992
1582.61	2035.69
1580.86	1938.56
1579.1	1936.74
1577.34	1990.37
1575.58	1981.43
1573.82	1966.81
1572.06	1967.83
1570.3	1977.37
1568.54	2015.31
1566.78	2071.7
1565.02	2074.11
1563.26	2050.98
1561.5	1983.86
1559.74	1960.75
1557.97	1978.79
1556.21	1954.27
1554.45	1955.29
1552.68	1918.03
1550.92	1971.5
1549.16	1955.51
1547.39	1956.52
1545.63	1934.87
1543.86	1887.74
1542.09	1936.91
1540.33	1919.53
1538.56	1977.16
1536.8	1915.91
1535.03	1912.69
1533.26	2001.41
1531.49	1991.1
1529.72	1935.55
1527.96	1905.47
1526.19	1916.38
1524.42	1944.25
1522.65	1946.67
1520.88	1929.33
1519.11	1878.09
1517.34	1925.71
1515.57	1986.01
1513.79	2016.65
1512.02	2002.13
1510.25	1981.97
1508.48	1982.97
1506.7	2051.66
1504.93	1956.78
1503.16	1949.33
1501.38	1933.43
1499.61	1886.54
1497.83	1907.28
1496.06	1888.58
1494.28	1872.7
1492.51	1813.19
1490.73	1762.15
1488.95	1739.27
1487.18	1757.2
1485.4	1810.29
1483.62	1787.42
1481.84	1805.33
1480.07	1800.74
1478.29	1822.86
1476.51	1830.91
1474.73	1819.3
1472.95	1783.81
1471.17	1770.8
1469.39	1792.9
1467.61	1866.93
1465.83	1880.58
1464.04	1868.96
1462.26	1815.27
1460.48	1796.66
1458.7	1813.12
1456.91	1840.78
1455.13	1837.6
1453.35	1769.95
1451.56	1828.43
1449.78	1805.64
1447.99	1813.67
1446.21	1813.3
1444.42	1829.72
1442.63	1798.55
1440.85	1802.38
1439.06	1776.82
1437.27	1807.23
1435.49	1875.38
1433.7	1802.29
1431.91	1832.67
1430.12	1816.91
1428.33	1841.69
1426.54	1841.31
1424.75	1789.25
1422.96	1766.53
1421.17	1757.79
1419.38	1765.8
1417.59	1752.87
1415.8	1716.23
1414.01	1761.91
1412.21	1739.23
1410.42	1775.12
1408.63	1713.41
1406.83	1715.84
1405.04	1673.68
1403.24	1687.26
1401.45	1737.06
1399.66	1725.56
1397.86	1773.93
1396.06	1761.03
1394.27	1724.48
1392.47	1742.21
1390.67	1741.85
1388.88	1756.79
1387.08	1749.47
1385.28	1661.51
1383.48	1722.32
1381.68	1749.76
1379.88	1728.55
1378.09	1796.26
1376.29	1759.78
1374.48	1745.52
1372.68	1688.23
1370.88	1778.11
1369.08	1766.63
1367.28	1784.3
1365.48	1785.31
1363.67	1793.26
1361.87	1745.74
1360.07	1838.26
1358.26	1858.66
1356.46	1843.03
1354.66	1856.5
1352.85	1832.56
1351.05	1832.17
1349.24	1855.33
1347.43	1785.72
1345.63	1746.6
1343.82	1796.04
1342.01	1857.92
1340.21	1867.21
1338.4	1821.18
1336.59	1869.19
1334.78	1925.47
1332.97	1920.91
1331.16	1948.14
1329.35	1947.73
1327.54	2039.85
1325.73	2006.28
1323.92	1997.58
1322.11	1990.25
1320.3	2029.85
1318.49	1939.75
1316.67	1873.13
1314.86	1941.68
1313.05	1905.42
1311.23	1816.8
1309.42	1801.26
1307.61	1820.16
1305.79	1783.96
1303.98	1797.36
1302.16	1773.57
1300.35	1726.38
1298.53	1803.09
1296.71	1671.98
1294.89	1766.56
1293.08	1713.91
1291.26	1709.42
1289.44	1704.93
1287.62	1674.33
1285.8	1676.72
1283.98	1614.53
1282.16	1630.67
1280.34	1645.43
1278.52	1612.12
1276.7	1602.17
1274.88	1597.71
1273.06	1606.97
1271.24	1620.35
1269.41	1589.82
1267.59	1653.94
1265.77	1617.94
1263.94	1579.21
1262.12	1537.75
1260.3	1529.2
1258.47	1537.09
1256.65	1525.81
1254.82	1474.81
1252.99	1597.71
1251.17	1531.67
1249.34	1516.29
1247.51	1577.53
1245.69	1575.82
1243.86	1552.23
1242.03	1566.94
1240.2	1577.54
1238.37	1534.83
1236.54	1478.47
1234.71	1515.04
1232.88	1580.28
1231.05	1534.87
1229.22	1459.45
1227.39	1526.02
1225.56	1476.56
1223.72	1493.98
1221.89	1448.64
1220.06	1532.88
1218.22	1493.01
1216.39	1459.97
1214.56	1489.64
1212.72	1471.6
1210.89	1457.66
1209.05	1472.32
1207.22	1452.94
1205.38	1361.41
1203.54	1529.89
1201.7	1492.82
1199.87	1438.07
1198.03	1520.73
1196.19	1463.28
1194.35	1446.65
1192.51	1477.6
1190.67	1444.66
1188.83	1436.19
1186.99	1429.08
1185.15	1385.31
1183.31	1493.64
1181.47	1463.44
1179.63	1402.05
1177.79	1507.58
1175.94	1416.36
1174.1	1468.95
1172.26	1413.02
1170.41	1439.83
1168.57	1397.49
1166.72	1409.38
1164.88	1396.88
1163.03	1397.93
1161.19	1407.1
1159.34	1402.73
1157.49	1373.99
1155.65	1398.05
1153.8	1418.04
1151.95	1397.44
1150.1	1310.57
1148.25	1335.97
1146.4	1389.75
1144.55	1408.37
1142.7	1413.46
1140.85	1415.85
1139	1389.88
1137.15	1381.47
1135.3	1410.86
1133.45	1410.55
1131.6	1402.14
1129.74	1364.05
1127.89	1429.85
1126.04	1414.7
1124.18	1480.45
1122.33	1368.24
1120.47	1401.62
1118.62	1319.12
1116.76	1364.63
1114.9	1321.23
1113.05	1308.81
1111.19	1365.06
1109.33	1320.35
1107.47	1336.2
1105.62	1295.54
1103.76	1350.4
1101.9	1390.44
1100.04	1348.45
1098.18	1352.18
1096.32	1283.34
1094.46	1328.74
1092.6	1315.01
1090.74	1309.34
1088.87	1309.05
1087.01	1350.37
1085.15	1284.31
1083.28	1328.29
1081.42	1341.41
1079.56	1249.91
1077.69	1359.58
1075.83	1253.37
1073.96	1289.28
1072.1	1274.25
1070.23	1249.85
1068.36	1297.78
1066.5	1305.52
1064.63	1238.3
1062.76	1271.48
1060.89	1344.78
1059.02	1352.51
1057.15	1281.32
1055.28	1335.85
1053.41	1266.03
1051.54	1311.19
1049.67	1293.52
1047.8	1258.49
1045.93	1374.41
1044.06	1324.69
1042.19	1308.37
1040.31	1248.01
1038.44	1305.11
1036.57	1302.14
1034.69	1268.5
1032.82	1188.2
1030.94	1351.92
1029.07	1324.95
1027.19	1240.7
1025.31	1320.36
1023.44	1266.77
1021.56	1290.46
1019.68	1275.52
1017.8	1253.93
1015.93	1257.63
1014.05	1273.31
1012.17	1253.07
1010.29	1203.58
1008.41	1300.36
1006.53	1248.22
1004.65	1265.21
1002.76	1294.16
1000.88	1215.49
998.999	1174.04
997.116	1276.01
995.233	1261.11
993.349	1230.3
991.465	1249.92
989.581	1264.23
987.696	1217.52
985.81	1239.78
983.925	1212.98
982.038	1241.86
980.151	1242.9
978.264	1175.05
976.377	1243.65
974.489	1256.61
972.6	1200.72
970.711	1226.91
968.822	1266.32
966.932	1210.47
965.042	1285.58
963.151	1257.51
961.26	1214.92
959.369	1213.32
957.477	1235.5
955.585	1251.07
953.692	1261.34
951.798	1267.66
949.905	1271.32
948.011	1253.87
946.116	1225.87
944.221	1232.18
942.326	1173.86
940.43	1207.87
938.533	1169.36
936.637	1206
934.739	1221.53
932.842	1218.61
930.944	1194.62
929.045	1239.11
927.146	1179.58
925.247	1235.9
923.347	1252.72
921.447	1211.65
919.546	1199.53
917.645	1192.67
915.743	1217.38
913.841	1165.83
911.938	1218.12
910.035	1196.82
908.132	1191.28
906.228	1194.95
904.324	1164.47
902.419	1165.51
900.514	1177.05
898.608	1200.39
896.702	1201.42
894.796	1167.05
892.889	1204.79
890.981	1161.26
889.073	1181.95
887.165	1217.04
885.256	1172.23
883.347	1185.05
881.437	1195.24
879.527	1213.29
877.617	1097.85
875.706	1203.56
873.794	1147.04
871.883	1144.15
869.97	1109.89
868.057	1124.01
866.144	1165.56
864.23	1148.3
862.316	1127.13
860.402	1164.74
858.487	1084.83
856.571	1148.53
854.655	1173.05
852.739	1134.94
850.822	1135.98
848.905	1108.33
846.987	1092.42
845.069	1119.53
843.15	1077.57
841.231	1154.18
839.311	1135.67
837.391	1110.66
835.471	1064.84
833.55	1163.5
831.628	1083.85
829.707	1071.89
827.784	1098.95
825.862	1101.29
823.938	1097.13
822.015	1121.56
820.091	1070.62
818.166	1056.08
816.241	1094.79
814.316	1086.74
812.39	1069.61
810.463	1062.86
808.536	1063.91
806.609	1132.41
804.681	1111.39
802.753	1095.57
800.824	1070.68
798.895	1063.94
796.966	1028.71
795.036	1073.8
793.105	1052.83
791.174	1025.39
789.243	1040.68
787.311	1053.37
785.378	1046.65
783.446	1030.88
781.512	1034.51
779.579	1043.32
777.644	1046.95
775.71	1046.7
773.775	1069.7
771.839	1047.49
769.903	1066.61
767.966	1087.01
766.029	1026.09
764.092	1021.97
762.154	998.51
760.216	1089.84
758.277	1032.85
756.338	1045.49
754.398	1054.27
752.458	1056.59
750.517	1060.2
748.576	1047.07
746.634	1066.14
744.692	1001.52
742.75	1091.37
740.807	1088.53
738.863	1117.86
736.919	1183.18
734.975	1242.04
733.03	1297.02
731.085	1366.11
729.139	1324.67
727.193	1263.98
725.246	1166.07
723.299	1075.92
721.351	1085.93
719.403	1021.51
717.455	1057.19
715.506	1047.96
713.556	1042.58
711.606	988.479
709.656	994.651
707.705	995.694
705.754	987.769
703.802	997.779
701.849	973.21
699.897	979.378
697.943	1000.9
695.99	998.104
694.036	1009.38
692.081	1016.81
690.126	1015.29
688.17	1011.21
686.214	1060.81
684.258	946.836
682.301	965.771
680.343	975.757
678.385	987.015
676.427	1018.69
674.468	1017.17
672.509	992.685
670.549	1016.68
668.589	943.747
666.628	1030.22
664.667	991.734
662.705	991.496
660.743	1051.14
658.78	977.009
656.817	988.236
654.854	1026.2
652.89	1024.68
650.925	1057.52
648.96	938.942
646.995	1032.84
645.029	1027.51
643.062	1028.53
641.095	995.24
639.128	978.481
637.16	926.158
635.192	981.823
633.223	971.429
631.254	921.684
629.284	976.04
627.314	935.2
625.344	970.498
623.372	955.045
621.401	962.424
619.429	967.265
617.456	871.977
615.483	919.918
613.51	989.372
611.536	887.815
609.561	866.077
607.587	932.962
605.611	877.052
603.635	907.209
601.659	923.437
599.682	894.128
597.705	917.937
595.727	939.207
593.749	894.75
591.77	908.434
589.791	898.111
587.812	851.17
585.831	903.994
583.851	881.057
581.87	899.776
579.888	825.123
577.906	870.334
575.924	851.211
573.941	863.615
571.957	879.794
569.974	899.746
567.989	871.815
566.004	855.232
564.019	862.583
562.033	890.074
560.047	917.552
558.06	911.041
556.073	855.47
554.085	860.297
552.097	860.091
550.109	854.858
548.119	863.452
546.13	853.194
544.14	861.784
542.149	845.251
540.158	827.471
538.167	907.616
536.175	873.513
534.182	873.306
532.19	870.589
530.196	849.061
528.202	890.236
526.208	879.996
524.213	927.411
522.218	1044.97
520.222	1034.7
518.226	996.882
516.229	979.116
514.232	852.455
512.234	924.838
510.236	883.33
508.238	858.103
506.239	825.384
504.239	863.947
502.239	862.492
500.239	859.789
498.238	803.362
496.236	818.161
494.234	825.46
492.232	812.78
490.229	807.595
488.226	838.602
486.222	783.508
484.218	810.764
482.213	835.514
480.208	849.031
478.202	816.423
476.196	861.091
474.189	824.759
472.182	820.827
470.174	794.483
468.166	807.991
466.158	781.662
464.149	760.324
462.139	824.838
460.129	802.256
458.119	759.788
456.108	835.446
454.097	773.103
452.085	790.318
450.072	786.406
448.06	808.579
446.046	768.653
444.033	813.166
442.018	750.916
440.004	766.872
437.989	795.226
435.973	833.49
433.957	783.694
431.94	768.635
429.923	795.723
427.906	778.189
425.888	744.558
423.869	776.588
421.85	749.164
419.831	789.844
417.811	751.291
415.791	726.368
413.77	738.57
411.749	761.899
409.727	805.002
407.705	778.853
405.682	746.537
403.659	734.007
401.635	742.485
399.611	749.724
397.587	732.262
395.562	725.92
393.536	739.33
391.51	746.563
389.484	761.195
387.457	789.388
385.43	697.954
383.402	765.6
381.374	702.563
379.345	730.744
377.316	708.4
375.286	697.152
373.256	722.852
371.225	715.299
369.194	750.831
367.163	750.659
365.13	745.566
363.098	706.034
361.065	732.927
359.032	693.417
356.998	726.447
354.963	684.498
352.929	735.945
350.893	646.108
348.858	707.364
346.821	721.937
344.785	646.895
342.748	742.472
340.71	745.984
338.672	691.842
336.634	711.307
334.595	735.669
332.555	682.791
330.515	725.532
328.475	705.763
326.434	728.879
324.393	721.367
322.351	753.04
320.309	714.921
318.266	734.343
316.223	728.06
314.18	691.196
312.136	728.957
310.091	697.001
308.046	677.284
306.001	719.912
303.955	678.204
301.909	741.582
299.862	729.202
297.815	703.395
295.767	689.809
293.719	684.773
291.67	744.418
289.621	695.45
287.572	731.89
285.522	717.094
283.472	725.47
281.421	705.806
279.369	727.587
277.318	771.292
275.265	768.685
273.213	784.35
271.16	828.013
269.106	799.831
267.052	785.05
264.998	838.42
262.943	883.251
260.887	881.842
258.832	927.86
256.775	943.463
254.719	982.155
252.661	1039.06
250.604	1004.81
248.546	1082.34
246.487	1073.6
244.428	1078.23
242.369	1054.93
240.309	1083.83
238.249	1070.25
236.188	1050.61
234.127	1060.08
232.065	1070.77
230.003	1042.65
227.941	1024.25
225.878	1051.9
223.815	1009.27
221.751	996.942
219.687	972.508
217.622	981.987
215.557	976.936
213.491	952.522
211.425	972.891
209.359	926.712
207.292	943.45
205.225	955.343
203.157	888.644
201.089	861.864
