2001.48	21763.6
2000.55	21819.9
1999.61	22089.2
1998.68	21926.6
1997.75	21949.1
1996.82	22129.8
1995.88	22280.9
1994.95	21984.4
1994.02	22183.7
1993.08	21654.3
1992.15	21615.2
1991.22	21428.8
1990.28	21371.1
1989.35	21492.6
1988.41	21649
1987.48	21767.8
1986.55	21672.5
1985.61	21531.8
1984.68	21613.1
1983.74	21638.3
1982.81	21604.6
1981.87	21816.8
1980.93	21799.1
1980	22051.3
1979.06	21819.9
1978.13	21866.3
1977.19	21886
1976.25	21857.7
1975.32	22304.4
1974.38	22294.6
1973.44	22653
1972.5	22147.1
1971.57	22102.7
1970.63	22506.3
1969.69	22560.5
1968.75	22566.7
1967.81	22857.9
1966.88	22491.1
1965.94	22587.9
1965	22407.7
1964.06	22757.3
1963.12	22798.1
1962.18	22790.9
1961.24	23113.7
1960.3	23157
1959.36	23288.1
1958.42	23328.7
1957.48	22994.4
1956.54	23300.8
1955.6	23078.3
1954.66	23294.2
1953.72	23499.5
1952.78	23343.5
1951.84	23322.9
1950.89	23392.6
1949.95	23486.2
1949.01	23492.2
1948.07	23354.9
1947.13	23692.4
1946.18	23472.9
1945.24	23571.7
1944.3	23535.2
1943.35	23307.9
1942.41	23414.6
1941.47	23335.7
1940.52	23558.9
1939.58	23419.2
1938.64	23181.5
1937.69	23454.9
1936.75	23212
1935.8	23612.4
1934.86	23221.4
1933.91	23571.3
1932.97	23476.6
1932.02	23696.8
1931.08	23425
1930.13	23010.7
1929.18	23471.2
1928.24	23696.5
1927.29	23324.6
1926.35	23182.6
1925.4	23109.3
1924.45	23223.6
1923.5	23089.6
1922.56	23325.2
1921.61	23407.6
1920.66	23250
1919.71	23495.9
1918.77	23341
1917.82	22990.9
1916.87	23318.5
1915.92	23166.3
1914.97	23153.8
1914.02	23201.9
1913.07	23276.3
1912.13	23305.9
1911.18	23232.8
1910.23	23575.7
1909.28	22976.2
1908.33	23382.1
1907.38	23164.4
1906.43	23375.5
1905.47	23165.7
1904.52	23353
1903.57	23332.6
1902.62	23015.2
1901.67	23360.1
1900.72	23397.5
1899.77	23327.2
1898.81	23574.7
1897.86	23522.7
1896.91	23350.1
1895.96	23547.5
1895.01	23348.6
1894.05	23475.2
1893.1	23307.9
1892.15	23699.2
1891.19	23618.5
1890.24	23713.4
1889.28	23611.7
1888.33	23491.7
1887.38	23785.7
1886.42	23380.2
1885.47	23477.7
1884.51	23912.9
1883.56	23656.8
1882.6	23688.8
1881.65	23699.8
1880.69	23697.7
1879.74	23729.6
1878.78	23502.5
1877.82	23777.6
1876.87	23404.3
1875.91	23945.9
1874.95	23828.8
1874	23690.8
1873.04	23861.1
1872.08	23817.1
1871.12	23880.3
1870.17	24029.5
1869.21	23993.4
1868.25	23680.7
1867.29	24085.6
1866.33	23908.7
1865.38	23953.4
1864.42	24146.8
1863.46	24212.4
1862.5	24066.8
1861.54	23991.7
1860.58	24278.7
1859.62	23987.3
1858.66	24167.4
1857.7	24222.5
1856.74	24228.1
1855.78	24238.9
1854.82	24465.6
1853.86	24315.1
1852.9	24388.2
1851.94	24510.8
1850.97	24578.7
1850.01	24573.8
1849.05	24579.3
1848.09	24769.3
1847.13	25801
1846.16	24543.8
1845.2	24533.7
1844.24	24479.5
1843.27	24658.9
1842.31	24384.1
1841.35	24576.4
1840.38	24657.1
1839.42	24442.1
1838.46	24585
1837.49	24574.9
1836.53	24774.8
1835.56	24886.5
1834.6	24946.3
1833.63	24842.9
1832.67	24788.7
1831.7	24724.2
1830.74	24791.7
1829.77	24755.7
1828.81	24812.9
1827.84	24704.4
1826.87	25092.7
1825.91	24873
1824.94	24842.2
1823.97	24811.4
1823.01	24886.5
1822.04	25031.5
1821.07	25091.1
1820.1	26116.9
1819.14	26943.4
1818.17	26568.7
1817.2	27020.4
1816.23	26627.8
1815.26	26978.6
1814.29	27744.8
1813.32	28077.2
1812.36	26952.1
1811.39	29974.3
1810.42	28692
1809.45	33604.8
1808.48	29013
1807.51	27033.4
1806.54	27058.9
1805.57	30978.9
1804.59	34181.5
1803.62	33242.6
1802.65	29758.2
1801.68	28725.3
1800.71	32916.4
1799.74	26815.1
1798.77	25338.5
1797.79	25631.7
1796.82	25518.6
1795.85	25621.4
1794.88	25737.1
1793.9	25143.5
1792.93	25667.7
1791.96	25210.5
1790.98	25577.8
1790.01	25351.9
1789.04	25978.3
1788.06	25724.1
1787.09	25731.8
1786.11	25716.4
1785.14	25470.1
1784.16	25295.7
1783.19	25626.5
1782.21	25675.2
1781.24	25708.5
1780.26	25516.3
1779.29	25790.4
1778.31	26015.8
1777.33	25790.3
1776.36	25780
1775.38	25646.9
1774.4	25902.8
1773.43	25836.2
1772.45	25989.6
1771.47	25894.8
1770.49	26061
1769.52	26063.4
1768.54	26117
1767.56	26068.3
1766.58	26234.2
1765.6	25996.5
1764.63	26124.1
1763.65	26009
1762.67	25968.1
1761.69	26202.8
1760.71	26207.7
1759.73	25819.7
1758.75	26125.8
1757.77	26056.8
1756.79	25834.8
1755.81	26130.4
1754.83	26229.7
1753.85	26142.9
1752.86	26262.5
1751.88	26407.5
1750.9	26040.5
1749.92	25915.6
1748.94	26233.7
1747.96	26470.2
1746.97	26785.6
1745.99	26452
1745.01	26423.7
1744.03	26281.1
1743.04	26636.9
1742.06	26534.9
1741.08	26626.2
1740.09	26313.3
1739.11	26341
1738.12	26185.9
1737.14	26386.3
1736.15	26586.7
1735.17	26444.2
1734.18	26657.2
1733.2	26715.3
1732.21	26545
1731.23	26732.4
1730.24	26562.2
1729.26	26655.7
1728.27	26974.9
1727.28	26726.1
1726.3	26741
1725.31	26748.3
1724.32	27039.3
1723.34	28743.4
1722.35	27458.8
1721.36	26969.8
1720.38	26688.4
1719.39	26827.3
1718.4	27241.9
1717.41	26864.5
1716.42	27122.2
1715.43	27235.5
1714.44	27348.9
1713.46	27158.8
1712.47	26756.6
1711.48	27147.9
1710.49	27253.5
1709.5	26965.2
1708.51	27154.2
1707.52	27380.9
1706.53	27065
1705.54	27496.1
1704.54	27551.1
1703.55	27313.4
1702.56	27287.8
1701.57	27577.3
1700.58	27354.9
1699.59	27493
1698.6	27500.1
1697.6	27799.4
1696.61	27562
1695.62	27533.8
1694.63	27654.1
1693.63	27588.1
1692.64	27502
1691.65	27337.9
1690.65	27709.8
1689.66	27553.3
1688.66	27562.8
1687.67	27813.7
1686.67	27742.7
1685.68	28109.1
1684.69	27754.1
1683.69	27899.2
1682.69	27961.4
1681.7	27990.9
1680.7	28040.5
1679.71	28258.2
1678.71	28016.6
1677.72	28339.7
1676.72	28226
1675.72	28137.6
1674.73	28362.6
1673.73	28542.4
1672.73	28862.5
1671.73	28483.2
1670.74	28474.9
1669.74	28682.1
1668.74	28526
1667.74	28693.1
1666.74	28777.4
1665.74	28751.5
1664.74	28993.5
1663.75	28842.5
1662.75	29069.3
1661.75	29243.5
1660.75	29312.6
1659.75	29306.7
1658.75	29628.2
1657.75	29922.1
1656.75	29443.8
1655.75	29567.7
1654.74	29888.9
1653.74	30090.1
1652.74	30136.4
1651.74	30300.1
1650.74	30264
1649.74	30557.3
1648.73	30630.9
1647.73	30921.5
1646.73	30630.9
1645.73	31487.3
1644.72	31052.2
1643.72	31584.2
1642.72	31403.4
1641.71	31870.3
1640.71	31846.4
1639.71	32609.4
1638.7	32097.4
1637.7	32421.9
1636.69	32370.6
1635.69	32466
1634.68	32581.3
1633.68	32853.2
1632.67	32543.2
1631.67	32310.4
1630.66	32592.1
1629.65	32118.4
1628.65	32092
1627.64	31894.2
1626.64	31949.8
1625.63	31948.3
1624.62	31584.3
1623.61	31652.3
1622.61	31315.9
1621.6	31274.8
1620.59	31124.6
1619.58	31071.1
1618.57	30534.2
1617.57	30552.8
1616.56	31215.8
1615.55	30919.5
1614.54	30848.8
1613.53	30872.3
1612.52	30729.8
1611.51	30364.5
1610.5	30529.2
1609.49	30686.3
1608.48	30890.4
1607.47	30814.8
1606.46	30798.7
1605.45	30950.7
1604.44	30563.6
1603.43	31014.7
1602.41	31080.1
1601.4	31068.8
1600.39	31151.4
1599.38	31298.2
1598.37	31232.6
1597.35	31571.9
1596.34	31447
1595.33	31808.3
1594.31	31715.5
1593.3	31973
1592.29	31983.7
1591.27	31659.1
1590.26	31623.1
1589.24	31720.2
1588.23	31772.8
1587.22	31633.3
1586.2	31651.5
1585.19	31770.7
1584.17	31774.1
1583.15	31624.8
1582.14	31596.2
1581.12	32109
1580.11	32072.9
1579.09	31537.5
1578.07	31811.5
1577.06	31423.9
1576.04	31719.8
1575.02	31563.4
1574.01	31652.8
1572.99	31560.4
1571.97	31686.6
1570.95	31869.2
1569.93	31909.4
1568.92	31763
1567.9	31827.7
1566.88	31958.6
1565.86	32361.8
1564.84	32637.2
1563.82	32949.4
1562.8	33614.5
1561.78	34056.2
1560.76	34541.9
1559.74	35012.6
1558.72	35784.5
1557.7	35951.1
1556.68	36171.5
1555.66	36759.1
1554.64	37172.6
1553.61	38538
1552.59	39973.7
1551.57	38380.3
1550.55	37477.3
1549.53	36961
1548.5	36721.2
1547.48	36682
1546.46	36860.2
1545.44	36874.7
1544.41	36412.8
1543.39	36224.6
1542.36	35797.2
1541.34	35804.5
1540.32	35663
1539.29	35436
1538.27	35341
1537.24	35155.7
1536.22	34938.7
1535.19	34324.4
1534.17	34532
1533.14	33747.4
1532.11	33777
1531.09	33609.3
1530.06	33227.3
1529.04	33008.7
1528.01	32875.3
1526.98	32766.3
1525.95	32737.7
1524.93	32755.4
1523.9	32301
1522.87	32107.1
1521.84	32227
1520.82	32076.9
1519.79	32247.8
1518.76	32197.5
1517.73	32540.8
1516.7	32089.6
1515.67	31883.8
1514.64	32013.3
1513.61	32108.7
1512.58	32167.7
1511.55	32476.6
1510.52	32355.9
1509.49	32494.8
1508.46	32381.4
1507.43	32503.3
1506.4	32583.9
1505.37	32744.5
1504.34	33103.7
1503.3	33063
1502.27	33296
1501.24	33538.7
1500.21	33376.8
1499.17	33541.9
1498.14	33992.5
1497.11	34249.3
1496.07	33905.9
1495.04	34145.7
1494.01	34341.9
1492.97	33952.8
1491.94	33938.6
1490.91	34066.9
1489.87	34422.4
1488.84	34113.4
1487.8	34248.9
1486.77	33990.7
1485.73	34222.8
1484.69	34469.2
1483.66	34401.8
1482.62	34406.8
1481.59	35164.5
1480.55	35106.6
1479.51	36006.1
1478.48	35861.3
1477.44	36278.2
1476.4	36593.7
1475.36	36945.2
1474.33	37537.4
1473.29	38772.5
1472.25	39814.5
1471.21	40670.6
1470.17	42325.5
1469.13	43690.9
1468.1	45147.3
1467.06	46456.2
1466.02	48127.8
1464.98	49094.2
1463.94	50358.3
1462.9	51001.7
1461.86	51426.1
1460.82	51643.8
1459.78	51126.4
1458.73	50597.1
1457.69	49719.9
1456.65	48543
1455.61	47320.9
1454.57	46123.4
1453.53	44859.1
1452.48	44046.3
1451.44	42687.1
1450.4	41956.6
1449.36	40799.8
1448.31	40153.8
1447.27	39225.4
1446.23	39181.4
1445.18	38081.2
1444.14	38104.4
1443.09	37426.2
1442.05	36925.4
1441.01	37015.9
1439.96	36663.8
1438.92	36338
1437.87	36129.6
1436.82	35701.3
1435.78	35990.4
1434.73	35681.8
1433.69	35270.6
1432.64	34857.2
1431.59	34783.1
1430.55	34623.1
1429.5	34515.7
1428.45	34004.8
1427.41	34284.2
1426.36	33926.4
1425.31	34272.5
1424.26	33871.8
1423.21	33817.2
1422.17	33748.2
1421.12	33695.9
1420.07	33750.9
1419.02	33748.8
1417.97	33984.8
1416.92	33903.9
1415.87	34311.3
1414.82	34613.7
1413.77	34863.7
1412.72	35315.8
1411.67	35896.3
1410.62	36471.7
1409.57	37375.1
1408.51	38030.8
1407.46	39000.1
1406.41	39579.2
1405.36	40502.6
1404.31	41368.6
1403.25	42217.6
1402.2	42524.8
1401.15	42753.5
1400.1	42694.8
1399.04	42553
1397.99	42207.3
1396.94	41638.6
1395.88	41668
1394.83	41211.1
1393.77	41565.4
1392.72	41182.2
1391.66	41588.5
1390.61	41911.6
1389.55	42151.7
1388.5	42924.7
1387.44	43874.9
1386.39	45452.2
1385.33	46692.6
1384.27	47771.7
1383.22	49337.7
1382.16	50720.9
1381.1	51422.3
1380.05	52322.1
1378.99	52644.6
1377.93	52957.6
1376.87	52949
1375.82	52725.4
1374.76	52622.3
1373.7	52214.6
1372.64	51143.6
1371.58	50061.2
1370.52	49175.1
1369.46	47952
1368.4	47335.7
1367.34	46391.8
1366.28	45537.9
1365.22	45047.5
1364.16	44286.1
1363.1	44241.6
1362.04	43897.8
1360.98	43471.7
1359.92	43432.1
1358.86	43790.5
1357.8	43950.9
1356.73	44233.7
1355.67	45012.9
1354.61	45749.5
1353.55	46777.5
1352.48	47527.5
1351.42	48846.3
1350.36	50625.3
1349.29	52189.7
1348.23	53673.5
1347.16	55328.2
1346.1	56944.7
1345.04	58008.5
1343.97	59860.9
1342.91	60627.9
1341.84	61941.5
1340.78	62571.6
1339.71	63285.9
1338.64	63573
1337.58	63803.7
1336.51	63375.5
1335.45	62907.5
1334.38	62496
1333.31	61477.8
1332.25	60380.3
1331.18	59501.1
1330.11	58242.9
1329.04	57177.3
1327.97	55887.3
1326.91	55037.8
1325.84	54109.2
1324.77	53122.4
1323.7	52587.5
1322.63	51912.4
1321.56	51039
1320.49	50474.4
1319.42	50225.5
1318.35	48955.7
1317.28	48571.8
1316.21	47447.7
1315.14	46473.5
1314.07	45226.5
1313	44386.2
1311.93	43835.6
1310.86	42914.2
1309.78	42030.6
1308.71	41226.6
1307.64	41197
1306.57	40281.7
1305.5	39758.2
1304.42	39717.3
1303.35	39478.4
1302.28	39041.6
1301.2	38835.6
1300.13	39165.1
1299.05	38339.9
1297.98	38727.5
1296.91	38419.3
1295.83	38525.3
1294.76	38424.2
1293.68	38776.7
1292.61	38843
1291.53	39439.2
1290.45	39317.1
1289.38	39594.7
1288.3	39770
1287.23	40328.3
1286.15	40807.5
1285.07	40949.9
1284	41753.7
1282.92	42053.6
1281.84	43105.1
1280.76	44311.5
1279.68	45364.4
1278.61	46008.8
1277.53	46764.1
1276.45	47604.9
1275.37	47877.7
1274.29	47962.7
1273.21	47531.1
1272.13	47104.4
1271.05	46240.3
1269.97	45256.2
1268.89	44483
1267.81	43194.3
1266.73	42280.8
1265.65	41282.1
1264.57	40515.1
1263.49	39741.5
1262.4	39127.6
1261.32	38645.7
1260.24	37704.3
1259.16	37068.1
1258.08	37069.6
1256.99	36519.3
1255.91	35916.1
1254.83	35929.4
1253.74	35718.8
1252.66	35665.2
1251.58	35362.5
1250.49	35325.2
1249.41	35225.6
1248.32	35310.4
1247.24	35019.6
1246.15	34636.7
1245.07	34763.1
1243.98	35002.2
1242.9	34734.7
1241.81	34771.2
1240.72	34556.8
1239.64	34579.5
1238.55	35149.7
1237.46	35135.4
1236.38	35107.4
1235.29	35210.4
1234.2	34989.3
1233.11	35420.9
1232.03	35535.3
1230.94	35612.9
1229.85	35297.6
1228.76	35242
1227.67	35186.4
1226.58	35213.5
1225.49	35284.1
1224.4	35451.1
1223.31	35097.3
1222.22	35307.9
1221.13	35784.3
1220.04	35804.3
1218.95	35698.2
1217.86	36057.4
1216.77	36265.2
1215.68	36507.3
1214.59	36598.1
1213.5	36508
1212.4	37017.7
1211.31	37064.9
1210.22	37450.7
1209.13	37575.5
1208.03	37995.3
1206.94	38083.4
1205.85	37949.7
1204.75	37976
1203.66	38098.3
1202.56	38204.6
1201.47	38422.7
1200.38	37727.2
1199.28	37906.5
1198.19	37839.2
1197.09	37363.4
1195.99	37307.6
1194.9	36848.1
1193.8	36530.1
1192.71	36020.7
1191.61	35874.1
1190.51	35593
1189.42	35289.3
1188.32	35318.3
1187.22	34702.6
1186.12	34479
1185.03	34225.8
1183.93	33890.8
1182.83	33646.9
1181.73	36941.9
1180.63	34358.6
1179.53	33955.6
1178.43	33486.8
1177.33	33181.8
1176.24	32904.3
1175.14	33149.7
1174.03	33613.1
1172.93	33360.7
1171.83	33087.9
1170.73	32806.2
1169.63	33040
1168.53	33226
1167.43	32955.7
1166.33	33271
1165.23	33146
1164.12	33191.2
1163.02	33413.3
1161.92	33417.6
1160.81	33736.9
1159.71	33589.3
1158.61	33781.7
1157.5	34125.7
1156.4	34134.3
1155.3	34210.9
1154.19	34289.7
1153.09	34556.4
1151.98	35031.1
1150.88	35315.6
1149.77	35502.7
1148.67	35606
1147.56	35546.5
1146.46	35543.5
1145.35	35701
1144.24	35451.7
1143.14	35250
1142.03	35150
1140.92	34921.3
1139.81	35275.1
1138.71	34577
1137.6	34382.4
1136.49	34645.9
1135.38	34192
1134.27	34299.8
1133.17	33762.7
1132.06	33951.7
1130.95	34097.8
1129.84	34063.6
1128.73	33864.9
1127.62	33855.5
1126.51	33510.6
1125.4	33496.7
1124.29	33435.6
1123.18	33448.8
1122.07	33673.5
1120.95	33214.3
1119.84	33351.2
1118.73	33042.9
1117.62	33047.1
1116.51	33426.7
1115.39	32833.2
1114.28	32970
1113.17	33106.8
1112.05	32980.8
1110.94	32798.7
1109.83	33072.4
1108.71	32596.3
1107.6	32827.3
1106.48	32791.2
1105.37	32566.7
1104.26	32606.9
1103.14	32700.9
1102.02	32611.1
1100.91	32422.7
1099.79	32583.9
1098.68	32590.4
1097.56	32621.6
1096.44	32496
1095.33	32847.3
1094.21	32768.8
1093.09	32591.8
1091.98	32844.4
1090.86	32958.2
1089.74	32875.2
1088.62	33118.7
1087.5	33315.1
1086.39	33010.8
1085.27	33330
1084.15	33421.3
1083.03	33425.4
1081.91	33474.1
1080.79	33433.6
1079.67	33236.8
1078.55	33892.5
1077.43	33729.1
1076.31	33539.1
1075.19	33438.3
1074.06	33756.8
1072.94	33598
1071.82	33381.4
1070.7	33563.8
1069.58	33407.4
1068.45	33166.4
1067.33	33297.5
1066.21	33056.7
1065.09	33436.9
1063.96	33178.4
1062.84	33333.8
1061.72	33353.4
1060.59	33310.8
1059.47	33088
1058.34	33138.8
1057.22	33125.1
1056.09	32767
1054.97	33013.3
1053.84	32817.5
1052.72	32990.4
1051.59	33234.3
1050.46	33347.1
1049.34	33313.4
1048.21	33071.2
1047.08	33197.2
1045.96	33409.8
1044.83	33469.2
1043.7	33362.3
1042.57	33315.3
1041.44	33370.3
1040.32	33739.9
1039.19	33453.6
1038.06	33732.2
1036.93	34015.1
1035.8	33844
1034.67	34117.9
1033.54	34227.9
1032.41	34211.8
1031.28	34003.3
1030.15	34414
1029.02	34380.2
1027.89	34454.6
1026.76	34526.9
1025.62	34932.7
1024.49	34578.5
1023.36	34953.2
1022.23	35248.2
1021.1	34975.8
1019.96	35001.5
1018.83	35084.5
1017.7	35410.2
1016.56	35343.1
1015.43	35293.7
1014.3	35473.6
1013.16	35410.9
1012.03	35132.3
1010.89	35089.6
1009.76	35066.7
1008.62	34746.5
1007.49	35157.5
1006.35	34551.2
1005.22	35010.5
1004.08	34785.2
1002.94	34795.4
1001.81	34711
1000.67	34692.6
999.533	34183.9
998.396	34343.7
997.258	34217.7
996.12	34500.4
994.982	34216.3
993.844	34492.3
992.706	34636.5
991.567	34611.6
990.428	34424.2
989.288	34752.6
988.149	35133.5
987.009	35038.3
985.869	35158
984.729	35512.3
983.588	35414.8
982.448	35591.4
981.307	35728.4
980.166	35357.1
979.024	35594.9
977.882	35015.8
976.74	35041.2
975.598	34782
974.456	34448.5
973.313	34705.9
972.17	34418.5
971.027	34376.1
969.884	34441
968.74	34031.4
967.596	33794.6
966.452	33984.1
965.308	33854.5
964.163	34081
963.018	34086.8
961.873	34057.7
960.728	33838.7
959.582	33792.2
958.436	34040.2
957.29	33415.6
956.144	33750.9
954.997	33902.9
953.85	33937
952.703	33755.4
951.556	33981.4
950.408	33889.1
949.261	33836.1
948.113	33643.8
946.964	34139.5
945.816	34286.8
944.667	34505.8
943.518	34596.3
942.369	34876
941.219	34883.8
940.069	35189.4
938.919	35316.7
937.769	35526.5
936.618	35473.3
935.468	35841.5
934.317	36376.8
933.165	36052
932.014	36398.2
930.862	36396.9
929.71	36790.6
928.558	36910.7
927.405	36623
926.253	36018.7
925.1	36184.5
923.947	36211.4
922.793	35557.8
921.639	35396.3
920.485	34793
919.331	34542.9
918.177	34134.9
917.022	33941.4
915.867	33856.2
914.712	33983.1
913.556	33759.5
912.401	33728.4
911.245	33474.7
910.088	33363.7
908.932	33445.2
907.775	33368.8
906.618	33512.9
905.461	33430.1
904.304	33146.5
903.146	33195.5
901.988	33225.1
900.83	33315.1
899.672	33068.4
898.513	33369.9
897.354	33511.6
896.195	33569.1
895.035	33473.5
893.876	33276.6
892.716	33319
891.556	33665.2
890.395	33494.3
889.234	33388
888.074	33757.7
886.912	33382.3
885.751	33243.8
884.589	33126.9
883.427	33104.7
882.265	33166.5
881.103	33221.7
879.94	33122.1
878.777	33166.6
877.614	32880
876.451	33135.1
875.287	33205.4
874.123	33028.5
872.959	32896.9
871.794	32902.7
870.63	33088.8
869.465	32753.3
868.3	33091.7
867.134	32951.6
865.969	32998.2
864.803	33111.1
863.637	33142.6
862.47	32914.7
861.303	33340.5
860.136	33206.9
858.969	33321.8
857.802	33314.7
856.634	33097.7
855.466	33291.8
854.298	33192.6
853.13	33093.4
851.961	33022.1
850.792	32987.2
849.623	32982.3
848.453	32765.6
847.284	32715.8
846.114	32589.1
844.944	32622.7
843.773	32421.3
842.602	32388.7
841.431	32689.2
840.26	32312.8
839.089	32737
837.917	32591.2
836.745	32430.6
835.573	32779.8
834.4	32429.4
833.228	32648.4
832.055	32445.3
830.881	32570.4
829.708	32746.6
828.534	32875.8
827.36	32551.4
826.186	32633.8
825.012	32348
823.837	32466.5
822.662	32668
821.487	32722.7
820.311	32660.3
819.135	32797.9
817.959	32688.7
816.783	32588.2
815.606	32621.5
814.43	32720.7
813.253	32652
812.075	32670.5
810.898	32606.1
809.72	32792.2
808.542	32536.8
807.364	32606.2
806.185	32889.7
805.006	32766
803.827	32610.5
802.648	32402
801.468	32518
800.289	32305.4
799.108	32300.5
797.928	32588
796.747	32667.7
795.567	32923.2
794.386	33005
793.204	33137.5
792.023	33519.6
790.841	33603.3
789.659	34046.5
788.476	34191.4
787.293	34353.1
786.111	34508.4
784.927	34082.6
783.744	34163.9
782.56	33643.3
781.376	33608.6
780.192	33115.7
779.008	33083.2
777.823	33080.3
776.638	33117.4
775.453	33089.2
774.267	33050.4
773.082	33209.8
771.896	33320.6
770.71	32963.6
769.523	33417.9
768.336	33334.8
767.149	33226.5
765.962	33655.1
764.775	34035.2
763.587	33895.2
762.399	34005.7
761.21	34400.2
760.022	34935.4
758.833	35361.1
757.644	35946.3
756.455	36058.3
755.265	37424.9
754.075	38320.3
752.885	39849.7
751.695	41880.3
750.504	43672.8
749.313	46142.6
748.122	48871.6
746.931	51236.4
745.739	55116.9
744.547	59406.9
743.355	64389.1
742.163	71342
740.97	80184.7
739.777	89178.7
738.584	98118.4
737.39	105077
736.197	109821
735.003	110017
733.808	107037
732.614	100178
731.419	90273.5
730.224	79756.2
729.029	70870.6
727.833	61689.9
726.638	54074.8
725.441	47953.4
724.245	43911.9
723.049	40950.2
721.852	38518.2
720.655	37025
719.457	36413.5
718.26	35693.8
717.062	35128.8
715.864	34541.1
714.665	34314.5
713.467	33789.8
712.268	33709.5
711.069	33764.7
709.869	33759.4
708.669	33643.7
707.469	33501
706.269	33541.6
705.069	33540.5
703.868	33529.1
702.667	33696.6
701.466	33672.6
700.264	33763.1
699.062	33851.4
697.86	33964.7
696.658	34204.7
695.455	34719.1
694.253	35391.1
693.049	35636.9
691.846	36445.6
690.642	36389.9
689.439	37002.9
688.234	37250.2
687.03	37534.8
685.825	37333.6
684.62	37373.2
683.415	36255.2
682.21	35967.4
681.004	35333.3
679.798	34869.6
678.592	34306.5
677.385	34469
676.178	33808.9
674.971	34528.5
673.764	34233.1
672.556	34113.9
671.349	33746.3
670.14	33823.7
668.932	34153.6
667.724	33449.1
666.515	34047.7
665.305	33957.6
664.096	33873.7
662.886	34236.2
661.676	34422.9
660.466	34793.5
659.256	35099.8
658.045	35595.9
656.834	36153.8
655.623	37027.2
654.411	37557.7
653.199	38360.3
651.987	38935.6
650.775	39422
649.562	39922.6
648.35	40317.9
647.136	40840.8
645.923	40885.4
644.709	40987.7
643.495	40797.5
642.281	41186
641.067	41242.9
639.852	40875.7
638.637	41130.2
637.422	40067.9
636.206	40061.2
634.991	39583.6
633.774	39001.3
632.558	38760.5
631.342	38721.2
630.125	37860.1
628.908	37276.7
627.69	36997.5
626.473	36301.6
625.255	36111
624.036	35290.4
622.818	35112.3
621.599	34450.3
620.38	34254
619.161	33617
617.942	33677.3
616.722	33460.9
615.502	32834.7
614.281	32827.5
613.061	33105.1
611.84	32549
610.619	32576.7
609.398	32690.3
608.176	32562.4
606.954	32565.5
605.732	32644.3
604.509	32485.8
603.287	32396.8
602.064	32737.3
600.84	32611.5
599.617	32412.3
598.393	32646.3
597.169	32696.3
595.945	32854.5
594.72	32894.2
593.495	32574.7
592.27	32771.7
591.045	32988.9
589.819	32763.4
588.593	33080.4
587.367	33346.4
586.14	33355.4
584.913	33464.2
583.686	33175.7
582.459	33858.9
581.232	33884.1
580.004	34196.3
578.776	34699.7
577.547	34765.4
576.319	34916.4
575.09	35315.6
573.86	35608.9
572.631	35684.4
571.401	35479.4
570.171	35947.2
568.941	36479.8
567.71	36951.3
566.48	36971.6
565.249	37195
564.017	37136
562.786	37227.3
561.554	37438.3
560.322	37152.1
559.089	37030.3
557.856	36971.5
556.623	36525.4
555.39	36251.8
554.157	35810.1
552.923	35522.6
551.689	35002.2
550.454	35112
549.22	34658.8
547.985	34608.6
546.75	34099
545.514	34342.5
544.279	34466.4
543.043	34507.4
541.806	33953.7
540.57	33756.2
539.333	34088.4
538.096	33824.2
536.859	34115.8
535.621	34075.9
534.383	33989.7
533.145	34050.8
531.907	33659.8
530.668	33644.3
529.429	33667.1
528.19	33990.5
526.95	33763.2
525.711	33965.5
524.47	34216
523.23	34289.1
521.99	34801.4
520.749	34896.5
519.507	34987.5
518.266	34599.2
517.024	34396.2
515.782	34485.3
514.54	34308.6
513.298	34210.5
512.055	34613.3
510.812	34267.8
509.568	34352.7
508.325	34405.4
507.081	34311.4
505.837	34301.8
504.592	34501.2
503.347	34477.5
502.102	34496
500.857	34464.3
499.612	34727.6
498.366	34577.5
497.12	34840.7
495.873	34965.3
494.627	34474.3
493.38	35004
492.133	34878
490.885	34784.1
489.637	34686.3
488.389	34692.6
487.141	35131.6
485.892	34799.4
484.644	34951.9
483.394	34864.1
482.145	34908.4
480.895	35174.7
479.645	35849
478.395	35973
477.145	35607.2
475.894	35011.7
474.643	35233.7
473.391	35024.2
472.14	34938.5
470.888	34940.7
469.636	35132.7
468.383	34805.5
467.13	35384.5
465.877	35486.4
464.624	35398.8
463.371	35181.5
462.117	35540.6
460.863	35283.5
459.608	35361.4
458.353	35377.5
457.099	35560.9
455.843	35499.2
454.588	35802
453.332	35503.4
452.076	35549.3
450.82	35790.1
449.563	35796.1
448.306	35694.7
447.049	35812
445.791	36209.7
444.534	36010.8
443.276	36066.4
442.017	35875.6
440.759	35994.8
439.5	36425.7
438.241	36175.4
436.981	36286.5
435.722	36286.3
434.462	36304.1
433.201	36567.8
431.941	37011.9
430.68	36385
429.419	36525.6
428.157	36832.6
426.896	36705.5
425.634	37127.3
424.372	36812
423.109	37170.2
421.846	37502.4
420.583	37401.1
419.32	37511.5
418.056	37137.1
416.792	37320.8
415.528	37049.4
414.264	36950.3
412.999	37689.2
411.734	37240.1
410.469	37407.7
409.203	37561.4
407.937	37474
406.671	37787.5
405.405	37496.8
404.138	37715.4
402.871	37503.8
401.604	37598
400.336	37426
