2001.48	1904.85
2000.55	1896.8
1999.61	1907.16
1998.68	1925.55
1997.75	1812.56
1996.82	2021.3
1995.88	2045.03
1994.95	1948.15
1994.02	1859.35
1993.08	1845.59
1992.15	1794.35
1991.22	1981.42
1990.28	2015.83
1989.35	1787.93
1988.41	1819.69
1987.48	1878.19
1986.55	1821.65
1985.61	1781.17
1984.68	1788.84
1983.74	1676.21
1982.81	1761.41
1981.87	1822.52
1980.93	1918.35
1980	1749.68
1979.06	1853.49
1978.13	1839.77
1977.19	1810.04
1976.25	1769.65
1975.32	1777.3
1974.38	1913.03
1973.44	1805.94
1972.5	1880.26
1971.57	1882.56
1970.63	1876.86
1969.69	1868.49
1968.75	1905.43
1967.81	1971.66
1966.88	1965.94
1965.94	1965.56
1965	1954.51
1964.06	1666.6
1963.12	1900.51
1962.18	1889.49
1961.24	1806.63
1960.3	1944.6
1959.36	1904.32
1958.42	1765.67
1957.48	1826.47
1956.54	2044.07
1955.6	1852.32
1954.66	1883.84
1953.72	1968.48
1952.78	1824.66
1951.84	1848.2
1950.89	1890.31
1949.95	1884.63
1949.01	1847.1
1948.07	1899.8
1947.13	2005.54
1946.18	1952.1
1945.24	1840.34
1944.3	2036.16
1943.35	1927.08
1942.41	1812.74
1941.47	1921.02
1940.52	1798.78
1939.58	1872.58
1938.64	1758.34
1937.69	1781.82
1936.75	1919.12
1935.8	1966.37
1934.86	1947.46
1933.91	1910.04
1932.97	1930.82
1932.02	1837.88
1931.08	1924.77
1930.13	1982.54
1929.18	2024.43
1928.24	1897.2
1927.29	1941.73
1926.35	1899.09
1925.4	1946.24
1924.45	1898.33
1923.5	1858.36
1922.56	1776.18
1921.61	1847.07
1920.66	2044.56
1919.71	2030.97
1918.77	1959.36
1917.82	2016.98
1916.87	2050.85
1915.92	1892.31
1914.97	1949.9
1914.02	2097.05
1913.07	1801.63
1912.13	2001.41
1911.18	1995.75
1910.23	1811.08
1909.28	2060.75
1908.33	2060.34
1907.38	2020.47
1906.43	2070.05
1905.47	1901.33
1904.52	2008.75
1903.57	2118.76
1902.62	1873.91
1901.67	1912.96
1900.72	2020.29
1899.77	1988.37
1898.81	2142.91
1897.86	1956.07
1896.91	2089.56
1895.96	1963.17
1895.01	2041.5
1894.05	2104.06
1893.1	1927.9
1892.15	1985.21
1891.19	1935
1890.24	2039.47
1889.28	1984.02
1888.33	2088.44
1887.38	2124.71
1886.42	1925.21
1885.47	1985.06
1884.51	2081.55
1883.56	2060.19
1882.6	2065.01
1881.65	1910.22
1880.69	1920.3
1879.74	2071.63
1878.78	2003.22
1877.82	2042.04
1876.87	2109.6
1875.91	2114.41
1874.95	1938.91
1874	1904.56
1873.04	1953.81
1872.08	1901.19
1871.12	1989.59
1870.17	2049.23
1869.21	2116.68
1868.25	2087.56
1867.29	2139.32
1866.33	2172.8
1865.38	2120.21
1864.42	1866.87
1863.46	2197.57
1862.5	2022.51
1861.54	2136.76
1860.58	2071.2
1859.62	2096.84
1858.66	2015.69
1857.7	1994.46
1856.74	1962.82
1855.78	2149.82
1854.82	1988.06
1853.86	2208.8
1852.9	2143.33
1851.94	2122.1
1850.97	2056.68
1850.01	2144.65
1849.05	1996.08
1848.09	1959.3
1847.13	2127.78
1846.16	1898.77
1845.2	2155.5
1844.24	2043.42
1843.27	2126.08
1842.31	2091.92
1841.35	2055.17
1840.38	2080.7
1839.42	2121.79
1838.46	2113.59
1837.49	2084.64
1836.53	2084.23
1835.56	2143.42
1834.6	1984.92
1833.63	2132.2
1832.67	2155.09
1831.7	2258.25
1830.74	2133.51
1829.77	2146.03
1828.81	2290.54
1827.84	2129.65
1826.87	2116.29
1825.91	2084.82
1824.94	2006.82
1823.97	2063.3
1823.01	2073.23
1822.04	2031.46
1821.07	2186.1
1820.1	2133.99
1819.14	1934.67
1818.17	2246.77
1817.2	2065.58
1816.23	2116.8
1815.26	2142.18
1814.29	2167.56
1813.32	2185.18
1812.36	2086.73
1811.39	2050.21
1810.42	2201.92
1809.45	2155.08
1808.48	2311.86
1807.51	2125.87
1806.54	2156.36
1805.57	2112.14
1804.59	2201.85
1803.62	2103.57
1802.65	2005.33
1801.68	2288.04
1800.71	2094.59
1799.74	2215.08
1798.77	2155.48
1797.79	2059.9
1796.82	2085.2
1795.85	2151.61
1794.88	2207.73
1793.9	2137.9
1792.93	2304.47
1791.96	2062.56
1790.98	2190.55
1790.01	2123.35
1789.04	2148.6
1788.06	2235.43
1787.09	2209.32
1786.11	2083.17
1785.14	2177.65
1784.16	2077.2
1783.19	2025.51
1782.21	2125.08
1781.24	2093.89
1780.26	2044.79
1779.29	2346.68
1778.31	2067.02
1777.33	2117.82
1776.36	2224.93
1775.38	2099.05
1774.4	2213.8
1773.43	2228.71
1772.45	2197.56
1771.47	2151.08
1770.49	2158.32
1769.52	2201.35
1768.54	2080.77
1767.56	2172.36
1766.58	2108.04
1765.6	2237.91
1764.63	2140.4
1763.65	2137.41
1762.67	2231.45
1761.69	2287.16
1760.71	2202.48
1759.73	2158.66
1758.75	2173.53
1757.77	2185.85
1756.79	2261.91
1755.81	2103.39
1754.83	2365.51
1753.85	2207.03
1752.86	2219.33
1751.88	2155.19
1750.9	2085.99
1749.92	2281.65
1748.94	2227.73
1747.96	2280.73
1746.97	2234.46
1745.99	2129.69
1745.01	2208.13
1744.03	2240.75
1743.04	2181.81
1742.06	2305.95
1741.08	2175.85
1740.09	2317.73
1739.11	2136.86
1738.12	2177.07
1737.14	2303.63
1736.15	2277.77
1735.17	2112.29
1734.18	2190.55
1733.2	2273.86
1732.21	2136.39
1731.23	2242.5
1730.24	2229.37
1729.26	2223.85
1728.27	2220.86
1727.28	2197.6
1726.3	2257.98
1725.31	2166.31
1724.32	2229.21
1723.34	2183.17
1722.35	2276.42
1721.36	2250.64
1720.38	2414.72
1719.39	2272.51
1718.4	2165.79
1717.41	2203.3
1716.42	2132.04
1715.43	2136.67
1714.44	2280.34
1713.46	2325.37
1712.47	2238.98
1711.48	2354.75
1710.49	2260.81
1709.5	2288.14
1708.51	2282.63
1707.52	2337.71
1706.53	2264.04
1705.54	2379.66
1704.54	2442.26
1703.55	2363.57
1702.56	2113.41
1701.57	2410.52
1700.58	2215.92
1699.59	2311.25
1698.6	2323.38
1697.6	2174.27
1696.61	2246.88
1695.62	2289.24
1694.63	2324.02
1693.63	2467.05
1692.64	2212.34
1691.65	2169.12
1690.65	2357.37
1689.66	2389.59
1688.66	2343.84
1687.67	2411.26
1686.67	2174.47
1685.68	2199.16
1684.69	2153.49
1683.69	2457.04
1682.69	2260.62
1681.7	2260.17
1680.7	2237.11
1679.71	2327.03
1678.71	2346.64
1677.72	2275.9
1676.72	2528.83
1675.72	2285.02
1674.73	2364.8
1673.73	2366.83
1672.73	2281.12
1671.73	2230.54
1670.74	2400.48
1669.74	2435.06
1668.74	2306.83
1667.74	2411.54
1666.74	2411.05
1665.74	2463.13
1664.74	2229.88
1663.75	2141.86
1662.75	2311.53
1661.75	2211.02
1660.75	2375.62
1659.75	2387.64
1658.75	2419.65
1657.75	2281.7
1656.75	2456.15
1655.75	2355.72
1654.74	2420.18
1653.74	2559.53
1652.74	2399.23
1651.74	2396.25
1650.74	2295.94
1649.74	2342.88
1648.73	2317.46
1647.73	2309.51
1646.73	2314.03
1645.73	2380.87
1644.72	2360.45
1643.72	2347.51
1642.72	2357
1641.71	2533.38
1640.71	2423.29
1639.71	2325.68
1638.7	2350.11
1637.7	2578.62
1636.69	2388.97
1635.69	2480.54
1634.68	2455.16
1633.68	2322.86
1632.67	2406.92
1631.67	2423.84
1630.66	2386.06
1629.65	2452.67
1628.65	2534.16
1627.64	2397.03
1626.64	2471.05
1625.63	2547.52
1624.62	2388.12
1623.61	2414.94
1622.61	2528.6
1621.6	2319.68
1620.59	2428.35
1619.58	2455.14
1618.57	2251.33
1617.57	2389.69
1616.56	2540.39
1615.55	2326.77
1614.54	2140.49
1613.53	2367.93
1612.52	2451.65
1611.51	2394.2
1610.5	2463.03
1609.49	2472.43
1608.48	2382.85
1607.47	2362.57
1606.46	2428.87
1605.45	2601.48
1604.44	2306.74
1603.43	2373.01
1602.41	2454.08
1601.4	2362.16
1600.39	2485.2
1599.38	2440.23
1598.37	2400.23
1597.35	2545.4
1596.34	2411.59
1595.33	2598.66
1594.31	2334.12
1593.3	2967.63
1592.29	3408.5
1591.27	2613.81
1590.26	2418.51
1589.24	2326.82
1588.23	2506.24
1587.22	2436.74
1586.2	2433.78
1585.19	2497.32
1584.17	2309.68
1583.15	2397.83
1582.14	2385.04
1581.12	2460.84
1580.11	2366.84
1579.09	2309.78
1578.07	2555.25
1577.06	2493.26
1576.04	2573.87
1575.02	2538.94
1574.01	2472.07
1572.99	2459.28
1571.97	2448.96
1570.95	2524.59
1569.93	2555.99
1568.92	2445
1567.9	2390.51
1566.88	2402.29
1565.86	2465.59
1564.84	2295.84
1563.82	2400.82
1562.8	2417.5
1561.78	2497.9
1560.76	2352.79
1559.74	2504.23
1558.72	2520.87
1557.7	2559.54
1556.68	2399.84
1555.66	2303.87
1554.64	2491.88
1553.61	2550.11
1552.59	2456.61
1551.57	2497.69
1550.55	2504.52
1549.53	2508.9
1548.5	2535.28
1547.48	2539.65
1546.46	2531.8
1545.44	2377.36
1544.41	2381.76
1543.39	2439.88
1542.36	2554.15
1541.34	2458.42
1540.32	2396.89
1539.29	2628.24
1538.27	2383.72
1537.24	2585.69
1536.22	2516.88
1535.19	2470.03
1534.17	2508.53
1533.14	2434.9
1532.11	2539.19
1531.09	2526.49
1530.06	2494.3
1529.04	2474.31
1528.01	2505.46
1526.98	2480.6
1525.95	2538.51
1524.93	2416.32
1523.9	2393.93
1522.87	2488.3
1521.84	2531.56
1520.82	2623.44
1519.79	2370.09
1518.76	2452.24
1517.73	2449.31
1516.7	2584.85
1515.67	2470.16
1514.64	2374.95
1513.61	2481.29
1512.58	2517.19
1511.55	2443.87
1510.52	2467.64
1509.49	2467.13
1508.46	2534.54
1507.43	2664.96
1506.4	2581.98
1505.37	2559.64
1504.34	2353.13
1503.3	2493.17
1502.27	2628.32
1501.24	2521.21
1500.21	2440.79
1499.17	2607.33
1498.14	2459.15
1497.11	2499.79
1496.07	2605.73
1495.04	2578.59
1494.01	2406.35
1492.97	2514.66
1491.94	2610.84
1490.91	2571.64
1489.87	2617.02
1488.84	2500.52
1487.8	2603.87
1486.77	2487.42
1485.73	2486.91
1484.69	2607.1
1483.66	2604.15
1482.62	2598.79
1481.59	2607.9
1480.55	2525.36
1479.51	2674.35
1478.48	2536.38
1477.44	2641.92
1476.4	2667.89
1475.36	2489.03
1474.33	2560.79
1473.29	2516.91
1472.25	2583.82
1471.21	2559.22
1470.17	2681.45
1469.13	2531.69
1468.1	2754.94
1467.06	2812.1
1466.02	2669.63
1464.98	2777.28
1463.94	2608.43
1462.9	2780.95
1461.86	2833.24
1460.82	2731.75
1459.78	2762.42
1458.73	2584.13
1457.69	2542.78
1456.65	2727.11
1455.61	2760.15
1454.57	2649.2
1453.53	2651.05
1452.48	2621.72
1451.44	2628.37
1450.4	2834.03
1449.36	2711.19
1448.31	2703.45
1447.27	2662.15
1446.23	2776.6
1445.18	2694.59
1444.14	2653.33
1443.09	2592.92
1442.05	2680.96
1441.01	2680.41
1439.96	2651.14
1438.92	2724.75
1437.87	2693.1
1436.82	2489.29
1435.78	2730.24
1434.73	2715.34
1433.69	2545.11
1432.64	2664.05
1431.59	2625.28
1430.55	2751.31
1429.5	2538.23
1428.45	2661.85
1427.41	2661.3
1426.36	2653.59
1425.31	2758.02
1424.26	2750.3
1423.21	2516.02
1422.17	2634.71
1421.12	2677.08
1420.07	2850.51
1419.02	2645
1417.97	2718.31
1416.92	2708.22
1415.87	2648.12
1414.82	2614.25
1413.77	2751.77
1412.72	2798.8
1411.67	2767.29
1410.62	2738.17
1409.57	2685.28
1408.51	2727.53
1407.46	2755.5
1406.41	2781.07
1405.36	2659.3
1404.31	2682.51
1403.25	2779.35
1402.2	2593.53
1401.15	2735.46
1400.1	2734.9
1399.04	2724.84
1397.99	2795.47
1396.94	2726.08
1395.88	2706.54
1394.83	2767.65
1393.77	2771.82
1392.72	2709.61
1391.66	2924.73
1390.61	2895.69
1389.55	2745.83
1388.5	2813.96
1387.44	2754.17
1386.39	2876.72
1385.33	2890.33
1384.27	2894.46
1383.22	2803.95
1382.16	2796.27
1381.1	2852.46
1380.05	3019.76
1378.99	2981.31
1377.93	2935.78
1376.87	2817.01
1375.82	2922.75
1374.76	2872.54
1373.7	2897.93
1372.64	2932.75
1371.58	2858.95
1370.52	2881.96
1369.46	2935.64
1368.4	3031.77
1367.34	2719.77
1366.28	3035.23
1365.22	2886.06
1364.16	2831.24
1363.1	3054.56
1362.04	2962.02
1360.98	3154.6
1359.92	3043.24
1358.86	2851.85
1357.8	3077.29
1356.73	2902.46
1355.67	2965.4
1354.61	3091.85
1353.55	2982.99
1352.48	3099.98
1351.42	2958.24
1350.36	2931.77
1349.29	3027.53
1348.23	2897.65
1347.16	2922.89
1346.1	2964.57
1345.04	2956.91
1343.97	3005.61
1342.91	2988.55
1341.84	2992.62
1340.78	3020.16
1339.71	2831.84
1338.64	2960.27
1337.58	2945.58
1336.51	3062.21
1335.45	2850.59
1334.38	2922.65
1333.31	3025.15
1332.25	2935.5
1331.18	2951.28
1330.11	2983.46
1329.04	2943.03
1327.97	2958.81
1326.91	2990.96
1325.84	2945.88
1324.77	3085.63
1323.7	3028.85
1322.63	2803.74
1321.56	2896.67
1320.49	2970.87
1319.42	2923.51
1318.35	2943.93
1317.28	3032.09
1316.21	2938.04
1315.14	2949.1
1314.07	2911.14
1313	2908.2
1311.93	2947.26
1310.86	2890.66
1309.78	3051
1308.71	2880.12
1307.64	2942.48
1306.57	2876.6
1305.5	2780.44
1304.42	2898.7
1303.35	2951.68
1302.28	2918.46
1301.2	2889.9
1300.13	2873
1299.05	2944.57
1297.98	2911.37
1296.91	2859.58
1295.83	2959.01
1294.76	2790.94
1293.68	2920.57
1292.61	2947.86
1291.53	2807.79
1290.45	2814.18
1289.38	2820.56
1288.3	2891.98
1287.23	2879.77
1286.15	2939.54
1285.07	2955.17
1284	2891.89
1282.92	2886.65
1281.84	2937.09
1280.76	2748.6
1279.68	2921.95
1278.61	2828.6
1277.53	2971.73
1276.45	2959.52
1275.37	2850
1274.29	2891.1
1273.21	2962.3
1272.13	2903.79
1271.05	2998.11
1269.97	2946.56
1268.89	2846.43
1267.81	2924.5
1266.73	2919.27
1265.65	2916.35
1264.57	2934.23
1263.49	2836.53
1262.4	2949.19
1261.32	2916.22
1260.24	3038.06
1259.16	2924.24
1258.08	2902.85
1256.99	2902.24
1255.91	2931.65
1254.83	2951.8
1253.74	2905.04
1252.66	2832.92
1251.58	2793.12
1250.49	2824.82
1249.41	2787.34
1248.32	2809.8
1247.24	2816.13
1246.15	2944.57
1245.07	2796.53
1243.98	2740.67
1242.9	2878.25
1241.81	2919.09
1240.72	3001.33
1239.64	2991.5
1238.55	2852.84
1237.46	2889.04
1236.38	2879.24
1235.29	2871.74
1234.2	2933.2
1233.11	3040.61
1232.03	2931.98
1230.94	2878.53
1229.85	2926.16
1228.76	2907.17
1227.67	2968.55
1226.58	2772.82
1225.49	2861.74
1224.4	2858.85
1223.31	2961.48
1222.22	2944.81
1221.13	2811.2
1220.04	2847.29
1218.95	2972.75
1217.86	2967.55
1216.77	2992.13
1215.68	2986.92
1214.59	2942.78
1213.5	3015.43
1212.4	2950.7
1211.31	2954.66
1210.22	2885.4
1209.13	2946.56
1208.03	2941.37
1206.94	2883.58
1205.85	2969.86
1204.75	3021.81
1203.66	3016.6
1202.56	3079.95
1201.47	2951.38
1200.38	2852.55
1199.28	2897.62
1198.19	2910.71
1197.09	2962.59
1195.99	2946
1194.9	2888.34
1193.8	2880.9
1192.71	2878.01
1191.61	3011.93
1190.51	2974.82
1189.42	2983.31
1188.32	3014.59
1187.22	2943.33
1186.12	2938.16
1185.03	2946.65
1183.93	2998.4
1182.83	3029.63
1181.73	2967.55
1180.63	3001.06
1179.53	3043.65
1178.43	2861.07
1177.33	2912.76
1176.24	3044
1175.14	2977.45
1174.03	2935.92
1172.93	2998.92
1171.83	3034.63
1170.73	3036.26
1169.63	2962.97
1168.53	2939.65
1167.43	3023
1166.33	2938.41
1165.23	3026.27
1164.12	16071.7
1163.02	4349.28
1161.92	3169.46
1160.81	2939.86
1159.71	3140.93
1158.61	2972.6
1157.5	3012.75
1156.4	2892.09
1155.3	3074.88
1154.19	2981.42
1153.09	3091.7
1151.98	3084.26
1150.88	2970.49
1149.77	3137.24
1148.67	2978.28
1147.56	3072.62
1146.46	2970.25
1145.35	2996.74
1144.24	3016.45
1143.14	2966.11
1142.03	2972.26
1140.92	3080.03
1139.81	3068.09
1138.71	3051.64
1137.6	2981.04
1136.49	2984.93
1135.38	3092.57
1134.27	3064.86
1133.17	3073.23
1132.06	3090.62
1130.95	2999.81
1129.84	3107.34
1128.73	3095.42
1127.62	3126.3
1126.51	3028.81
1125.4	3104.72
1124.29	3065.8
1123.18	3094.41
1122.07	3154.5
1120.95	3036.86
1119.84	2988.99
1118.73	3132.27
1117.62	3003.47
1116.51	3202.87
1115.39	2972.99
1114.28	2983.59
1113.17	3088.53
1112.05	3056.44
1110.94	3118.66
1109.83	3156.17
1108.71	3133.06
1107.6	3033.67
1106.48	3127.25
1105.37	3151.26
1104.26	3072.11
1103.14	3223.91
1102.02	3008.05
1100.91	3162.04
1099.79	3141.21
1098.68	3046.46
1097.56	3072.69
1096.44	3197.43
1095.33	3178.85
1094.21	3146.84
1093.09	2926.88
1091.98	3060.5
1090.86	3149.32
1089.74	3115.11
1088.62	3071.97
1087.5	3176.38
1086.39	3117.6
1085.27	3161.63
1084.15	3109.58
1083.03	3062.02
1081.91	3132.83
1080.79	3154.49
1079.67	3274.35
1078.55	3320.52
1077.43	3130.17
1076.31	3087.13
1075.19	3211.36
1074.06	3076.9
1072.94	2989.32
1071.82	3149.15
1070.7	3193.05
1069.58	3107.72
1068.45	3200.6
1067.33	3028.46
1066.21	3259.36
1065.09	3093.95
1063.96	3293.58
1062.84	3210.56
1061.72	3247.7
1060.59	3037.96
1059.47	3286.34
1058.34	3152.27
1057.22	3318.29
1056.09	3268.7
1054.97	3179.14
1053.84	3280.64
1052.72	3175.57
1051.59	3214.86
1050.46	3274.11
1049.34	3344.44
1048.21	3157.35
1047.08	3221.01
1045.96	3209.24
1044.83	3170.86
1043.7	3192.35
1042.57	3198.33
1041.44	3164.41
1040.32	3163.74
1039.19	3174.14
1038.06	3231.04
1036.93	3166.15
1035.8	3083.57
1034.67	3186.94
1033.54	3248.21
1032.41	3300.62
1031.28	3251.26
1030.15	3257.2
1029.02	3192.4
1027.89	3333.18
1026.76	3255.12
1025.62	3250.01
1024.49	3227.23
1023.36	3153.67
1022.23	3141.96
1021.1	3339.97
1019.96	3341.46
1018.83	3166.43
1017.7	3267.24
1016.56	3356.98
1015.43	3281.29
1014.3	3269.57
1013.16	3308.55
1012.03	3195.45
1010.89	3192.57
1009.76	3180.87
1008.62	3195.61
1007.49	3236.77
1006.35	3284.51
1005.22	3272.81
1004.08	3349.13
1002.94	3359.42
1001.81	3213.53
1000.67	3287.61
999.533	3245.14
998.396	3334.57
997.258	3316.28
996.12	3282.62
994.982	3303.89
993.844	3169.21
992.706	3199.28
991.567	3192.01
990.428	3250.59
989.288	3335.48
988.149	3308.44
987.009	3298.96
985.869	3375.01
984.729	3431.3
983.588	3299.04
982.448	12257.6
981.307	4301.17
980.166	3329.79
979.024	3348.79
977.882	3242.97
976.74	3297.01
975.598	3235.02
974.456	3229.96
973.313	3196.45
972.17	3394.82
971.027	3356.92
969.884	3155.05
968.74	3388.27
967.596	3300.13
966.452	3358.42
965.308	3418.87
964.163	3308.94
963.018	3415.23
961.873	3322.81
960.728	3271.89
959.582	3284.29
958.436	3248.68
957.29	3433.4
956.144	3229.84
954.997	3338.17
953.85	3278.6
952.703	3358.54
951.556	3244.52
950.408	3439.89
949.261	3345.5
948.113	3303.41
946.964	3396.32
945.816	3295.47
944.667	3249.06
943.518	3307.11
942.369	3310.76
941.219	3307.87
940.069	3368.05
938.919	3415.15
937.769	3403.55
936.618	3502.78
935.468	3428.17
934.317	3440.46
933.165	3411.5
932.014	3410.77
930.862	3449.11
929.71	3513.48
928.558	3300.09
927.405	3529.33
926.253	3402.78
925.1	3358.69
923.947	3425.17
922.793	3415.77
921.639	3181.01
920.485	3373.14
919.331	3370.25
918.177	3378.19
917.022	3435.93
915.867	3435.19
914.712	3404.16
913.556	3329.86
912.401	3467.59
911.245	3523.08
910.088	3401.24
908.932	3406.99
907.775	3242
906.618	3405.53
905.461	3335.67
904.304	3507.75
903.146	3291.05
901.988	3365.91
900.83	3425.63
899.672	3414.1
898.513	3309.8
897.354	3589.52
896.195	3532.68
895.035	3402.55
893.876	3511.76
892.716	3381.69
891.556	3368.03
890.395	3612.91
889.234	3409.66
888.074	3383.09
886.912	3468.48
885.751	3370.88
884.589	3299.13
883.427	3386.64
882.265	3405.27
881.103	3389.49
879.94	3539.27
878.777	3383.73
877.614	3395.9
876.451	3386.57
875.287	3302.06
874.123	3372.23
872.959	3483.17
871.794	3379.37
870.63	3488.12
869.465	3521.7
868.3	3471.6
867.134	3367.88
865.969	3491.55
864.803	3527.25
863.637	3552.22
862.47	3452.86
861.303	3426.4
860.136	3447.09
858.969	3493.47
857.802	3524.84
856.634	3461.99
855.466	3345.66
854.298	3533.27
853.13	3596.69
851.961	3647.26
850.792	3537.4
849.623	3451.11
848.453	3523.05
847.284	3357.72
846.114	3645.47
844.944	3475.91
843.773	3481.57
842.602	3384.72
841.431	3439.5
840.26	3637.28
839.089	3508.45
837.917	3494.89
836.745	3357.61
835.573	3388.88
834.4	3597.11
833.228	3545.17
832.055	3540.14
830.881	3473.32
829.708	3572.7
828.534	3525.07
827.36	3445.52
826.186	3383.04
825.012	3503.63
823.837	3502.88
822.662	3517.02
821.487	3520.51
820.311	3424.05
819.135	3533.88
817.959	3513.98
816.783	3542.98
815.606	3425.34
814.43	3488.34
813.253	3330.41
812.075	3571.77
810.898	3577.37
809.72	3447.12
808.542	3569.46
807.364	3492.31
806.185	3483.07
805.006	3471.71
803.827	3490.04
802.648	3641.92
801.468	3427.07
800.289	3479.3
799.108	3529.4
797.928	3475.68
796.747	3544.81
795.567	3406.43
794.386	3526.34
793.204	3472.68
792.023	3524.82
790.841	3401.37
789.659	3345.65
788.476	3522.53
787.293	3570.39
786.111	3635.14
784.927	3465.31
783.744	3432.87
782.56	3497.6
781.376	3351.14
780.192	3508.76
779.008	3446.79
777.823	3517.79
776.638	3405.21
775.453	3566.89
774.267	3481.76
773.082	3415.65
771.896	3505.55
770.71	3627.02
769.523	3615.7
768.336	3570.68
767.149	3553.06
765.962	3529.13
764.775	3635.73
763.587	3586.53
762.399	3634.15
761.21	3629.16
760.022	3504.27
758.833	3633.89
757.644	3670.95
756.455	3697.48
755.265	3564.28
754.075	3494.17
752.885	3419.89
751.695	3631.27
750.504	3666.17
749.313	3556.22
748.122	3719.15
746.931	3617.62
745.739	3669.29
744.547	3666.39
743.355	3768.35
742.163	3664.8
740.97	3661.91
739.777	3795.24
738.584	3825.84
737.39	3961.17
736.197	4054.55
735.003	3928.04
733.808	3992.08
732.614	4091.68
731.419	4011.27
730.224	3949.73
729.029	3712.53
727.833	3761.91
726.638	3798.72
725.441	3856.42
724.245	3771.99
723.049	3683.42
721.852	3672.18
720.655	3740.3
719.457	3635.09
718.26	3584.2
717.062	3572.98
715.864	3709.92
714.665	3684.08
713.467	3683.28
712.268	3596.98
711.069	3694.18
709.869	3701.72
708.669	3686.33
707.469	3664.69
706.269	3626.4
705.069	3517.32
703.868	3668.54
702.667	3574.07
701.466	3789.73
700.264	3574.6
699.062	3740.24
697.86	3712.38
696.658	3630.48
695.455	3669.19
694.253	3624.74
693.049	3642.66
691.846	3652.25
690.642	3632.76
689.439	3644.43
688.234	3753.67
687.03	3649.07
685.825	3805.99
684.62	3734.62
683.415	3731.73
682.21	3830.46
681.004	3626.43
679.798	3671.25
678.592	3718.11
677.385	3516.31
676.178	3681.27
674.971	3771.6
673.764	5646.85
672.556	9831.7
671.349	5646.46
670.14	4732.63
668.932	4634.36
667.724	4920.87
666.515	5225.86
665.305	5867.73
664.096	4770.88
662.886	4649.97
661.676	5863.89
660.466	5090.01
659.256	5260.32
658.045	5381
656.834	5483.04
655.623	5558.21
654.411	4613.98
653.199	3756.81
651.987	3786.92
650.775	3761.35
649.562	3715.17
648.35	3780.32
647.136	3740.34
645.923	3708.62
644.709	3798.44
643.495	3853.21
642.281	3776.19
641.067	3793.89
639.852	3698.39
638.637	3864.25
637.422	3811.97
636.206	3792.63
634.991	3721.88
633.774	3825.92
632.558	3913.46
631.342	3758.49
630.125	3913.8
628.908	3851.33
627.69	3792.98
626.473	3835.27
625.255	3776.95
624.036	3722.77
622.818	3754.78
621.599	3856.53
620.38	3802.36
619.161	3920.45
617.942	3841.69
616.722	3877.74
615.502	3743.7
614.281	3714.2
613.061	3907.97
611.84	3755.58
610.619	3730.18
609.398	3803.05
608.176	3812.45
606.954	3872.99
605.732	3863.96
604.509	3693.38
603.287	3737.55
602.064	3847.11
600.84	3848.31
599.617	3841.34
598.393	3593.31
597.169	3776.34
595.945	3822.48
594.72	3760.39
593.495	3843.25
592.27	3789.35
591.045	3904.81
589.819	3995.73
588.593	3725.68
587.367	3928.74
586.14	3740.35
584.913	3977.96
583.686	3830.39
582.459	3839.74
581.232	3800.2
580.004	3815.65
578.776	3804.63
577.547	3893.35
576.319	3778.55
575.09	3891.64
573.86	4010.78
572.631	3763.85
571.401	3864.68
570.171	3937
568.941	3986.93
567.71	3906.82
566.48	3944.56
565.249	3961.97
564.017	3952.97
562.786	3895.27
561.554	3932.97
560.322	3788.05
559.089	3977.89
557.856	3845.2
556.623	3838.27
555.39	3890.13
554.157	3891.3
552.923	3910.71
551.689	3919.97
550.454	3935.31
549.22	4064.04
547.985	3947.75
546.75	3845.68
545.514	3820.55
544.279	4088.79
543.043	3982.71
541.806	3921.16
540.57	3958.71
539.333	3961.88
538.096	3944.84
536.859	4077.32
535.621	3953.2
534.383	3982.63
533.145	4014.05
531.907	3960.68
530.668	3864.95
529.429	3908.49
528.19	4006.48
526.95	4108.46
525.711	4214.43
524.47	4203.42
523.23	4498.78
521.99	4870.59
520.749	5161.64
519.507	5285.39
518.266	5046.59
517.024	4699.18
515.782	4277.45
514.54	4260.4
513.298	4164.9
512.055	4184.09
510.812	4181.16
509.568	3906.78
508.325	4072.77
507.081	3981.43
505.837	4123.21
504.592	4058.02
503.347	3944.64
502.102	3991.97
500.857	4079.42
499.612	3990.2
498.366	4041.49
497.12	4152.95
495.873	3975.52
494.627	4012.75
493.38	4104.08
492.133	4115.2
490.885	3821.7
489.637	4073.31
488.389	4002.3
487.141	4091.54
485.892	4144.69
484.644	4171.8
483.394	4028.78
482.145	4123.94
480.895	4025
479.645	3950.11
478.395	4213.18
477.145	4118.29
475.894	3947.48
474.643	4198.39
473.391	4153.51
472.14	3992.8
470.888	4059.81
469.636	3981.05
468.383	4030.07
467.13	4101.02
465.877	4092.13
464.624	4133.11
463.371	4060.4
462.117	4133.28
460.863	4034.68
459.608	3997.91
458.353	4018.95
457.099	3980.21
455.843	4009.2
454.588	4095.92
453.332	4122.89
452.076	4114.01
450.82	4113.1
449.563	4102.24
448.306	4172.93
447.049	4181.95
445.791	4081.62
444.534	4038.97
443.276	4065.89
442.017	4037.18
440.759	4221.01
439.5	4005.6
438.241	4115.89
436.981	4063.37
435.722	4068.42
434.462	4190.54
433.201	4213.41
431.941	4117.28
430.68	4148.09
429.419	4293.86
428.157	4286.96
426.896	4143.34
425.634	4100.82
424.372	4171.21
423.109	4182.16
421.846	4139.66
420.583	4031.86
419.32	4102.2
418.056	4267.48
416.792	4217.08
415.528	4202.3
414.264	4223.11
412.999	4046.25
411.734	4197.52
410.469	4151.14
409.203	4154.17
407.937	4240.14
406.671	4104.93
405.405	4145.48
404.138	4150.47
402.871	4173.23
401.604	4225.56
400.336	4183.2
