2075.45	1891.11
2073.8	1866.84
2072.16	1869.39
2070.51	1806.77
2068.86	1874.5
2067.21	1764.94
2065.56	1859.91
2063.9	1851.86
2062.25	1789.32
2060.6	1873.62
2058.95	1871.63
2057.3	1772.83
2055.64	1910
2053.99	1877.77
2052.34	1836.48
2050.68	1882.86
2049.03	1841.6
2047.37	1872.85
2045.72	1864.83
2044.06	1844.74
2042.4	1868.43
2040.75	1860.42
2039.09	1813.19
2037.43	1817.26
2035.77	1849.98
2034.11	1834.45
2032.46	1811.39
2030.8	1782.31
2029.14	1825.55
2027.48	1810.04
2025.82	1835.19
2024.15	1846.78
2022.49	1753.03
2020.83	1833.83
2019.17	1804.81
2017.51	1805.87
2015.84	1843.01
2014.18	1759.9
2012.52	1845.11
2010.85	1853.68
2009.19	1806.67
2007.52	1782.21
2005.86	1811.8
2004.19	1827.87
2002.52	1800.42
2000.86	1831.48
1999.19	1807.05
1997.52	1785.62
1995.86	1780.69
1994.19	1808.74
1992.52	1829.28
1990.85	1834.83
1989.18	1747.54
1987.51	1774.07
1985.84	1727.24
1984.17	1813.62
1982.5	1811.7
1980.83	1833.7
1979.15	1762.98
1977.48	1805.92
1975.81	1805.49
1974.14	1961.96
1972.46	1833.02
1970.79	1704.14
1969.11	1803.78
1967.44	1761.56
1965.76	1789.5
1964.09	1766.7
1962.41	1763.3
1960.74	1768.85
1959.06	1738.62
1957.38	1768.02
1955.71	1752.71
1954.03	1776.14
1952.35	1777.21
1950.67	1742.55
1948.99	1701.94
1947.31	1774.49
1945.63	1721.98
1943.95	1749.86
1942.27	1691.43
1940.59	1707.4
1938.91	1741.21
1937.23	1755.67
1935.55	1709.19
1933.86	1744.46
1932.18	1752.97
1930.5	1681.28
1928.81	1790.78
1927.13	1670.12
1925.45	1686.06
1923.76	1691.61
1922.08	1783.2
1920.39	1714.57
1918.71	1668.21
1917.02	1696
1915.33	1731.19
1913.64	1813.78
1911.96	1702.25
1910.27	1737.41
1908.58	1707.4
1906.89	1708.5
1905.2	1675.55
1903.51	1713.64
1901.82	1686.63
1900.13	1705.48
1898.44	1690.3
1896.75	1657.4
1895.06	1717.63
1893.37	1736.46
1891.68	1679.92
1889.99	1613.07
1888.29	1738.24
1886.6	1697.99
1884.91	1690.23
1883.21	1710.51
1881.52	1748.49
1879.82	1709.75
1878.13	1762.46
1876.43	1658.86
1874.74	1696.82
1873.04	1725.92
1871.34	1684.28
1869.65	1669.17
1867.95	1573.06
1866.25	1672.85
1864.55	1749.04
1862.86	1650.03
1861.16	1654.08
1859.46	1696.39
1857.76	1712.19
1856.06	1636.81
1854.36	1640.86
1852.66	1712.53
1850.96	1775.35
1849.25	1745.58
1847.55	1715.82
1845.85	1694.88
1844.15	1653.39
1842.44	1570.82
1840.74	1667.35
1839.04	1621.49
1837.33	1687.16
1835.63	1675.06
1833.92	1640.97
1832.22	1710.98
1830.51	1682.76
1828.81	1666.28
1827.1	1695.22
1825.4	1681.67
1823.69	1729.63
1821.98	1647.26
1820.27	1627.87
1818.56	1653.87
1816.86	1616.93
1815.15	1667.78
1813.44	1674.74
1811.73	1667.06
1810.02	1649.16
1808.31	1619.57
1806.6	1591.46
1804.89	1643.71
1803.18	1633.14
1801.46	1605.04
1799.75	1611.99
1798.04	1653.98
1796.33	1558.76
1794.61	1605.12
1792.9	1638.33
1791.19	1621.94
1789.47	1652.22
1787.76	1615.41
1786.04	1657.34
1784.33	1655.53
1782.61	1554.64
1780.89	1606.76
1779.18	1637
1777.46	1691.98
1775.74	1659.59
1774.02	1598.11
1772.31	1573.04
1770.59	1680.36
1768.87	1645.1
1767.15	1650.56
1765.43	1631.31
1763.71	1604.8
1761.99	1608.82
1760.27	1617.2
1758.55	1589.26
1756.83	1546.8
1755.11	1662.64
1753.38	1634.71
1751.66	1634.37
1749.94	1532.44
1748.22	1604.66
1746.49	1662.34
1744.77	1615.59
1743.05	1609.45
1741.32	1652.6
1739.6	1682.69
1737.87	1599.74
1736.14	1608.1
1734.42	1619.35
1732.69	1658.11
1730.97	1696.85
1729.24	1638.59
1727.51	1613.65
1725.78	1672.63
1724.05	1641.91
1722.33	1653.13
1720.6	1665.8
1718.87	1645.21
1717.14	1650.65
1715.41	1592.5
1713.68	1610.95
1711.95	1681.4
1710.22	1649.27
1708.49	1614.28
1706.75	1641.37
1705.02	1695.87
1703.29	1627.7
1701.56	1660.54
1699.82	1627.02
1698.09	1671.39
1696.36	1665.28
1694.62	1628.89
1692.89	1683.32
1691.15	1670
1689.42	1666.77
1687.68	1660.67
1685.94	1647.36
1684.21	1655.66
1682.47	1632.29
1680.73	1701.02
1679	1633.05
1677.26	1642.78
1675.52	1615.11
1673.78	1647.85
1672.04	1679.14
1670.3	1612.67
1668.56	1651.14
1666.82	1626.37
1665.08	1705.04
1663.34	1688.89
1661.6	1677.06
1659.86	1718.34
1658.12	1683.54
1656.37	1670.28
1654.63	1667.07
1652.89	1755.65
1651.15	1642
1649.4	1744.89
1647.66	1786.1
1645.91	1801.5
1644.17	1793.96
1642.42	1757.78
1640.68	1797.52
1638.93	1804.31
1637.19	1718.04
1635.44	1719.12
1633.69	1680.12
1631.95	1716.98
1630.2	1750.96
1628.45	1737.72
1626.7	1771.69
1624.95	1781.33
1623.2	1749.52
1621.45	1746.3
1619.71	1780.23
1617.96	1738.44
1616.2	1742.37
1614.45	1847.67
1612.7	1783.05
1610.95	1832.64
1609.2	1840.83
1607.45	1886.1
1605.69	1901.41
1603.94	1822.58
1602.19	1830.76
1600.43	1860.32
1598.68	1915.52
1596.93	1926.53
1595.17	1889.09
1593.42	1895.83
1591.66	1898.29
1589.9	1823.86
1588.15	1866.19
1586.39	1830.23
1584.63	1933.73
1582.88	1911.99
1581.12	1846.17
1579.36	1915.47
1577.6	1839.73
1575.84	1928.9
1574.08	1844.66
1572.33	1864.17
1570.57	1818.33
1568.81	1915.96
1567.04	1884.32
1565.28	1878.26
1563.52	1876.45
1561.76	1894.52
1560	1881.36
1558.24	1863.95
1556.47	1806.84
1554.71	1839.08
1552.95	1779.16
1551.18	1808.56
1549.42	1738.76
1547.65	1833.33
1545.89	1810.29
1544.12	1792.92
1542.36	1801.05
1540.59	1826.16
1538.83	1691.33
1537.06	1775.88
1535.29	1759.96
1533.52	1749.69
1531.76	1695.6
1529.99	1751.8
1528.22	1748.62
1526.45	1847.19
1524.68	1728.12
1522.91	1722.11
1521.14	1772.61
1519.37	1755.3
1517.6	1753.53
1515.83	1791.28
1514.06	1737.28
1512.29	1694.6
1510.52	1697.07
1508.74	1754.55
1506.97	1742.91
1505.2	1787.66
1503.42	1749.24
1501.65	1691.1
1499.87	1678.07
1498.1	1655.19
1496.32	1687.24
1494.55	1661.55
1492.77	1682.32
1491	1620.05
1489.22	1609.86
1487.44	1619.38
1485.67	1713.29
1483.89	1621.53
1482.11	1639.47
1480.33	1693.96
1478.55	1695.02
1476.77	1666.56
1475	1705.56
1473.22	1682.73
1471.43	1638.85
1469.65	1672.21
1467.87	1591.85
1466.09	1681.35
1464.31	1666.97
1462.53	1691.87
1460.75	1621.4
1458.96	1663.13
1457.18	1702.04
1455.4	1649.83
1453.61	1683.12
1451.83	1628.13
1450.04	1664.22
1448.26	1649.87
1446.47	1757.35
1444.69	1643.59
1442.9	1739.82
1441.12	1642.91
1439.33	1645.36
1437.54	1601.66
1435.75	1557.97
1433.97	1610.79
1432.18	1650.99
1430.39	1643.66
1428.6	1632.14
1426.81	1567.54
1425.02	1546.26
1423.23	1635.32
1421.44	1566.56
1419.65	1543.9
1417.86	1567.31
1416.07	1590.71
1414.27	1542.94
1412.48	1537.04
1410.69	1606.45
1408.9	1581.02
1407.1	1583.48
1405.31	1563.64
1403.51	1662.24
1401.72	1641
1399.92	1671.3
1398.13	1630.57
1396.33	1614.91
1394.54	1581.17
1392.74	1583.63
1390.94	1604.17
1389.15	1640
1387.35	1634.09
1385.55	1598.99
1383.75	1632.02
1381.95	1560.8
1380.15	1586.87
1378.35	1575.43
1376.55	1613.99
1374.75	1542.83
1372.95	1600.82
1371.15	1594.93
1369.35	1602.93
1367.55	1581.78
1365.75	1545.38
1363.94	1604.69
1362.14	1619.61
1360.34	1647
1358.54	1602.3
1356.73	1650.47
1354.93	1615.48
1353.12	1580.51
1351.32	1559.41
1349.51	1597.85
1347.71	1615.51
1345.9	1622.09
1344.09	1648.04
1342.29	1714.1
1340.48	1677.78
1338.67	1854.43
1336.86	1809.8
1335.05	1897.88
1333.24	1878.13
1331.43	1863.92
1329.62	1979.57
1327.81	1979.15
1326	2007.73
1324.19	2057
1322.38	1950.29
1320.57	2020.26
1318.76	1898.42
1316.95	1966.99
1315.13	1900.37
1313.32	1813.11
1311.51	1807.21
1309.69	1757.21
1307.88	1723.77
1306.06	1665.54
1304.25	1706.51
1302.43	1627.66
1300.62	1674.12
1298.8	1603.57
1296.98	1553.68
1295.17	1557.48
1293.35	1489.75
1291.53	1516.94
1289.71	1517.99
1287.9	1532.79
1286.08	1430.75
1284.26	1475.79
1282.44	1537.3
1280.62	1450.44
1278.8	1447.39
1276.98	1407.26
1275.15	1397.35
1273.33	1431.36
1271.51	1437.92
1269.69	1469.16
1267.87	1403.02
1266.04	1412.31
1264.22	1405.16
1262.39	1429.53
1260.57	1415.52
1258.74	1431.65
1256.92	1414.91
1255.09	1437.89
1253.27	1367.75
1251.44	1370.2
1249.61	1404.12
1247.79	1386.03
1245.96	1388.46
1244.13	1363.55
1242.3	1424.79
1240.48	1513.34
1238.65	1366.77
1236.82	1361.01
1234.99	1378.47
1233.16	1390.47
1231.33	1369.69
1229.49	1413.08
1227.66	1304.94
1225.83	1412.47
1224	1349.4
1222.17	1377.75
1220.33	1423.83
1218.5	1359.43
1216.67	1352.32
1214.83	1324.77
1213	1344.92
1211.16	1290.14
1209.33	1344.34
1207.49	1277.32
1205.65	1263.43
1203.82	1254.99
1201.98	1231.58
1200.14	1346.96
1198.3	1365.71
1196.47	1268.85
1194.63	1287.61
1192.79	1317.24
1190.95	1307.44
1189.11	1368.3
1187.27	1286.49
1185.43	1273.99
1183.59	1333.45
1181.75	1372.53
1179.9	1317.94
1178.06	1338.01
1176.22	1290.23
1174.38	1317.08
1172.53	1286.95
1170.69	1252.77
1168.84	1297.23
1167	1303.72
1165.15	1238.4
1163.31	1280.12
1161.46	1281.2
1159.62	1243
1157.77	1229.19
1155.92	1251.93
1154.08	1184
1152.23	1239.2
1150.38	1264.63
1148.53	1189.97
1146.68	1204.58
1144.83	1263.79
1142.98	1277.02
1141.13	1276.74
1139.28	1227.83
1137.43	1203.25
1135.58	1284
1133.73	1208.12
1131.87	1272.63
1130.02	1260.21
1128.17	1258.58
1126.31	1250.21
1124.46	1286.33
1122.6	1271.22
1120.75	1238.59
1118.89	1266.61
1117.04	1211.1
1115.18	1213.52
1113.33	1225.37
1111.47	1153.75
1109.61	1226.17
1107.75	1180.15
1105.89	1228.32
1104.04	1171.55
1102.18	1249.28
1100.32	1228.84
1098.46	1190.93
1096.6	1198.72
1094.74	1164.87
1092.88	1247.89
1091.01	1199.26
1089.15	1198.99
1087.29	1158.45
1085.43	1109.88
1083.56	1120.37
1081.7	1167.07
1079.84	1182.9
1077.97	1169.22
1076.11	1123.38
1074.24	1139.21
1072.38	1203.27
1070.51	1211.04
1068.64	1147.82
1066.78	1191.75
1064.91	1096.43
1063.04	1160.43
1061.17	1133.4
1059.3	1126.46
1057.43	1144.93
1055.56	1120.6
1053.69	1119.01
1051.82	1116.08
1049.95	1142.56
1048.08	1143.64
1046.21	1123.34
1044.34	1077.68
1042.47	1077.44
1040.59	1097.22
1038.72	1131.67
1036.85	1108.73
1034.97	1160.5
1033.1	1162.9
1031.22	1097.31
1029.35	1141.05
1027.47	1056.83
1025.59	1131.2
1023.72	1150.92
1021.84	1070.75
1019.96	1126.43
1018.09	1107.54
1016.21	1195.12
1014.33	1130.98
1012.45	1158.66
1010.57	1159.73
1008.69	1118.24
1006.81	1112.67
1004.93	1136.34
1003.05	1153.35
1001.16	1125.19
999.281	1168.76
997.398	1160.53
995.515	1143
993.632	1089.65
991.748	1088.08
989.863	1014.86
987.978	1132.67
986.093	1115.17
984.207	1080.45
982.321	1027.18
980.434	1102.48
978.547	1032.01
976.659	1136.41
974.772	1105.69
972.883	1077.63
970.994	1117.09
969.105	1124.78
967.215	1078.21
965.325	1074
963.435	1150.44
961.544	1089.37
959.652	1134.05
957.76	1067.72
955.868	1126.92
953.975	1109.49
952.082	1130.36
950.188	1073.33
948.294	1069.12
946.4	1047.76
944.505	1088.42
942.609	1032.77
940.714	1048.35
938.817	1065.25
936.921	1061.05
935.023	1002.82
933.126	1067.14
931.228	1065.58
929.329	1027.14
927.43	1065.08
925.531	1013.5
923.631	1047.48
921.731	1009.08
919.83	1027.26
917.929	991.518
916.028	1026.78
914.126	992.37
912.223	994.767
910.32	998.476
908.417	1037.65
906.513	1001.95
904.609	1025.35
902.704	983.105
900.799	1016.99
898.894	1018.07
896.988	1058.49
895.081	1017.59
893.174	995.067
891.267	1043.33
889.359	1022.12
887.451	1020.57
885.542	1001.99
883.633	1008.31
881.723	1029.02
879.813	985.582
877.903	1018.07
875.992	978.578
874.081	1004.51
872.169	1008.19
870.256	964.815
868.344	968.51
866.43	980.042
864.517	961.522
862.603	956.071
860.688	950.623
858.773	954.316
856.858	989.331
854.942	995.622
853.026	978.428
851.109	997.762
849.192	916.681
847.274	919.072
845.356	994.449
843.437	961.639
841.518	970.531
839.599	936.439
837.679	932.311
835.758	959.429
833.837	970.915
831.916	956.373
829.994	950.943
828.072	886.99
826.149	916.686
824.226	945.068
822.303	944.845
820.379	918.634
818.454	918.416
816.529	929.887
814.604	899.803
812.678	895.696
810.751	821.509
808.825	864.131
806.897	902.842
804.97	924.674
803.042	907.6
801.113	919.05
799.184	909.761
797.254	897.884
795.324	914.51
793.394	883.212
791.463	941.264
789.532	859.492
787.6	886.464
785.667	868.14
783.735	942.956
781.801	910.402
779.868	897.257
777.934	895.751
775.999	905.875
774.064	926.331
772.128	865.403
770.193	865.197
768.256	911.468
766.319	864.784
764.382	877.482
762.444	877.273
760.506	884.803
758.567	934.882
756.628	852.151
754.688	897.059
752.748	844.013
750.807	891.477
748.866	898.992
746.925	845.984
744.983	892.126
743.04	855.876
741.097	895.56
739.154	976.391
737.21	1084.19
735.266	1139.22
733.321	1313.78
731.376	1363.58
729.43	1236.06
727.484	1179.24
725.537	1076.22
723.59	980.945
721.643	913.96
719.695	872.674
717.746	899.409
715.797	841.471
713.848	897.697
711.898	826.965
709.947	824.204
707.997	841.947
706.045	789.217
704.094	797.994
702.141	850.307
700.189	806.574
698.235	846.06
696.282	795.95
694.328	834.14
692.373	826.266
690.418	851.643
688.463	772.176
686.507	848.679
684.55	843.364
682.593	827.832
680.636	828.911
678.678	803.174
676.72	801.705
674.761	842.354
672.802	796.216
670.842	850.88
668.882	841.748
666.921	789.269
664.96	878.313
662.998	800.36
661.036	830.748
659.074	847.109
657.111	854.547
655.147	816.145
653.183	829.952
651.219	801.755
649.254	810.469
647.288	809.003
645.322	798.635
643.356	765.387
641.389	838.928
639.422	827.289
637.454	814.386
635.486	777.355
633.517	825.425
631.548	830.305
629.579	808.528
627.609	789.3
625.638	777.693
623.667	782.58
621.695	797.609
619.723	813.899
617.751	770.61
615.778	790.7
613.805	796.845
611.831	843.516
609.856	821.788
607.882	781.081
605.906	742.925
603.93	732.625
601.954	750.16
599.978	732.274
598	715.661
596.023	774.903
594.045	712.791
592.066	746.735
590.087	771.82
588.107	729.96
586.127	675.493
584.147	667.758
582.166	729.436
580.184	693.934
578.202	718.996
576.22	742.785
574.237	687.133
572.254	651.675
570.27	719.569
568.286	694.199
566.301	720.485
564.316	714.017
562.33	703.774
560.344	725.004
558.357	700.921
556.37	764.916
554.382	744.609
552.394	712.995
550.406	724.139
548.416	692.544
546.427	725.051
544.437	709.802
542.447	689.537
540.456	723.277
538.464	705.529
536.472	737.993
534.48	746.601
532.487	687.462
530.494	692.315
528.5	699.674
526.506	747.144
524.511	774.539
522.516	858.306
520.52	944.539
518.524	928.033
516.527	768.795
514.53	758.598
512.533	720.872
510.535	669.401
508.536	695.512
506.537	685.342
504.538	682.679
502.538	702.518
500.537	644.863
498.536	689.69
496.535	680.783
494.533	700.604
492.531	692.947
490.528	661.576
488.525	602.766
486.521	622.586
484.517	622.439
482.512	643.492
480.507	659.548
478.501	654.407
476.495	634.313
474.489	672.787
472.482	641.488
470.474	617.676
468.466	648.656
466.458	690.824
464.449	620.973
462.439	675.569
460.429	655.509
458.419	632.97
456.408	653.957
454.397	611.543
452.385	635.01
450.373	633.619
448.36	643.407
446.347	612.211
444.333	625.724
442.319	635.507
440.304	619.227
438.289	606.675
436.274	636.302
434.258	628.713
432.241	624.847
430.224	623.461
428.207	625.794
426.189	609.543
424.171	624.264
422.152	588.207
420.132	623.973
418.113	591.646
416.092	612.546
414.072	611.166
412.05	607.313
410.029	620.775
408.007	586.014
405.984	632.847
403.961	582.035
401.937	614.022
399.913	601.529
397.889	607.564
395.864	587.67
393.839	573.957
391.813	614.547
389.786	624.275
387.76	576.026
385.732	646.185
383.704	620.145
381.676	567
379.648	552.082
377.618	620.949
375.589	635.588
373.559	613.275
371.528	579.892
369.497	589.607
367.466	598.086
365.434	636.09
363.401	618.724
361.368	565.701
359.335	570.49
357.301	586.34
355.267	613.243
353.232	605.731
351.197	599.451
349.161	579.665
347.125	588.128
345.089	617.456
343.052	595.225
341.014	603.679
338.976	603.542
336.938	583.782
334.899	588.555
332.86	593.325
330.82	622.606
328.779	622.465
326.739	610.075
324.698	671.176
322.656	634.29
320.614	603.542
318.571	664.603
316.528	647.323
314.485	643.507
312.441	628.686
310.396	623.653
308.351	644.298
306.306	667.377
304.26	672.117
302.214	701.289
300.167	687.696
298.12	735.17
296.073	698.379
294.025	707.989
291.976	700.509
289.927	719.876
287.878	711.177
285.828	769.56
283.778	746.223
281.727	786.287
279.676	758.081
277.624	795.688
275.572	815.005
273.519	813.608
271.466	809.776
269.413	869.253
267.359	832.547
265.304	890.776
263.249	917.347
261.194	941.474
259.138	961.943
257.082	984.834
255.026	980.973
252.969	1024.51
250.911	1065.6
248.853	1061.72
246.795	1095.5
244.736	1066.12
242.676	1064.68
240.617	1062.02
238.556	1135.81
236.496	1084.61
234.435	1074.68
232.373	1086.57
230.311	1093.61
228.249	1071.56
226.186	1028.91
224.123	1092.91
222.059	1058.76
219.995	1082.75
217.93	1047.41
215.865	1015.71
213.8	1008.23
211.734	1003.18
209.667	1002.96
207.6	974.931
205.533	1017.05
203.466	973.31
201.397	910.246
