2001.48	12384.2
2000.55	12537.1
1999.61	12159.1
1998.68	12567.1
1997.75	12763
1996.82	12487
1995.88	12693.6
1994.95	12817.1
1994.02	12597.5
1993.08	12319.1
1992.15	11984.6
1991.22	12159
1990.28	12145.9
1989.35	12205
1988.41	12119.7
1987.48	12031.7
1986.55	12085.5
1985.61	12433.4
1984.68	12334.7
1983.74	12257.4
1982.81	12225.6
1981.87	12298
1980.93	12097.9
1980	12298.5
1979.06	12186.6
1978.13	12480.5
1977.19	12083
1976.25	12376.9
1975.32	12582.6
1974.38	12185.2
1973.44	12524.2
1972.5	12508.4
1971.57	12641.9
1970.63	12362.2
1969.69	12325.1
1968.75	12354.6
1967.81	12568
1966.88	12648.1
1965.94	12728.2
1965	12936
1964.06	12544.8
1963.12	12880.3
1962.18	12662.2
1961.24	12545.3
1960.3	12763.6
1959.36	12614.8
1958.42	12955.3
1957.48	12503.5
1956.54	12633.9
1955.6	12886.5
1954.66	12687.4
1953.72	12488.3
1952.78	12995.7
1951.84	12879
1950.89	12480.8
1949.95	13083.6
1949.01	12913.8
1948.07	12823.7
1947.13	12853
1946.18	12911.4
1945.24	12712.6
1944.3	12845.3
1943.35	13089.3
1942.41	13274.9
1941.47	12771.5
1940.52	13052.4
1939.58	12946.5
1938.64	12938.6
1937.69	13023.5
1936.75	12917.6
1935.8	12888.6
1934.86	13224.7
1933.91	13148
1932.97	12939.1
1932.02	13301.5
1931.08	12846.8
1930.13	13235.4
1929.18	13034.6
1928.24	13306.8
1927.29	12973.9
1926.35	13261.9
1925.4	13124.6
1924.45	13283.1
1923.5	13254
1922.56	13053.5
1921.61	13259.3
1920.66	13238.2
1919.71	13037.8
1918.77	13438.7
1917.82	13528.3
1916.87	13494
1915.92	13217.2
1914.97	13343.7
1914.02	13351.6
1913.07	13296.2
1912.13	13351.5
1911.18	13406.8
1910.23	12996.1
1909.28	14217.3
1908.33	15159.2
1907.38	15271.9
1906.43	17481
1905.47	15478.9
1904.52	16285.6
1903.57	15204.6
1902.62	16392.1
1901.67	26305.8
1900.72	17313
1899.77	17057.4
1898.81	15163.2
1897.86	14661.3
1896.91	14096.7
1895.96	13658.2
1895.01	13812.9
1894.05	13673.7
1893.1	13657.9
1892.15	13749.6
1891.19	13607.9
1890.24	13864.7
1889.28	13862
1888.33	13964
1887.38	14094.8
1886.42	13921.8
1885.47	13995
1884.51	13918.9
1883.56	13793.1
1882.6	13868.8
1881.65	13651.5
1880.69	13923.5
1879.74	13905
1878.78	13949.3
1877.82	13970.1
1876.87	14100.6
1875.91	13912.2
1874.95	13959.1
1874	14256.8
1873.04	14068.5
1872.08	13979.5
1871.12	14305.7
1870.17	14161.9
1869.21	14125.1
1868.25	14417.2
1867.29	13929.1
1866.33	14328
1865.38	13978.3
1864.42	14272.7
1863.46	14100.4
1862.5	14227.9
1861.54	14240.7
1860.58	14224.9
1859.62	14305.4
1858.66	14701
1857.7	14336.1
1856.74	14096.4
1855.78	14405.9
1854.82	14632
1853.86	14387.1
1852.9	14371.3
1851.94	14339.8
1850.97	14417.5
1850.01	14601.8
1849.05	14533.9
1848.09	14718.1
1847.13	14367.1
1846.16	14636.9
1845.2	14626.2
1844.24	14314.3
1843.27	14674.9
1842.31	14578.5
1841.35	14591.2
1840.38	14619.4
1839.42	14434.9
1838.46	14582.4
1837.49	14831
1836.53	14706.2
1835.56	14623
1834.6	14892.1
1833.63	15057.5
1832.67	14982
1831.7	14919.4
1830.74	15025.2
1829.77	14892.8
1828.81	14941.6
1827.84	15008.4
1826.87	15062.4
1825.91	15103.3
1824.94	14976.2
1823.97	14900.8
1823.01	15389
1822.04	15008.5
1821.07	14863.4
1820.1	15297.1
1819.14	14816.1
1818.17	14882.9
1817.2	14967.7
1816.23	14980.2
1815.26	14881.7
1814.29	14982
1813.32	15172.5
1812.36	15066.2
1811.39	14957.5
1810.42	15132.4
1809.45	15116.5
1808.48	15095.4
1807.51	15074.4
1806.54	15086.8
1805.57	15197.1
1804.59	15219.8
1803.62	15021.1
1802.65	15365.6
1801.68	15035.7
1800.71	15166.5
1799.74	15374.4
1798.77	15271
1797.79	15057.1
1796.82	15272.6
1795.85	15251.5
1794.88	15006.9
1793.9	15409.9
1792.93	15293.7
1791.96	15352.3
1790.98	15277.3
1790.01	15379.5
1789.04	15402.1
1788.06	15396.5
1787.09	15093.2
1786.11	15374.9
1785.14	15448.8
1784.16	15543.1
1783.19	15173.4
1782.21	15467.7
1781.24	15392.8
1780.26	15261.6
1779.29	15294.4
1778.31	15350.3
1777.33	15260.1
1776.36	15436.3
1775.38	15489.5
1774.4	15522.2
1773.43	15708.4
1772.45	15306.2
1771.47	15469.4
1770.49	15527.6
1769.52	15233.1
1768.54	15393.6
1767.56	16124
1766.58	23290.7
1765.6	32214.6
1764.63	22604.4
1763.65	19880.3
1762.67	18512.9
1761.69	16620.2
1760.71	15769.6
1759.73	18073
1758.75	27891.1
1757.77	30035.7
1756.79	29267.2
1755.81	17229.9
1754.83	15814.3
1753.85	15614.9
1752.86	15581.1
1751.88	15333.5
1750.9	15931.5
1749.92	15604.9
1748.94	15864
1747.96	15568
1746.97	15778.7
1745.99	15620.3
1745.01	15469.6
1744.03	15970.1
1743.04	15946.5
1742.06	15862
1741.08	15820.6
1740.09	15797.1
1739.11	15557.7
1738.12	15999.1
1737.14	15696.2
1736.15	15751.4
1735.17	15854.9
1734.18	16161.3
1733.2	15703.8
1732.21	15842.7
1731.23	16070.4
1730.24	15813.5
1729.26	15734.3
1728.27	16116.5
1727.28	16153.8
1726.3	16145.5
1725.31	16040.9
1724.32	15873
1723.34	15887.5
1722.35	16180.6
1721.36	16159.6
1720.38	16318.3
1719.39	16069.6
1718.4	16010.6
1717.41	16108.6
1716.42	16118
1715.43	16041.4
1714.44	15987.6
1713.46	16204.3
1712.47	16029.2
1711.48	16326.6
1710.49	16325.9
1709.5	16234.2
1708.51	16162.7
1707.52	16331.1
1706.53	16327.8
1705.54	16218.5
1704.54	16359.1
1703.55	16363.3
1702.56	16213.8
1701.57	16427.3
1700.58	16338.3
1699.59	16355.2
1698.6	16457.7
1697.6	16487.1
1696.61	16556.9
1695.62	16722.3
1694.63	16346.2
1693.63	16619.8
1692.64	16432.8
1691.65	16713.8
1690.65	16979.6
1689.66	16626.5
1688.66	16628.2
1687.67	16715.4
1686.67	16734.6
1685.68	16510.1
1684.69	16690.2
1683.69	16669.2
1682.69	16786.4
1681.7	16710.2
1680.7	16895.1
1679.71	16994.6
1678.71	16946
1677.72	16746.8
1676.72	16660.7
1675.72	16915.6
1674.73	17117.9
1673.73	16976.5
1672.73	17063.3
1671.73	17275.4
1670.74	17259.4
1669.74	17210.8
1668.74	17312.5
1667.74	17286.5
1666.74	17182.8
1665.74	17469.7
1664.74	17566.3
1663.75	17467.6
1662.75	17609.2
1661.75	17643.1
1660.75	17882.1
1659.75	17558.5
1658.75	17714.9
1657.75	17731.3
1656.75	17905.1
1655.75	18111.3
1654.74	18142.6
1653.74	18131.5
1652.74	18180.2
1651.74	18089.2
1650.74	18464.8
1649.74	18538.5
1648.73	18342.6
1647.73	18999.8
1646.73	18821.4
1645.73	19144.2
1644.72	19162.7
1643.72	19086.6
1642.72	19264.6
1641.71	19370.3
1640.71	19428.6
1639.71	19775.8
1638.7	19557.7
1637.7	19461.6
1636.69	19786.2
1635.69	19625.4
1634.68	19668.7
1633.68	19759.2
1632.67	19715.4
1631.67	19669.1
1630.66	19481.2
1629.65	19472.3
1628.65	19480.8
1627.64	19573.7
1626.64	19189.7
1625.63	19153.6
1624.62	19008.2
1623.61	19063.9
1622.61	19022.8
1621.6	19085.9
1620.59	18633.1
1619.58	18651.6
1618.57	18831.3
1617.57	18656.4
1616.56	18466.8
1615.55	18577
1614.54	18310.6
1613.53	18086.4
1612.52	18152.1
1611.51	18341.5
1610.5	18424.4
1609.49	18215.3
1608.48	18362.5
1607.47	18096.5
1606.46	18231.4
1605.45	18245
1604.44	18369.8
1603.43	18460
1602.41	18441.4
1601.4	18509.4
1600.39	18589.6
1599.38	18571
1598.37	18737.6
1597.35	18904.1
1596.34	18801.5
1595.33	18921.1
1594.31	18734.7
1593.3	18713.6
1592.29	18549.5
1591.27	18634.5
1590.26	18630.7
1589.24	18538.1
1588.23	18876.9
1587.22	18806.5
1586.2	19024.4
1585.19	18796.4
1584.17	18800
1583.15	18943.9
1582.14	18789.9
1581.12	18805.7
1580.11	18789.6
1579.09	18620.9
1578.07	18619.6
1577.06	18869.1
1576.04	18870.1
1575.02	18760.6
1574.01	18584.8
1572.99	18910.2
1571.97	18835.1
1570.95	19128.4
1569.93	18810.2
1568.92	19162.4
1567.9	19310.6
1566.88	19309.1
1565.86	19874.4
1564.84	19924.3
1563.82	20297.9
1562.8	20394.2
1561.78	21152.4
1560.76	21684.9
1559.74	22011.2
1558.72	22849.5
1557.7	23471.8
1556.68	23388.7
1555.66	23956.8
1554.64	24147.8
1553.61	24412
1552.59	24282.3
1551.57	23893.2
1550.55	23844.3
1549.53	23132.7
1548.5	22773.5
1547.48	22196.9
1546.46	21891.8
1545.44	21469.5
1544.41	21010.7
1543.39	20486.2
1542.36	20555.3
1541.34	20043.3
1540.32	19865.9
1539.29	19717.9
1538.27	19550.4
1537.24	19382.9
1536.22	19191.2
1535.19	19209.2
1534.17	19105.3
1533.14	18977.1
1532.11	18861.1
1531.09	18869.5
1530.06	18721.9
1529.04	19090.7
1528.01	18750.8
1526.98	18868.6
1525.95	18755.3
1524.93	18895
1523.9	18932.5
1522.87	18651.3
1521.84	18623.2
1520.82	19071.6
1519.79	22123.3
1518.76	19097.8
1517.73	18926.2
1516.7	18864.1
1515.67	18712
1514.64	18858.8
1513.61	18794.2
1512.58	19093.8
1511.55	18956.4
1510.52	19454.8
1509.49	19150
1508.46	19228.5
1507.43	19418.6
1506.4	19414.6
1505.37	19677.2
1504.34	19605.3
1503.3	20018.1
1502.27	20108.4
1501.24	20249.6
1500.21	20444
1499.17	20495.5
1498.14	20617.2
1497.11	20905.8
1496.07	20865.2
1495.04	20880.3
1494.01	20559.2
1492.97	20767.7
1491.94	20538.6
1490.91	20664.9
1489.87	20556.8
1488.84	20354.5
1487.8	20422.8
1486.77	20698.7
1485.73	21906.5
1484.69	22184.5
1483.66	21641.7
1482.62	20816.8
1481.59	20848.8
1480.55	20649.1
1479.51	21119.9
1478.48	21098.7
1477.44	21537.9
1476.4	21629.9
1475.36	22162.8
1474.33	22721.9
1473.29	23131.5
1472.25	23899.8
1471.21	24443.8
1470.17	25996.1
1469.13	26801.8
1468.1	27662.4
1467.06	28926.9
1466.02	29887.8
1464.98	30280.8
1463.94	30531.8
1462.9	31138.4
1461.86	30853.3
1460.82	30686
1459.78	30456.3
1458.73	29892.8
1457.69	29058.3
1456.65	28185.7
1455.61	27351.8
1454.57	26432
1453.53	25610.8
1452.48	24921.9
1451.44	24159
1450.4	23669.7
1449.36	23262.1
1448.31	22464
1447.27	22339.6
1446.23	22275.1
1445.18	21767.5
1444.14	21866
1443.09	21794.5
1442.05	21634.4
1441.01	21431.3
1439.96	21515.4
1438.92	21168.9
1437.87	21334.3
1436.82	20980.8
1435.78	20952.6
1434.73	20568.2
1433.69	20470.8
1432.64	21212
1431.59	20460
1430.55	20107
1429.5	20463.5
1428.45	20120.2
1427.41	20216.3
1426.36	20135.8
1425.31	20005.2
1424.26	19855.6
1423.21	19703.6
1422.17	20026.2
1421.12	20198.5
1420.07	20068
1419.02	20071
1417.97	20269.4
1416.92	20212.8
1415.87	20249.1
1414.82	20359.2
1413.77	20712.1
1412.72	21100.5
1411.67	21415
1410.62	21974.4
1409.57	22597.7
1408.51	23099.6
1407.46	23729.6
1406.41	24509.1
1405.36	25240.8
1404.31	25534.9
1403.25	25646
1402.2	26049.3
1401.15	26051
1400.1	26366.1
1399.04	26139.9
1397.99	25776.2
1396.94	25452.9
1395.88	25037.3
1394.83	24804.5
1393.77	24993.8
1392.72	24948.3
1391.66	24791.5
1390.61	25087.3
1389.55	25458.8
1388.5	25586.2
1387.44	26637.1
1386.39	27372.6
1385.33	28294.9
1384.27	29186
1383.22	30143
1382.16	31639
1381.1	32349.1
1380.05	32406.3
1378.99	32985.9
1377.93	33437.7
1376.87	33494.6
1375.82	33076.5
1374.76	32965.7
1373.7	32491.3
1372.64	31672.2
1371.58	30971.6
1370.52	29950.2
1369.46	29243.2
1368.4	28944.6
1367.34	28101.2
1366.28	27522.3
1365.22	27132.2
1364.16	26702.3
1363.1	26536.5
1362.04	26472.1
1360.98	26461.9
1359.92	26423.4
1358.86	26300.2
1357.8	26504.3
1356.73	26348.1
1355.67	27147.6
1354.61	27532.5
1353.55	28147.9
1352.48	28833.5
1351.42	29660
1350.36	30528.5
1349.29	31582.2
1348.23	32950.5
1347.16	33592.1
1346.1	35105
1345.04	36203.9
1343.97	37260.1
1342.91	38334.7
1341.84	38575.5
1340.78	39356
1339.71	40021.2
1338.64	40080.9
1337.58	40114.8
1336.51	40008
1335.45	39348
1334.38	38207.8
1333.31	38127.2
1332.25	37285.3
1331.18	36275
1330.11	35632.9
1329.04	34651.5
1327.97	34222.9
1326.91	33181.4
1325.84	32428.1
1324.77	31778
1323.7	31153.9
1322.63	30855.2
1321.56	30247.9
1320.49	29776.5
1319.42	29550.6
1318.35	29250.1
1317.28	28365.7
1316.21	28144.9
1315.14	27265.8
1314.07	26671.8
1313	26339.5
1311.93	25914
1310.86	25763.9
1309.78	25278.1
1308.71	24764.4
1307.64	24563.4
1306.57	24248.3
1305.5	24303.8
1304.42	23963.2
1303.35	23713.6
1302.28	23643.5
1301.2	23657.2
1300.13	23305.3
1299.05	23777.7
1297.98	23584.2
1296.91	23565.3
1295.83	23858.2
1294.76	23732.3
1293.68	24176.1
1292.61	24359.4
1291.53	24526.3
1290.45	24672.3
1289.38	25001.7
1288.3	25358.8
1287.23	25685.7
1286.15	26205.1
1285.07	26610.5
1284	27719
1282.92	28578.7
1281.84	29287.3
1280.76	30065.2
1279.68	31125.7
1278.61	31671
1277.53	32267.1
1276.45	32478.2
1275.37	32362.5
1274.29	31860
1273.21	31443.4
1272.13	30550
1271.05	29951
1269.97	29021.2
1268.89	28378.7
1267.81	27019.3
1266.73	26405.3
1265.65	25601.9
1264.57	24833.5
1263.49	24396
1262.4	23776.1
1261.32	23447.6
1260.24	22705.7
1259.16	22557.8
1258.08	22102.8
1256.99	22063.5
1255.91	21645.7
1254.83	21532.7
1253.74	21482.1
1252.66	21080.8
1251.58	21055.6
1250.49	21143.5
1249.41	20754
1248.32	20968.7
1247.24	21031.1
1246.15	21137.3
1245.07	21010.8
1243.98	20981.1
1242.9	21089.5
1241.81	21009.1
1240.72	20977.1
1239.64	21037.2
1238.55	21555
1237.46	21276.8
1236.38	21322.9
1235.29	21688.6
1234.2	21654.2
1233.11	21447.4
1232.03	21528
1230.94	21757.8
1229.85	21512.1
1228.76	21470.8
1227.67	21241.3
1226.58	21376.9
1225.49	21372.4
1224.4	21581.3
1223.31	21631.9
1222.22	21402.6
1221.13	21375.2
1220.04	21405.1
1218.95	21689.4
1217.86	21829.2
1216.77	21822.4
1215.68	22012.5
1214.59	22163.6
1213.5	22216.2
1212.4	22584.7
1211.31	22428.9
1210.22	22749.1
1209.13	22716.9
1208.03	22757.9
1206.94	22931.5
1205.85	22853.5
1204.75	22992.7
1203.66	22768.5
1202.56	22798
1201.47	22640.2
1200.38	22436.7
1199.28	22343
1198.19	22299.5
1197.09	22114.5
1195.99	21856.5
1194.9	21774.4
1193.8	21507.5
1192.71	21181.4
1191.61	20869.2
1190.51	21300.2
1189.42	21177.2
1188.32	20717
1187.22	20573.7
1186.12	20733.4
1185.03	20469.4
1183.93	20187.4
1182.83	20142.2
1181.73	20131.1
1180.63	19997.2
1179.53	20022.6
1178.43	20086.6
1177.33	19950.5
1176.24	19791.7
1175.14	19878.5
1174.03	20090.2
1172.93	19831.5
1171.83	19681.9
1170.73	19873.1
1169.63	19616.9
1168.53	19764.9
1167.43	19751.6
1166.33	19622.7
1165.23	19761.5
1164.12	20065.8
1163.02	19676.1
1161.92	19851
1160.81	20091.7
1159.71	20046.6
1158.61	20114.9
1157.5	20346.3
1156.4	20545.8
1155.3	20618.5
1154.19	20867.7
1153.09	21003.6
1151.98	21438.2
1150.88	21739.1
1149.77	21974.3
1148.67	22143.8
1147.56	21637.2
1146.46	21560.3
1145.35	21824.7
1144.24	21451.8
1143.14	21474.4
1142.03	21302.7
1140.92	21318.6
1139.81	21357
1138.71	20957.5
1137.6	20905.7
1136.49	20826.8
1135.38	20680.3
1134.27	20556.4
1133.17	20522.8
1132.06	20383.2
1130.95	20590.7
1129.84	20597.7
1128.73	20174.3
1127.62	20447.1
1126.51	20503.6
1125.4	20211.1
1124.29	20440.9
1123.18	20139.5
1122.07	20416.5
1120.95	20187.3
1119.84	20054.8
1118.73	20066.3
1117.62	20329.6
1116.51	20127.5
1115.39	20166
1114.28	20119
1113.17	19647.6
1112.05	19636.7
1110.94	20070.4
1109.83	20070.6
1108.71	19745.4
1107.6	20012.8
1106.48	19916.6
1105.37	19607.3
1104.26	19849.8
1103.14	20027.2
1102.02	19565.8
1100.91	19776.8
1099.79	19615.7
1098.68	19625
1097.56	19423.8
1096.44	19263
1095.33	19487.2
1094.21	19319.7
1093.09	19496.9
1091.98	19602.4
1090.86	19558
1089.74	19522.5
1088.62	19753.2
1087.5	19657.3
1086.39	19644.2
1085.27	19729.5
1084.15	19794.5
1083.03	19701
1081.91	19560.6
1080.79	19768.6
1079.67	19826.9
1078.55	19802.6
1077.43	19896.6
1076.31	19658.2
1075.19	19460
1074.06	19763.5
1072.94	19679.1
1071.82	19926.8
1070.7	19503.7
1069.58	20014.1
1068.45	19909.7
1067.33	19829.7
1066.21	19821.1
1065.09	19894.8
1063.96	19821.6
1062.84	19735.1
1061.72	19980
1060.59	19722.2
1059.47	19862.6
1058.34	19805
1057.22	19927.5
1056.09	19807.7
1054.97	19919.1
1053.84	19954.8
1052.72	20159.3
1051.59	19890.9
1050.46	20053.1
1049.34	20175.4
1048.21	20108.9
1047.08	19996
1045.96	20590.6
1044.83	20116.1
1043.7	20484.3
1042.57	20491
1041.44	20484.4
1040.32	20579.8
1039.19	20342.8
1038.06	20502.4
1036.93	20870
1035.8	20728.3
1034.67	20885.5
1033.54	20991.7
1032.41	21080.1
1031.28	21119.9
1030.15	21038
1029.02	21203.8
1027.89	20980.5
1026.76	21364.9
1025.62	21384.7
1024.49	21400
1023.36	25624.7
1022.23	24614.6
1021.1	25229.7
1019.96	22719.3
1018.83	21789.9
1017.7	21928.7
1016.56	22025.5
1015.43	21976.7
1014.3	22115.3
1013.16	22026.9
1012.03	21834.9
1010.89	21684.8
1009.76	21700
1008.62	21849.5
1007.49	21679.8
1006.35	21787.4
1005.22	21796
1004.08	21404.1
1002.94	21219.1
1001.81	21650.1
1000.67	21003.3
999.533	21225.3
998.396	21168.1
997.258	20910.8
996.12	20765.7
994.982	20763.5
993.844	20908.4
992.706	20737.1
991.567	20550.5
990.428	21184.8
989.288	21064
988.149	21287.7
987.009	21226.1
985.869	21076.8
984.729	21429.7
983.588	21337.5
982.448	21769
981.307	21315.2
980.166	21461.8
979.024	21492.3
977.882	21220.6
976.74	21237.9
975.598	20955.4
974.456	20966.3
973.313	20845.8
972.17	21025.1
971.027	20526.4
969.884	20780
968.74	20869.6
967.596	21282.6
966.452	21081.4
965.308	21186.1
964.163	21050.5
963.018	20991.4
961.873	21351.5
960.728	21198.6
959.582	21130.7
958.436	21333.5
957.29	21217.7
956.144	21095.4
954.997	21199.9
953.85	21071.1
952.703	20925
951.556	20940.1
950.408	20961.8
949.261	21077.1
948.113	21002.9
946.964	20832.9
945.816	21085.3
944.667	21481.2
943.518	21559.3
942.369	21911.5
941.219	22128.6
940.069	21752.1
938.919	22401.7
937.769	22455.6
936.618	22611.6
935.468	23110.8
934.317	22595.4
933.165	22885.9
932.014	23109
930.862	23006.4
929.71	22804
928.558	22794.7
927.405	22629.3
926.253	22691.7
925.1	22376.8
923.947	22144.4
922.793	21827.5
921.639	21764.4
920.485	21439.1
919.331	21495.1
918.177	21109.4
917.022	20916.5
915.867	20550.5
914.712	20559.1
913.556	20422.7
912.401	20422.7
911.245	20662.7
910.088	20186.9
908.932	20295
907.775	20305.7
906.618	20422.4
905.461	20402.9
904.304	20452.5
903.146	20366.1
901.988	20331.5
900.83	20335.7
899.672	20372.4
898.513	20318.4
897.354	20398.2
896.195	20600.8
895.035	20579.1
893.876	20650.2
892.716	20279.3
891.556	20565.9
890.395	20251.3
889.234	20608.8
888.074	20447.1
886.912	20257.6
885.751	20397.5
884.589	20257.5
883.427	20261.7
882.265	20240.2
881.103	20091.7
879.94	20190.6
878.777	20229.3
877.614	20328.1
876.451	20169
875.287	19997.1
874.123	20381.6
872.959	20237.6
871.794	19979.9
870.63	20396.4
869.465	20067.9
868.3	20336.1
867.134	20181.6
865.969	20245.8
864.803	20331.5
863.637	20286.4
862.47	20650.7
861.303	20541.3
860.136	20652.6
858.969	20626.7
857.802	20725
856.634	20649.9
855.466	20365.1
854.298	20497.6
853.13	20403.4
851.961	20531.6
850.792	20176.4
849.623	20214.9
848.453	20387.9
847.284	20084.3
846.114	19883.4
844.944	20129.1
843.773	19992.3
842.602	19958.1
841.431	19992.2
840.26	19936.7
839.089	20011.4
837.917	19943.1
836.745	20318.5
835.573	20088
834.4	20000.5
833.228	19949.3
832.055	20230.6
830.881	19806.5
829.708	19913
828.534	19863.9
827.36	20079
826.186	19876.7
825.012	20034.2
823.837	20025.6
822.662	20044.7
821.487	20142.4
820.311	20097.7
819.135	20021
817.959	19995.5
816.783	19810.5
815.606	19942.2
814.43	19852.9
813.253	19959.1
812.075	19982.4
810.898	20285.9
809.72	20179.6
808.542	20003.4
807.364	19867.5
806.185	19986.3
805.006	19973.5
803.827	20068.8
802.648	20024.2
801.468	19729.5
800.289	19926.5
799.108	20057.8
797.928	19932.8
796.747	20025.9
795.567	20214.2
794.386	19987.6
793.204	20059.4
792.023	20677.1
790.841	20799.6
789.659	20875.4
788.476	21059.1
787.293	21056.6
786.111	21126.1
784.927	20774.9
783.744	20618.4
782.56	20689.9
781.376	20417.3
780.192	20265.1
779.008	20260.7
777.823	20558.1
776.638	20287.8
775.453	20224.3
774.267	20243.1
773.082	20004.7
771.896	20002.5
770.71	20594.6
769.523	20263.5
768.336	20250.7
767.149	20442.2
765.962	20479.9
764.775	20587
763.587	20837.2
762.399	20683.3
761.21	20826.1
760.022	21107.7
758.833	21021.1
757.644	21283.5
756.455	21621.5
755.265	21698.8
754.075	22122.7
752.885	22575.9
751.695	22938.5
750.504	23949.8
749.313	24746.6
748.122	26118
746.931	27765.9
745.739	30464.1
744.547	34071.5
743.355	39533.1
742.163	46923.3
740.97	55524
739.777	64047.5
738.584	72014.2
737.39	78021
736.197	81346.6
735.003	81548.7
733.808	77903.2
732.614	72465.6
731.419	64393.8
730.224	57310.9
729.029	49166.4
727.833	42388.9
726.638	36611.6
725.441	32293.6
724.245	28968.1
723.049	26318.8
721.852	24424.8
720.655	23396.2
719.457	22530.9
718.26	21908.1
717.062	21590.3
715.864	21251.7
714.665	21096.9
713.467	20808.6
712.268	20889.6
711.069	20818.4
709.869	20663.8
708.669	20690.5
707.469	20611
706.269	20450.3
705.069	20373
703.868	20322.7
702.667	20272.5
701.466	20309.7
700.264	20134.7
699.062	20151.1
697.86	20254.9
696.658	20576.9
695.455	20532.9
694.253	20561.7
693.049	21249.2
691.846	21574.9
690.642	21576.4
689.439	21667.2
688.234	22322.7
687.03	22459
685.825	22443.7
684.62	22106.9
683.415	22050.2
682.21	21502
681.004	21491.1
679.798	21376.6
678.592	20743.9
677.385	20840.9
676.178	20426.2
674.971	20604
673.764	20775.5
672.556	20419
671.349	20470.5
670.14	20716.4
668.932	20736.7
667.724	20699.1
666.515	20545.7
665.305	20731.4
664.096	20764.1
662.886	21338.2
661.676	21267.4
660.466	21390.9
659.256	21834.4
658.045	22310.7
656.834	22776.5
655.623	23077
654.411	23383.5
653.199	24183
651.987	24648
650.775	24791.1
649.562	25360.9
648.35	25522.3
647.136	25788.8
645.923	25686.3
644.709	26006.1
643.495	26047.8
642.281	25914.5
641.067	25779.1
639.852	25536.8
638.637	25438.6
637.422	25155.3
636.206	25300
634.991	25306.8
633.774	25075.1
632.558	25195
631.342	24984
630.125	24658
628.908	24584.8
627.69	24312.5
626.473	23915
625.255	23468.4
624.036	22757.3
622.818	22440.5
621.599	22248.9
620.38	21805.1
619.161	21314.4
617.942	21203.1
616.722	20643
615.502	20640.6
614.281	20619.6
613.061	20762.6
611.84	20606.5
610.619	20417.7
609.398	20452.2
608.176	20220.5
606.954	20375.7
605.732	20150.3
604.509	20107
603.287	20051.5
602.064	20071.6
600.84	20061.1
599.617	19972.9
598.393	20268.8
597.169	20352.2
595.945	20319.2
594.72	20022.8
593.495	20381.7
592.27	20516
591.045	20615.5
589.819	20329.5
588.593	20514.7
587.367	20604
586.14	20668.7
584.913	20904.7
583.686	21126.2
582.459	21327.3
581.232	21601.7
580.004	21806.6
578.776	22221.2
577.547	22208.2
576.319	22286.7
575.09	22438.4
573.86	22557.6
572.631	22444.9
571.401	22681.8
570.171	22534.6
568.941	22588.6
567.71	22626.3
566.48	23157.5
565.249	22695.5
564.017	23147.3
562.786	23040.7
561.554	23098.6
560.322	23357.3
559.089	23019.5
557.856	22620.9
556.623	22841
555.39	22609
554.157	22387.1
552.923	22203.9
551.689	22099.7
550.454	21874.1
549.22	22104.2
547.985	22071
546.75	21896.1
545.514	21939.8
544.279	21995.7
543.043	21958.5
541.806	21747.4
540.57	21813.4
539.333	21620.6
538.096	21678.4
536.859	21881.8
535.621	21951.7
534.383	21627.8
533.145	21550.3
531.907	21660.6
530.668	21512.5
529.429	21451.3
528.19	21624.1
526.95	21302.7
525.711	21699.3
524.47	22004.9
523.23	21949.7
521.99	22323.7
520.749	22739.8
519.507	22769.1
518.266	22415.7
517.024	22046.3
515.782	21850.2
514.54	21937.9
513.298	21705.7
512.055	21701
510.812	21523.2
509.568	21900.5
508.325	21702.7
507.081	21677.8
505.837	21735.3
504.592	21901.2
503.347	21886.4
502.102	21813.2
500.857	21848.6
499.612	21940.1
498.366	21929.2
497.12	21934.4
495.873	22017.8
494.627	21964.8
493.38	21931.9
492.133	22005.2
490.885	22068.5
489.637	22131.7
488.389	22257
487.141	22043.8
485.892	22559.6
484.644	22222.3
483.394	22155.3
482.145	22440.5
480.895	22527.6
479.645	22280.6
478.395	22255.7
477.145	22398.7
475.894	22279.8
474.643	22442.7
473.391	22435.8
472.14	22374.9
470.888	22611.5
469.636	22261.1
468.383	22385.9
467.13	22408.9
465.877	22378
464.624	22534.6
463.371	22274.4
462.117	22329.3
460.863	22639.3
459.608	22712
458.353	22507.7
457.099	22486.8
455.843	22545.5
454.588	22622.2
453.332	22593.3
452.076	22540.5
450.82	22607.1
449.563	22405.1
448.306	22684.6
447.049	22787
445.791	22630.8
444.534	22961.7
443.276	22646.6
442.017	22838.3
440.759	22853.1
439.5	23056.5
438.241	23069.3
436.981	23252.7
435.722	23128.5
434.462	23216.6
433.201	23312.6
431.941	23067.5
430.68	23111.9
429.419	23360.5
428.157	23416.8
426.896	23617.6
425.634	23442
424.372	23476.4
423.109	23465.3
421.846	23568.9
420.583	23728
419.32	23726.7
418.056	23600.7
416.792	23567.8
415.528	23578.4
414.264	23739.2
412.999	24099.6
411.734	23704.9
410.469	23571.2
409.203	23947.2
407.937	23827.3
406.671	23833.9
405.405	23911.5
404.138	23965.4
402.871	23977.8
401.604	23948.8
400.336	23752.2
