2075.45	3862.59
2073.8	3880.78
2072.16	3894.95
2070.51	4021.27
2068.86	3885.37
2067.21	3949.52
2065.56	3968.2
2063.9	3968.7
2062.25	3964.66
2060.6	3927.33
2058.95	3976.27
2057.3	3893.57
2055.64	3838.15
2053.99	3861.37
2052.34	3991.89
2050.68	3853.37
2049.03	3915.85
2047.37	3957.16
2045.72	3797.62
2044.06	3961.21
2042.4	3833.45
2040.75	3885.3
2039.09	3831.53
2037.43	3969.32
2035.77	3852.24
2034.11	3935.69
2032.46	3790.05
2030.8	3909.64
2029.14	3889.09
2027.48	3889.63
2025.82	3891.68
2024.15	3789.88
2022.49	3880.74
2020.83	3890.32
2019.17	3788.59
2017.51	3886.9
2015.84	3843.86
2014.18	3874.48
2012.52	3857.01
2010.85	3859.07
2009.19	3849.12
2007.52	3888.73
2005.86	3851.76
2004.19	3952.87
2002.52	3905.41
2000.86	3848.96
1999.19	3752.06
1997.52	3818.62
1995.86	3741.26
1994.19	3846.75
1992.52	3809.87
1990.85	3838.91
1989.18	3808.05
1987.51	3796.65
1985.84	3806.23
1984.17	3790.35
1982.5	3813.39
1980.83	3818.46
1979.15	3884.84
1977.48	3806.18
1975.81	3760.44
1974.14	3934.38
1972.46	3827.38
1970.79	3829.46
1969.11	3912.18
1967.44	3676.88
1965.76	3767.06
1964.09	3822.87
1962.41	3808.55
1960.74	3833.01
1959.06	3808.26
1957.38	3934.08
1955.71	3748.35
1954.03	3747.48
1952.35	3825.56
1950.67	3759.13
1948.99	3724.01
1947.31	3685.93
1945.63	3802.65
1943.95	3661.9
1942.27	3744.36
1940.59	3801.5
1938.91	3754.53
1937.23	3728.39
1935.55	3798.87
1933.86	3757.87
1932.18	3725.81
1930.5	3765.06
1928.81	3682.53
1927.13	3718.8
1925.45	3683.81
1923.76	3668.13
1922.08	3742.95
1920.39	3678.32
1918.71	3631.51
1917.02	3672.19
1915.33	3862.56
1913.64	3714.98
1911.96	3742.28
1910.27	3705.89
1908.58	3598.43
1906.89	3751.59
1905.2	3718.17
1903.51	3760.25
1901.82	3732.77
1900.13	3696.43
1898.44	3670.46
1896.75	3660.76
1895.06	3617.07
1893.37	3571.93
1891.68	3772.06
1889.99	3682.59
1888.29	3727.55
1886.6	3698.66
1884.91	3575.31
1883.21	3680.77
1881.52	3685.86
1879.82	3562.59
1878.13	3701.91
1876.43	3612.62
1874.74	3654.57
1873.04	3572.69
1871.34	3586.64
1869.65	3512.18
1867.95	3585.05
1866.25	3568.06
1864.55	3715.97
1862.86	3534.1
1861.16	3489.17
1859.46	3532.54
1857.76	3568.54
1856.06	3553.05
1854.36	3583.14
1852.66	3538.26
1850.96	3588.92
1849.25	3639.56
1847.55	3569.72
1845.85	3480.82
1844.15	3554.94
1842.44	3532.14
1840.74	3604.76
1839.04	3612.78
1837.33	3446.21
1835.63	3511.46
1833.92	3498.97
1832.22	3574.45
1830.51	3544.35
1828.81	3521.6
1827.1	3564.79
1825.4	3465.87
1823.69	3560.32
1821.98	3473.16
1820.27	3453.38
1818.56	3344.33
1816.86	3501.64
1815.15	3458.46
1813.44	3489.89
1811.73	3442.34
1810.02	3510.32
1808.31	3480.33
1806.6	3494.19
1804.89	3439.38
1803.18	3505.84
1801.46	3420.38
1799.75	3479.51
1798.04	3386.8
1796.33	3434.24
1794.61	3418.91
1792.9	3426.93
1791.19	3432.03
1789.47	3371.51
1787.76	3461.19
1786.04	3434.21
1784.33	3440.77
1782.61	3368.64
1780.89	3464.07
1779.18	3361.38
1777.46	3472.78
1775.74	3393.43
1774.02	3363.6
1772.31	3416.73
1770.59	3368
1768.87	3377.46
1767.15	3410.2
1765.43	3444.37
1763.71	3429.1
1761.99	3383.33
1760.27	3437.83
1758.55	3392.07
1756.83	3389.9
1755.11	3412.42
1753.38	3349.27
1751.66	3355.82
1749.94	3429.12
1748.22	3321.04
1746.49	3323.24
1744.77	3392.15
1743.05	3339.24
1741.32	3358.83
1739.6	3319
1737.87	3299.46
1736.14	3420.46
1734.42	3341.53
1732.69	3353.86
1730.97	3363.3
1729.24	3362.59
1727.51	3392.28
1725.78	3437.87
1724.05	3356.14
1722.33	3368.46
1720.6	3360.52
1718.87	3325.12
1717.14	3380.8
1715.41	3395.99
1713.68	3357.72
1711.95	3309.35
1710.22	3325.99
1708.49	3462.47
1706.75	3492.06
1705.02	3374.43
1703.29	3365.07
1701.56	3426.4
1699.82	3406.94
1698.09	3315.38
1696.36	3363.71
1694.62	3375.99
1692.89	3375.29
1691.15	3327.03
1689.42	3359.48
1687.68	3472.57
1685.94	3297.6
1684.21	3330.03
1682.47	3398.44
1680.73	3377.58
1679	3397.03
1677.26	3345.98
1675.52	3342.41
1673.78	3393.48
1672.04	3430.16
1670.3	3363.33
1668.56	3405.75
1666.82	3412.23
1665.08	3487.65
1663.34	3334.7
1661.6	3420.16
1659.86	3382.13
1658.12	3402.96
1656.37	3465.4
1654.63	3484.77
1652.89	3472.58
1651.15	3520.62
1649.4	3594.45
1647.66	3580.81
1645.91	3468.28
1644.17	3496.22
1642.42	3559.97
1640.68	3537.75
1638.93	3537.02
1637.19	3649.4
1635.44	3582.8
1633.69	3639.31
1631.95	3582.76
1630.2	3707.91
1628.45	3564.12
1626.7	3660.63
1624.95	3687.04
1623.2	3644.83
1621.45	3698.38
1619.71	3657.62
1617.96	3782.57
1616.2	3678.97
1614.45	3649.65
1612.7	3765.96
1610.95	3813.72
1609.2	3871.44
1607.45	3926.29
1605.69	3954.01
1603.94	3790.62
1602.19	3804.1
1600.43	3742.02
1598.68	3876.65
1596.93	3855.91
1595.17	3788.16
1593.42	3720.44
1591.66	3836.45
1589.9	3676.2
1588.15	3675.44
1586.39	3710.27
1584.63	3705.24
1582.88	3691.68
1581.12	3607
1579.36	3722.87
1577.6	3706.47
1575.84	3766.83
1574.08	3763.21
1572.33	3731.18
1570.57	3763.09
1568.81	3806.35
1567.04	3789.95
1565.28	3804.79
1563.52	3775.62
1561.76	3729.43
1560	3717.32
1558.24	3719.39
1556.47	3738.49
1554.71	3776.01
1552.95	3857.46
1551.18	4038.09
1549.42	4110.95
1547.65	4260.28
1545.89	4225.42
1544.12	4377.5
1542.36	4498.37
1540.59	4385.61
1538.83	4223.37
1537.06	3908.36
1535.29	3756.18
1533.52	3669.13
1531.76	3546.75
1529.99	3447.05
1528.22	3498.65
1526.45	3391.93
1524.68	3378.52
1522.91	3339.68
1521.14	3487.31
1519.37	3425.87
1517.6	3419.52
1515.83	3452.69
1514.06	3440.69
1512.29	3400.48
1510.52	3467.49
1508.74	3466.78
1506.97	3416.72
1505.2	3521.75
1503.42	3528.08
1501.65	3534.4
1499.87	3481.54
1498.1	3547.03
1496.32	3506.87
1494.55	3487.84
1492.77	3489.94
1491	3514.56
1489.22	3508.21
1487.44	3541.25
1485.67	3577.09
1483.89	3579.17
1482.11	3592.49
1480.33	3542.55
1478.55	3666.91
1476.77	3704.1
1475	3787.63
1473.22	3807.92
1471.43	3937.74
1469.65	3943.94
1467.87	4009.11
1466.09	4263.71
1464.31	4327.38
1462.53	4219.87
1460.75	4390.11
1458.96	4385
1457.18	4379.89
1455.4	4259.84
1453.61	4151.05
1451.83	4082.94
1450.04	4037.27
1448.26	3875.37
1446.47	3845.16
1444.69	3777.17
1442.9	3739.99
1441.12	3764.41
1439.33	3823.79
1437.54	3824.4
1435.75	3759.28
1433.97	3716.55
1432.18	3613.73
1430.39	3585.03
1428.6	3540.97
1426.81	3452.22
1425.02	3436.14
1423.23	3386.55
1421.44	3341.16
1419.65	3341.87
1417.86	3283.95
1416.07	3329.32
1414.27	3335.6
1412.48	3351.65
1410.69	3360.71
1408.9	3468.76
1407.1	3568.4
1405.31	3656.85
1403.51	3795.42
1401.72	3784.88
1399.92	3948.44
1398.13	4096.61
1396.33	4002.48
1394.54	3965.46
1392.74	4035.6
1390.94	3984.68
1389.15	3907.34
1387.35	3959.37
1385.55	3994.7
1383.75	4034.18
1381.95	4079.2
1380.15	4189.51
1378.35	4228.93
1376.55	4357.22
1374.75	4609.05
1372.95	4706.66
1371.15	5031.88
1369.35	5076.63
1367.55	5343.36
1365.75	5320.04
1363.94	5095.63
1362.14	4905.98
1360.34	4781.56
1358.54	4793.04
1356.73	4823.9
1354.93	5023.79
1353.12	4885.6
1351.32	4870.72
1349.51	4745.08
1347.71	4748.24
1345.9	4701.57
1344.09	4840.34
1342.29	4943.08
1340.48	5121.85
1338.67	5242.47
1336.86	5540
1335.05	5813.91
1333.24	5986.81
1331.43	6011.8
1329.62	6056.12
1327.81	5969.21
1326	5834.01
1324.19	5773.42
1322.38	5719.75
1320.57	5621.94
1318.76	5426.22
1316.95	5309.21
1315.13	5057.09
1313.32	4942.96
1311.51	4696.54
1309.69	4422.66
1307.88	4420.35
1306.06	4306.44
1304.25	4118.21
1302.43	4041.6
1300.62	3981.54
1298.8	4083.93
1296.98	3948.2
1295.17	3862.06
1293.35	3825.47
1291.53	3766.9
1289.71	3793.59
1287.9	3774.92
1286.08	3823.59
1284.26	3793.92
1282.44	3819.21
1280.62	3807.41
1278.8	3869.77
1276.98	3825.01
1275.15	3832.43
1273.33	3883.76
1271.51	3889.79
1269.69	3851.92
1267.87	3672.8
1266.04	3614.43
1264.22	3512.21
1262.39	3479.93
1260.57	3396.97
1258.74	3337.33
1256.92	3203.75
1255.09	3137.33
1253.27	3181.84
1251.44	2978.57
1249.61	3029.93
1247.79	3105.9
1245.96	3068.3
1244.13	2955.49
1242.3	2928.88
1240.48	2971.99
1238.65	2927.62
1236.82	3033.57
1234.99	3004.23
1233.16	2965.33
1231.33	3002.93
1229.49	2980.44
1227.66	2839.2
1225.83	2849.5
1224	2869.35
1222.17	2808.71
1220.33	2840.83
1218.5	2814.31
1216.67	2767.35
1214.83	2892.14
1213	3027.78
1211.16	3009.41
1209.33	2933.84
1207.49	2888.27
1205.65	2736.52
1203.82	2712.79
1201.98	2747.58
1200.14	2727.93
1198.3	2698.77
1196.47	2673.71
1194.63	2673.12
1192.79	2576.02
1190.95	2544.2
1189.11	2490.66
1187.27	2539.02
1185.43	2524.88
1183.59	2510.75
1181.75	2582.15
1179.9	2589.73
1178.06	2564.74
1176.22	2509.91
1174.38	2548.7
1172.53	2525.08
1170.69	2586.9
1168.84	2594.46
1167	2528.84
1165.15	2518.8
1163.31	2489.8
1161.46	2471.65
1159.62	2430.49
1157.77	2415.06
1155.92	2373.93
1154.08	2405.88
1152.23	2359.35
1150.38	2569.83
1148.53	2520.58
1146.68	2713.35
1144.83	2753.3
1142.98	2737.83
1141.13	2741.28
1139.28	2539.41
1137.43	2507.79
1135.58	2470.78
1133.73	2481.03
1131.87	2369.82
1130.02	2367.94
1128.17	2317.51
1126.31	2310.25
1124.46	2377.16
1122.6	2364.5
1120.75	2326.23
1118.89	2267.78
1117.04	2307.69
1115.18	2315.25
1113.33	2227.21
1111.47	2195.75
1109.61	2285.44
1107.75	2303.77
1105.89	2258.86
1104.04	2301.4
1102.18	2249.79
1100.32	2219.71
1098.46	2271.63
1096.6	2350.41
1094.74	2335.11
1092.88	2306.38
1091.01	2315.26
1089.15	2234.18
1087.29	2220.26
1085.43	2117.77
1083.56	2142.78
1081.7	2157.06
1079.84	2168.65
1077.97	2138.66
1076.11	2173.03
1074.24	2222.13
1072.38	2210.92
1070.51	2210.42
1068.64	2078.66
1066.78	2067.48
1064.91	2127.26
1063.04	2125.44
1061.17	2141.02
1059.3	2123.15
1057.43	2050.44
1055.56	2119.51
1053.69	2029.46
1051.82	2047.71
1049.95	2095.36
1048.08	2086.87
1046.21	2153.18
1044.34	2092.6
1042.47	2014.69
1040.59	2087.65
1038.72	2093.85
1036.85	2014.65
1034.97	2058.22
1033.1	2101.76
1031.22	2125.28
1029.35	2090.14
1027.47	2133.64
1025.59	2163.8
1023.72	2098.04
1021.84	2081.58
1019.96	2131.7
1018.09	2108.58
1016.21	2058.86
1014.33	2167.5
1012.45	2151.04
1010.57	2033.51
1008.69	2106.18
1006.81	2051.2
1004.93	2141.1
1003.05	2141.94
1001.16	2121.52
999.281	2063.93
997.398	2121.88
995.515	2077.59
993.632	2119.58
991.748	2004.98
989.863	2036.36
987.978	2030.59
986.093	2023.49
984.207	1980.6
982.321	2030.51
980.434	2007.52
978.547	2048.13
976.659	1953.62
974.772	1969.06
972.883	2009.64
970.994	1958.88
969.105	1926.67
967.215	1960.63
965.325	1991.92
963.435	1959.72
961.544	2031.98
959.652	1945.6
957.76	1961.01
955.868	2025.29
953.975	1979.91
952.082	1984.74
950.188	1957.87
948.294	1944.22
946.4	1947.73
944.505	1880
942.609	1884.84
940.714	1847.48
938.817	1869.46
936.921	1859.8
935.023	1867.27
933.126	1895.82
931.228	1874.31
929.329	2009.51
927.43	1894.5
925.531	1912.49
923.631	1894.94
921.731	1905.02
919.83	1967.71
917.929	1898.87
916.028	1895.8
914.126	1908.5
912.223	1866.01
910.32	1944.4
908.417	1909.8
906.513	1883.09
904.609	1883.96
902.704	1799.52
900.799	1852.9
898.894	1893.13
896.988	1859.9
895.081	1822.75
893.174	1914.09
891.267	1909.71
889.359	1991.82
887.451	2039.83
885.542	2018.39
883.633	1907.92
881.723	1807.98
879.813	1769.6
877.903	1690.67
875.992	1724.29
874.081	1705.57
872.169	1698.63
870.256	1687.77
868.344	1687.38
866.43	1650.39
864.517	1655.23
862.603	1746.27
860.688	1688.4
858.773	1686.7
856.858	1675.86
854.942	1725.05
853.026	1729.86
851.109	1657.72
849.192	1716.01
847.274	1673.88
845.356	1694.34
843.437	1597.52
841.518	1718.3
839.599	1607.18
837.679	1666.7
835.758	1585.6
833.837	1634.68
831.916	1617.38
829.994	1548.05
828.072	1630.92
826.149	1605.83
824.226	1528.75
822.303	1554.38
820.379	1587.79
818.454	1586.12
816.529	1592.24
814.604	1572.38
812.678	1595.38
810.751	1548.28
808.825	1616.68
806.897	1554.03
804.97	1538.1
803.042	1500.13
801.113	1550.33
799.184	1502.01
797.254	1508.13
795.324	1594.56
793.394	1499.65
791.463	1540.72
789.532	1526.12
787.6	1599.52
785.667	1560.32
783.735	1614.28
781.801	1536.3
779.868	1622.56
777.934	1602.79
775.999	1492.56
774.064	1516.75
772.128	1586.14
770.193	1504.41
768.256	1493.72
766.319	1573.39
764.382	1514.95
762.444	1562.32
760.506	1596.77
758.567	1693.1
756.628	1683.68
754.688	1651.05
752.748	1637.77
750.807	1732.71
748.866	1777.38
746.925	1824.6
744.983	1891.1
743.04	2095.29
741.097	2353.42
739.154	2933.03
737.21	3679.56
735.266	4262.44
733.321	4360.4
731.376	4234.69
729.43	3658.05
727.484	3075.27
725.537	2397.72
723.59	2050.48
721.643	1842.04
719.695	1617.01
717.746	1573
715.797	1461.03
713.848	1459.4
711.898	1423.15
709.947	1479.21
707.997	1413.5
706.045	1404.19
704.094	1435.88
702.141	1379.19
700.189	1412.14
698.235	1400.29
696.282	1343.65
694.328	1408.57
692.373	1442.77
690.418	1455.21
688.463	1484.27
686.507	1482.63
684.55	1432.44
682.593	1430.82
680.636	1397.27
678.678	1412.26
676.72	1413.2
674.761	1396.27
672.802	1352.55
670.842	1373.91
668.882	1383.78
666.921	1481.63
664.96	1366.55
662.998	1427.39
661.036	1410.49
659.074	1394.86
657.111	1362.69
655.147	1455.31
653.183	1467.69
651.219	1487.7
649.254	1456.81
647.288	1475.54
645.322	1494.26
643.356	1431.6
641.389	1446.51
639.422	1433.46
637.454	1434.39
635.486	1432.77
633.517	1367.67
631.548	1392.73
629.579	1396.2
627.609	1398.41
625.638	1314.34
623.667	1392.66
621.695	1401.21
619.723	1390.73
617.751	1365.04
615.778	1339.37
613.805	1292.18
611.831	1326.07
609.856	1266.24
607.882	1282.39
605.906	1256.77
603.93	1233.69
601.954	1182.8
599.978	1234.37
598	1213.84
596.023	1149.08
594.045	1232.22
592.066	1249.61
590.087	1239.21
588.107	1240.17
586.127	1256.29
584.147	1258.52
582.166	1245.59
580.184	1313.43
578.202	1313.11
576.22	1312.8
574.237	1338.96
572.254	1299.57
570.27	1291.7
568.286	1325.4
566.301	1320.05
564.316	1337.36
562.33	1292.98
560.344	1295.19
558.357	1278.52
556.37	1375.09
554.382	1340.8
552.394	1315.33
550.406	1250.9
548.416	1253.12
546.427	1282.97
544.437	1257.54
542.447	1257.24
540.456	1246.9
538.464	1244.09
536.472	1227.48
534.48	1232.21
532.487	1146.61
530.494	1197.76
528.5	1228.82
526.506	1244.82
524.511	1309.7
522.516	1385.82
520.52	1463.16
518.524	1342.58
516.527	1235.83
514.53	1211.75
512.533	1127.61
510.535	1107.33
508.536	1099.56
506.537	1136.82
504.538	1094.04
502.538	1096.28
500.537	1093.52
498.536	1063.27
496.535	1094.25
494.533	1050.28
492.531	1097.48
490.528	1066.01
488.525	1060.77
486.521	1049.29
484.517	1073.99
482.512	1056.27
480.507	1028.6
478.501	1009.66
476.495	1060.51
474.489	1034.1
472.482	1101.12
470.474	1009.95
468.466	996.016
466.458	1028.14
464.449	1077.68
462.439	1021.44
460.429	1017.47
458.419	1040.86
456.408	1048.07
454.397	1010.54
452.385	1010.3
450.373	1023.73
448.36	997.405
446.347	1024.49
444.333	1044.12
442.319	966.915
440.304	1023.77
438.289	1034.7
436.274	1017.09
434.258	1016.85
432.241	1048.85
430.224	1011.42
428.207	1013.66
426.189	996.082
424.171	1013.19
422.152	942.369
420.132	985.481
418.113	966.686
416.092	980.073
414.072	943.967
412.05	975.907
410.029	1021.43
408.007	919.82
405.984	915.898
403.961	994.774
401.937	951.302
399.913	985.667
397.889	979.264
395.864	1003.73
393.839	957.828
391.813	984.756
389.786	988.23
387.76	942.364
385.732	968.044
383.704	950.56
381.676	1002.11
379.648	934.103
377.618	937.584
375.589	1039.6
373.559	953.163
371.528	1000.96
369.497	984.729
367.466	999.271
365.434	995.352
363.401	996.354
361.368	940.786
359.335	1029.1
357.301	989.525
355.267	1032.31
353.232	987.846
351.197	1001.13
349.161	924.763
347.125	1046.11
345.089	1038.5
343.052	985.496
341.014	1062.57
338.976	1030.44
336.938	1032.66
334.899	1129.29
332.86	1068.97
330.82	1118.97
328.779	1048.88
326.739	1151.55
324.698	1114.54
322.656	1092.25
320.614	1118.94
318.571	1106.45
316.528	1180.84
314.485	1130.42
312.441	1165.64
310.396	1186.16
308.351	1116.21
306.306	1240.64
304.26	1197.59
302.214	1168
300.167	1260.57
298.12	1333.56
296.073	1334.49
294.025	1311
291.976	1393.7
289.927	1420.23
287.878	1444.31
285.828	1497.65
283.778	1508.3
281.727	1570.14
279.676	1644.13
277.624	1687.64
275.572	1698.23
273.519	1801.39
271.466	1874.05
269.413	1928.43
267.359	1906.09
265.304	1977.47
263.249	2141.29
261.194	2166.36
259.138	2274.12
257.082	2361.17
255.026	2437.24
252.969	2512.06
250.911	2606.28
248.853	2674.96
246.795	2690.17
244.736	2653.16
242.676	2719.36
240.617	2868.06
238.556	2749.73
236.496	2768.55
234.435	2710.95
232.373	2709.15
230.311	2708.57
228.249	2626.77
226.186	2555.92
224.123	2636.55
222.059	2556.04
219.995	2471.93
217.93	2498.04
215.865	2481.77
213.8	2429.2
211.734	2311.3
209.667	2274.51
207.6	2222.02
205.533	2234.85
203.466	2188.44
201.397	2105.78
