400.685	1025.27
402.399	1035.48
404.113	993.375
405.827	939.585
407.54	982.085
409.253	1027.52
410.965	999.982
412.677	1017.7
414.389	1000.37
416.101	991.797
417.812	993.449
419.523	1034.56
421.233	1027.45
422.944	961.864
424.654	998.602
426.363	1041.2
428.072	1015.08
429.781	1009.42
431.49	1006.69
433.198	1049.32
434.906	1015.86
436.614	1001.41
438.321	1029.43
440.028	1020.84
441.734	960.976
443.441	994.861
445.147	1005.31
446.852	1005.5
448.557	979.309
450.262	1038.15
451.967	1007.55
453.671	1029.75
455.375	969.794
457.079	1015.47
458.782	1015.67
460.485	970.354
462.188	991.097
463.89	1020.66
465.592	1050.23
467.294	1009.3
468.995	999.208
470.696	1100.81
472.397	995.182
474.097	1010.08
475.797	1011.74
477.497	1026.64
479.196	987.121
480.896	1021.15
482.594	1039.01
484.293	1017.13
485.991	1008.49
487.688	1060.23
489.386	992.679
491.083	1034.12
492.78	1018.11
494.476	1037.46
496.172	1064.19
497.868	998.057
499.564	1077.87
501.259	1097.25
502.954	1031.08
504.648	1063.74
506.342	1027.05
508.036	1084.81
509.73	1085.02
511.423	1101.47
513.116	1218.35
514.808	1277.66
516.5	1467.01
518.192	1982.99
519.884	2443
521.575	2331.13
523.266	1806.71
524.957	1274.7
526.647	1186.2
528.337	1179.03
530.026	1080.12
531.716	1124.73
533.405	1158.99
535.093	1132.56
536.782	1234.95
538.47	1174.47
540.157	1149.51
541.845	1182.33
543.532	1095.12
545.218	1135.35
546.905	1082.2
548.591	1101.68
550.277	1084.1
551.962	1119.9
553.647	1118.63
555.332	1133.69
557.016	1130.94
558.7	1123.73
560.384	1057.13
562.068	1134.56
563.751	1106.55
565.434	1077.05
567.116	1117.38
568.798	1071.52
570.48	1031.59
572.162	1086.8
573.843	1058.75
575.524	1024.75
577.205	1056.18
578.885	1057.87
580.565	1026.83
582.244	1003.21
583.924	1034.66
585.603	1022.95
587.281	1049.95
588.96	981.632
590.638	1068.23
592.315	1072.91
593.993	1079.07
595.67	1068.85
597.346	1060.1
599.023	1030.48
600.699	1029.19
602.375	1039.83
604.05	1045.99
605.725	1077.53
607.4	1059.83
609.075	1137.67
610.749	1079.65
612.423	1064.92
614.096	1150.27
615.769	1172.9
617.442	1153.7
619.115	1182.32
620.787	1197.49
622.459	1229.12
624.13	1223.38
625.802	1219.12
627.473	1177.46
629.143	1215.1
630.814	1216.83
632.484	1170.65
634.153	1176.87
635.823	1120.18
637.492	1121.89
639.161	1128.1
640.829	1044.4
642.497	1112.05
644.165	1124.25
645.832	1057
647.499	1100.69
649.166	1052.9
650.833	1095.11
652.499	1099.82
654.165	1073.01
655.83	1095.73
657.496	1130.47
659.16	1073.63
660.825	1051.3
662.489	1063.52
664.153	1072.74
665.817	1059.42
667.48	1071.65
669.143	1044.79
670.806	1076.56
672.468	1091.81
674.13	1082.99
675.792	1150.9
677.454	1083.4
679.115	1107.69
680.776	1122.95
682.436	1117.15
684.096	1151.99
685.756	1171.79
687.416	1128.33
689.075	1211.42
690.734	1222.2
692.392	1098.83
694.051	1133.71
695.708	1073.61
697.366	1149.23
699.023	1098.16
700.68	1133.07
702.337	1106.12
703.994	1088.22
705.65	1085.41
707.305	1091.65
708.961	1082.8
710.616	1152.49
712.271	1157.24
713.925	1145.37
715.579	1209.06
717.233	1245.57
718.887	1283.61
720.54	1350.39
722.193	1585.08
723.845	1874.32
725.498	2354.31
727.15	3005.5
728.801	3894.57
730.453	4681.04
732.104	5195.24
733.754	4793.37
735.405	4408.02
737.055	3469.51
738.705	2685.21
740.354	2100.68
742.003	1687.23
743.652	1545.03
745.301	1427.04
746.949	1313.55
748.597	1207.6
750.244	1244.25
751.892	1142.8
753.539	1117.21
755.185	1115.9
756.832	1082.71
758.478	1149.74
760.123	1107.43
761.769	1106.12
763.414	1060.74
765.059	1143.02
766.703	1134.11
768.347	1105.44
769.991	1076.75
771.635	1057.18
773.278	1116.71
774.921	1150.4
776.563	1159.75
778.206	1128.01
779.848	1105.38
781.489	1120.82
783.131	1105.8
784.772	1136.48
786.412	1136.69
788.053	1182.63
789.693	1156.94
791.333	1117.52
792.972	1126.88
794.611	1122.52
796.25	1015.95
797.889	1078.7
799.527	1109.42
801.165	1103.53
802.802	1100.69
804.44	1103.95
806.077	1088.88
807.713	1066.18
809.35	1098.46
810.986	1074.22
812.622	1129.45
814.257	1082.27
815.892	1106.94
817.527	1117.85
819.162	1183.83
820.796	1090.74
822.43	1126.14
824.063	1124.82
825.697	1083.71
827.329	1128.31
828.962	1113.21
830.595	1069.01
832.227	1162.65
833.858	1121.5
835.49	1097.2
837.121	1094.34
838.752	1063.89
840.382	1160.68
842.012	1108.76
843.642	1070.63
845.272	1080.03
846.901	1156.96
848.53	1161.78
850.159	1115.95
851.787	1163.76
853.415	1136.33
855.043	1142.69
856.67	1110.65
858.297	1086.28
859.924	1141.8
861.551	1137.41
863.177	1113.03
864.803	1096.32
866.428	1062.7
868.054	1118.27
869.679	1127.71
871.303	1151.01
872.928	1101.97
874.552	1143.75
876.175	1120.87
877.799	1193.46
879.422	1102.81
881.045	1136.91
882.667	1147.91
884.29	1121.92
885.911	1188.42
887.533	1179.39
889.154	1184.24
890.775	1233.81
892.396	1149.21
894.016	1164.85
895.636	1172.79
897.256	1220.85
898.876	1224.17
900.495	1278.44
902.114	1257.06
903.732	1271.2
905.351	1243.63
906.968	1194.42
908.586	1205.47
910.203	1231.97
911.82	1196.64
913.437	1196.87
915.054	1163.07
916.67	1181.85
918.285	1209.92
919.901	1227.17
921.516	1182.52
923.131	1205.96
924.746	1248
926.36	1223.45
927.974	1236.08
929.588	1203.77
931.201	1202.45
932.814	1190.28
934.427	1193.6
936.039	1224.84
937.651	1271.59
939.263	1219.09
940.875	1230.18
942.486	1275.41
944.097	1227.54
945.708	1339.53
947.318	1285.44
948.928	1279.47
950.538	1341.84
952.147	1399.56
953.756	1441.77
955.365	1508.86
956.974	1496.71
958.582	1475.23
960.19	1480.17
961.797	1450.91
963.405	1416.96
965.012	1373.67
966.618	1314.8
968.225	1319.71
969.831	1256.14
971.437	1327.99
973.042	1276.86
974.647	1309.8
976.252	1274.22
977.857	1360.15
979.461	1363.53
981.065	1363.78
982.669	1321.95
984.272	1319.08
985.875	1319.32
987.478	1360.13
989.081	1374.42
990.683	1405.89
992.285	1370.26
993.886	1359.59
995.488	1383.26
997.089	1389.77
998.689	1411.89
1000.29	1430.9
1001.89	1432.73
1003.49	1423.63
1005.09	1459.84
1006.69	1424.16
1008.29	1482.28
1009.89	1452.84
1011.48	1431.22
1013.08	1490.94
1014.68	1411.41
1016.28	1396.03
1017.87	1385.33
1019.47	1407.51
1021.07	1387.42
1022.66	1353.22
1024.26	1376.97
1025.86	1350.59
1027.45	1402.56
1029.05	1357.37
1030.64	1341.95
1032.23	1295.16
1033.83	1314.22
1035.42	1322.31
1037.02	1338.25
1038.61	1355.76
1040.2	1297.94
1041.79	1310.74
1043.39	1284.3
1044.98	1303.38
1046.57	1289.49
1048.16	1277.16
1049.75	1234.98
1051.34	1277.64
1052.93	1232.3
1054.52	1290.7
1056.11	1259.49
1057.7	1204.68
1059.29	1259.96
1060.88	1222.44
1062.47	1233.68
1064.06	1281.13
1065.65	1257.76
1067.24	1226.5
1068.82	1303.89
1070.41	1302.56
1072	1285.48
1073.58	1262.08
1075.17	1320.63
1076.76	1259.4
1078.34	1243.87
1079.93	1256.72
1081.51	1223.84
1083.1	1227.22
1084.68	1217.98
1086.27	1238.72
1087.85	1332.08
1089.43	1284.97
1091.02	1261.52
1092.6	1315.45
1094.18	1239.88
1095.77	1260.65
1097.35	1297.23
1098.93	1314.85
1100.51	1354.62
1102.09	1327.99
1103.67	1361.45
1105.26	1390.17
1106.84	1357.21
1108.42	1411.25
1110	1338.73
1111.58	1381.71
1113.15	1362.97
1114.73	1377.48
1116.31	1420.49
1117.89	1476.19
1119.47	1607.95
1121.05	1587.66
1122.62	1538.82
1124.2	1434.5
1125.78	1409.4
1127.35	1377.95
1128.93	1348.07
1130.51	1341.98
1132.08	1389.82
1133.66	1380.56
1135.23	1383.99
1136.81	1303.29
1138.38	1311.47
1139.96	1324.42
1141.53	1358.02
1143.1	1358.28
1144.68	1331.52
1146.25	1357.19
1147.82	1322.48
1149.4	1329.08
1150.97	1334.1
1152.54	1300.95
1154.11	1309.15
1155.68	1285.52
1157.25	1280.99
1158.83	1335.34
1160.4	1305.35
1161.97	1307.18
1163.54	1337.68
1165.11	1350.67
1166.68	1304.72
1168.24	1352.77
1169.81	1373.74
1171.38	1334.14
1172.95	1288.16
1174.52	1334.64
1176.08	1310.97
1177.65	1338.33
1179.22	1397.61
1180.79	1338.83
1182.35	1331.09
1183.92	1384.02
1185.48	1384.28
1187.05	1398.91
1188.61	1372.02
1190.18	1391.44
1191.74	1375.72
1193.31	1320.04
1194.87	1422.59
1196.44	1446.83
1198	1362.35
1199.56	1373.8
1201.13	1393.25
1202.69	1411.11
1204.25	1374.57
1205.81	1421.24
1207.37	1386.28
1208.94	1456.99
1210.5	1417.22
1212.06	1393.46
1213.62	1446.59
1215.18	1533.38
1216.74	1564.11
1218.3	1538.76
1219.86	1506.98
1221.42	1556.97
1222.98	1631.03
1224.53	1647.37
1226.09	1594.73
1227.65	1599.84
1229.21	1571.25
1230.77	1585.99
1232.32	1605.55
1233.88	1541.61
1235.44	1617.39
1236.99	1633.75
1238.55	1606.74
1240.1	1590.97
1241.66	1684.49
1243.21	1606.03
1244.77	1689.94
1246.32	1624.31
1247.88	1635.88
1249.43	1641
1250.99	1554.42
1252.54	1577.24
1254.09	1590.41
1255.64	1497.32
1257.2	1541.08
1258.75	1496.26
1260.3	1440.16
1261.85	1545.16
1263.4	1489.04
1264.96	1577.96
1266.51	1478.31
1268.06	1499.54
1269.61	1496.59
1271.16	1529.13
1272.71	1547.16
1274.26	1573.26
1275.8	1571.94
1277.35	1569
1278.9	1587.05
1280.45	1535.67
1282	1497.2
1283.55	1557.24
1285.09	1586.61
1286.64	1561.05
1288.19	1575.89
1289.73	1558.39
1291.28	1545.75
1292.83	1560.59
1294.37	1578.67
1295.92	1630.73
1297.46	1642.36
1299.01	1731.67
1300.55	1759.51
1302.09	1803.55
1303.64	1899.42
1305.18	1953.22
1306.73	1963.3
1308.27	2109.48
1309.81	2194.13
1311.35	2225.33
1312.9	2352.19
1314.44	2414.24
1315.98	2560.63
1317.52	2721.68
1319.06	2826.01
1320.6	2970.94
1322.14	3101.32
1323.68	3223.63
1325.22	3209.62
1326.76	3408.31
1328.3	3415.44
1329.84	3401.45
1331.38	3216.86
1332.92	3264.58
1334.46	3187.17
1335.99	3205.64
1337.53	3142.82
1339.07	2971.03
1340.61	2867.48
1342.14	2737.87
1343.68	2440.62
1345.22	2486.63
1346.75	2288.52
1348.29	2124.51
1349.82	1988.13
1351.36	1947.78
1352.89	1861.81
1354.43	1803.5
1355.96	1798.95
1357.5	1672.16
1359.03	1762.12
1360.56	1773.86
1362.1	1725.26
1363.63	1764.72
1365.16	1784.63
1366.69	1819.22
1368.23	1804.87
1369.76	1808.46
1371.29	1823.49
1372.82	1861.38
1374.35	1809.46
1375.88	1808.16
1377.41	1744.78
1378.94	1738.57
1380.47	1727.45
1382	1753.92
1383.53	1700.29
1385.06	1661.36
1386.59	1583.16
1388.12	1647.25
1389.64	1701.54
1391.17	1718.22
1392.7	1702.17
1394.23	1745.04
1395.75	1783.02
1397.28	1853.77
1398.81	1865.58
1400.33	1867.56
1401.86	1884.29
1403.38	1768.28
1404.91	1786.63
1406.43	1749.25
1407.96	1651.19
1409.48	1677.74
1411.01	1630.48
1412.53	1606.17
1414.05	1521.13
1415.58	1482.02
1417.1	1602.13
1418.62	1502.27
1420.14	1548.53
1421.67	1496.25
1423.19	1542.53
1424.71	1478.73
1426.23	1556.24
1427.75	1559.81
1429.27	1565.03
1430.79	1545.59
1432.31	1554.09
1433.83	1583.99
1435.35	1610.6
1436.87	1579.63
1438.39	1560.17
1439.91	1674.04
1441.43	1590.38
1442.95	1659.83
1444.47	1717.78
1445.98	1663.74
1447.5	1696.99
1449.02	1692.36
1450.53	1770.14
1452.05	1778.7
1453.57	1754.3
1455.08	1795.85
1456.6	1771.44
1458.11	1755.26
1459.63	1780.34
1461.14	1757.56
1462.66	1845.36
1464.17	1791.22
1465.69	1826.23
1467.2	1772.06
1468.71	1785.6
1470.23	1782.62
1471.74	1811.04
1473.25	1826.25
1474.77	1791.87
1476.28	1785.58
1477.79	1802.45
1479.3	1718.43
1480.81	1745.21
1482.32	1684.31
1483.83	1694.55
1485.34	1678.31
1486.85	1640.54
1488.36	1639.19
1489.87	1604.71
1491.38	1667.95
1492.89	1643.4
1494.4	1688.44
1495.91	1630.75
1497.42	1685.74
1498.93	1656.21
1500.43	1683.04
1501.94	1625.31
1503.45	1595.75
1504.96	1700.56
1506.46	1724.1
1507.97	1731.06
1509.47	1731.37
1510.98	1716.75
1512.49	1755.26
1513.99	1725.68
1515.5	1697.76
1517	1683.11
1518.5	1670.13
1520.01	1680.41
1521.51	1614.22
1523.02	1674.37
1524.52	1566.58
1526.02	1521.95
1527.53	1593.77
1529.03	1524.17
1530.53	1617.65
1532.03	1554.69
1533.53	1561.64
1535.03	1556.93
1536.54	1597.18
1538.04	1634.12
1539.54	1629.42
1541.04	1628.05
1542.54	1673.35
1544.04	1733.67
1545.54	1708.98
1547.04	1752.65
1548.53	1741.29
1550.03	1706.58
1551.53	1690.2
1553.03	1672.16
1554.53	1645.76
1556.02	1637.71
1557.52	1679.75
1559.02	1653.34
1560.52	1703.75
1562.01	1694.04
1563.51	1707.71
1565	1759.83
1566.5	1743.44
1568	1839.05
1569.49	1842.73
1570.99	1829.69
1572.48	1876.86
1573.97	1790.2
1575.47	1824
1576.96	1752.36
1578.45	1784.49
1579.95	1697.75
1581.44	1749.97
1582.93	1775.41
1584.43	1722.13
1585.92	1660.45
1587.41	1682.54
1588.9	1647.65
1590.39	1631.18
1591.88	1649.92
1593.37	1594.88
1594.86	1605.24
1596.35	1598.82
1597.84	1691.4
1599.33	1597.72
1600.82	1577.87
1602.31	1615.09
1603.8	1563.33
1605.29	1649.27
1606.78	1609.26
1608.27	1690.2
1609.75	1648.49
1611.24	1631.99
1612.73	1635.65
1614.22	1573.73
1615.7	1553.84
1617.19	1533.94
1618.67	1604.87
1620.16	1579.93
1621.65	1639.12
1623.13	1676.44
1624.62	1572.37
1626.1	1591.18
1627.59	1616.73
1629.07	1598.5
1630.55	1593.74
1632.04	1529.99
1633.52	1589.26
1635	1565.95
1636.49	1572.98
1637.97	1586.75
1639.45	1573.55
1640.93	1614.32
1642.42	1601.12
1643.9	1574.41
1645.38	1524.06
1646.86	1573.29
1648.34	1546.56
1649.82	1555.29
1651.3	1591.04
1652.78	1528.83
1654.26	1578.1
1655.74	1561.49
1657.22	1487.4
1658.7	1492.75
1660.18	1560.65
1661.65	1520.35
1663.13	1527.39
1664.61	1497.21
1666.09	1482.26
1667.56	1518.07
1669.04	1470.95
1670.52	1467.83
1671.99	1496.88
1673.47	1476.83
1674.95	1482.18
1676.42	1531.58
1677.9	1482.72
1679.37	1498.24
1680.85	1479.86
1682.32	1527.61
1683.8	1446.49
1685.27	1512.9
1686.74	1494.51
1688.22	1491.39
1689.69	1433.96
1691.16	1524.18
1692.64	1397.13
1694.11	1483.98
1695.58	1421.42
1697.05	1440.36
1698.52	1418.53
1700	1457.87
1701.47	1487.03
1702.94	1446.5
1704.41	1441.66
1705.88	1431.72
1707.35	1466
1708.82	1425.44
1710.29	1485.24
1711.76	1454.88
1713.23	1429.62
1714.69	1479.24
1716.16	1452.27
1717.63	1447.42
1719.1	1393.18
1720.57	1442.84
1722.03	1473.76
1723.5	1399.05
1724.97	1479.41
1726.43	1491.61
1727.9	1444.14
1729.37	1415.41
1730.83	1321.86
1732.3	1506.34
1733.76	1463.96
1735.23	1378.89
1736.69	1430.35
1738.16	1435.73
1739.62	1412.09
1741.08	1461.87
1742.55	1448.47
1744.01	1452.15
1745.47	1401.15
1746.94	1418.49
1748.4	1454.64
1749.86	1432.68
1751.32	1473.98
1752.79	1450.3
1754.25	1435.17
1755.71	1466.22
1757.17	1485.31
1758.63	1447.93
1760.09	1465.31
1761.55	1446.74
1763.01	1445.29
1764.47	1404.44
1765.93	1432.11
1767.39	1482.05
1768.85	1396.64
1770.31	1450.02
1771.76	1484.57
1773.22	1477.98
1774.68	1476.53
1776.14	1459.65
1777.6	1489.07
1779.05	1448.16
1780.51	1518.79
1781.97	1525.93
1783.42	1450.66
1784.88	1438.91
1786.33	1423.71
1787.79	1437.71
1789.24	1427.66
1790.7	1474.31
1792.15	1493.48
1793.61	1469.69
1795.06	1445.88
1796.52	1514.93
1797.97	1477.36
1799.42	1456.99
1800.88	1531.23
1802.33	1497.09
1803.78	1444.01
1805.23	1463.2
1806.69	1454.86
1808.14	1455.12
1809.59	1481.22
1811.04	1514.22
1812.49	1511.04
1813.94	1464.79
1815.39	1559.85
1816.84	1518.76
1818.29	1453.51
1819.74	1486.54
1821.19	1457.48
1822.64	1488.8
1824.09	1501.15
1825.54	1423.76
1826.99	1491.33
1828.44	1474.33
1829.88	1503.95
1831.33	1455.87
1832.78	1532.13
1834.22	1496.13
1835.67	1484.3
1837.12	1472.47
1838.56	1462.37
1840.01	1464.36
1841.46	1511.31
1842.9	1475.26
1844.35	1409.79
1845.79	1404.86
1847.24	1465.68
1848.68	1524.79
1850.13	1559.68
1851.57	1383.36
1853.01	1447.68
1854.46	1479.12
1855.9	1475.92
1857.34	1427.67
1858.79	1521.51
1860.23	1504.45
1861.67	1444.05
1863.11	1518.86
1864.55	1489.65
1865.99	1496.86
1867.44	1537.03
1868.88	1467.9
1870.32	1469.9
1871.76	1471.9
1873.2	1463.48
1874.64	1413.39
1876.08	1505.69
1877.52	1441.69
1878.96	1483.65
1880.39	1443.95
1881.83	1430.31
1883.27	1515.74
1884.71	1442.99
1886.15	1511.06
1887.58	1488.73
1889.02	1495.95
1890.46	1461.42
1891.89	1496.49
1893.33	1448.03
1894.77	1585.8
1896.2	1422.43
1897.64	1480.15
1899.07	1499.57
1900.51	1499.84
1901.94	1480.95
1903.38	1540.46
1904.81	1465.79
1906.25	1486.97
1907.68	1380.89
1909.11	1534.59
1910.55	1531.38
1911.98	1531.65
1913.41	1479.58
1914.85	1521.73
1916.28	1429.5
1917.71	1517.04
1919.14	1515.57
1920.57	1496.63
1922.01	1552.79
1923.44	1472.71
1924.87	1521.9
1926.3	1457.51
1927.73	1456.02
1929.16	1489.5
1930.59	1531.73
1932.02	1521.51
1933.45	1500.8
1934.88	1523.81
1936.3	1525.83
1937.73	1466.6
1939.16	1526.38
1940.59	1463.62
1942.02	1511.16
1943.44	1544.71
1944.87	1474.92
1946.3	1524.24
1947.73	1589.35
1949.15	1577.37
1950.58	1490
1952	1474.49
1953.43	1525.61
1954.85	1511.85
1956.28	1491.07
1957.7	1500.11
1959.13	1558.29
1960.55	1556.81
1961.98	1572.89
1963.4	1518.74
1964.83	1540.08
1966.25	1598.32
1967.67	1482.66
1969.09	1525.1
1970.52	1514.83
1971.94	1494.01
1973.36	1511.85
1974.78	1543.77
1976.21	1501.84
1977.63	1496.83
1979.05	1479.51
1980.47	1537.84
1981.89	1527.55
1983.31	1580.63
1984.73	1522.82
1986.15	1507.24
1987.57	1523.36
1988.99	1581.76
1990.41	1548.57
1991.83	1573.52
1993.24	1602
1994.66	1561.74
1996.08	1528.52
1997.5	1553.48
1998.92	1522.02
2000.33	1534.63
