400.685	914.429
402.399	933.388
404.113	923.358
405.827	926.454
407.54	952.9
409.253	907.838
410.965	880.276
412.677	909.648
414.389	931.729
416.101	924.606
417.812	972.996
419.523	938.114
421.233	932.449
422.944	934.09
424.654	931.346
426.363	931.526
428.072	914.154
429.781	902.627
431.49	974.498
433.198	949.806
434.906	948.526
436.614	997.022
438.321	954.749
440.028	946.145
441.734	972.695
443.441	895.228
445.147	993.587
446.852	977.655
448.557	917.736
450.262	951.638
451.967	941.555
453.671	957.872
455.375	933.115
457.079	959.709
458.782	937.877
460.485	938.058
462.188	944.112
463.89	969.259
465.592	1004.7
467.294	954.941
468.995	971.288
470.696	1006.75
472.397	971.662
474.097	958.617
475.797	945.566
477.497	939.865
479.196	1003.3
480.896	978.483
482.594	1025.77
484.293	993.579
485.991	1001.13
487.688	985.126
489.386	1011.83
491.083	1022.33
492.78	994.535
494.476	978.515
496.172	999.339
497.868	1015.75
499.564	1029.21
501.259	955.671
502.954	994.207
504.648	954.563
506.342	1071.32
508.036	1068.58
509.73	1061.4
511.423	1147.24
513.116	1210.96
514.808	1410.6
516.5	1831.92
518.192	2451.4
519.884	2951.41
521.575	2422.78
523.266	1723.92
524.957	1341.25
526.647	1150.7
528.337	1042.93
530.026	1083.08
531.716	1095.13
533.405	1040.57
535.093	1043.73
536.782	995.07
538.47	967.121
540.157	1028.04
541.845	976.381
543.532	991.388
545.218	958.97
546.905	993.25
548.591	994.923
550.277	949.14
551.962	1045.74
553.647	999.946
555.332	946.718
557.016	936.511
558.7	969.348
560.384	1012.59
562.068	931.109
563.751	969.905
565.434	1007.23
567.116	939.074
568.798	945.198
570.48	992.945
572.162	981.242
573.843	1003.73
575.524	971.206
577.205	987.756
578.885	993.896
580.565	994.087
582.244	963.02
583.924	992.978
585.603	984.234
587.281	988.891
588.96	996.528
590.638	1010.13
592.315	983.498
593.993	961.329
595.67	937.662
597.346	1007.92
599.023	981.268
600.699	982.947
602.375	989.103
604.05	990.784
605.725	1001.42
607.4	1004.6
609.075	958.506
610.749	987.062
612.423	933.482
614.096	1035.24
615.769	1005.56
617.442	1022.19
619.115	1005.94
620.787	986.699
622.459	994.364
624.13	1014
625.802	945.381
627.473	1002.41
629.143	986.146
630.814	1022.26
632.484	991.013
634.153	959.76
635.823	1009.36
637.492	952.637
639.161	981.283
640.829	988.963
642.497	1025.12
644.165	1007.33
645.832	1012.02
647.499	979.221
649.166	1015.4
650.833	948.092
652.499	1006.79
654.165	1012.98
655.83	1040.2
657.496	1014.87
659.16	1031.58
660.825	1037.79
662.489	1012.45
664.153	997.617
665.817	1002.32
667.48	957.416
669.143	1023.74
670.806	1019.43
672.468	957.964
674.13	1006.28
675.792	1010.98
677.454	957.007
679.115	936.119
680.776	1007.05
682.436	981.644
684.096	1037.55
685.756	1025.7
687.416	989.737
689.075	1038.14
690.734	950.931
692.392	1032.51
694.051	990.491
695.708	1013.3
697.366	984.835
699.023	997.091
700.68	947.492
702.337	1009.54
703.994	1000.68
705.65	1031.06
707.305	993.51
708.961	1025.41
710.616	993.888
712.271	1000.12
713.925	989.733
715.579	1006.55
717.233	993.133
718.887	1017.51
720.54	964.779
722.193	978.575
723.845	983.299
725.498	1006.18
727.15	1018.48
728.801	992.942
730.453	977.991
732.104	1041.77
733.754	958.675
735.405	981.579
737.055	998.431
738.705	992.559
740.354	1020.03
742.003	1050.54
743.652	1040.13
745.301	973.599
746.949	988.952
748.597	993.691
750.244	999.949
751.892	1012.28
753.539	1010.95
755.185	1035.44
756.832	999.19
758.478	1014.57
760.123	973.745
761.769	1021.03
763.414	1007.55
765.059	1021.42
766.703	1035.29
768.347	1073.5
769.991	1037.21
771.635	1017.63
773.278	1016.3
774.921	1016.49
776.563	999.946
778.206	1026.01
779.848	1029.25
781.489	1034.02
783.131	993.088
784.772	1038.98
786.412	1031.56
788.053	1027.18
789.693	1041.09
791.333	1038.24
792.972	985.069
794.611	1027.96
796.25	1028.16
797.889	987.155
799.527	1040.75
801.165	1063.84
802.802	1097.63
804.44	1039.82
806.077	1024.74
807.713	1023.41
809.35	1074.02
810.986	1066.58
812.622	1002.59
814.257	1004.31
815.892	1051.9
817.527	1041.39
819.162	1007.94
820.796	1024.96
822.43	1045.05
824.063	1077.38
825.697	993.398
827.329	1042.58
828.962	1028.99
830.595	1010.81
832.227	1033.98
833.858	989.742
835.49	1061.95
837.121	1034.56
838.752	1011.77
840.382	1016.56
842.012	1036.68
843.642	990.865
845.272	1044.75
846.901	1046.48
848.53	1022.12
850.159	1010.03
851.787	1028.65
853.415	1021.17
855.043	1032.11
856.67	1013.87
858.297	1055.55
859.924	1032.69
861.551	1039.04
863.177	1037.7
864.803	1064.03
866.428	1053.47
868.054	1045.98
869.679	1067.71
871.303	1009.44
872.928	1032.72
874.552	1019.06
876.175	993.076
877.799	1065.64
879.422	1079.7
881.045	1073.75
882.667	1046.21
884.29	1060.28
885.911	1089.77
887.533	1056.06
889.154	1100.97
890.775	1096.55
892.396	1102.93
894.016	1066.11
895.636	1089.46
897.256	1046.45
898.876	1054.36
900.495	1062.28
902.114	1074.84
903.732	1088.94
905.351	1098.41
906.968	1055.36
908.586	1092.65
910.203	1078.94
911.82	1076.05
913.437	1063.88
915.054	1073.36
916.67	1056.55
918.285	1062.94
919.901	1080.16
921.516	1029.29
923.131	1077.47
924.746	1110.19
926.36	1104.21
927.974	1085.83
929.588	1099.97
931.201	1118.78
932.814	1041.49
934.427	1099.04
936.039	1088.4
937.651	1121.17
939.263	1150.85
940.875	1101.42
942.486	1123.35
944.097	1122.01
945.708	1119.12
947.318	1094.49
948.928	1116.43
950.538	1157.02
952.147	1157.24
953.756	1151.24
955.365	1145.25
956.974	1150.12
958.582	1109.92
960.19	1164.55
961.797	1166.32
963.405	1158.77
965.012	1177.65
966.618	1224.55
968.225	1206.11
969.831	1182.98
971.437	1195.66
973.042	1164.74
974.647	1202.34
976.252	1174.53
977.857	1218.37
979.461	1190.55
981.065	1158.04
982.669	1166.06
984.272	1181.87
985.875	1185.21
987.478	1202.59
989.081	1210.61
990.683	1184.32
992.285	1143.96
993.886	1180.08
995.488	1188.11
997.089	1168.03
998.689	1186.99
1000.29	1151.28
1001.89	1228.06
1003.49	1189.22
1005.09	1166
1006.69	1164.65
1008.29	1177.38
1009.89	1168.22
1011.48	1138.72
1013.08	1126.42
1014.68	1129.76
1016.28	1104.93
1017.87	1163.05
1019.47	1167.97
1021.07	1136.87
1022.66	1133.95
1024.26	1138.86
1025.86	1134.37
1027.45	1156.53
1029.05	1114.42
1030.64	1202.42
1032.23	1171.29
1033.83	1152.69
1035.42	1118.39
1037.02	1187.63
1038.61	1099.98
1040.2	1158.26
1041.79	1112.95
1043.39	1149.27
1044.98	1108.66
1046.57	1195.25
1048.16	1148.35
1049.75	1115.57
1051.34	1120.49
1052.93	1123.84
1054.52	1124.05
1056.11	1158.86
1057.7	1105.6
1059.29	1146.71
1060.88	1117.03
1062.47	1202.21
1064.06	1103.28
1065.65	1157.01
1067.24	1116.29
1068.82	1147.99
1070.41	1124.58
1072	1190.96
1073.58	1104.52
1075.17	1126.79
1076.76	1128.58
1078.34	1117.75
1079.93	1113.23
1081.51	1118.17
1083.1	1105.76
1084.68	1161.19
1086.27	1140.89
1087.85	1101.65
1089.43	1111.32
1091.02	1098.9
1092.6	1122.79
1094.18	1187.76
1095.77	1146.91
1097.35	1235.61
1098.93	1136.27
1100.51	1123.84
1102.09	1119.31
1103.67	1124.26
1105.26	1091.26
1106.84	1131.01
1108.42	1132.8
1110	1137.76
1111.58	1153.8
1113.15	1182.51
1114.73	1155.81
1116.31	1175.03
1117.89	1237.02
1119.47	1421.02
1121.05	1388.01
1122.62	1397.78
1124.2	1222.09
1125.78	1181.1
1127.35	1186.08
1128.93	1124.45
1130.51	1096.11
1132.08	1120.11
1133.66	1120.32
1135.23	1171.31
1136.81	1154.07
1138.38	1105.07
1139.96	1191.03
1141.53	1148.36
1143.1	1150.17
1144.68	1188.51
1146.25	1180.79
1147.82	1096.77
1149.4	1127.18
1150.97	1189.4
1152.54	1194.39
1154.11	1134.17
1155.68	1163.02
1157.25	1168.01
1158.83	1166.63
1160.4	1160.48
1161.97	1210.06
1163.54	1137.03
1165.11	1157.95
1166.68	1231.44
1168.24	1175.9
1169.81	1254.21
1171.38	1174.75
1172.95	1162.21
1174.52	1205.48
1176.08	1197.73
1177.65	1237.83
1179.22	1183.82
1180.79	1270.21
1182.35	1198.62
1183.92	1224.39
1185.48	1261.34
1187.05	1247.2
1188.61	1271.39
1190.18	1265.24
1191.74	1217.54
1193.31	1251.32
1194.87	1202.01
1196.44	1258.18
1198	1216.84
1199.56	1260.25
1201.13	1178.91
1202.69	1204.72
1204.25	1222.55
1205.81	1275.59
1207.37	1223
1208.94	1176.8
1210.5	1170.61
1212.06	1226.89
1213.62	1177.45
1215.18	1264.2
1216.74	1219.56
1218.3	1163.68
1219.86	1197.57
1221.42	1183.36
1222.98	1274.99
1224.53	1281.65
1226.09	1236.96
1227.65	1245.21
1229.21	1263.1
1230.77	1253.7
1232.32	1252.33
1233.88	1247.74
1235.44	1225.49
1236.99	1209.65
1238.55	1245.22
1240.1	1213.32
1241.66	1277.83
1243.21	1212.16
1244.77	1234.89
1246.32	1212.61
1247.88	1283.61
1249.43	1180.88
1250.99	1303.39
1252.54	1239.26
1254.09	1321.58
1255.64	1255.82
1257.2	1235.12
1258.75	1262.72
1260.3	1264.57
1261.85	1237.41
1263.4	1256.98
1264.96	1292.67
1266.51	1294.52
1268.06	1288.31
1269.61	1253.07
1271.16	1290.4
1272.71	1295.48
1274.26	1261.84
1275.8	1292.74
1277.35	1292.97
1278.9	1362.64
1280.45	1324.13
1282	1279.16
1283.55	1305.24
1285.09	1310.33
1286.64	1299.26
1288.19	1302.73
1289.73	1293.27
1291.28	1228.84
1292.83	1274.35
1294.37	1319.87
1295.92	1297.47
1297.46	1297.71
1299.01	1344.88
1300.55	1362.93
1302.09	1280.62
1303.64	1327.81
1305.18	1336.16
1306.73	1331.54
1308.27	1318.83
1309.81	1289.9
1311.35	1354.97
1312.9	1368.19
1314.44	1314.94
1315.98	1326.53
1317.52	1318.67
1319.06	1348.11
1320.6	1332.14
1322.14	1317.78
1323.68	1423.53
1325.22	1292.29
1326.76	1326.63
1328.3	1257.04
1329.84	1362.85
1331.38	1317.61
1332.92	1350.36
1334.46	1399.36
1335.99	1360.61
1337.53	1362.49
1339.07	1367.62
1340.61	1309.32
1342.14	1368.12
1343.68	1358.61
1345.22	1401.17
1346.75	1411.2
1348.29	1385.41
1349.82	1346.59
1351.36	1408.72
1352.89	1408.98
1354.43	1350.59
1355.96	1324.77
1357.5	1377.17
1359.03	1346.45
1360.56	1434.74
1362.1	1379.56
1363.63	1399.38
1365.16	1427.37
1366.69	1378.69
1368.23	1396.89
1369.76	1388.99
1371.29	1356.6
1372.82	1392.77
1374.35	1402.82
1375.88	1416.15
1377.41	1334.73
1378.94	1356.21
1380.47	1369.54
1382	1343.64
1383.53	1368.41
1385.06	1360.48
1386.59	1323.12
1388.12	1331.54
1389.64	1392.32
1391.17	1368.03
1392.7	1329
1394.23	1365.26
1395.75	1363.87
1397.28	1377.23
1398.81	1421.7
1400.33	1289.27
1401.86	1389.46
1403.38	1312.69
1404.91	1371.94
1406.43	1349.24
1407.96	1416.71
1409.48	1436.65
1411.01	1343.42
1412.53	1437.18
1414.05	1358.68
1415.58	1391.76
1417.1	1392.01
1418.62	1397.19
1420.14	1382.67
1421.67	1382.93
1423.19	1309.26
1424.71	1403.15
1426.23	1419.84
1427.75	1374.08
1429.27	1380.91
1430.79	1384.45
1432.31	1381.42
1433.83	1380.03
1435.35	1401.67
1436.87	1451.29
1438.39	1405.47
1439.91	1418.9
1441.43	1374.71
1442.95	1370.02
1444.47	1343.92
1445.98	1367.23
1447.5	1464.69
1449.02	1374.32
1450.53	1419.08
1452.05	1369.88
1453.57	1401.46
1455.08	1408.31
1456.6	1484.44
1458.11	1375.84
1459.63	1367.84
1461.14	1387.89
1462.66	1373.29
1464.17	1363.64
1465.69	1365.54
1467.2	1383.96
1468.71	1371
1470.23	1427.42
1471.74	1288.88
1473.25	1371.75
1474.77	1305.88
1476.28	1329.27
1477.79	1422.12
1479.3	1372.76
1480.81	1407.75
1482.32	1427.86
1483.83	1398.34
1485.34	1377.08
1486.85	1383.95
1488.36	1356.05
1489.87	1407.64
1491.38	1391.34
1492.89	1431.35
1494.4	1375.28
1495.91	1367.24
1497.42	1405.62
1498.93	1374.37
1500.43	1384.57
1501.94	1441.22
1503.45	1353.56
1504.96	1393.63
1506.46	1392.23
1507.97	1399.12
1509.47	1409.34
1510.98	1351.48
1512.49	1398.23
1513.99	1408.45
1515.5	1455.22
1517	1413.95
1518.5	1415.87
1520.01	1391.2
1521.51	1396.44
1523.02	1361.78
1524.52	1485.09
1526.02	1382.23
1527.53	1384.15
1529.03	1454.29
1530.53	1451.23
1532.03	1426.52
1533.53	1420.12
1535.03	1418.72
1536.54	1433.97
1538.04	1395.92
1539.54	1456.15
1541.04	1444.75
1542.54	1465.02
1544.04	1443.61
1545.54	1433.87
1547.04	1422.46
1548.53	1496.11
1550.03	1426.32
1551.53	1434.92
1553.03	1441.86
1554.53	1507.22
1556.02	1459.08
1557.52	1534.48
1559.02	1476.31
1560.52	1483.26
1562.01	1420.05
1563.51	1475.45
1565	1482.4
1566.5	1455.93
1568	1497.99
1569.49	1446.43
1570.99	1461.75
1572.48	1487.1
1573.97	1477.34
1575.47	1522.79
1576.96	1459.46
1578.45	1486.51
1579.95	1483.44
1581.44	1512.18
1582.93	1492.35
1584.43	1519.43
1585.92	1596.78
1587.41	1514.96
1588.9	1491.77
1590.39	1492.04
1591.88	1527.52
1593.37	1509.35
1594.86	1499.56
1596.35	1580.36
1597.84	1597.43
1599.33	1606.11
1600.82	1544.3
1602.31	1568.09
1603.8	1509.6
1605.29	1483
1606.78	1562.22
1608.27	1510.42
1609.75	1624.97
1611.24	1552.99
1612.73	1561.68
1614.22	1506.48
1615.7	1590.84
1617.19	1601.22
1618.67	1522.44
1620.16	1492.44
1621.65	1526.36
1623.13	1513.18
1624.62	1481.47
1626.1	1471.63
1627.59	1514
1629.07	1517.65
1630.55	1432
1632.04	1472.7
1633.52	1481.4
1635	1446.27
1636.49	1465.08
1637.97	1423.19
1639.45	1418.39
1640.93	1411.9
1642.42	1375.04
1643.9	1387.1
1645.38	1419.42
1646.86	1477.07
1648.34	1392.92
1649.82	1359.4
1651.3	1373.16
1652.78	1349.76
1654.26	1377.04
1655.74	1348.56
1657.22	1340.35
1658.7	1335.53
1660.18	1376.35
1661.65	1346.16
1663.13	1319.34
1664.61	1383.87
1666.09	1336.74
1667.56	1330.21
1669.04	1355.84
1670.52	1315.46
1671.99	1314
1673.47	1346.42
1674.95	1300.93
1676.42	1297.78
1677.9	1397.99
1679.37	1279.6
1680.85	1356.12
1682.32	1308.89
1683.8	1302.35
1685.27	1297.49
1686.74	1341.84
1688.22	1284.39
1689.69	1286.32
1691.16	1334.08
1692.64	1351.3
1694.11	1256.46
1695.58	1292.35
1697.05	1333.35
1698.52	1292.82
1700	1313.44
1701.47	1281.39
1702.94	1274.82
1704.41	1230.85
1705.88	1297.39
1707.35	1331.64
1708.82	1243.43
1710.29	1260.67
1711.76	1283.02
1713.23	1334.31
1714.69	1348.17
1716.16	1264.99
1717.63	1316.3
1719.1	1270.56
1720.57	1282.71
1722.03	1296.57
1723.5	1259.32
1724.97	1349.88
1726.43	1297.28
1727.9	1249.77
1729.37	1267.05
1730.83	1287.75
1732.3	1306.75
1733.76	1279.68
1735.23	1310.63
1736.69	1307.46
1738.16	1304.28
1739.62	1261.83
1741.08	1219.36
1742.55	1258.87
1744.01	1235.18
1745.47	1300.33
1746.94	1245.88
1748.4	1275.16
1749.86	1254.88
1751.32	1275.62
1752.79	1265.59
1754.25	1229.9
1755.71	1252.36
1757.17	1278.26
1758.63	1218.59
1760.09	1326.65
1761.55	1253.27
1763.01	1220.96
1764.47	1253.72
1765.93	1226.54
1767.39	1297.01
1768.85	1250.98
1770.31	1299.19
1771.76	1225.71
1773.22	1256.8
1774.68	1293.04
1776.14	1236.67
1777.6	1240.32
1779.05	1278.3
1780.51	1218.46
1781.97	1287.34
1783.42	1294.44
1784.88	1225.99
1786.33	1250.25
1787.79	1269.37
1789.24	1274.76
1790.7	1180.48
1792.15	1309.59
1793.61	1232.47
1795.06	1237.86
1796.52	1164.14
1797.97	1277.86
1799.42	1217.88
1800.88	1276.6
1802.33	1316.41
1803.78	1270.18
1805.23	1316.88
1806.69	1218.98
1808.14	1227.81
1809.59	1291.76
1811.04	1291.99
1812.49	1331.85
1813.94	1237.31
1815.39	1303.03
1816.84	1289.48
1818.29	1315.57
1819.74	1291.67
1821.19	1298.8
1822.64	1309.38
1824.09	1231.97
1825.54	1268.44
1826.99	1284.2
1828.44	1282.71
1829.88	1258.76
1831.33	1246.9
1832.78	1292.04
1834.22	1295.72
1835.67	1264.85
1837.12	1282.36
1838.56	1178.88
1840.01	1230.96
1841.46	1262.31
1842.9	1269.45
1844.35	1286.98
1845.79	1223.2
1847.24	1294.36
1848.68	1258.25
1850.13	1248.09
1851.57	1286.41
1853.01	1212.17
1854.46	1257.42
1855.9	1203.95
1857.34	1204.17
1858.79	1291.03
1860.23	1260.06
1861.67	1315.76
1863.11	1314.27
1864.55	1257.27
1865.99	1238.42
1867.44	1243.85
1868.88	1252.75
1870.32	1266.86
1871.76	1313.95
1873.2	1260.37
1874.64	1290.11
1876.08	1253.87
1877.52	1278.42
1878.96	1228.27
1880.39	1275.4
1881.83	1235.66
1883.27	1249.79
1884.71	1260.44
1886.15	1325.01
1887.58	1243.5
1889.02	1276.78
1890.46	1261.35
1891.89	1219.81
1893.33	1240.92
1894.77	1248.1
1896.2	1246.58
1897.64	1347.81
1899.07	1301.02
1900.51	1271.64
1901.94	1306.72
1903.38	1238.99
1904.81	1349.02
1906.25	1244.67
1907.68	1208.27
1909.11	1286.96
1910.55	1299.4
1911.98	1238.58
1913.41	1308.6
1914.85	1212.85
1916.28	1298.59
1917.71	1244.71
1919.14	1279.85
1920.57	1257.38
1922.01	1325.72
1923.44	1240.36
1924.87	1247.57
1926.3	1296.73
1927.73	1209.56
1929.16	1297.19
1930.59	1290.43
1932.02	1253.94
1933.45	1264.66
1934.88	1256.14
1936.3	1333.35
1937.73	1293.34
1939.16	1279.57
1940.59	1274.54
1942.02	1259.01
1943.44	1241.72
1944.87	1312.01
1946.3	1250.93
1947.73	1301.97
1949.15	1319.73
1950.58	1262.12
1952	1264.1
1953.43	1243.28
1954.85	1289.1
1956.28	1226.18
1957.7	1282.55
1959.13	1230.13
1960.55	1277.74
1961.98	1256.91
1963.4	1281.71
1964.83	1292.48
1966.25	1276.9
1967.67	1273.62
1969.09	1251
1970.52	1277.59
1971.94	1295.39
1973.36	1362.43
1974.78	1267.72
1976.21	1373.46
1977.63	1204.85
1979.05	1315.9
1980.47	1375.96
1981.89	1275.9
1983.31	1272.6
1984.73	1316.84
1986.15	1369.9
1987.57	1271.52
1988.99	1296.41
1990.41	1287.83
1991.83	1236.96
1993.24	1288.29
1994.66	1253.27
1996.08	1232.34
1997.5	1320.73
1998.92	1370.34
2000.33	1241.82
