400.685	787.547
402.399	818.173
404.113	843.129
405.827	849.128
407.54	769.032
409.253	837.779
410.965	855.459
412.677	833.722
414.389	822.2
416.101	809.213
417.812	813.752
419.523	848.978
421.233	812.604
422.944	801.066
424.654	846.545
426.363	814.537
428.072	852.723
429.781	836.795
431.49	834.03
433.198	819.556
434.906	840.206
436.614	803.767
438.321	811.243
440.028	865.591
441.734	795.442
443.441	835.156
445.147	880.746
446.852	847.203
448.557	841.502
450.262	829.934
451.967	857.959
453.671	872.793
455.375	849.487
457.079	832.041
458.782	851.282
460.485	848.509
462.188	889.785
463.89	866.459
465.592	812.278
467.294	915.274
468.995	858.143
470.696	874.475
472.397	815.844
474.097	835.114
475.797	816.158
477.497	826.61
479.196	860.605
480.896	903.441
482.594	893.313
484.293	868.462
485.991	867.156
487.688	827.565
489.386	870.436
491.083	863.237
492.78	916.445
494.476	875.359
496.172	831.308
497.868	924.345
499.564	908.303
501.259	836.212
502.954	938.154
504.648	951.612
506.342	990.162
508.036	1021.35
509.73	997.923
511.423	1052.75
513.116	1131.22
514.808	1401.74
516.5	1864.42
518.192	2854.79
519.884	3279.5
521.575	2684.42
523.266	1735.74
524.957	1270.26
526.647	1097.46
528.337	989.678
530.026	972.112
531.716	944.18
533.405	939.921
535.093	929.738
536.782	870.686
538.47	864.929
540.157	833.987
541.845	899.338
543.532	889.137
545.218	830.02
546.905	840.557
548.591	825.89
550.277	827.532
551.962	832.14
553.647	866.422
555.332	835.427
557.016	808.872
558.7	843.169
560.384	855.209
562.068	830.127
563.751	812.463
565.434	852.729
567.116	832.09
568.798	847.111
570.48	838.355
572.162	831.082
573.843	892.209
575.524	853.71
577.205	870.237
578.885	867.427
580.565	839.319
582.244	835.014
583.924	805.399
585.603	872.559
587.281	892.087
588.96	853.528
590.638	826.874
592.315	859.816
593.993	871.903
595.67	837.784
597.346	893.111
599.023	872.404
600.699	872.571
602.375	872.738
604.05	860.967
605.725	919.337
607.4	861.297
609.075	834.587
610.749	876.559
612.423	869.259
614.096	882.869
615.769	905.45
617.442	875.735
619.115	932.701
620.787	874.574
622.459	898.666
624.13	868.926
625.802	830.2
627.473	915.639
629.143	878.403
630.814	896.531
632.484	829.337
634.153	896.874
635.823	861.103
637.492	895.718
639.161	841.956
640.829	858.6
642.497	846.774
644.165	866.422
645.832	922.061
647.499	910.241
649.166	871.418
650.833	889.586
652.499	838.741
654.165	895.928
655.83	846.566
657.496	855.735
659.16	888.933
660.825	839.541
662.489	880.259
664.153	878.925
665.817	862.562
667.48	846.194
669.143	853.872
670.806	873.581
672.468	878.259
674.13	896.476
675.792	872.576
677.454	871.238
679.115	899.999
680.776	876.085
682.436	880.769
684.096	882.443
685.756	876.586
687.416	902.363
689.075	882.947
690.734	818.313
692.392	878.762
694.051	877.421
695.708	891.159
697.366	906.411
699.023	885.465
700.68	870.546
702.337	888.82
703.994	920.685
705.65	890.668
707.305	907.446
708.961	898.558
710.616	907.791
712.271	877.749
713.925	883.96
715.579	879.594
717.233	899.413
718.887	902.608
720.54	840.779
722.193	869.676
723.845	906.148
725.498	909.346
727.15	859.579
728.801	890.015
730.453	862.934
732.104	884.296
733.754	923.841
735.405	966.431
737.055	869.65
738.705	866.785
740.354	876.043
742.003	885.305
743.652	877.892
745.301	915.972
746.949	940.414
748.597	945.144
750.244	887.663
751.892	893.903
753.539	909.252
755.185	906.388
756.832	949.079
758.478	883.95
760.123	881.08
761.769	896.441
763.414	917.886
765.059	907.421
766.703	907.593
768.347	874.313
769.991	904.896
771.635	889.856
773.278	896.11
774.921	917.584
776.563	902.538
778.206	876.831
779.848	887.655
781.489	875.641
783.131	942.825
784.772	929.293
786.412	902.042
788.053	883.925
789.693	928.297
791.333	926.948
792.972	925.599
794.611	939.501
796.25	930.526
797.889	944.434
799.527	912.566
801.165	960.055
802.802	911.386
804.44	917.666
806.077	911.731
807.713	956.2
809.35	931.937
810.986	927.529
812.622	909.365
814.257	932.467
815.892	929.585
817.527	919.057
819.162	916.172
820.796	923.994
822.43	924.169
824.063	889.145
825.697	921.457
827.329	979.808
828.962	957.024
830.595	921.98
832.227	906.836
833.858	920.797
835.49	902.582
837.121	921.145
838.752	942.781
840.382	880.095
842.012	914
843.642	920.308
845.272	891.334
846.901	894.571
848.53	919.295
850.159	944.029
851.787	887.402
853.415	896.783
855.043	892.345
856.67	884.832
858.297	957.213
859.924	948.173
861.551	937.593
863.177	951.606
864.803	974.85
866.428	982.724
868.054	945.993
869.679	955.402
871.303	912.497
872.928	961.919
874.552	934.392
876.175	951.505
877.799	939.365
879.422	990.37
881.045	918.152
882.667	939.897
884.29	981.684
885.911	995.742
887.533	952.762
889.154	917.477
890.775	855.959
892.396	951.759
894.016	924.167
895.636	928.971
897.256	921.429
898.876	1001.88
900.495	961.921
902.114	915.773
903.732	1042.6
905.351	974.824
906.968	931.743
908.586	979.828
910.203	998.562
911.82	998.75
913.437	975.743
915.054	971.287
916.67	960.641
918.285	942.256
919.901	981.121
921.516	979.758
923.131	959.817
924.746	959.998
926.36	950.886
927.974	1026.96
929.588	980.68
931.201	952.973
932.814	979.5
934.427	985.885
936.039	1020.18
937.651	1009.52
939.263	1050.03
940.875	1003.69
942.486	1036.46
944.097	1039.76
945.708	1004.26
947.318	1037.05
948.928	1031.03
950.538	979.976
952.147	1008.12
953.756	1019.19
955.365	1020.93
956.974	1016.46
958.582	1008.88
960.19	1029.28
961.797	1063.69
963.405	1009.45
965.012	1050.09
966.618	1098.52
968.225	1066.04
969.831	1086.48
971.437	1085.13
973.042	1024.6
974.647	1112.01
976.252	1077.95
977.857	1037.64
979.461	1069
981.065	1154.93
982.669	1058.49
984.272	1089.88
985.875	1104.12
987.478	1051.29
989.081	1020.29
990.683	1073.53
992.285	1090.9
993.886	1064.57
995.488	1091.31
997.089	1074.34
998.689	994.885
1000.29	1007.57
1001.89	1043.69
1003.49	1007.95
1005.09	1055.03
1006.69	1078.67
1008.29	1052.29
1009.89	963.35
1011.48	999.507
1013.08	1035.68
1014.68	1048.39
1016.28	1034.5
1017.87	1045.65
1019.47	1022.36
1021.07	1000.63
1022.66	1016.48
1024.26	1048
1025.86	1027.83
1027.45	951.234
1029.05	1075.24
1030.64	1022.14
1032.23	1044.28
1033.83	1031.93
1035.42	1074.47
1037.02	983.681
1038.61	1032.51
1040.2	1015.44
1041.79	957.548
1043.39	1033.09
1044.98	959.477
1046.57	1033.48
1048.16	1010.11
1049.75	1043.29
1051.34	1012.06
1052.93	1037.39
1054.52	1018.72
1056.11	1050.36
1057.7	1001.8
1059.29	1047.61
1060.88	1047.8
1062.47	1014.96
1064.06	1023.01
1065.65	1018.48
1067.24	1023.4
1068.82	1009.42
1070.41	987.554
1072	962.534
1073.58	1038.34
1075.17	984.956
1076.76	1026.12
1078.34	1051.54
1079.93	1002.85
1081.51	1040.89
1083.1	985.877
1084.68	997.105
1086.27	1082.5
1087.85	965.912
1089.43	967.671
1091.02	1018.38
1092.6	1031.2
1094.18	996.644
1095.77	998.41
1097.35	1031.78
1098.93	1019.33
1100.51	1022.68
1102.09	1007.06
1103.67	1007.25
1105.26	982.132
1106.84	1010.79
1108.42	1018.89
1110	1058.64
1111.58	1093.66
1113.15	1016.29
1114.73	1041.81
1116.31	1040.43
1117.89	1096.06
1119.47	1268.94
1121.05	1316.71
1122.62	1240.88
1124.2	1128.58
1125.78	1046.35
1127.35	995.8
1128.93	1029.29
1130.51	1064.38
1132.08	1051.89
1133.66	1033.04
1135.23	1023.71
1136.81	1031.84
1138.38	1038.38
1139.96	1006.81
1141.53	1002.24
1143.1	1034.2
1144.68	1062.99
1146.25	1048.88
1147.82	1015.7
1149.4	1057.22
1150.97	1036.75
1152.54	1035.35
1154.11	1027.59
1155.68	1023.01
1157.25	1021.61
1158.83	1002.7
1160.4	1017.21
1161.97	1065.17
1163.54	1033.52
1165.11	1032.12
1166.68	1005.23
1168.24	1053.22
1169.81	1039.07
1171.38	1034.48
1172.95	1037.86
1174.52	1065.16
1176.08	1020.7
1177.65	1043.23
1179.22	1089.69
1180.79	1018.08
1182.35	1045.4
1183.92	1051.98
1185.48	1076.13
1187.05	1044.39
1188.61	1028.61
1190.18	1062.35
1191.74	1008.22
1193.31	1073.93
1194.87	1117.29
1196.44	1034.36
1198	1056.94
1199.56	1061.94
1201.13	1090.93
1202.69	1118.33
1204.25	1059.33
1205.81	1077.13
1207.37	1094.94
1208.94	1115.96
1210.5	1109.76
1212.06	1058.71
1213.62	1063.71
1215.18	1078.33
1216.74	1060.9
1218.3	1064.31
1219.86	1122.22
1221.42	1130.44
1222.98	1101.79
1224.53	1079.53
1226.09	1086.15
1227.65	1107.21
1229.21	1121.86
1230.77	1067.49
1232.32	1125.49
1233.88	1149.79
1235.44	1087.36
1236.99	1119.69
1238.55	1113.47
1240.1	1142.61
1241.66	1147.64
1243.21	1067.47
1244.77	1115.91
1246.32	1157.93
1247.88	1105.06
1249.43	1097.22
1250.99	1160.18
1252.54	1094.41
1254.09	1125.2
1255.64	1141.51
1257.2	1106.29
1258.75	1161.26
1260.3	1114.75
1261.85	1161.69
1263.4	1081.33
1264.96	1099.26
1266.51	1144.6
1268.06	1106.11
1269.61	1120.83
1271.16	1148.46
1272.71	1187.39
1274.26	1165.02
1275.8	1147.48
1277.35	1157.38
1278.9	1128.54
1280.45	1173.96
1282	1156.41
1283.55	1239.01
1285.09	1168.15
1286.64	1207.15
1288.19	1221.92
1289.73	1141.31
1291.28	1190.03
1292.83	1156.29
1294.37	1198.56
1295.92	1117.89
1297.46	1153.7
1299.01	1157.15
1300.55	1226.96
1302.09	1178.62
1303.64	1078.44
1305.18	1179.06
1306.73	1185.75
1308.27	1179.49
1309.81	1169.99
1311.35	1115.1
1312.9	1167.18
1314.44	1196.58
1315.98	1185.45
1317.52	1119.17
1319.06	1198.86
1320.6	1153.65
1322.14	1184.7
1323.68	1215.76
1325.22	1159.16
1326.76	1165.87
1328.3	1222.93
1329.84	1177.67
1331.38	1210.39
1332.92	1205.73
1334.46	1183.2
1335.99	1215.93
1337.53	1167.38
1339.07	1143.2
1340.61	1151.55
1342.14	1163.15
1343.68	1173.12
1345.22	1174.97
1346.75	1202.85
1348.29	1222.61
1349.82	1159.34
1351.36	1153.03
1352.89	1179.31
1354.43	1215.37
1355.96	1184.63
1357.5	1199.52
1359.03	1264.94
1360.56	1216.27
1362.1	1187.14
1363.63	1239.55
1365.16	1198.99
1366.69	1194.32
1368.23	1199.44
1369.76	1186.6
1371.29	1219.47
1372.82	1231.12
1374.35	1192.15
1375.88	1210.34
1377.41	1218.73
1378.94	1173.21
1380.47	1217.55
1382	1157.29
1383.53	1196.74
1385.06	1208.41
1386.59	1213.54
1388.12	1203.95
1389.64	1174.72
1391.17	1199.48
1392.7	1216.07
1394.23	1211.38
1395.75	1255.81
1397.28	1185.63
1398.81	1230.07
1400.33	1212.27
1401.86	1187.92
1403.38	1173.39
1404.91	1204.75
1406.43	1214.81
1407.96	1206.83
1409.48	1218.53
1411.01	1135.1
1412.53	1145.15
1414.05	1235.61
1415.58	1160.35
1417.1	1234.43
1418.62	1142.71
1420.14	1234.88
1421.67	1157.91
1423.19	1289.55
1424.71	1174.77
1426.23	1181.56
1427.75	1173.56
1429.27	1237.89
1430.79	1182.21
1432.31	1195.58
1433.83	1228.7
1435.35	1176.28
1436.87	1202.82
1438.39	1194.82
1439.91	1211.5
1441.43	1269.34
1442.95	1160.9
1444.47	1246.75
1445.98	1197.56
1447.5	1197.78
1449.02	1224.37
1450.53	1188.33
1452.05	1209.98
1453.57	1234.93
1455.08	1193.93
1456.6	1230.44
1458.11	1191.07
1459.63	1158.29
1461.14	1250.92
1462.66	1188.43
1464.17	1253.03
1465.69	1249.96
1467.2	1268.35
1468.71	1220.68
1470.23	1222.56
1471.74	1202.95
1473.25	1229.62
1474.77	1168.68
1476.28	1243.3
1477.79	1236.91
1479.3	1207.37
1480.81	1205.93
1482.32	1197.88
1483.83	1153.42
1485.34	1188.39
1486.85	1178.67
1488.36	1210.35
1489.87	1217.2
1491.38	1252.2
1492.89	1229.24
1494.4	1217.86
1495.91	1272.78
1497.42	1248.15
1498.93	1304.74
1500.43	1212.12
1501.94	1267.08
1503.45	1252.38
1504.96	1254.27
1506.46	1246.2
1507.97	1238.13
1509.47	1273.22
1510.98	1226.96
1512.49	1275.34
1513.99	1277.24
1515.5	1220.99
1517	1271.06
1518.5	1296.22
1520.01	1298.12
1521.51	1263.44
1523.02	1245.38
1524.52	1225.66
1526.02	1289.09
1527.53	1279.34
1529.03	1327.83
1530.53	1279.81
1532.03	1344.96
1533.53	1233.66
1535.03	1252.2
1536.54	1265.76
1538.04	1327.62
1539.54	1254.56
1541.04	1254.78
1542.54	1321.68
1544.04	1261.91
1545.54	1275.48
1547.04	1370.77
1548.53	1282.62
1550.03	1307.88
1551.53	1334.81
1553.03	1346.74
1554.53	1333.63
1556.02	1298.81
1557.52	1309.07
1559.02	1376.11
1560.52	1401.42
1562.01	1406.68
1563.51	1373.52
1565	1367.09
1566.5	1390.74
1568	1297.37
1569.49	1357.8
1570.99	1331.29
1572.48	1368.34
1573.97	1325.09
1575.47	1419.04
1576.96	1369.09
1578.45	1330.83
1579.95	1367.91
1581.44	1322.95
1582.93	1396.88
1584.43	1432.32
1585.92	1265.03
1587.41	1384.24
1588.9	1319.12
1590.39	1369.66
1591.88	1373.26
1593.37	1348.35
1594.86	1321.76
1596.35	1400.85
1597.84	1354.13
1599.33	1377.87
1600.82	1363.01
1602.31	1401.88
1603.8	1328.25
1605.29	1388.95
1606.78	1335.45
1608.27	1382.74
1609.75	1386.35
1611.24	1356.35
1612.73	1368.36
1614.22	1321.53
1615.7	1372.22
1617.19	1325.38
1618.67	1328.98
1620.16	1332.59
1621.65	1326.1
1623.13	1344.86
1624.62	1309.75
1626.1	1309.99
1627.59	1291.7
1629.07	1325.63
1630.55	1245
1632.04	1287.35
1633.52	1301.07
1635	1269.28
1636.49	1365.61
1637.97	1276.49
1639.45	1254.79
1640.93	1293.82
1642.42	1283.93
1643.9	1243.66
1645.38	1235.45
1646.86	1242.43
1648.34	1257.85
1649.82	1224.3
1651.3	1217.77
1652.78	1219.68
1654.26	1268.9
1655.74	1237.02
1657.22	1188.23
1658.7	1240.86
1660.18	1214.03
1661.65	1221.01
1663.13	1194.17
1664.61	1240.07
1666.09	1262.29
1667.56	1182.97
1669.04	1144.26
1670.52	1220.65
1671.99	1212.41
1673.47	1207.54
1674.95	1124.76
1676.42	1189.35
1677.9	1201.42
1679.37	1137.24
1680.85	1178.13
1682.32	1202.08
1683.8	1195.51
1685.27	1209.3
1686.74	1202.73
1688.22	1160.53
1689.69	1192.99
1691.16	1183.02
1692.64	1183.23
1694.11	1232.69
1695.58	1149.7
1697.05	1144.81
1698.52	1158.61
1700	1136.73
1701.47	1194.72
1702.94	1166.04
1704.41	1164.55
1705.88	1202.17
1707.35	1151.37
1708.82	1178.79
1710.29	1138.17
1711.76	1184.32
1713.23	1141.99
1714.69	1149.01
1716.16	1167.94
1717.63	1127.29
1719.1	1168.37
1720.57	1154.95
1722.03	1148.34
1723.5	1099.13
1724.97	1101.04
1726.43	1189.88
1727.9	1144.06
1729.37	1168.14
1730.83	1159.83
1732.3	1175.39
1733.76	1194.37
1735.23	1131.44
1736.69	1222.11
1738.16	1113.08
1739.62	1215.73
1741.08	1166.42
1742.55	1146.13
1744.01	1156.59
1745.47	1170.47
1746.94	1155.3
1748.4	1093.97
1749.86	1154.01
1751.32	1159.35
1752.79	1106.54
1754.25	1187.14
1755.71	1151.42
1757.17	1124.25
1758.63	1144.99
1760.09	1164.03
1761.55	1165.95
1763.01	1138.76
1764.47	1178.36
1765.93	1158.02
1767.39	1185.64
1768.85	1238.98
1770.31	1201.5
1771.76	1184.57
1773.22	1159.07
1774.68	1131.84
1776.14	1140.62
1777.6	1128.81
1779.05	1123.87
1780.51	1211.6
1781.97	1168.9
1783.42	1237.79
1784.88	1183.06
1786.33	1198.73
1787.79	1181.77
1789.24	1180.27
1790.7	1201.1
1792.15	1201.32
1793.61	1149.97
1795.06	1210.35
1796.52	1217.44
1797.97	1147.15
1799.42	1168
1800.88	1206.06
1802.33	1189.07
1803.78	1192.73
1805.23	1174.01
1806.69	1236.2
1808.14	1222.65
1809.59	1286.59
1811.04	1219.64
1812.49	1173.34
1813.94	1159.77
1815.39	1192.72
1816.84	1163.63
1818.29	1213.84
1819.74	1165.78
1821.19	1198.76
1822.64	1162.75
1824.09	1207.82
1825.54	1209.76
1826.99	1196.17
1828.44	1146.32
1829.88	1243.22
1831.33	1181.27
1832.78	1255.76
1834.22	1167.88
1835.67	1223.38
1837.12	1232.24
1838.56	1194.44
1840.01	1177.36
1841.46	1141.26
1842.9	1158.76
1844.35	1224.71
1845.79	1115.93
1847.24	1261.49
1848.68	1157.87
1850.13	1192.7
1851.57	1191.18
1853.01	1205.25
1854.46	1174.29
1855.9	1183.16
1857.34	1224.96
1858.79	1206.12
1860.23	1201.13
1861.67	1232.55
1863.11	1225.84
1864.55	1168.83
1865.99	1165.57
1867.44	1216.09
1868.88	1230.19
1870.32	1169.67
1871.76	1242.78
1873.2	1157.94
1874.64	1253.65
1876.08	1231.3
1877.52	1165.51
1878.96	1221.32
1880.39	1185.05
1881.83	1185.26
1883.27	1215.02
1884.71	1189.16
1886.15	1208.5
1887.58	1206.98
1889.02	1198.5
1890.46	1207.41
1891.89	1202.41
1893.33	1209.59
1894.77	1211.55
1896.2	1222.21
1897.64	1163.22
1899.07	1198.27
1900.51	1201.96
1901.94	1205.67
1903.38	1153.6
1904.81	1160.78
1906.25	1218.52
1907.68	1251.86
1909.11	1178.85
1910.55	1227.89
1911.98	1264.75
1913.41	1174.25
1914.85	1216.34
1916.28	1193.87
1917.71	1253.44
1919.14	1171.6
1920.57	1203.24
1922.01	1173.76
1923.44	1187.95
1924.87	1242.33
1926.3	1149.93
1927.73	1230.54
1929.16	1204.54
1930.59	1264.2
1932.02	1273.17
1933.45	1154.46
1934.88	1182.66
1936.3	1261.61
1937.73	1207.58
1939.16	1235.81
1940.59	1283.3
1942.02	1209.98
1943.44	1206.7
1944.87	1226.18
1946.3	1200.12
1947.73	1219.61
1949.15	1219.83
1950.58	1188.49
1952	1200.98
1953.43	1257.31
1954.85	1187.38
1956.28	1234.96
1957.7	1256.23
1959.13	1258.21
1960.55	1249.66
1961.98	1214.77
1963.4	1188.66
1964.83	1250.33
1966.25	1201.38
1967.67	1275.37
1969.09	1212.35
1970.52	1286.37
1971.94	1281.33
1973.36	1241.13
1974.78	1230.8
1976.21	1259.16
1977.63	1233
1979.05	1224.42
1980.47	1182.41
1981.89	1198.46
1983.31	1193.4
1984.73	1188.33
1986.15	1200.87
1987.57	1245.11
1988.99	1224.19
1990.41	1252.6
1991.83	1191.15
1993.24	1196.65
1994.66	1225.07
1996.08	1290.52
1997.5	1220.22
1998.92	1246.89
2000.33	1225.94
