400.736	1859.5
402.451	1856.58
404.164	1872.98
405.878	1819.36
407.591	1881
409.304	1863.85
411.016	1867.13
412.729	1879.17
414.441	1892.68
416.152	1872.59
417.863	1856.88
419.574	1905.46
421.285	1838.6
422.995	1948.59
424.705	1908.03
426.414	1848.44
428.124	1951.18
429.832	1944.24
431.541	1944.62
433.249	1911.33
434.957	1917.56
436.665	1913.53
438.372	1965.15
440.079	1884.98
441.785	1914.64
443.492	1887.17
445.198	1896.33
446.903	1896.69
448.609	1901.45
450.313	1875.43
452.018	1902.19
453.722	1893.75
455.426	1866.24
457.13	1919.43
458.833	1922.73
460.536	1880.53
462.239	1913.2
463.941	1893
465.643	1902.18
467.345	1845.25
469.046	1869.12
470.747	1878.29
472.448	1868.37
474.148	1890.78
475.848	1874.97
477.548	1881.21
479.247	1885.99
480.946	1842.21
482.645	1922.03
484.344	1898.85
486.042	1899.22
487.739	1929.03
489.437	1916.15
491.134	1825.18
492.831	1853.53
494.527	1846.52
496.223	1904.36
497.919	1878.19
499.614	1885.92
501.31	1870.06
503.004	1905.82
504.699	1835.37
506.393	1919.83
508.087	1903.97
509.78	1904.33
511.474	1904.7
513.166	1875.53
514.859	1889.18
516.551	1833.4
518.243	1827.85
519.935	1937.56
521.626	1865.5
523.317	1914.65
525.007	1925.37
526.698	1875.45
528.387	1865.46
530.077	1936.84
531.766	1897.25
533.455	1979.03
535.144	1932.03
536.832	1963.5
538.52	1996.46
540.208	2008.69
541.895	1967.59
543.582	2055.4
545.269	1986.13
546.955	2078.42
548.641	1967.62
550.327	1969.48
552.013	1999.52
553.698	2005.84
555.382	2101.19
557.067	2039.26
558.751	2039.65
560.435	2051.92
562.118	1969.15
563.801	2037.85
565.484	2067.95
567.167	2028.23
568.849	2006.33
570.531	1987.39
572.212	2032.37
573.893	1968.82
575.574	2022.74
577.255	1911.56
578.935	1889.6
580.615	1998.6
582.295	2007.91
583.974	1905.58
585.653	1911.9
587.332	1906.31
589.01	1872.41
590.688	1939.81
592.366	1916.34
594.043	1939.06
595.72	1952.85
597.397	1933.84
599.073	1947.63
600.749	1965.91
602.425	1931.97
604.1	1968.15
605.775	1974.5
607.45	2033.09
609.125	1981.22
610.799	2050.29
612.473	1970.03
614.146	1958.46
615.819	2012.62
617.492	2051.86
619.165	2019.37
620.837	2003.31
622.509	2070.98
624.181	2129.7
625.852	2058.31
627.523	2028.78
629.193	2123.44
630.864	2111.87
632.534	2014.97
634.203	2066.26
635.873	2066.66
637.542	2165.91
639.21	2046.47
640.879	2097.81
642.547	2039.76
644.215	2059.64
645.882	2136.5
647.549	2063.42
649.216	2131.31
650.883	2025.21
652.549	2072.11
654.215	2022.98
655.88	2027.87
657.545	2025.25
659.21	2033.15
660.875	2071.08
662.539	2017.4
664.203	2011.77
665.867	2030.19
667.53	2006.53
669.193	2033.97
670.856	2059.92
672.518	2018.2
674.18	2066.72
675.842	1979.86
677.503	2070.52
679.165	2116.06
680.825	2086.36
682.486	2157.52
684.146	2207.63
685.806	2140.27
687.465	2166.29
689.124	2236.01
690.783	2152.04
692.442	2090.65
694.1	2101.6
695.758	2135.18
697.416	2030.01
699.073	2072.63
700.73	2036.82
702.387	2097.57
704.043	2087.4
705.699	2136.11
707.355	2104.8
709.01	2164.1
710.665	2064.82
712.32	2086.37
713.975	2163.83
715.629	2127.97
717.283	2078.49
718.936	2263.34
720.589	2365.08
722.242	2607.53
723.895	2851.58
725.547	3150.2
727.199	3804.57
728.851	4416.8
730.502	4977.79
732.153	5408.78
733.804	5302.27
735.454	4918.52
737.104	4328.58
738.754	3548.99
740.404	3023.73
742.053	2625.61
743.702	2439.61
745.35	2282.36
746.998	2302.51
748.646	2174
750.294	2178.96
751.941	2141.43
753.588	2184.34
755.235	2174.13
756.881	2092.54
758.527	2141.54
760.173	2114.6
761.818	2148.43
763.463	2180.75
765.108	2091.49
766.752	2119.25
768.396	2175.91
770.04	2139.82
771.684	2108.29
773.327	2195.41
774.97	2177.56
776.612	2092.74
778.255	2147.94
779.897	2098.11
781.538	2173.12
783.18	2133.93
784.821	2122.15
786.461	2203.31
788.102	2115.34
789.742	2233.11
791.382	2164.92
793.021	2186.68
794.66	2124.57
796.299	2120.39
797.938	2177.25
799.576	2141.03
801.214	2156.7
802.851	2161.69
804.489	2148.36
806.126	2139.6
807.762	2243.88
809.399	2131.25
811.035	2148.46
812.671	2173.32
814.306	2120.23
815.941	2129.8
817.576	2127.15
819.21	2129.08
820.845	2201.38
822.479	2136
824.112	2177.73
825.745	2126.1
827.378	2177.02
829.011	2156
830.643	2236.04
832.275	2173.66
833.907	2160.28
835.539	2185.21
837.17	2185.62
838.801	2241.23
840.431	2238.58
842.061	2263.54
843.691	2251.7
845.321	2206.1
846.95	2254.09
848.579	2254.51
850.208	2215.03
851.836	2327.52
853.464	2200.51
855.092	2185.57
856.719	2239.74
858.346	2244.78
859.973	2176.05
861.599	2176.46
863.226	2230.68
864.852	2258.77
866.477	2249.97
868.102	2175.03
869.727	2227.75
871.352	2212.78
872.976	2243.98
874.6	2184.37
876.224	2271
877.848	2245.25
879.471	2233.35
881.093	2218.37
882.716	2260.39
884.338	2310.13
885.96	2251.99
887.582	2266.29
889.203	2222
890.824	2233.22
892.445	2233.64
894.065	2251.03
895.685	2215.96
897.305	2261.14
898.924	2215.26
900.543	2266.63
902.162	2284.04
903.781	2292.19
905.399	2304.98
907.017	2260.61
908.635	2291.94
910.252	2334.11
911.869	2294.35
913.486	2338.08
915.102	2350.9
916.718	2284.82
918.334	2418.31
919.949	2282.59
921.565	2344.93
923.179	2405.75
924.794	2393.81
926.408	2386.52
928.022	2430.34
929.636	2308.41
931.249	2418.86
932.862	2332.52
934.475	2343.81
936.088	2310.15
937.7	2354
939.312	2351.34
940.923	2322.31
942.534	2342.92
944.145	2365.08
945.756	2362.43
947.366	2372.18
948.976	2372.63
950.586	2380.84
952.195	2417.02
953.805	2482.72
955.413	2445.9
957.022	2460.34
958.63	2501.23
960.238	2599.65
961.846	2514.61
963.453	2561.74
965.06	2434.66
966.667	2441.34
968.273	2468.25
969.879	2398.67
971.485	2484.75
973.09	2452.52
974.696	2423.38
976.3	2470.57
977.905	2449.22
979.509	2530.72
981.113	2456.38
982.717	2394.48
984.32	2493.16
985.923	2404.74
987.526	2403.63
989.129	2439.96
990.731	2473.19
992.333	2461.17
993.934	2458.51
995.536	2491.76
997.137	2528.14
998.737	2516.12
1000.34	2586.89
1001.94	2549.87
1003.54	2590.98
1005.14	2536.76
1006.74	2684.19
1008.34	2594.01
1009.93	2661.74
1011.53	2624.7
1013.13	2651.79
1014.73	2641.33
1016.33	2707.56
1017.92	2673.63
1019.52	2647.51
1021.12	2622.95
1022.71	2653.2
1024.31	2732.03
1025.9	2701.2
1027.5	2649.99
1029.09	2716.32
1030.69	2757.59
1032.28	2692.25
1033.88	2764.9
1035.47	2699.53
1037.06	2707.88
1038.66	2742.91
1040.25	2782.66
1041.84	2816.15
1043.43	2873.2
1045.03	2777.95
1046.62	2742.34
1048.21	2683.16
1049.8	2825.07
1051.39	2715.59
1052.98	2679.95
1054.57	2700.89
1056.16	2608.62
1057.75	2634.27
1059.34	2653.64
1060.93	2602.22
1062.52	2577.53
1064.11	2544.96
1065.7	2576.92
1067.28	2552.21
1068.87	2562.14
1070.46	2598.84
1072.05	2572.55
1073.63	2557.27
1075.22	2560.9
1076.8	2660.68
1078.39	2639.11
1079.98	2563.91
1081.56	2491.85
1083.15	2542.79
1084.73	2525.91
1086.31	2548.47
1087.9	2522.12
1089.48	2503.65
1091.07	2595.69
1092.65	2514.06
1094.23	2558.75
1095.81	2524.47
1097.4	2515.47
1098.98	2575.99
1100.56	2593.86
1102.14	2524.78
1103.72	2607.48
1105.3	2636.43
1106.88	2583.14
1108.46	2583.62
1110.04	2664.81
1111.62	2608.33
1113.2	2615.15
1114.78	2623.55
1116.36	2620.87
1117.94	2681.55
1119.52	2680.47
1121.09	2841
1122.67	2784.48
1124.25	2800.85
1125.83	2730.03
1127.4	2652.84
1128.98	2716.77
1130.55	2760.11
1132.13	2705.09
1133.71	2657.99
1135.28	2706.1
1136.86	2722.48
1138.43	2792.85
1140	2674.27
1141.58	2784.36
1143.15	2745.16
1144.73	2769.51
1146.3	2733.47
1147.87	2778.49
1149.44	2697.92
1151.02	2725.46
1152.59	2730.74
1154.16	2689.89
1155.73	2641.07
1157.3	2864.34
1158.87	2692.98
1160.44	2782.63
1162.01	2767.23
1163.58	2786.85
1165.15	2776.22
1166.72	2810.19
1168.29	2697.58
1169.86	2755.46
1171.43	2755.97
1173	2791.56
1174.56	2733.08
1176.13	2704.88
1177.7	2783.55
1179.27	2696.31
1180.83	2819.69
1182.4	2815.42
1183.97	2795.19
1185.53	2746.22
1187.1	2809.01
1188.66	2878.21
1190.23	2790.88
1191.79	2828.15
1193.36	2876.62
1194.92	2859.57
1196.48	2812.14
1198.05	2868.63
1199.61	2798.8
1201.17	2778.52
1202.74	2844.63
1204.3	2840.36
1205.86	2818.48
1207.42	2878.23
1208.98	2867.56
1210.54	2776.81
1212.1	2895.86
1213.67	2896.39
1215.23	2813.61
1216.79	2889.46
1218.35	2865.95
1219.9	2946.64
1221.46	2924.74
1223.02	2949.34
1224.58	2972.34
1226.14	2977.71
1227.7	3002.33
1229.26	2916.22
1230.81	3112.6
1232.37	3021.66
1233.93	3055.95
1235.48	3045.27
1237.04	3081.18
1238.6	3123.52
1240.15	3128.92
1241.71	3116.65
1243.26	3123.65
1244.82	3225.53
1246.37	3160.19
1247.92	3218.69
1249.48	3146.89
1251.03	3166.78
1252.59	3083.67
1254.14	3039.17
1255.69	3141.17
1257.24	3117.6
1258.8	3089.18
1260.35	3046.26
1261.9	3161.22
1263.45	3052.22
1265	3141.44
1266.55	3054.97
1268.1	3190.97
1269.65	3181.89
1271.2	3206.67
1272.75	3168.55
1274.3	3215.93
1275.85	3179.4
1277.4	3178.38
1278.95	3214.49
1280.5	3174.71
1282.04	3217.29
1283.59	3140.35
1285.14	3165.16
1286.69	3196.45
1288.23	3156.64
1289.78	3314.03
1291.33	3334.05
1292.87	3221.46
1294.42	3251.17
1295.96	3381.2
1297.51	3362.4
1299.05	3447.18
1300.6	3504.48
1302.14	3432.27
1303.68	3466.91
1305.23	3686.19
1306.77	3675.54
1308.31	3739.4
1309.86	3905.38
1311.4	3956.35
1312.94	4154.85
1314.48	4139.41
1316.03	4196.93
1317.57	4319.36
1319.11	4506.72
1320.65	4525.4
1322.19	4488.91
1323.73	4403.71
1325.27	4568.49
1326.81	4574.21
1328.35	4558.81
1329.89	4551.53
1331.43	4599.49
1332.96	4561.34
1334.5	4658.07
1336.04	4457.36
1337.58	4359
1339.12	4332.16
1340.65	4266.28
1342.19	4093
1343.73	4030.3
1345.26	3982.22
1346.8	3859.25
1348.33	3837.17
1349.87	3631.08
1351.4	3729.47
1352.94	3632.42
1354.47	3667.31
1356.01	3570.21
1357.54	3559.46
1359.08	3604.13
1360.61	3640.66
1362.14	3598.94
1363.67	3659.95
1365.21	3521.96
1366.74	3768.98
1368.27	3624.44
1369.8	3786.69
1371.33	3826.57
1372.87	3770.13
1374.4	3720.2
1375.93	3828.69
1377.46	3889.84
1378.99	3864.41
1380.52	3850.41
1382.05	3787.37
1383.58	3716.14
1385.1	3705.37
1386.63	3722.41
1388.16	3670.75
1389.69	3663.25
1391.22	3721.19
1392.74	3705.51
1394.27	3748.76
1395.8	3690.5
1397.32	3828.74
1398.85	3854.02
1400.38	3858
1401.9	3816.11
1403.43	3736.51
1404.95	3686.38
1406.48	3664.11
1408	3604.11
1409.53	3578.54
1411.05	3518.5
1412.58	3555.24
1414.1	3536.21
1415.62	3505.67
1417.15	3606.45
1418.67	3557.86
1420.19	3593
1421.71	3711.91
1423.23	3476.04
1424.76	3565.4
1426.28	3566.06
1427.8	3530.55
1429.32	3486.82
1430.84	3480.88
1432.36	3514.41
1433.88	3432.81
1435.4	3510.77
1436.92	3394.58
1438.44	3446.23
1439.96	3433.69
1441.47	3552.86
1442.99	3436.6
1444.51	3496.52
1446.03	3577.88
1447.55	3515.93
1449.06	3562.71
1450.58	3611.17
1452.1	3628.31
1453.61	3619.09
1455.13	3609.86
1456.64	3645.16
1458.16	3708.51
1459.67	3717.44
1461.19	3657.06
1462.7	3661.04
1464.22	3669.96
1465.73	3604.59
1467.25	3659.75
1468.76	3607.56
1470.27	3624.74
1471.79	3689.85
1473.3	3624.42
1474.81	3651.53
1476.32	3557.96
1477.84	3583.42
1479.35	3602.27
1480.86	3554.96
1482.37	3548.99
1483.88	3504.96
1485.39	3512.22
1486.9	3486.38
1488.41	3467.15
1489.92	3461.16
1491.43	3398.85
1492.94	3336.52
1494.45	3456.43
1495.96	3297.97
1497.46	3391.4
1498.97	3393.68
1500.48	3371.08
1501.99	3310.34
1503.49	3357.39
1505	3421.05
1506.51	3386.83
1508.01	3503.63
1509.52	3373.13
1511.03	3433.52
1512.53	3377.68
1514.04	3429.79
1515.54	3433.74
1517.05	3492.52
1518.55	3446.63
1520.05	3430.64
1521.56	3393.03
1523.06	3375.36
1524.56	3424.21
1526.07	3404.87
1527.57	3425.46
1529.07	3509.28
1530.57	3388.43
1532.08	3399.04
1533.58	3369.69
1535.08	3481.88
1536.58	3449.2
1538.08	3436.51
1539.58	3525.44
1541.08	3532.75
1542.58	3618.39
1544.08	3494.03
1545.58	3606.38
1547.08	3557.01
1548.58	3591.02
1550.08	3703.44
1551.58	3690.77
1553.07	3681.43
1554.57	3633.7
1556.07	3672.76
1557.57	3564.9
1559.06	3567.22
1560.56	3663.08
1562.06	3647.04
1563.55	3615.96
1565.05	3663.42
1566.54	3662.41
1568.04	3745
1569.54	3588.5
1571.03	3684.49
1572.52	3710.25
1574.02	3662.41
1575.51	3581.08
1577.01	3787.6
1578.5	3584.06
1579.99	3688.52
1581.49	3618.86
1582.98	3564.25
1584.47	3569.92
1585.96	3572.25
1587.45	3604.74
1588.95	3575.23
1590.44	3604.38
1591.93	3544.67
1593.42	3634.2
1594.91	3547.64
1596.4	3593.59
1597.89	3616.06
1599.38	3620.07
1600.87	3558.62
1602.36	3591.17
1603.85	3551.52
1605.33	3668.06
1606.82	3734.24
1608.31	3657.63
1609.8	3582.68
1611.29	3623.67
1612.77	3664.67
1614.26	3611.54
1615.75	3687.87
1617.23	3658.27
1618.72	3667.34
1620.21	3637.72
1621.69	3719.17
1623.18	3713.11
1624.66	3681.8
1626.15	3738.03
1627.63	3641.04
1629.11	3837.09
1630.6	3667.63
1632.08	3754.24
1633.57	3707.73
1635.05	3752.23
1636.53	3690.53
1638.01	3800.81
1639.5	3850.41
1640.98	3685.8
1642.46	3703.34
1643.94	3725.95
1645.42	3664.18
1646.9	3541.62
1648.38	3630.06
1649.86	3738.79
1651.34	3622.93
1652.82	3520.54
1654.3	3522.87
1655.78	3493.09
1657.26	3525.84
1658.74	3509.58
1660.22	3576.16
1661.7	3510.85
1663.18	3486.12
1664.65	3468.14
1666.13	3402.78
1667.61	3438.94
1669.09	3398.94
1670.56	3435.11
1672.04	3379.85
1673.51	3314.41
1674.99	3333.65
1676.47	3227.52
1677.94	3382.31
1679.42	3338.85
1680.89	3290.3
1682.37	3346.85
1683.84	3198.23
1685.31	3300.57
1686.79	3179.03
1688.26	3332.31
1689.73	3268.43
1691.21	3255.44
1692.68	3293.38
1694.15	3241.34
1695.62	3167.21
1697.1	3264.6
1698.57	3164.96
1700.04	3153.64
1701.51	3210.29
1702.98	3212.58
1704.45	3235.26
1705.92	3133.82
1707.39	3149.7
1708.86	3083.93
1710.33	3210.38
1711.8	3090.15
1713.27	3175.81
1714.74	3091.27
1716.21	3120.77
1717.67	3024.28
1719.14	3098.06
1720.61	3238.31
1722.08	3152
1723.54	3171.32
1725.01	3180.41
1726.48	3054.84
1727.94	3181.56
1729.41	3124.16
1730.88	3133.25
1732.34	3072.41
1733.81	3107.09
1735.27	3221.99
1736.74	3190.14
1738.2	3069.51
1739.66	3080.31
1741.13	3173.09
1742.59	3192.45
1744.06	3080.27
1745.52	3116.71
1746.98	3074.55
1748.44	3179.38
1749.91	3111.57
1751.37	3146.33
1752.83	3088.75
1754.29	3130.36
1755.75	3120.66
1757.21	3196.52
1758.67	3157.73
1760.13	3190.83
1761.59	3112.65
1763.05	3205.68
1764.51	3146.31
1765.97	3133.18
1767.43	3164.58
1768.89	3022.92
1770.35	3011.47
1771.81	3157.73
1773.27	3240.6
1774.72	3131.43
1776.18	3138.86
1777.64	3069.09
1779.1	3073.07
1780.55	3204.06
1782.01	3228.66
1783.47	3069.59
1784.92	3083.88
1786.38	3111.91
1787.83	3172.6
1789.29	3231.58
1790.74	3103.29
1792.2	3119.32
1793.65	3116.44
1795.11	3244.23
1796.56	3150.24
1798.01	3052.77
1799.47	3061.93
1800.92	3184.63
1802.37	3147.35
1803.83	3206.44
1805.28	3132.99
1806.73	3087.07
1808.18	3108.29
1809.63	3200.14
1811.08	3088.74
1812.54	3203.01
1813.99	3153.62
1815.44	3190.38
1816.89	3084.07
1818.34	3150.15
1819.79	3211.08
1821.24	3204.76
1822.68	3141.5
1824.13	3212.81
1825.58	3106.39
1827.03	3241.59
1828.48	3154.13
1829.93	3239.3
1831.37	3182.89
1832.82	3242.2
1834.27	3199.59
1835.72	3286.56
1837.16	3226.67
1838.61	3192.68
1840.05	3231.29
1841.5	3167.89
1842.95	3137.33
1844.39	3179.41
1845.84	3252.65
1847.28	3213.43
1848.72	3205.35
1850.17	3259.59
1851.61	3190.93
1853.06	3231.33
1854.5	3240.57
1855.94	3215.17
1857.39	3179.36
1858.83	3176.47
1860.27	3203.04
1861.71	3104.8
1863.15	3212.86
1864.6	3242.92
1866.04	3200.14
1867.48	3259.7
1868.92	3126.68
1870.36	3264.34
1871.8	3294.44
1873.24	3201.28
1874.68	3153.24
1876.12	3252.8
1877.56	3190.85
1879	3222.69
1880.44	3244.12
1881.88	3227.33
1883.31	3245.29
1884.75	3209.36
1886.19	3162.99
1887.63	3104.43
1889.06	3198.92
1890.5	3161.22
1891.94	3163.52
1893.37	3200.64
1894.81	3199.47
1896.25	3241.83
1897.68	3209.33
1899.12	3234.29
1900.55	3285.39
1901.99	3139.62
1903.42	3187.24
1904.86	3229.64
1906.29	3258.11
1907.72	3150.6
1909.16	3274.98
1910.59	3287.77
1912.02	3152.29
1913.46	3285.46
1914.89	3198.8
1916.32	3281.41
1917.75	3163.28
1919.19	3347.19
1920.62	3239.51
1922.05	3259.31
1923.48	3258.14
1924.91	3234.27
1926.34	3285.53
1927.77	3251.16
1929.2	3293.7
1930.63	3240.08
1932.06	3200.44
1933.49	3346.2
1934.92	3350.3
1936.35	3300.15
1937.78	3307.74
1939.2	3262.82
1940.63	3296.67
1942.06	3307.77
1943.49	3248.82
1944.91	3335.23
1946.34	3235.96
1947.77	3247.06
1949.19	3266.92
1950.62	3193.88
1952.05	3336.46
1953.47	3335.31
1954.9	3285.04
1956.32	3380.36
1957.75	3312.54
1959.17	3351.74
1960.6	3280.37
1962.02	3347.67
1963.44	3328.95
1964.87	3308.48
1966.29	3377.57
1967.71	3311.42
1969.14	3313.77
1970.56	3340.72
1971.98	3279.8
1973.4	3354.22
1974.83	3240.53
1976.25	3341.35
1977.67	3361.3
1979.09	3280.97
1980.51	3364.26
1981.93	3305.03
1983.35	3293.3
1984.77	3344.94
1986.19	3398.36
1987.61	3402.49
1989.03	3362.59
1990.45	3296.24
1991.87	3340.88
1993.29	3302.7
1994.71	3384.38
1996.12	3376.17
1997.54	3382.06
1998.96	3382.67
2000.38	3407.97
