400.685	735.043
402.399	752.544
404.113	787.699
405.827	757.212
407.54	760.277
409.253	731.232
410.965	724.074
412.677	744.656
414.389	792.992
416.101	740.561
417.812	756.774
419.523	787.606
421.233	723.451
422.944	767.445
424.654	748.586
426.363	750.193
428.072	760.576
429.781	795.833
431.49	838.419
433.198	787.359
434.906	761.163
436.614	786.198
438.321	784.885
440.028	767.461
441.734	763.214
443.441	750.175
445.147	789.887
446.852	775.382
448.557	772.599
450.262	783.012
451.967	755.297
453.671	775.979
455.375	811.34
457.079	783.615
458.782	802.847
460.485	795.661
462.188	785.536
463.89	801.842
465.592	775.557
467.294	857.978
468.995	765.569
470.696	836.262
472.397	754.104
474.097	826.292
475.797	797.04
477.497	829.552
479.196	772.338
480.896	803.386
482.594	805.012
484.293	761.008
485.991	800.905
487.688	798.114
489.386	805.632
491.083	842.614
492.78	845.723
494.476	767.781
496.172	778.246
497.868	828.52
499.564	841.95
501.259	817.04
502.954	846.698
504.648	792.272
506.342	854.402
508.036	820.62
509.73	891.636
511.423	940.531
513.116	989.446
514.808	1066.44
516.5	1325.19
518.192	1768.73
519.884	2151.85
521.575	1864.01
523.266	1342.47
524.957	1036.62
526.647	912.577
528.337	878.727
530.026	862.62
531.716	831.707
533.405	825.946
535.093	851.273
536.782	839.59
538.47	847.156
540.157	823.617
541.845	777.846
543.532	829.861
545.218	788.519
546.905	831.662
548.591	834.787
550.277	867.573
551.962	824.724
553.647	824.882
555.332	810.201
557.016	840.04
558.7	868.405
560.384	865.602
562.068	807.852
563.751	797.61
565.434	797.762
567.116	836.548
568.798	780.234
570.48	790.789
572.162	850.409
573.843	820.832
575.524	826.938
577.205	815.196
578.885	821.304
580.565	873.546
582.244	787.384
583.924	794.978
585.603	815.977
587.281	816.133
588.96	844.591
590.638	797.077
592.315	840.444
593.993	804.834
595.67	825.858
597.346	788.741
599.023	747.136
600.699	818.874
602.375	853.343
604.05	859.475
605.725	795.465
607.4	832.935
609.075	848.024
610.749	839.227
612.423	822.958
614.096	820.127
615.769	841.202
617.442	892.173
619.115	869.923
620.787	901.484
622.459	891.19
624.13	867.431
625.802	851.142
627.473	831.855
629.143	869.424
630.814	851.63
632.484	880.235
634.153	836.982
635.823	820.669
637.492	825.319
639.161	843.454
640.829	890.067
642.497	869.254
644.165	834.943
645.832	838.101
647.499	833.762
649.166	844.421
650.833	868.584
652.499	826.738
654.165	868.915
655.83	789.528
657.496	866.244
659.16	879.924
660.825	871.08
662.489	827.684
664.153	853.383
665.817	904.639
667.48	882.266
669.143	885.441
670.806	872.077
672.468	813.593
674.13	863.385
675.792	898.152
677.454	839.638
679.115	898.494
680.776	903.181
682.436	891.308
684.096	932.137
685.756	929.302
687.416	855.663
689.075	898.014
690.734	898.186
692.392	847.108
694.051	868.376
695.708	817.273
697.366	932.049
699.023	893.007
700.68	894.686
702.337	864.675
703.994	842.2
705.65	866.514
707.305	896.877
708.961	874.395
710.616	888.155
712.271	960.841
713.925	874.894
715.579	896.219
717.233	872.204
718.887	887.488
720.54	901.267
722.193	960.425
723.845	1055.91
725.498	1037.96
727.15	1104.74
728.801	1154.9
730.453	1292.89
732.104	1350.67
733.754	1313.07
735.405	1267.87
737.055	1156
738.705	1077.42
740.354	1030.64
742.003	1012.64
743.652	952.187
745.301	938.719
746.949	960.133
748.597	893.563
750.244	924.08
751.892	899.973
753.539	919.878
755.185	941.307
756.832	938.449
758.478	918.883
760.123	897.79
761.769	855.417
763.414	899.65
765.059	863.342
766.703	839.181
768.347	898.642
769.991	910.979
771.635	917.236
773.278	931.103
774.921	902.367
776.563	872.099
778.206	873.786
779.848	869.384
781.489	886.301
783.131	916.931
784.772	901.871
786.412	898.994
788.053	880.877
789.693	925.248
791.333	931.522
792.972	921.024
794.611	941.026
796.25	906.119
797.889	924.6
799.527	871.364
801.165	885.266
802.802	893.066
804.44	887.128
806.077	913.258
807.713	934.816
809.35	887.632
810.986	878.632
812.622	897.138
814.257	912.594
815.892	920.412
817.527	899.177
819.162	899.347
820.796	882.69
822.43	895.097
824.063	916.692
825.697	895.436
827.329	920.101
828.962	904.962
830.595	932.701
832.227	905.305
833.858	882.494
835.49	911.777
837.121	947.201
838.752	893.726
840.382	878.562
842.012	914
843.642	885.03
845.272	883.663
846.901	903.777
848.53	957.663
850.159	936.354
851.787	908.896
853.415	895.247
855.043	929.206
856.67	929.381
858.297	866.562
859.924	872.873
861.551	911.464
863.177	939.308
864.803	891.819
866.428	878.146
868.054	924.458
869.679	927.709
871.303	923.268
872.928	909.591
874.552	898.987
876.175	902.236
877.799	882.387
879.422	910.278
881.045	942.801
882.667	939.897
884.29	900.005
885.911	940.252
887.533	945.054
889.154	882.011
890.775	928.446
892.396	940.961
894.016	944.224
895.636	907.367
897.256	943.037
898.876	960.196
900.495	1006.7
902.114	968.279
903.732	997.809
905.351	925.388
906.968	968.827
908.586	952.009
910.203	936.731
911.82	930.723
913.437	951.001
915.054	992.94
916.67	956
918.285	974.747
919.901	930.053
921.516	978.21
923.131	958.269
924.746	949.159
926.36	991.152
927.974	947.968
929.588	979.131
931.201	1038.2
932.814	957.802
934.427	985.885
936.039	981.419
937.651	1006.42
939.263	977.135
940.875	994.384
942.486	1020.95
944.097	1018.04
945.708	1053.93
947.318	992.027
948.928	1023.27
950.538	993.953
952.147	1014.33
953.756	1051.81
955.365	1036.47
956.974	1069.3
958.582	1066.4
960.19	1060.38
961.797	1038.81
963.405	1067
965.012	1085.87
966.618	1067.4
968.225	1020.91
969.831	1027.33
971.437	1021.29
973.042	1091.56
974.647	1096.44
976.252	1056.14
977.857	1061.01
979.461	1036.28
981.065	1108.17
982.669	1120.85
984.272	1102.35
985.875	1026.14
987.478	1088.72
989.081	1093.61
990.683	1028.28
992.285	1048.76
993.886	1055.2
995.488	1100.68
997.089	1029.05
998.689	1104.21
1000.29	1063.8
1001.89	1096.81
1003.49	1075.14
1005.09	1067.53
1006.69	1020.83
1008.29	1011.64
1009.89	1075.95
1011.48	1083.97
1013.08	1056.01
1014.68	1082.81
1016.28	1061.11
1017.87	1061.31
1019.47	1064.64
1021.07	1041.35
1022.66	1011.78
1024.26	1029.2
1025.86	1005.89
1027.45	1034.29
1029.05	1065.83
1030.64	1029.98
1032.23	1074.07
1033.83	1042.91
1035.42	1076.04
1037.02	1069.97
1038.61	1057.62
1040.2	1068.8
1041.79	1043.88
1043.39	1028.38
1044.98	1058.41
1046.57	1072.74
1048.16	1088.65
1049.75	1049.58
1051.34	1034.06
1052.93	1037.39
1054.52	1067.46
1056.11	1053.51
1057.7	1052.13
1059.29	1090.08
1060.88	1043.08
1062.47	1099.93
1064.06	1056.07
1065.65	1037.37
1067.24	1039.14
1068.82	1062.96
1070.41	1044.26
1072	1093.29
1073.58	1049.37
1075.17	1021.2
1076.76	1040.31
1078.34	1078.34
1079.93	1065.93
1081.51	1066.13
1083.1	1091.56
1084.68	1093.34
1086.27	1085.66
1087.85	1054.3
1089.43	1090.8
1091.02	1070.48
1092.6	1037.52
1094.18	1094.57
1095.77	1085.3
1097.35	1076.02
1098.93	1046.19
1100.51	1089.07
1102.09	1070.3
1103.67	1068.92
1105.26	1075.44
1106.84	1096.21
1108.42	1064.77
1110	1104.53
1111.58	1044.59
1113.15	1097.03
1114.73	1090.9
1116.31	1110.1
1117.89	1180
1119.47	1305.37
1121.05	1283.43
1122.62	1274.16
1124.2	1172.96
1125.78	1139.88
1127.35	1087.77
1128.93	1095.9
1130.51	1115.14
1132.08	1124.87
1133.66	1063.19
1135.23	1091.96
1136.81	1100.1
1138.38	1106.65
1139.96	1094.16
1141.53	1135.66
1143.1	1135.87
1144.68	1077.29
1146.25	1090.2
1147.82	1141.27
1149.4	1077.89
1150.97	1127.39
1152.54	1075.11
1154.11	1134.17
1155.68	1096.2
1157.25	1137.77
1158.83	1112.52
1160.4	1142.97
1161.97	1130.45
1163.54	1170.47
1165.11	1087.86
1166.68	1190.02
1168.24	1187.06
1169.81	1190.47
1171.38	1109.4
1172.95	1160.62
1174.52	1144.89
1176.08	1137.13
1177.65	1150.1
1179.22	1155.1
1180.79	1166.49
1182.35	1187.45
1183.92	1160.53
1185.48	1130.41
1187.05	1165.76
1188.61	1153.2
1190.18	1150.21
1191.74	1152.03
1193.31	1141.05
1194.87	1179.63
1196.44	1175.05
1198	1221.64
1199.56	1154.7
1201.13	1188.5
1202.69	1180.72
1204.25	1160.14
1205.81	1176.36
1207.37	1237.41
1208.94	1188.01
1210.5	1263.49
1212.06	1172.43
1213.62	1206.29
1215.18	1233.75
1216.74	1250.01
1218.3	1214.98
1219.86	1200.77
1221.42	1247.5
1222.98	1276.6
1224.53	1175.78
1226.09	1230.54
1227.65	1264.47
1229.21	1271.12
1230.77	1236.04
1232.32	1188.11
1233.88	1212.42
1235.44	1228.7
1236.99	1277.12
1238.55	1258.08
1240.1	1275.99
1241.66	1313.19
1243.21	1274.86
1244.77	1302.43
1246.32	1283.37
1247.88	1208.01
1249.43	1253.28
1250.99	1239.03
1252.54	1273.05
1254.09	1255.58
1255.64	1259.04
1257.2	1238.34
1258.75	1185.41
1260.3	1301.62
1261.85	1266.41
1263.4	1187.69
1264.96	1291.06
1266.51	1296.14
1268.06	1272.19
1269.61	1330.48
1271.16	1364.6
1272.71	1298.71
1274.26	1315.09
1275.8	1321.79
1277.35	1238.09
1278.9	1302.9
1280.45	1379.04
1282	1317.92
1283.55	1303.62
1285.09	1336.18
1286.64	1326.73
1288.19	1323.74
1289.73	1290.04
1291.28	1387.29
1292.83	1348.74
1294.37	1334.43
1295.92	1299.08
1297.46	1383.47
1299.01	1420.94
1300.55	1367.79
1302.09	1392.33
1303.64	1400.68
1305.18	1449.53
1306.73	1441.7
1308.27	1414.42
1309.81	1429.27
1311.35	1444.12
1312.9	1426.55
1314.44	1511.13
1315.98	1454.65
1317.52	1493.84
1319.06	1445.45
1320.6	1491.15
1322.14	1471.95
1323.68	1444.63
1325.22	1478.99
1326.76	1524.73
1328.3	1544.5
1329.84	1574.02
1331.38	1541.82
1332.92	1598.98
1334.46	1521.26
1335.99	1498.78
1337.53	1544.58
1339.07	1512.35
1340.61	1473.59
1342.14	1431.57
1343.68	1441.59
1345.22	1438.6
1346.75	1499.09
1348.29	1471.69
1349.82	1506.16
1351.36	1451.06
1352.89	1446.45
1354.43	1401.1
1355.96	1398.09
1357.5	1409.76
1359.03	1403.5
1360.56	1413.54
1362.1	1404.02
1363.63	1459.73
1365.16	1412.69
1366.69	1388.48
1368.23	1408.32
1369.76	1424.9
1371.29	1475.77
1372.82	1451.55
1374.35	1384.86
1375.88	1496.19
1377.41	1401.71
1378.94	1426.47
1380.47	1407.13
1382	1410.65
1383.53	1373.31
1385.06	1389.92
1386.59	1404.89
1388.12	1429.69
1389.64	1361.23
1391.17	1472.76
1392.7	1402.65
1394.23	1434.01
1395.75	1435.92
1397.28	1391.96
1398.81	1402.05
1400.33	1420.33
1401.86	1338.66
1403.38	1422.49
1404.91	1403.08
1406.43	1377.11
1407.96	1444.59
1409.48	1400.57
1411.01	1420.52
1412.53	1353.51
1414.05	1402.99
1415.58	1365.5
1417.1	1332.92
1418.62	1397.19
1420.14	1312.06
1421.67	1451.91
1423.19	1399.61
1424.71	1355.5
1426.23	1375.47
1427.75	1305.05
1429.27	1362.83
1430.79	1358.14
1432.31	1389.64
1433.83	1403.05
1435.35	1434.57
1436.87	1462.81
1438.39	1385.72
1439.91	1366.23
1441.43	1409.28
1442.95	1432.59
1444.47	1408.15
1445.98	1447.95
1447.5	1530.59
1449.02	1469.9
1450.53	1471.82
1452.05	1425.93
1453.57	1401.46
1455.08	1469.33
1456.6	1502.59
1458.11	1512.76
1459.63	1440.44
1461.14	1513.32
1462.66	1469.03
1464.17	1474.25
1465.69	1458.01
1467.2	1440.11
1468.71	1501.49
1470.23	1452.2
1471.74	1470.65
1473.25	1422.99
1474.77	1467.88
1476.28	1517.75
1477.79	1455.19
1479.3	1430.65
1480.81	1515.27
1482.32	1462.61
1483.83	1452.95
1485.34	1487.97
1486.85	1488.24
1488.36	1450.43
1489.87	1485.48
1491.38	1437.71
1492.89	1467.8
1494.4	1433.27
1495.91	1539.6
1497.42	1422.19
1498.93	1478.82
1500.43	1447.58
1501.94	1454.48
1503.45	1486.27
1504.96	1453.36
1506.46	1456.94
1507.97	1535.21
1509.47	1522.21
1510.98	1476.01
1512.49	1497.86
1513.99	1464.92
1515.5	1465.19
1517	1535.24
1518.5	1498.96
1520.01	1469.32
1521.51	1502.83
1523.02	1506.43
1524.52	1573.23
1526.02	1518.63
1527.53	1560.5
1529.03	1555.79
1530.53	1484.51
1532.03	1513.08
1533.53	1578.29
1535.03	1571.91
1536.54	1542.22
1538.04	1607.47
1539.54	1519.46
1541.04	1508.07
1542.54	1520.02
1544.04	1563.64
1545.54	1577.26
1547.04	1585.89
1548.53	1579.51
1550.03	1674.88
1551.53	1600.1
1553.03	1592.05
1554.53	1659.11
1556.02	1659.41
1557.52	1622.98
1559.02	1755.21
1560.52	1678.69
1562.01	1702.39
1563.51	1729.44
1565	1739.78
1566.5	1721.71
1568	1693.6
1569.49	1775.85
1570.99	1724.32
1572.48	1717.95
1573.97	1719.93
1575.47	1683.43
1576.96	1712.19
1578.45	1720.88
1579.95	1689.38
1581.44	1716.48
1582.93	1711.77
1584.43	1742.23
1585.92	1739.2
1587.41	1736.17
1588.9	1669.44
1590.39	1646.27
1591.88	1725.38
1593.37	1673.7
1594.86	1675.69
1596.35	1632.37
1597.84	1719.92
1599.33	1740.38
1600.82	1692.02
1602.31	1705.75
1603.8	1739.65
1605.29	1696.3
1606.78	1738.6
1608.27	1715.4
1609.75	1682.1
1611.24	1692.49
1612.73	1640.69
1614.22	1731.78
1615.7	1723.69
1617.19	1673.54
1618.67	1677.21
1620.16	1697.71
1621.65	1625.65
1623.13	1622.58
1624.62	1617.83
1626.1	1641.7
1627.59	1668.94
1629.07	1635.56
1630.55	1588.68
1632.04	1607.51
1633.52	1590.94
1635	1643.49
1636.49	1540.95
1637.97	1585.07
1639.45	1566.8
1640.93	1610.95
1642.42	1555.56
1643.9	1542.35
1645.38	1562.88
1646.86	1574.98
1648.34	1565.14
1649.82	1509.69
1651.3	1560.64
1652.78	1495.04
1654.26	1544.31
1655.74	1466.85
1657.22	1506
1658.7	1457.24
1660.18	1513.31
1661.65	1523.73
1663.13	1508.78
1664.61	1534.43
1666.09	1533.02
1667.56	1494.37
1669.04	1382.93
1670.52	1510.15
1671.99	1505.35
1673.47	1410.78
1674.95	1463.55
1676.42	1443.48
1677.9	1433.58
1679.37	1427.06
1680.85	1517.16
1682.32	1424.18
1683.8	1477.01
1685.27	1441.66
1686.74	1411.39
1688.22	1423.52
1689.69	1418.69
1691.16	1391.79
1692.64	1410.71
1694.11	1399.08
1695.58	1426.51
1697.05	1455.64
1698.52	1410.04
1700	1432.38
1701.47	1415.65
1702.94	1426.1
1704.41	1382.16
1705.88	1377.31
1707.35	1397.97
1708.82	1428.84
1710.29	1408.68
1711.76	1397.03
1713.23	1402.39
1714.69	1463.92
1716.16	1433.54
1717.63	1345.25
1719.1	1369.34
1720.57	1398.55
1722.03	1363.02
1723.5	1363.27
1724.97	1378.85
1726.43	1372.28
1727.9	1394.7
1729.37	1342.08
1730.83	1390.09
1732.3	1373.28
1733.76	1436.66
1735.23	1331.11
1736.69	1432.06
1738.16	1365.74
1739.62	1391.6
1741.08	1434.54
1742.55	1354.52
1744.01	1375.27
1745.47	1372.1
1746.94	1379.18
1748.4	1364.05
1749.86	1417.29
1751.32	1379.93
1752.79	1371.63
1754.25	1397.54
1755.71	1385.81
1757.17	1422
1758.63	1379.47
1760.09	1436.21
1761.55	1373.12
1763.01	1359.67
1764.47	1339.36
1765.93	1397.85
1767.39	1413.52
1768.85	1437.76
1770.31	1419.17
1771.76	1342.28
1773.22	1380.25
1774.68	1371.92
1776.14	1367.02
1777.6	1389.57
1779.05	1384.68
1780.51	1424.4
1781.97	1380.03
1783.42	1423.2
1784.88	1394.26
1786.33	1318.95
1787.79	1377.59
1789.24	1398.45
1790.7	1371.21
1792.15	1355.99
1793.61	1402.65
1795.06	1430.41
1796.52	1372.2
1797.97	1384.49
1799.42	1376.14
1800.88	1386.71
1802.33	1326.73
1803.78	1399.26
1805.23	1311.72
1806.69	1415.26
1808.14	1370.74
1809.59	1401.99
1811.04	1412.58
1812.49	1343.92
1813.94	1375.18
1815.39	1377.15
1816.84	1420.49
1818.29	1369.02
1819.74	1315.81
1821.19	1407.46
1822.64	1416.34
1824.09	1494.24
1825.54	1411.68
1826.99	1387.77
1828.44	1491.6
1829.88	1415.89
1831.33	1438.6
1832.78	1412.95
1834.22	1425.3
1835.67	1389.27
1837.12	1413.71
1838.56	1446.81
1840.01	1445.34
1841.46	1369.52
1842.9	1381.87
1844.35	1428.82
1845.79	1415.24
1847.24	1372.23
1848.68	1443.44
1850.13	1440.24
1851.57	1336.62
1853.01	1348.98
1854.46	1456.6
1855.9	1340.8
1857.34	1386.09
1858.79	1434.86
1860.23	1384.86
1861.67	1444.05
1863.11	1399.23
1864.55	1437.63
1865.99	1437.89
1867.44	1377.43
1868.88	1344.71
1870.32	1400.48
1871.76	1466.69
1873.2	1387.1
1874.64	1420.34
1876.08	1457.06
1877.52	1410.43
1878.96	1382.88
1880.39	1398.77
1881.83	1454.64
1883.27	1385.37
1884.71	1397.79
1886.15	1380.65
1887.58	1398.29
1889.02	1344.62
1890.46	1404.01
1891.89	1360.76
1893.33	1392.33
1894.77	1483.1
1896.2	1446.8
1897.64	1389.6
1899.07	1442.1
1900.51	1419.71
1901.94	1421.71
1903.38	1414.99
1904.81	1415.25
1906.25	1413.76
1907.68	1408.78
1909.11	1419.5
1910.55	1431.96
1911.98	1358.95
1913.41	1451.67
1914.85	1443.2
1916.28	1384.12
1917.71	1436.74
1919.14	1370.65
1920.57	1386.61
1922.01	1421.79
1923.44	1434.27
1924.87	1458.99
1926.3	1387.6
1927.73	1401.84
1929.16	1398.59
1930.59	1430.32
1932.02	1406.09
1933.45	1448.32
1934.88	1399.59
1936.3	1398.09
1937.73	1440.35
1939.16	1430.1
1940.59	1356.83
1942.02	1392.09
1943.44	1408.1
1944.87	1429.38
1946.3	1413.86
1947.73	1396.59
1949.15	1363.54
1950.58	1453.19
1952	1416.63
1953.43	1429.16
1954.85	1404.86
1956.28	1443.7
1957.7	1408.87
1959.13	1402.11
1960.55	1414.64
1961.98	1420.16
1963.4	1401.1
1964.83	1406.62
1966.25	1442
1967.67	1377.26
1969.09	1439
1970.52	1418.17
1971.94	1441.28
1973.36	1394.07
1974.78	1369.7
1976.21	1438.53
1977.63	1437.03
1979.05	1432.01
1980.47	1432.27
1981.89	1414.92
1983.31	1485.58
1984.73	1406.63
1986.15	1415.68
1987.57	1408.89
1988.99	1400.34
1990.41	1414.68
1991.83	1427.27
1993.24	1439.86
1994.66	1418.96
1996.08	1394.54
1997.5	1408.89
1998.92	1419.72
2000.33	1483.48
