400.685	1157.99
402.399	1155.07
404.113	1117.37
405.827	1151.14
407.54	1148.44
409.253	1078.6
410.965	1124.07
412.677	1149.11
414.389	1137.64
416.101	1146.63
417.812	1142.47
419.523	1174.83
421.233	1199.91
422.944	1185.52
424.654	1207.68
426.363	1175.74
428.072	1180.36
429.781	1189.36
431.49	1199.83
433.198	1186.89
434.906	1203.22
436.614	1196.13
438.321	1152.43
440.028	1203.92
441.734	1224.66
443.441	1139.91
445.147	1210.48
446.852	1172.6
448.557	1227.07
450.262	1205.31
451.967	1177.68
453.671	1138.3
455.375	1194.27
457.079	1156.35
458.782	1202.07
460.485	1184.68
462.188	1181.98
463.89	1167.52
465.592	1161.87
467.294	1165.03
468.995	1141.74
470.696	1211.04
472.397	1211.27
474.097	1174.75
475.797	1179.38
477.497	1209.03
479.196	1157.77
480.896	1168.29
482.594	1171.46
484.293	1154.02
485.991	1214.61
487.688	1250.18
489.386	1218.02
491.083	1210.89
492.78	1212.6
494.476	1217.25
496.172	1210.11
497.868	1217.72
499.564	1247.44
501.259	1244.73
502.954	1246.45
504.648	1183.24
506.342	1249.88
508.036	1227.98
509.73	1276.93
511.423	1277.17
513.116	1370.46
514.808	1543.54
516.5	1865.9
518.192	2311.02
519.884	2615.92
521.575	2350.34
523.266	1828.89
524.957	1416.66
526.647	1298.61
528.337	1319.57
530.026	1195.53
531.716	1265.32
533.405	1301.09
535.093	1234.72
536.782	1279.38
538.47	1272.22
540.157	1265.05
541.845	1203.07
543.532	1307.03
545.218	1243.55
546.905	1188.94
548.591	1278.13
550.277	1219.05
551.962	1286.03
553.647	1290.73
555.332	1252.4
557.016	1303.1
558.7	1295.93
560.384	1266.48
562.068	1248.9
563.751	1268.45
565.434	1286.52
567.116	1320.94
568.798	1267.69
570.48	1290.23
572.162	1288.99
573.843	1232.73
575.524	1279.08
577.205	1245.11
578.885	1231.96
580.565	1285.76
582.244	1244.33
583.924	1262.44
585.603	1231.41
587.281	1246.54
588.96	1231.88
590.638	1264.89
592.315	1256.19
593.993	1241.53
595.67	1274.56
597.346	1267.35
599.023	1243.73
600.699	1281.26
602.375	1221.83
604.05	1268.32
605.725	1292.44
607.4	1289.71
609.075	1288.46
610.749	1318.57
612.423	1299.41
614.096	1269.78
615.769	1190.83
617.442	1288.2
619.115	1348.23
620.787	1309.62
622.459	1263.52
624.13	1305.63
625.802	1352.25
627.473	1324.09
629.143	1315.36
630.814	1302.14
632.484	1335.32
634.153	1358.04
635.823	1334.34
637.492	1366.05
639.161	1387.28
640.829	1344.09
642.497	1312.87
644.165	1349.1
645.832	1346.36
647.499	1402.1
649.166	1342.37
650.833	1371.13
652.499	1336.88
654.165	1328.14
655.83	1311.88
657.496	1316.63
659.16	1325.89
660.825	1356.18
662.489	1342.92
664.153	1311.63
665.817	1314.88
667.48	1304.61
669.143	1348.46
670.806	1305.11
672.468	1389.57
674.13	1301.09
675.792	1382.58
677.454	1265.48
679.115	1304.85
680.776	1387.89
682.436	1431.81
684.096	1379.38
685.756	1369.1
687.416	1334.71
689.075	1336.47
690.734	1320.15
692.392	1352.06
694.051	1334.22
695.708	1308.84
697.366	1312.11
699.023	1339.51
700.68	1305.06
702.337	1302.29
703.994	1317.64
705.65	1328.45
707.305	1328.71
708.961	1298.76
710.616	1386.61
712.271	1370.26
713.925	1381.09
715.579	1375.31
717.233	1393.71
718.887	1436.31
720.54	1486.49
722.193	1565.42
723.845	1600.51
725.498	1794.48
727.15	1996.1
728.801	2206.87
730.453	2428.33
732.104	2509.04
733.754	2538.29
735.405	2405.47
737.055	2215.03
738.705	2100.29
740.354	1929.42
742.003	1760
743.652	1714.85
745.301	1662.09
746.949	1613.87
748.597	1591.42
750.244	1561.38
751.892	1467.58
753.539	1451.16
755.185	1462.06
756.832	1383.38
758.478	1354.78
760.123	1385.42
761.769	1365.93
763.414	1347.96
765.059	1412.05
766.703	1380.39
768.347	1336.56
769.991	1321.6
771.635	1335.54
773.278	1427.08
774.921	1401.48
776.563	1368.27
778.206	1348.74
779.848	1391.62
781.489	1347.72
783.131	1375.4
784.772	1352.81
786.412	1415.54
788.053	1421.9
789.693	1368.82
791.333	1408.72
792.972	1335.79
794.611	1346.72
796.25	1350.03
797.889	1316.72
799.527	1266.61
801.165	1321.79
802.802	1389.21
804.44	1375.74
806.077	1325.6
807.713	1385.42
809.35	1339.85
810.986	1367.61
812.622	1355.64
814.257	1406.34
815.892	1291.94
817.527	1350.29
819.162	1390.32
820.796	1410.47
822.43	1409.2
824.063	1345.2
825.697	1394.43
827.329	1315.09
828.962	1430.18
830.595	1353.87
832.227	1412.34
833.858	1334.47
835.49	1377.63
837.121	1373.29
838.752	1381.21
840.382	1349.28
842.012	1357.2
843.642	1398.87
845.272	1383.79
846.901	1370.24
848.53	1330.6
850.159	1426.02
851.787	1320.36
853.415	1409.67
855.043	1362.32
856.67	1451.68
858.297	1364.37
859.924	1358.49
861.551	1414.08
863.177	1360.54
864.803	1431.52
866.428	1365.66
868.054	1407.45
869.679	1449.26
871.303	1418.76
872.928	1431.34
874.552	1376.19
876.175	1439.57
877.799	1418.29
879.422	1429.34
881.045	1471.2
882.667	1354.38
884.29	1460.97
885.911	1362.59
887.533	1447.64
889.154	1437.12
890.775	1429.68
892.396	1480.86
894.016	1425.59
895.636	1402.72
897.256	1435.39
898.876	1407.88
900.495	1460.64
902.114	1510.33
903.732	1464.28
905.351	1391.94
906.968	1421.56
908.586	1466.65
910.203	1517.94
911.82	1444.01
913.437	1448.92
915.054	1477.04
916.67	1489.69
918.285	1466.76
919.901	1484.06
921.516	1558.64
923.131	1512.49
924.746	1484.9
926.36	1519.25
927.974	1550.52
929.588	1533.77
931.201	1496.87
932.814	1535.89
934.427	1545.48
936.039	1556.63
937.651	1454.57
939.263	1588.23
940.875	1607.15
942.486	1560.9
944.097	1527.05
945.708	1494.75
947.318	1557.13
948.928	1527.92
950.538	1579.45
952.147	1598.39
953.756	1567.62
955.365	1575.68
956.974	1527.8
958.582	1619.8
960.19	1539.26
961.797	1626.63
963.405	1640.94
965.012	1585.24
966.618	1588.65
968.225	1691.66
969.831	1584.58
971.437	1541.28
973.042	1638.12
974.647	1607.27
976.252	1665.21
977.857	1674.87
979.461	1605.06
981.065	1602.25
982.669	1639.96
984.272	1694.84
985.875	1699.84
987.478	1664.28
989.081	1659.92
990.683	1697.68
992.285	1598.11
993.886	1671.78
995.488	1617.45
997.089	1577.15
998.689	1664.91
1000.29	1691.78
1001.89	1682.72
1003.49	1648.66
1005.09	1633.34
1006.69	1655.53
1008.29	1701.18
1009.89	1671.79
1011.48	1642.38
1013.08	1650.51
1014.68	1655.52
1016.28	1637.05
1017.87	1670.22
1019.47	1598.52
1021.07	1673.98
1022.66	1624.18
1024.26	1665.21
1025.86	1595.02
1027.45	1654.87
1029.05	1647.34
1030.64	1628.84
1032.23	1685.59
1033.83	1620.04
1035.42	1590.54
1037.02	1645.74
1038.61	1657.04
1040.2	1647.93
1041.79	1605.86
1043.39	1599.88
1044.98	1680.26
1046.57	1636.6
1048.16	1646.33
1049.75	1632.5
1051.34	1690.95
1052.93	1658.26
1054.52	1663.29
1056.11	1625.86
1057.7	1652.9
1059.29	1672.08
1060.88	1705.44
1062.47	1649.11
1064.06	1669.88
1065.65	1633.98
1067.24	1618.54
1068.82	1651.92
1070.41	1608.12
1072	1695.07
1073.58	1640.24
1075.17	1646.85
1076.76	1691.29
1078.34	1671.11
1079.93	1668.27
1081.51	1695.39
1083.1	1689.4
1084.68	1696.03
1086.27	1615.86
1087.85	1658.78
1089.43	1632.25
1091.02	1683.08
1092.6	1637.6
1094.18	1663.18
1095.77	1674.55
1097.35	1599.02
1098.93	1698.88
1100.51	1738.71
1102.09	1699.51
1103.67	1702.99
1105.26	1715.96
1106.84	1683.07
1108.42	1746.66
1110	1735.91
1111.58	1709.33
1113.15	1795.13
1114.73	1717.89
1116.31	1718.21
1117.89	1802.47
1119.47	1910.53
1121.05	1982.19
1122.62	1947.7
1124.2	1792.72
1125.78	1737.57
1127.35	1742.65
1128.93	1752.49
1130.51	1792.47
1132.08	1721.41
1133.66	1799.49
1135.23	1745.86
1136.81	1757.3
1138.38	1748.1
1139.96	1827.83
1141.53	1767.81
1143.1	1795.15
1144.68	1778
1146.25	1781.51
1147.82	1808.87
1149.4	1777.41
1150.97	1766.61
1152.54	1700.14
1154.11	1743.41
1155.68	1794.64
1157.25	1802.93
1158.83	1830.33
1160.4	1795.65
1161.97	1845.34
1163.54	1777.2
1165.11	1850.8
1166.68	1785.83
1168.24	1841.93
1169.81	1840.68
1171.38	1825.08
1172.95	1831.8
1174.52	1797.06
1176.08	1848.43
1177.65	1743.49
1179.22	1861.88
1180.79	1823.93
1182.35	1816.29
1183.92	1870.9
1185.48	1907.97
1187.05	1908.33
1188.61	1907.09
1190.18	1838.75
1191.74	1842.28
1193.31	1911.35
1194.87	1930.88
1196.44	1944.03
1198	1915.61
1199.56	1912.77
1201.13	1943.51
1202.69	1956.67
1204.25	2008.24
1205.81	1878.98
1207.37	1874.52
1208.94	1889.28
1210.5	1939.28
1212.06	1963.66
1213.62	1920.77
1215.18	1906.71
1216.74	1942.32
1218.3	2030.84
1219.86	1886.93
1221.42	2031.59
1222.98	1958.2
1224.53	1953.75
1226.09	1941.27
1227.65	2044.33
1229.21	1924.34
1230.77	1948.78
1232.32	2011.75
1233.88	1994.46
1235.44	2038.2
1236.99	2067.49
1238.55	1979.51
1240.1	2039.33
1241.66	2041.32
1243.21	2088.32
1244.77	2074.23
1246.32	2063.36
1247.88	2054.09
1249.43	2068.95
1250.99	2064.51
1252.54	2008.56
1254.09	2095.86
1255.64	2057.61
1257.2	2090.19
1258.75	2111.52
1260.3	2111.91
1261.85	2199.31
1263.4	2180.38
1264.96	2158.22
1266.51	2197.31
1268.06	2238.02
1269.61	2249.73
1271.16	2292.08
1272.71	2232.81
1274.26	2207.41
1275.8	2282.06
1277.35	2245.35
1278.9	2134.37
1280.45	2207.43
1282	2228.83
1283.55	2205.02
1285.09	2294.29
1286.64	2226.84
1288.19	2207.86
1289.73	2281.01
1291.28	2287.9
1292.83	2322.29
1294.37	2329.18
1295.92	2308.58
1297.46	2291.21
1299.01	2285.16
1300.55	2305.01
1302.09	2307.05
1303.64	2415.97
1305.18	2411.56
1306.73	2394.19
1308.27	2512.9
1309.81	2511.75
1311.35	2466.83
1312.9	2592.11
1314.44	2548.81
1315.98	2636.85
1317.52	2690.87
1319.06	2637.83
1320.6	2678.88
1322.14	2775.12
1323.68	2692.85
1325.22	2761.54
1326.76	2714.96
1328.3	2759.31
1329.84	2784.18
1331.38	2809.07
1332.92	2835.59
1334.46	2728.84
1335.99	2822
1337.53	2791.63
1339.07	2818.17
1340.61	2699.95
1342.14	2641.89
1343.68	2637.49
1345.22	2585.9
1346.75	2487.09
1348.29	2562.44
1349.82	2453.82
1351.36	2491.73
1352.89	2392.83
1354.43	2456.8
1355.96	2410
1357.5	2386
1359.03	2414.15
1360.56	2439.05
1362.1	2357.97
1363.63	2524.76
1365.16	2440.4
1366.69	2416.38
1368.23	2459.25
1369.76	2402.58
1371.29	2427.51
1372.82	2442.65
1374.35	2425.14
1375.88	2402.72
1377.41	2442.37
1378.94	2392.16
1380.47	2438.36
1382	2409.39
1383.53	2370.6
1385.06	2372.67
1386.59	2361.66
1388.12	2402.99
1389.64	2321.62
1391.17	2376.05
1392.7	2304.48
1394.23	2281.98
1395.75	2395.38
1397.28	2384.35
1398.81	2301.26
1400.33	2388.51
1401.86	2351.26
1403.38	2371.36
1404.91	2332.46
1406.43	2298.46
1407.96	2279.2
1409.48	2258.3
1411.01	2229.19
1412.53	2273.9
1414.05	2230.01
1415.58	2276.38
1417.1	2257.1
1418.62	2239.45
1420.14	2256.29
1421.67	2225.49
1423.19	2191.41
1424.71	2227.95
1426.23	2175.78
1427.75	2149.88
1429.27	2265.35
1430.79	2200
1432.31	2328.68
1433.83	2296.21
1435.35	2270.31
1436.87	2303.63
1438.39	2272.79
1439.91	2296.25
1441.43	2355.94
1442.95	2325.08
1444.47	2378.21
1445.98	2350.65
1447.5	2402.15
1449.02	2428.96
1450.53	2424.46
1452.05	2438.09
1453.57	2438.54
1455.08	2407.66
1456.6	2388.31
1458.11	2413.49
1459.63	2476.63
1461.14	2453.98
1462.66	2399.96
1464.17	2436.72
1465.69	2371.12
1467.2	2369.9
1468.71	2329.04
1470.23	2354.25
1471.74	2333.2
1473.25	2325.37
1474.77	2367.12
1476.28	2298.11
1477.79	2324.99
1479.3	2348.57
1480.81	2347.35
1482.32	2332.89
1483.83	2291.95
1485.34	2323.81
1486.85	2340.79
1488.36	2337.91
1489.87	2333.37
1491.38	2307.3
1492.89	2375.64
1494.4	2477.15
1495.91	2379.83
1497.42	2391.87
1498.93	2354.17
1500.43	2367.87
1501.94	2442.94
1503.45	2403.57
1504.96	2382.44
1506.46	2397.81
1507.97	2404.89
1509.47	2506.59
1510.98	2414.07
1512.49	2426.14
1513.99	2448.18
1515.5	2427.03
1517	2405.87
1518.5	2369.75
1520.01	2363.54
1521.51	2397.22
1523.02	2420.93
1524.52	2439.67
1526.02	2355.29
1527.53	2422.26
1529.03	2334.52
1530.53	2393.19
1532.03	2337.04
1533.53	2435.69
1535.03	2306.25
1536.54	2399.94
1538.04	2438.69
1539.54	2499.12
1541.04	2476.24
1542.54	2503.36
1544.04	2570.5
1545.54	2532.62
1547.04	2436.36
1548.53	2475.17
1550.03	2430.58
1551.53	2557.83
1553.03	2498.22
1554.53	2545.41
1556.02	2454.06
1557.52	2554.69
1559.02	2483.35
1560.52	2533.91
1562.01	2544.4
1563.51	2534.83
1565	2553.68
1566.5	2609.31
1568	2594.74
1569.49	2570.13
1570.99	2609.06
1572.48	2617.9
1573.97	2558.15
1575.47	2588.74
1576.96	2557.41
1578.45	2606.42
1579.95	2555
1581.44	2525.32
1582.93	2550.9
1584.43	2527.91
1585.92	2523.35
1587.41	2500.35
1588.9	2549.41
1590.39	2558.26
1591.88	2575.49
1593.37	2508.88
1594.86	2467.4
1596.35	2607.1
1597.84	2495.15
1599.33	2564.41
1600.82	2606.85
1602.31	2546.88
1603.8	2552.38
1605.29	2567.96
1606.78	2595.31
1608.27	2459.69
1609.75	2488.71
1611.24	2435.37
1612.73	2487.93
1614.22	2528.74
1615.7	2453.52
1617.19	2573.39
1618.67	2523.39
1620.16	2517.12
1621.65	2490.65
1623.13	2437.24
1624.62	2563.95
1626.1	2434.76
1627.59	2418.36
1629.07	2401.96
1630.55	2449.57
1632.04	2409.57
1633.52	2354.4
1635	2390.22
1636.49	2404.14
1637.97	2347.25
1639.45	2340.93
1640.93	2273.88
1642.42	2289.48
1643.9	2246.02
1645.38	2349.38
1646.86	2262.03
1648.34	2144.25
1649.82	2257.79
1651.3	2270.02
1652.78	2174.14
1654.26	2149.19
1655.74	2191.83
1657.22	2158.43
1658.7	2121.63
1660.18	2111.87
1661.65	2095.34
1663.13	2244.57
1664.61	2128.24
1666.09	2033.87
1667.56	2085.01
1669.04	2144.64
1670.52	2141.64
1671.99	2131.87
1673.47	2057.74
1674.95	2080.13
1676.42	2126.25
1677.9	2048.69
1679.37	2069.4
1680.85	2052.82
1682.32	1978.6
1683.8	2070.53
1685.27	2013.24
1686.74	2003.42
1688.22	2015.66
1689.69	2002.45
1691.16	2009.61
1692.64	2049.02
1694.11	2022.22
1695.58	2053.16
1697.05	1948.22
1698.52	2036.91
1700	1988.01
1701.47	1964.57
1702.94	2005.72
1704.41	2029.89
1705.88	2033.66
1707.35	1959.2
1708.82	1969.76
1710.29	1973.52
1711.76	1975.58
1713.23	1953.81
1714.69	1983.1
1716.16	1939.19
1717.63	1900.38
1719.1	1958.63
1720.57	1948.77
1722.03	1921.86
1723.5	1980.14
1724.97	1932.78
1726.43	1895.63
1727.9	1923.25
1729.37	1903.13
1730.83	1946.12
1732.3	1912.35
1733.76	1977.54
1735.23	1938.64
1736.69	1884.38
1738.16	1869.35
1739.62	1883.35
1741.08	1928.09
1742.55	1885.74
1744.01	1874.12
1745.47	1963.31
1746.94	1876.51
1748.4	1895.65
1749.86	1897.7
1751.32	1903.18
1752.79	1929.17
1754.25	1869.65
1755.71	1950.4
1757.17	1933.64
1758.63	1879.23
1760.09	1898.39
1761.55	1840.53
1763.01	1876.82
1764.47	1909.7
1765.93	1901.48
1767.39	1882.98
1768.85	1859.33
1770.31	1941.93
1771.76	1911.43
1773.22	1946.06
1774.68	1941.27
1776.14	1855.86
1777.6	1897.37
1779.05	1865.11
1780.51	1892.91
1781.97	1894.96
1783.42	1835.22
1784.88	1869.89
1786.33	1921.75
1787.79	1906.64
1789.24	1944.78
1790.7	1898.74
1792.15	1869.86
1793.61	1937.24
1795.06	1920.39
1796.52	1846.8
1797.97	1907.33
1799.42	1943.8
1800.88	1844.36
1802.33	1855.02
1803.78	1796.83
1805.23	1876.34
1806.69	1850.86
1808.14	1959.68
1809.59	1911.81
1811.04	1941.43
1812.49	1852.19
1813.94	1905.95
1815.39	1901.12
1816.84	1806.65
1818.29	1917.32
1819.74	1890.08
1821.19	1923.19
1822.64	1951.14
1824.09	1956.66
1825.54	1862.1
1826.99	1843.45
1828.44	1869.68
1829.88	1966.71
1831.33	1979.15
1832.78	1874.14
1834.22	1884.85
1835.67	1928.38
1837.12	1838.86
1838.56	1899.69
1840.01	1939.8
1841.46	1853.69
1842.9	1873.05
1844.35	1781.7
1845.79	1885.83
1847.24	1872.33
1848.68	1862.28
1850.13	1918.01
1851.57	1824.86
1853.01	1844.24
1854.46	1803
1855.9	1860.49
1857.34	1881.62
1858.79	1902.75
1860.23	1906.56
1861.67	1839.29
1863.11	1879.5
1864.55	1869.44
1865.99	1845.49
1867.44	1859.7
1868.88	1934.65
1870.32	1856.9
1871.76	1820.78
1873.2	1847.15
1874.64	1844.01
1876.08	1896.44
1877.52	1926.31
1878.96	1872.8
1880.39	1855.76
1881.83	1897.8
1883.27	1934.65
1884.71	1895.01
1886.15	1851.88
1887.58	1866.12
1889.02	1802.1
1890.46	1838.96
1891.89	1917.59
1893.33	1846.58
1894.77	1836.47
1896.2	1859.43
1897.64	1877.18
1899.07	1870.55
1900.51	1813.4
1901.94	1953.11
1903.38	1913.38
1904.81	1906.75
1906.25	1861.77
1907.68	1849.9
1909.11	1851.97
1910.55	1829.63
1911.98	1870.08
1913.41	1847.74
1914.85	1886.46
1916.28	1906
1917.71	1808.58
1919.14	1877
1920.57	1845.9
1922.01	1839.25
1923.44	1907.71
1924.87	1897.57
1926.3	1883.93
1927.73	1877.27
1929.16	1884.6
1930.59	1900.68
1932.02	1923.75
1933.45	1924.1
1934.88	1873.71
1936.3	1917.79
1937.73	1954.88
1939.16	1897.47
1940.59	1868.05
1942.02	1884.14
1943.44	1838.94
1944.87	1911.09
1946.3	1906.18
1947.73	1887.24
1949.15	1912.12
1950.58	1893.18
1952	1888.26
1953.43	1888.6
1954.85	1946.81
1956.28	1878.75
1957.7	1894.87
1959.13	1967.16
1960.55	1906.08
1961.98	1943.29
1963.4	1917.3
1964.83	1864.96
1966.25	1919.74
1967.67	1862.11
1969.09	1867.72
1970.52	1889.14
1971.94	1905.3
1973.36	1902.12
1974.78	1946.42
1976.21	1911.6
1977.63	1904.9
1979.05	1859.5
1980.47	1926.7
1981.89	1930.56
1983.31	1934.43
1984.73	1936.53
1986.15	1945.68
1987.57	1894.96
1988.99	1941.09
1990.41	1946.73
1991.83	1881.88
1993.24	1928.04
1994.66	1977.74
1996.08	1965.75
1997.5	1870.88
1998.92	1957.63
2000.33	1968.57
