400.685	1719.48
402.399	1691.77
404.113	1661.46
405.827	1758.07
407.54	1729.23
409.253	1763.13
410.965	1674.42
412.677	1736.07
414.389	1726.18
416.101	1758.65
417.812	1669.87
419.523	1716.95
421.233	1742.13
422.944	1746.85
424.654	1735.49
426.363	1737.29
428.072	1771.26
429.781	1720.4
431.49	1766.09
433.198	1743.02
434.906	1689.2
436.614	1827.14
438.321	1681.06
440.028	1741.43
441.734	1803.3
443.441	1787.53
445.147	1761.49
446.852	1731.05
448.557	1787.09
450.262	1692.13
451.967	1812.71
453.671	1741.19
455.375	1781.13
457.079	1716.91
458.782	1803.84
460.485	1749.87
462.188	1763.42
463.89	1732.92
465.592	1761.16
467.294	1742.4
468.995	1703.06
470.696	1822.43
472.397	1734.59
474.097	1814.31
475.797	1774.96
477.497	1757.65
479.196	1772.7
480.896	1765.68
482.594	1799.87
484.293	1811.99
485.991	1781.42
487.688	1799.44
489.386	1836.6
491.083	1800.13
492.78	1801.95
494.476	1775.77
496.172	1805.59
497.868	1844.27
499.564	1766.47
501.259	1785.98
502.954	1749.45
504.648	1801.42
506.342	1823.9
508.036	1859.68
509.73	1948.61
511.423	1898.78
513.116	1924.25
514.808	2057.56
516.5	2315.01
518.192	2727.72
519.884	3239.6
521.575	3014.06
523.266	2452.81
524.957	2092.46
526.647	1974.54
528.337	1930.54
530.026	1889.48
531.716	1937.2
533.405	1879.84
535.093	1967.55
536.782	1964.97
538.47	2000.89
540.157	1982.01
541.845	1979.43
543.532	1967.96
545.218	1968.33
546.905	1961.3
548.591	2001.71
550.277	1997.64
551.962	2055.88
553.647	1961.32
555.332	2084.86
557.016	2052.61
558.7	2045.58
560.384	2114.27
562.068	2147.34
563.751	2064.58
565.434	2041.2
567.116	2086.17
568.798	2000.37
570.48	2138.99
572.162	1980.32
573.843	1933.12
575.524	1967.7
577.205	1910.06
578.885	1919.35
580.565	1962.87
582.244	1888.83
583.924	1939.81
585.603	1907.42
587.281	1907.78
588.96	1905.17
590.638	1896.6
592.315	1880.57
593.993	1870.49
595.67	1890.23
597.346	1886.12
599.023	1856.65
600.699	1901.76
602.375	1881.23
604.05	1950.23
605.725	1972.99
607.4	1930.08
609.075	1967.77
610.749	2001
612.423	2007.36
614.096	2036.13
615.769	2057.43
617.442	2065.3
619.115	2097.08
620.787	2122.9
622.459	2112.84
624.13	2188.02
625.802	2174.97
627.473	2158.93
629.143	2175.81
630.814	2159.76
632.484	2167.65
634.153	2120.16
635.823	2177.47
637.492	2177.88
639.161	2133.36
640.829	2160.73
642.497	2258.56
644.165	2142.07
645.832	2163.47
647.499	2159.38
649.166	2131.3
650.833	2182.71
652.499	2118.61
654.165	2098
655.83	2029.36
657.496	2013.23
659.16	2103.71
660.825	2096.6
662.489	2059.45
664.153	2046.32
665.817	2058.73
667.48	1985.47
669.143	2086.57
670.806	2038.86
672.468	2045.26
674.13	2090.78
675.792	2092.68
677.454	2079.53
679.115	2144.65
680.776	2146.56
682.436	2192.14
684.096	2329.59
685.756	2263.76
687.416	2271.72
689.075	2232.98
690.734	2274.1
692.392	2194.64
694.051	2149.83
695.708	2159.29
697.366	2182.32
699.023	2151.06
700.68	2125.82
702.337	2082.46
703.994	2105.5
705.65	2087.79
707.305	2077.61
708.961	2148.99
710.616	2147.89
712.271	2112.04
713.925	2171.37
715.579	2223.17
717.233	2324.87
718.887	2479.52
720.54	2694.73
722.193	3106.63
723.845	3701.74
725.498	4560.35
727.15	5888.42
728.801	7221.53
730.453	8405.28
732.104	9347.2
733.754	9276.28
735.405	8481.26
737.055	7222.34
738.705	5743.21
740.354	4563.61
742.003	3717.07
743.652	3150.71
745.301	2848
746.949	2580.07
748.597	2491.05
750.244	2338.27
751.892	2303.81
753.539	2226.83
755.185	2190.82
756.832	2241.34
758.478	2103.56
760.123	2179.91
761.769	2105.88
763.414	2116.91
765.059	2079.32
766.703	2087.31
768.347	2077.06
769.991	2156.54
771.635	2125.01
773.278	2107.15
774.921	2147.12
776.563	2079.03
778.206	2090.08
779.848	2116.36
781.489	2095.45
783.131	2184.19
784.772	2103.86
786.412	2191.11
788.053	2197.62
789.693	2164.5
791.333	2157.29
792.972	2122.63
794.611	2103.2
796.25	2070.04
797.889	2114.68
799.527	2110.5
801.165	2091.06
802.802	2060.92
804.44	2128.5
806.077	2121.26
807.713	2147.63
809.35	2112.9
810.986	2062.87
812.622	2128.98
814.257	2143.14
815.892	2134.38
817.527	2075.14
819.162	2106.12
820.796	2164.65
822.43	2171.18
824.063	2075.18
825.697	2202.62
827.329	2049.94
828.962	2154.45
830.595	2136.48
832.227	2156.8
833.858	2089.8
835.49	2117.77
837.121	2161.09
838.752	2084.85
840.382	2154.24
842.012	2077.97
843.642	2093.7
845.272	2132.45
846.901	2111.37
848.53	2144
850.159	2084.54
851.787	2172.45
853.415	2189.75
855.043	2116.44
856.67	2118.37
858.297	2118.78
859.924	2117.64
861.551	2131.87
863.177	2202.99
864.803	2144.98
866.428	2151.53
868.054	2151.94
869.679	2150.81
871.303	2126.59
872.928	2127
874.552	2113.54
876.175	2194
877.799	2171.32
879.422	2214.86
881.045	2147.49
882.667	2195.66
884.29	2200.7
885.911	2258.15
887.533	2250.86
889.154	2279.04
890.775	2217.78
892.396	2250.59
894.016	2311.19
895.636	2290.02
897.256	2262.67
898.876	2351.09
900.495	2266.61
902.114	2313.37
903.732	2307.63
905.351	2277.16
906.968	2254.42
908.586	2373.84
910.203	2338.74
911.82	2439.67
913.437	2404.56
915.054	2496.27
916.67	2507.57
918.285	2472.45
919.901	2500.77
921.516	2453.26
923.131	2543.52
924.746	2421.67
926.36	2456.2
927.974	2459.76
929.588	2354.87
931.201	2409.55
932.814	2375.91
934.427	2385.66
936.039	2454.32
937.651	2360.19
939.263	2345.13
940.875	2435.54
942.486	2380.14
944.097	2425.6
945.708	2516.08
947.318	2527.42
948.928	2583.79
950.538	2578.07
952.147	2617.39
953.756	2628.75
955.365	2672.76
956.974	2712.12
958.582	2720.4
960.19	2719.35
961.797	2685.65
963.405	2648.83
965.012	2664.88
966.618	2584.47
968.225	2595.85
969.831	2571.44
971.437	2539.22
973.042	2605.1
974.647	2688.14
976.252	2525.08
977.857	2739
979.461	2716.14
981.065	2601.31
982.669	2684.43
984.272	2597.61
985.875	2619.93
987.478	2568.95
989.081	2680.2
990.683	2649.5
992.285	2573.52
993.886	2622.39
995.488	2641.62
997.089	2682.72
998.689	2839.4
1000.29	2694.66
1001.89	2831.09
1003.49	2805.06
1005.09	2766.51
1006.69	2795.17
1008.29	2825.4
1009.89	2764.94
1011.48	2956.29
1013.08	2889.57
1014.68	2866.64
1016.28	2854.66
1017.87	2869.28
1019.47	2821.28
1021.07	2809.28
1022.66	2770.66
1024.26	2857.33
1025.86	2748.19
1027.45	2780.05
1029.05	2739.82
1030.64	2817.15
1032.23	2723.6
1033.83	2716.27
1035.42	2729.32
1037.02	2767.49
1038.61	2691.12
1040.2	2610.01
1041.79	2696.83
1043.39	2636.11
1044.98	2605.19
1046.57	2655.94
1048.16	2631.3
1049.75	2550.09
1051.34	2637
1052.93	2612.35
1054.52	2671
1056.11	2603.89
1057.7	2605.95
1059.29	2563.97
1060.88	2584.9
1062.47	2561.78
1064.06	2604.75
1065.65	2584.78
1067.24	2660.83
1068.82	2648.73
1070.41	2672.85
1072	2662.33
1073.58	2647.07
1075.17	2668.05
1076.76	2712.68
1078.34	2700.58
1079.93	2690.05
1081.51	2618
1083.1	2667.39
1084.68	2647.38
1086.27	2627.36
1087.85	2722.55
1089.43	2724.63
1091.02	2687.25
1092.6	2660.91
1094.18	2699.31
1095.77	2706.13
1097.35	2741.4
1098.93	2732.43
1100.51	2747.17
1102.09	2728.71
1103.67	2813.02
1105.26	2815.13
1106.84	2736.56
1108.42	2806.69
1110	2761.32
1111.58	2885.29
1113.15	2746.52
1114.73	2887.95
1116.31	2916.99
1117.89	2996.73
1119.47	3035.31
1121.05	3200.66
1122.62	3109.34
1124.2	3048.1
1125.78	2929.77
1127.35	2893.85
1128.93	3024.43
1130.51	3009.14
1132.08	3022.39
1133.66	2988.04
1135.23	3075.89
1136.81	3081.23
1138.38	3069.1
1139.96	3072.85
1141.53	3121.07
1143.1	3039.04
1144.68	3101.58
1146.25	3040.18
1147.82	3056.64
1149.4	3027
1150.97	2927.39
1152.54	3044.03
1154.11	3036.65
1155.68	3013.35
1157.25	3036.19
1158.83	2985.82
1160.4	3013.44
1161.97	3082.46
1163.54	3083.04
1165.11	3083.61
1166.68	3093.74
1168.24	3103.88
1169.81	3125.17
1171.38	3092.28
1172.95	3027.49
1174.52	3157.21
1176.08	3100.39
1177.65	3121.7
1179.22	3080.8
1180.79	3102.12
1182.35	3169.73
1183.92	3064.96
1185.48	3145.36
1187.05	3221
1188.61	3258.34
1190.18	3190.25
1191.74	3251.56
1193.31	3293.71
1194.87	3270.35
1196.44	3258.17
1198	3204.41
1199.56	3299.36
1201.13	3331.97
1202.69	3295.79
1204.25	3362.01
1205.81	3301.81
1207.37	3374.46
1208.94	3359.08
1210.5	3380.52
1212.06	3416.39
1213.62	3380.17
1215.18	3384.01
1216.74	3419.89
1218.3	3430.14
1219.86	3475.67
1221.42	3572.52
1222.98	3541.11
1224.53	3509.69
1226.09	3574.51
1227.65	3517.41
1229.21	3564.6
1230.77	3566.87
1232.32	3559.5
1233.88	3674.18
1235.44	3715.02
1236.99	3706.07
1238.55	3730.85
1240.1	3787.79
1241.66	3830.29
1243.21	3885.66
1244.77	3727.19
1246.32	3687.68
1247.88	3751.09
1249.43	3708.35
1250.99	3813.63
1252.54	3693.63
1254.09	3778.02
1255.64	3836.68
1257.2	3747.21
1258.75	3673.82
1260.3	3842.04
1261.85	3858.86
1263.4	3835.4
1264.96	3958.61
1266.51	3954.51
1268.06	4022.96
1269.61	4054.35
1271.16	4109.94
1272.71	4104.25
1274.26	4000.12
1275.8	3957.29
1277.35	4004.83
1278.9	4063.7
1280.45	4070.91
1282	3963.45
1283.55	3920.57
1285.09	3914.83
1286.64	4014.13
1288.19	4074.68
1289.73	3970.35
1291.28	4089.12
1292.83	4151.33
1294.37	4207.09
1295.92	4369.65
1297.46	4239.39
1299.01	4371.26
1300.55	4551.75
1302.09	4589.82
1303.64	4702.4
1305.18	4806.93
1306.73	5037.84
1308.27	5119.78
1309.81	5321.66
1311.35	5358.31
1312.9	5600.84
1314.44	5819.14
1315.98	5839.67
1317.52	6098.65
1319.06	6283.09
1320.6	6263.16
1322.14	6395.77
1323.68	6419.67
1325.22	6537.75
1326.76	6589.29
1328.3	6571.02
1329.84	6708.68
1331.38	6633.56
1332.92	6691.66
1334.46	6549.87
1335.99	6508.81
1337.53	6384.82
1339.07	6244.52
1340.61	6157.85
1342.14	5913.34
1343.68	5621.56
1345.22	5437.07
1346.75	5325.77
1348.29	5063.02
1349.82	4832.73
1351.36	4791.28
1352.89	4648.82
1354.43	4534.01
1355.96	4456.63
1357.5	4421.6
1359.03	4482.73
1360.56	4477.03
1362.1	4549.61
1363.63	4607.53
1365.16	4665.47
1366.69	4664.7
1368.23	4752.05
1369.76	4684.38
1371.29	4838.69
1372.82	4771.01
1374.35	4749.02
1375.88	4787.47
1377.41	4819.39
1378.94	4730.41
1380.47	4659.37
1382	4617.73
1383.53	4464.9
1385.06	4470.62
1386.59	4288.27
1388.12	4372.49
1389.64	4262.04
1391.17	4349.55
1392.7	4335.62
1394.23	4411.72
1395.75	4540.24
1397.28	4559.09
1398.81	4533.73
1400.33	4447.73
1401.86	4610.77
1403.38	4403.48
1404.91	4407.57
1406.43	4188.7
1407.96	4132.08
1409.48	3927.84
1411.01	3956.45
1412.53	3903.04
1414.05	3833.19
1415.58	3755.12
1417.1	3790.28
1418.62	3815.61
1420.14	3860.65
1421.67	3821.94
1423.19	3931.06
1424.71	3808.55
1426.23	3958.8
1427.75	3906.93
1429.27	3981.62
1430.79	3959.34
1432.31	3945.26
1433.83	4034.81
1435.35	3989.49
1436.87	4059.33
1438.39	4040.32
1439.91	4083.86
1441.43	4130.71
1442.95	4032.67
1444.47	4109.17
1445.98	4146.17
1447.5	4303.45
1449.02	4330.6
1450.53	4354.47
1452.05	4426.15
1453.57	4459.94
1455.08	4520.13
1456.6	4560.54
1458.11	4668.61
1459.63	4712.37
1461.14	4601.01
1462.66	4657.97
1464.17	4609.3
1465.69	4610.15
1467.2	4544.93
1468.71	4592.02
1470.23	4495.38
1471.74	4494.56
1473.25	4447.45
1474.77	4359
1476.28	4305.24
1477.79	4319.26
1479.3	4325.02
1480.81	4362.2
1482.32	4359.69
1483.83	4334.01
1485.34	4401.01
1486.85	4332.29
1488.36	4448.99
1489.87	4419.99
1491.38	4430.74
1492.89	4378.54
1494.4	4445.62
1495.91	4409.97
1497.42	4470.45
1498.93	4395.01
1500.43	4447.22
1501.94	4436.42
1503.45	4414.01
1504.96	4537.59
1506.46	4316.07
1507.97	4487.8
1509.47	4520.16
1510.98	4451.26
1512.49	4388.97
1513.99	4511.02
1515.5	4523.47
1517	4499.38
1518.5	4447.02
1520.01	4436.2
1521.51	4425.38
1523.02	4464.43
1524.52	4365.46
1526.02	4392.88
1527.53	4411.98
1529.03	4497.65
1530.53	4546.73
1532.03	4494.3
1533.53	4521.76
1535.03	4519.25
1536.54	4620.01
1538.04	4590.87
1539.54	4816.63
1541.04	4829.17
1542.54	5001.72
1544.04	4964.3
1545.54	5070.24
1547.04	5051.16
1548.53	5075.43
1550.03	5026.31
1551.53	5032.24
1553.03	4938.03
1554.53	4797.06
1556.02	4782.91
1557.52	4691.95
1559.02	4879.85
1560.52	4899.11
1562.01	4814.8
1563.51	4832.39
1565	4831.6
1566.5	4906.03
1568	4915.29
1569.49	4927.89
1570.99	4932.14
1572.48	4854.41
1573.97	4863.67
1575.47	4760.8
1576.96	4793.47
1578.45	4889.76
1579.95	4800.24
1581.44	4848.01
1582.93	4793.62
1584.43	4767.69
1585.92	4755.15
1587.41	4702.4
1588.9	4818.91
1590.39	4880.14
1591.88	4760.3
1593.37	4673.96
1594.86	4819.07
1596.35	4860.21
1597.84	4718.47
1599.33	4833.45
1600.82	4726.9
1602.31	4791.56
1603.8	4765.56
1605.29	4689.18
1606.78	4686.67
1608.27	4694.24
1609.75	4738.79
1611.24	4796.8
1612.73	4666.55
1614.22	4786.78
1615.7	4548.85
1617.19	4773.38
1618.67	4604.34
1620.16	4593.4
1621.65	4602.65
1623.13	4603.49
1624.62	4565.61
1626.1	4542.87
1627.59	4521.8
1629.07	4490.62
1630.55	4531.87
1632.04	4468.66
1633.52	4503.18
1635	4557.94
1636.49	4331.17
1637.97	4530.93
1639.45	4487.91
1640.93	4362.21
1642.42	4361.31
1643.9	4324.98
1645.38	4243.07
1646.86	4286.04
1648.34	4166.94
1649.82	4242
1651.3	4158.33
1652.78	4133.74
1654.26	4099.01
1655.74	4049.06
1657.22	4191.77
1658.7	4124.91
1660.18	4081.7
1661.65	4050.31
1663.13	3929.26
1664.61	3955.35
1666.09	3925.61
1667.56	3919.56
1669.04	3943.96
1670.52	3782.15
1671.99	3848.88
1673.47	3802.16
1674.95	3860.44
1676.42	3828.95
1677.9	3756.78
1679.37	3769.33
1680.85	3815.78
1682.32	3791.04
1683.8	3684.89
1685.27	3709.31
1686.74	3694.71
1688.22	3705.56
1689.69	3612.9
1691.16	3654.29
1692.64	3778.88
1694.11	3660.71
1695.58	3666.47
1697.05	3624.67
1698.52	3734.05
1700	3581.81
1701.47	3533.17
1702.94	3649.4
1704.41	3593.96
1705.88	3650.72
1707.35	3503.42
1708.82	3502.36
1710.29	3564.24
1711.76	3666.98
1713.23	3529.79
1714.69	3569.58
1716.16	3595.77
1717.63	3501.06
1719.1	3581.74
1720.57	3551.73
1722.03	3562.59
1723.5	3624.58
1724.97	3488.89
1726.43	3527.02
1727.9	3544.71
1729.37	3499.31
1730.83	3506.77
1732.3	3434.05
1733.76	3444.91
1735.23	3564.99
1736.69	3509.31
1738.16	3450.19
1739.62	3459.35
1741.08	3436.07
1742.55	3441.82
1744.01	3456.11
1745.47	3501.16
1746.94	3467.61
1748.4	3422.09
1749.86	3533.83
1751.32	3413.06
1752.79	3446.18
1754.25	3400.61
1755.71	3512.44
1757.17	3513.07
1758.63	3452.09
1760.09	3456.14
1761.55	3484.16
1763.01	3483.08
1764.47	3485.42
1765.93	3528.87
1767.39	3543.22
1768.85	3458.18
1770.31	3542.79
1771.76	3504
1773.22	3415.47
1774.68	3426.38
1776.14	3437.29
1777.6	3360.71
1779.05	3496.87
1780.51	3473.47
1781.97	3472.38
1783.42	3521.08
1784.88	3379.2
1786.33	3477.7
1787.79	3413.05
1789.24	3506.44
1790.7	3448.65
1792.15	3490.52
1793.61	3420.68
1795.06	3462.56
1796.52	3413.31
1797.97	3431.13
1799.42	3405.94
1800.88	3458.17
1802.33	3443.31
1803.78	3390.58
1805.23	3511.69
1806.69	3369.42
1808.14	3461.29
1809.59	3498.09
1811.04	3472.88
1812.49	3447.66
1813.94	3431.05
1815.39	3559.21
1816.84	3518.48
1818.29	3460.49
1819.74	3507.68
1821.19	3432.42
1822.64	3517.57
1824.09	3352.56
1825.54	3439.45
1826.99	3512.56
1828.44	3482.12
1829.88	3382.6
1831.33	3474.74
1832.78	3452.91
1834.22	3505.36
1835.67	3378.13
1837.12	3397.75
1838.56	3476.14
1840.01	3516.53
1841.46	3454.92
1842.9	3407.11
1844.35	3521.89
1845.79	3474.08
1847.24	3582
1848.68	3513.41
1850.13	3489.81
1851.57	3445.42
1853.01	3433.92
1854.46	3424.14
1855.9	3423.03
1857.34	3435.77
1858.79	3476.25
1860.23	3463.01
1861.67	3415.09
1863.11	3486.79
1864.55	3541.18
1865.99	3453.36
1867.44	3523.37
1868.88	3484.1
1870.32	3436.13
1871.76	3436.75
1873.2	3397.44
1874.64	3533.48
1876.08	3521.96
1877.52	3536.49
1878.96	3455.47
1880.39	3468.26
1881.83	3533.18
1883.27	3514.7
1884.71	3426.66
1886.15	3477.71
1887.58	3459.2
1889.02	3552.01
1890.46	3458.7
1891.89	3387.98
1893.33	3456.46
1894.77	3443.16
1896.2	3506.46
1897.64	3484.45
1899.07	3547.77
1900.51	3483.96
1901.94	3519.43
1903.38	3551.43
1904.81	3440.52
1906.25	3397.55
1907.68	3494.06
1909.11	3552.23
1910.55	3530.2
1911.98	3544.78
1913.41	3452.95
1914.85	3472.76
1916.28	3366.91
1917.71	3608.43
1919.14	3506.06
1920.57	3482.24
1922.01	3461.9
1923.44	3520.18
1924.87	3611.67
1926.3	3463.77
1927.73	3555.28
1929.16	3592.63
1930.59	3402.68
1932.02	3623.65
1933.45	3571.82
1934.88	3521.73
1936.3	3520.61
1937.73	3528.24
1939.16	3562.13
1940.59	3571.52
1942.02	3547.65
1943.44	3637.6
1944.87	3543.66
1946.3	3560.07
1947.73	3615.03
1949.15	3592.89
1950.58	3560.23
1952	3501.25
1953.43	3536.95
1954.85	3549.86
1956.28	3601.37
1957.7	3575.7
1959.13	3604.41
1960.55	3631.38
1961.98	3686.45
1963.4	3609.86
1964.83	3691.29
1966.25	3579.54
1967.67	3625.85
1969.09	3603.66
1970.52	3569.16
1971.94	3557.49
1973.36	3551.1
1974.78	3585.14
1976.21	3661.4
1977.63	3535.41
1979.05	3581.78
1980.47	3506.76
1981.89	3567.23
1983.31	3634.75
1984.73	3674.13
1986.15	3563.86
1987.57	3605
1988.99	3660.25
1990.41	3578.1
1991.83	3691.51
1993.24	3533.56
1994.66	3654.05
1996.08	3624.73
1997.5	3621.86
1998.92	3648.96
2000.33	3542.01
