400.685	1443.84
402.399	1432.17
404.113	1394.52
405.827	1413.75
407.54	1427.16
409.253	1415.76
410.965	1408.73
412.677	1477.63
414.389	1371.31
416.101	1403.71
417.812	1414.2
419.523	1434.93
421.233	1400.13
422.944	1453.03
424.654	1451.85
426.363	1433.12
428.072	1456.8
429.781	1416.11
431.49	1457.36
433.198	1403.49
434.906	1430.11
436.614	1436.24
438.321	1361.83
440.028	1470.48
441.734	1435.6
443.441	1406.58
445.147	1417.11
446.852	1421.78
448.557	1477.76
450.262	1454.58
451.967	1441.66
453.671	1396.47
455.375	1437.82
457.079	1524.67
458.782	1403.15
460.485	1459.2
462.188	1397.81
463.89	1458.29
465.592	1489.42
467.294	1447.1
468.995	1469.42
470.696	1413.86
472.397	1414.13
474.097	1451.16
475.797	1436.73
477.497	1456.13
479.196	1390.21
480.896	1450.8
482.594	1445.2
484.293	1492.58
485.991	1495.81
487.688	1446.03
489.386	1418.32
491.083	1465.74
492.78	1457.18
494.476	1500.19
496.172	1463.63
497.868	1500.77
499.564	1464.2
501.259	1482.17
502.954	1491.31
504.648	1510.78
506.342	1522.87
508.036	1509.88
509.73	1530.84
511.423	1653.68
513.116	1627.42
514.808	1763.62
516.5	2026.93
518.192	2435.14
519.884	2945.49
521.575	2784.94
523.266	2167.46
524.957	1821.85
526.647	1696.48
528.337	1574.02
530.026	1534.37
531.716	1623.46
533.405	1668.17
535.093	1678.86
536.782	1667.33
538.47	1698.76
540.157	1666.49
541.845	1647.55
543.532	1652.31
545.218	1649.66
546.905	1553.62
548.591	1568.75
550.277	1567.56
551.962	1579.73
553.647	1664.6
555.332	1592.21
557.016	1688.98
558.7	1717.51
560.384	1760.9
562.068	1612.73
563.751	1694.73
565.434	1699.52
567.116	1632.98
568.798	1703.14
570.48	1648.47
572.162	1636.89
573.843	1582.18
575.524	1597.36
577.205	1567.91
578.885	1508.7
580.565	1517.92
582.244	1528.63
583.924	1499.14
585.603	1506.88
587.281	1510.14
588.96	1511.92
590.638	1574.79
592.315	1491.64
593.993	1485.96
595.67	1490.72
597.346	1501.44
599.023	1586.73
600.699	1595.98
602.375	1600.76
604.05	1553.32
605.725	1584.96
607.4	1616.61
609.075	1572.13
610.749	1620.22
612.423	1663.84
614.096	1643.24
615.769	1706.31
617.442	1694.68
619.115	1711.45
620.787	1765.59
622.459	1785.37
624.13	1743.83
625.802	1862.34
627.473	1783.4
629.143	1696.95
630.814	1769.12
632.484	1758.97
634.153	1760.81
635.823	1776.12
637.492	1794.43
639.161	1781.29
640.829	1774.14
642.497	1741.51
644.165	1719.35
645.832	1737.67
647.499	1784.49
649.166	1783.33
650.833	1743.17
652.499	1692.49
654.165	1676.3
655.83	1672.12
657.496	1696.46
659.16	1635.22
660.825	1603.99
662.489	1631.33
664.153	1606.1
665.817	1609.42
667.48	1612.73
669.143	1619.05
670.806	1641.91
672.468	1688.84
674.13	1621.48
675.792	1614.27
677.454	1674.76
679.115	1675.08
680.776	1713.03
682.436	1741.97
684.096	1731.76
685.756	1780.28
687.416	1792.67
689.075	1786.99
690.734	1733.08
692.392	1766.57
694.051	1762.38
695.708	1690.34
697.366	1648.43
699.023	1651.76
700.68	1679.23
702.337	1610.14
703.994	1663.27
705.65	1690.76
707.305	1752.99
708.961	1656.67
710.616	1735.53
712.271	1758.52
713.925	1715.03
715.579	1836.27
717.233	1776.15
718.887	1933.73
720.54	2127.66
722.193	2442.66
723.845	2840.98
725.498	3484.57
727.15	4420.48
728.801	5570.16
730.453	6638.53
732.104	7377.21
733.754	7345.3
735.405	6601.42
737.055	5367.89
738.705	4165.72
740.354	3305.62
742.003	2624.08
743.652	2303.14
745.301	2151.93
746.949	1965.77
748.597	1864.5
750.244	1866.37
751.892	1752.9
753.539	1759.3
755.185	1747.49
756.832	1790.34
758.478	1760.31
760.123	1753.04
761.769	1764.01
763.414	1715.72
765.059	1732.76
766.703	1761.98
768.347	1698.45
769.991	1727.67
771.635	1743.21
773.278	1682.68
774.921	1667.78
776.563	1681.8
778.206	1677.55
779.848	1720.5
781.489	1701.03
783.131	1727.24
784.772	1805.27
786.412	1871.13
788.053	1836.43
789.693	1730.08
791.333	1809.68
792.972	1701.76
794.611	1657.85
796.25	1671.9
797.889	1690.52
799.527	1713.73
801.165	1750.69
802.802	1693.01
804.44	1705.55
806.077	1679.91
807.713	1738.27
809.35	1746.24
810.986	1709.89
812.622	1727.03
814.257	1724.3
815.892	1692.52
817.527	1676.02
819.162	1729.87
820.796	1698.07
822.43	1655.55
824.063	1660.45
825.697	1640.87
827.329	1726.91
828.962	1742.55
830.595	1706.12
832.227	1724.83
833.858	1722.09
835.49	1753.06
837.121	1682.89
838.752	1626.49
840.382	1764.79
842.012	1740.59
843.642	1697.97
845.272	1698.29
846.901	1749.25
848.53	1671.31
850.159	1752.98
851.787	1655.05
853.415	1739.82
855.043	1691
856.67	1737.41
858.297	1685.49
859.924	1733.45
861.551	1738.39
863.177	1774.08
864.803	1749.81
866.428	1779.36
868.054	1759.7
869.679	1713.88
871.303	1784.99
872.928	1746.85
874.552	1751.79
876.175	1735.19
877.799	1755.53
879.422	1749.7
881.045	1722.31
882.667	1838.19
884.29	1761.48
885.911	1786.48
887.533	1786.81
889.154	1743.98
890.775	1738.14
892.396	1749.26
894.016	1860.68
895.636	1799.3
897.256	1811.99
898.876	1835.49
900.495	1733.93
902.114	1831.55
903.732	1817.99
905.351	1886.31
906.968	1894.39
908.586	1883.93
910.203	1836.36
911.82	1808.88
913.437	1855.61
915.054	1849.78
916.67	1908.91
918.285	1884.51
919.901	1920.46
921.516	1961.06
923.131	1938.21
924.746	1963.35
926.36	1957.53
927.974	1912.97
929.588	1938.12
931.201	1910.6
932.814	1959
934.427	1922.17
936.039	1948.88
937.651	1941.5
939.263	1935.66
940.875	1918.96
942.486	1970.52
944.097	1987.96
945.708	2034.9
947.318	2022.87
948.928	2156.78
950.538	2102.83
952.147	2210.41
953.756	2210.82
955.365	2198.81
956.974	2238.08
958.582	2372.19
960.19	2315.1
961.797	2175.58
963.405	2163.55
965.012	2187.29
966.618	2120.79
968.225	2060.5
969.831	2127.82
971.437	2109.53
973.042	2008.72
974.647	2077.62
976.252	2132.53
977.857	2212.39
979.461	2103.72
981.065	2178.93
982.669	2193.37
984.272	2129.86
985.875	2231.62
987.478	2189.93
989.081	2163.82
990.683	2148.62
992.285	2116.25
993.886	2136.94
995.488	2181.06
997.089	2237.68
998.689	2256.84
1000.29	2282.26
1001.89	2306.12
1003.49	2298.74
1005.09	2250.72
1006.69	2310.55
1008.29	2245.31
1009.89	2239.48
1011.48	2269.62
1013.08	2323.23
1014.68	2301.76
1016.28	2310.02
1017.87	2335.5
1019.47	2346.89
1021.07	2212.66
1022.66	2272.6
1024.26	2246.39
1025.86	2223.31
1027.45	2256.64
1029.05	2224.14
1030.64	2244.94
1032.23	2265.74
1033.83	2150.12
1035.42	2172.48
1037.02	2196.42
1038.61	2148.19
1040.2	2121.91
1041.79	2186.66
1043.39	2124.27
1044.98	2168.64
1046.57	2147.06
1048.16	2097.19
1049.75	2116.44
1051.34	2127.83
1052.93	2048.07
1054.52	2145.92
1056.11	2114.88
1057.7	2042.93
1059.29	2115.67
1060.88	2149.1
1062.47	2073.97
1064.06	2132.59
1065.65	2076.32
1067.24	2103.48
1068.82	2121.19
1070.41	2171.99
1072	2082.6
1073.58	2064.08
1075.17	2072.35
1076.76	2121.6
1078.34	2172.44
1079.93	2141.31
1081.51	2061.28
1083.1	2064.82
1084.68	2118.85
1086.27	2177.63
1087.85	2116.48
1089.43	2202.12
1091.02	2126.75
1092.6	2119.25
1094.18	2185.98
1095.77	2110.56
1097.35	2202.6
1098.93	2223.56
1100.51	2304.58
1102.09	2274.98
1103.67	2270.66
1105.26	2272.66
1106.84	2307.89
1108.42	2213.39
1110	2285.01
1111.58	2293.35
1113.15	2363.43
1114.73	2265.71
1116.31	2250.3
1117.89	2385.35
1119.47	2514.11
1121.05	2628.66
1122.62	2488.11
1124.2	2452.12
1125.78	2352.69
1127.35	2345.2
1128.93	2358.33
1130.51	2363.53
1132.08	2378.25
1133.66	2397.73
1135.23	2339.46
1136.81	2422.44
1138.38	2402.25
1139.96	2337.59
1141.53	2395.2
1143.1	2408.36
1144.68	2446.94
1146.25	2401.31
1147.82	2338.18
1149.4	2297.28
1150.97	2299.3
1152.54	2342.66
1154.11	2406.73
1155.68	2256.03
1157.25	2334.43
1158.83	2422.4
1160.4	2387.83
1161.97	2370.76
1163.54	2326.61
1165.11	2357.31
1166.68	2317.92
1168.24	2442.63
1169.81	2466.99
1171.38	2445.13
1172.95	2440.81
1174.52	2438.07
1176.08	2484.78
1177.65	2539.47
1179.22	2404.33
1180.79	2486.16
1182.35	2489.82
1183.92	2467.93
1185.48	2521.08
1187.05	2499.19
1188.61	2502.85
1190.18	2516.1
1191.74	2542.13
1193.31	2513.83
1194.87	2506.31
1196.44	2605.9
1198	2598.38
1199.56	2602.07
1201.13	2506.57
1202.69	2524.64
1204.25	2473.9
1205.81	2647.21
1207.37	2692.53
1208.94	2601.77
1210.5	2586.23
1212.06	2698.83
1213.62	2694.53
1215.18	2622.93
1216.74	2655.46
1218.3	2728.09
1219.86	2815.16
1221.42	2799.65
1222.98	2819.42
1224.53	2783.05
1226.09	2910.31
1227.65	2898.01
1229.21	2892.13
1230.77	2884.64
1232.32	2904.44
1233.88	2986.88
1235.44	2952.1
1236.99	2901.24
1238.55	2985.33
1240.1	3040.52
1241.66	3033.05
1243.21	3040.04
1244.77	3002.01
1246.32	3108.71
1247.88	3061.03
1249.43	2931.29
1250.99	2967.23
1252.54	2905.01
1254.09	2934.53
1255.64	2918.97
1257.2	2921.12
1258.75	2950.65
1260.3	2885.15
1261.85	2863.13
1263.4	2968.41
1264.96	2959.29
1266.51	2980.79
1268.06	3007.14
1269.61	3028.66
1271.16	3051.81
1272.71	2989.45
1274.26	3049.71
1275.8	3022.84
1277.35	3034.7
1278.9	3030.42
1280.45	3103.64
1282	2979.85
1283.55	3030.48
1285.09	3032.66
1286.64	3039.69
1288.19	3045.1
1289.73	3223.48
1291.28	3104.43
1292.83	3121.18
1294.37	3280.27
1295.92	3345.59
1297.46	3407.69
1299.01	3481.15
1300.55	3425.14
1302.09	3488.91
1303.64	3645.01
1305.18	3687.79
1306.73	3824.55
1308.27	3915.98
1309.81	4057.69
1311.35	4252.93
1312.9	4341.26
1314.44	4549.6
1315.98	4625.03
1317.52	4901.62
1319.06	5022.58
1320.6	5145.2
1322.14	5280.85
1323.68	5324.03
1325.22	5399.69
1326.76	5377.95
1328.3	5513.75
1329.84	5444.92
1331.38	5489.79
1332.92	5385.18
1334.46	5483.69
1335.99	5309.14
1337.53	5193.05
1339.07	5023.26
1340.61	4882.69
1342.14	4717.66
1343.68	4580.23
1345.22	4286.52
1346.75	4231.97
1348.29	3969.01
1349.82	3865.54
1351.36	3760.39
1352.89	3611.23
1354.43	3571.16
1355.96	3485.46
1357.5	3460.03
1359.03	3426.43
1360.56	3511.84
1362.1	3559.78
1363.63	3436.48
1365.16	3557.83
1366.69	3525.86
1368.23	3621.15
1369.76	3683.85
1371.29	3735.13
1372.82	3768.47
1374.35	3702.21
1375.88	3629.39
1377.41	3675.8
1378.94	3653.61
1380.47	3610.15
1382	3569.95
1383.53	3490.5
1385.06	3411.02
1386.59	3364.22
1388.12	3341.93
1389.64	3342.55
1391.17	3406.99
1392.7	3558.19
1394.23	3580.12
1395.75	3567.69
1397.28	3646.95
1398.81	3716.41
1400.33	3761.33
1401.86	3685.01
1403.38	3654.55
1404.91	3615.88
1406.43	3508.35
1407.96	3404.05
1409.48	3301.35
1411.01	3229.79
1412.53	3120.46
1414.05	3125.96
1415.58	3164.28
1417.1	3148.45
1418.62	3020.96
1420.14	3146.32
1421.67	3186.32
1423.19	3129.41
1424.71	3031.4
1426.23	3117.41
1427.75	3098.26
1429.27	3059.37
1430.79	3160.23
1432.31	3172.33
1433.83	3218.97
1435.35	3181.72
1436.87	3276.09
1438.39	3278.34
1439.91	3232.85
1441.43	3244.97
1442.95	3252.15
1444.47	3277.46
1445.98	3367.01
1447.5	3262.18
1449.02	3401.2
1450.53	3466.11
1452.05	3418.94
1453.57	3411.32
1455.08	3520.79
1456.6	3589.06
1458.11	3616.11
1459.63	3669.57
1461.14	3658.69
1462.66	3637.91
1464.17	3699.66
1465.69	3678.87
1467.2	3653.12
1468.71	3600.93
1470.23	3712.29
1471.74	3602.25
1473.25	3602.91
1474.77	3519.27
1476.28	3594.32
1477.79	3580.09
1479.3	3435.2
1480.81	3475.53
1482.32	3363.66
1483.83	3331.18
1485.34	3388.07
1486.85	3277.77
1488.36	3392.62
1489.87	3318.72
1491.38	3325.95
1492.89	3361.35
1494.4	3471.33
1495.91	3498.48
1497.42	3313.47
1498.93	3420.18
1500.43	3442.37
1501.94	3464.56
1503.45	3483.44
1504.96	3520.57
1506.46	3547.77
1507.97	3536.8
1509.47	3524.17
1510.98	3589.56
1512.49	3681.55
1513.99	3658.98
1515.5	3398.84
1517	3548.99
1518.5	3547.98
1520.01	3435.61
1521.51	3446.21
1523.02	3488.41
1524.52	3480.73
1526.02	3409.84
1527.53	3483.67
1529.03	3427.73
1530.53	3438.34
1532.03	3540.51
1533.53	3546.15
1535.03	3595.09
1536.54	3579.09
1538.04	3654.7
1539.54	3580.4
1541.04	3642.71
1542.54	3703.38
1544.04	3740.73
1545.54	3853.12
1547.04	3757.1
1548.53	3816.16
1550.03	3841.88
1551.53	3795.87
1553.03	3754.84
1554.53	3758.86
1556.02	3754.54
1557.52	3683.43
1559.02	3759.25
1560.52	3651.37
1562.01	3657.05
1563.51	3717.87
1565	3768.68
1566.5	3804.48
1568	3704.86
1569.49	3849.34
1570.99	3778.13
1572.48	3860.78
1573.97	3854.79
1575.47	3745.05
1576.96	3760.8
1578.45	3756.46
1579.95	3636.6
1581.44	3747.79
1582.93	3681.47
1584.43	3801.09
1585.92	3768.27
1587.41	3653.32
1588.9	3719.36
1590.39	3733.45
1591.88	3683.83
1593.37	3654.31
1594.86	3745.55
1596.35	3687.52
1597.84	3850.95
1599.33	3739.21
1600.82	3744.93
1602.31	3685.17
1603.8	3862.16
1605.29	3762.09
1606.78	3784.61
1608.27	3748.34
1609.75	3747.34
1611.24	3771.55
1612.73	3817.63
1614.22	3752.75
1615.7	3714.76
1617.19	3742.34
1618.67	3749.75
1620.16	3686.5
1621.65	3685.49
1623.13	3691.21
1624.62	3651.48
1626.1	3623.52
1627.59	3620.81
1629.07	3675.37
1630.55	3662.56
1632.04	3658.17
1633.52	3630.18
1635	3646.02
1636.49	3574.18
1637.97	3630.48
1639.45	3545.13
1640.93	3545.77
1642.42	3505.92
1643.9	3585.87
1645.38	3556.14
1646.86	3629.38
1648.34	3570.94
1649.82	3512.49
1651.3	3600.95
1652.78	3569.51
1654.26	3511.02
1655.74	3526.87
1657.22	3429.48
1658.7	3409.82
1660.18	3420.58
1661.65	3431.35
1663.13	3296.65
1664.61	3354.77
1666.09	3304.62
1667.56	3286.6
1669.04	3290.59
1670.52	3270.87
1671.99	3242.68
1673.47	3272.06
1674.95	3226.91
1676.42	3132.62
1677.9	3150.14
1679.37	3111.73
1680.85	3078.39
1682.32	3029.78
1683.8	3091.38
1685.27	3081.76
1686.74	3036.52
1688.22	3016.71
1689.69	3012.17
1691.16	2997.44
1692.64	2841.8
1694.11	2857.6
1695.58	2937.93
1697.05	2943.56
1698.52	2894.83
1700	2869.86
1701.47	2882.28
1702.94	2874.3
1704.41	2873.13
1705.88	2904.25
1707.35	2835.05
1708.82	2781.13
1710.29	2859.9
1711.76	2799.16
1713.23	2842.21
1714.69	2919.33
1716.16	2858.57
1717.63	2806.3
1719.1	2830.65
1720.57	2757.91
1722.03	2893.01
1723.5	2801.51
1724.97	2854.86
1726.43	2811.05
1727.9	2763.82
1729.37	2881.99
1730.83	2761.41
1732.3	2775.56
1733.76	2781.18
1735.23	2774.85
1736.69	2761.7
1738.16	2765.62
1739.62	2771.24
1741.08	2790.53
1742.55	2867.9
1744.01	2680.49
1745.47	2718.57
1746.94	2664.37
1748.4	2757.15
1749.86	2769.62
1751.32	2713.69
1752.79	2857.85
1754.25	2740.33
1755.71	2713.46
1757.17	2842.28
1758.63	2752.09
1760.09	2791.96
1761.55	2777.05
1763.01	2822.08
1764.47	2803.75
1765.93	2771.71
1767.39	2832.18
1768.85	2794.99
1770.31	2745.79
1771.76	2900.57
1773.22	2746.78
1774.68	2877.61
1776.14	2788.94
1777.6	2756.85
1779.05	2719.6
1780.51	2884.84
1781.97	2842.45
1783.42	2714.2
1784.88	2867.51
1786.33	2737.51
1787.79	2815.3
1789.24	2721.32
1790.7	2828.34
1792.15	2770.42
1793.61	2776.08
1795.06	2780.02
1796.52	2861.34
1797.97	2811.98
1799.42	2797
1800.88	2812.99
1802.33	2830.71
1803.78	2657.39
1805.23	2859.27
1806.69	2801.25
1808.14	2815.53
1809.59	2795.37
1811.04	2833.77
1812.49	2804.99
1813.94	2764.14
1815.39	2719.82
1816.84	2734.11
1818.29	2762.19
1819.74	2783.38
1821.19	2830.45
1822.64	2756.78
1824.09	2807.31
1825.54	2742.24
1826.99	2722.02
1828.44	2795.02
1829.88	2717.82
1831.33	2796.03
1832.78	2710.17
1834.22	2798.76
1835.67	2787.17
1837.12	2813.6
1838.56	2701.75
1840.01	2805.97
1841.46	2758.05
1842.9	2796.6
1844.35	2767.7
1845.79	2749.16
1847.24	2721.97
1848.68	2824.57
1850.13	2795.65
1851.57	2773.65
1853.01	2836.49
1854.46	2705.37
1855.9	2738.77
1857.34	2792.97
1858.79	2760.55
1860.23	2754.11
1861.67	2709.54
1863.11	2753.37
1864.55	2743.46
1865.99	2709.26
1867.44	2735.77
1868.88	2694.62
1870.32	2722.87
1871.76	2751.13
1873.2	2772.46
1874.64	2734.76
1876.08	2789.09
1877.52	2721.85
1878.96	2729.29
1880.39	2757.58
1881.83	2737.22
1883.27	2770.74
1884.71	2696.48
1886.15	2790.86
1887.58	2746.14
1889.02	2713.59
1890.46	2754.09
1891.89	2733.7
1893.33	2744.63
1894.77	2790.39
1896.2	2719.51
1897.64	2793.13
1899.07	2704.81
1900.51	2764.52
1901.94	2831.22
1903.38	2835.22
1904.81	2827.01
1906.25	2693.29
1907.68	2794.9
1909.11	2861.67
1910.55	2754.04
1911.98	2836.53
1913.41	2847.5
1914.85	2811.37
1916.28	2815.36
1917.71	2850.78
1919.14	2837.32
1920.57	2846.57
1922.01	2805.16
1923.44	2725.3
1924.87	2788.69
1926.3	2895.79
1927.73	2878.83
1929.16	2779.7
1930.59	2837.9
1932.02	2889.13
1933.45	2824.92
1934.88	2856.92
1936.3	2906.43
1937.73	2899.95
1939.16	2804.19
1940.59	2834.46
1942.02	2805.2
1943.44	2859.99
1944.87	2797.44
1946.3	2897.81
1947.73	2826.48
1949.15	2797.2
1950.58	2862.55
1952	2847.29
1953.43	2739.08
1954.85	2867.6
1956.28	2862.85
1957.7	2859.85
1959.13	2948.11
1960.55	2852.1
1961.98	2845.59
1963.4	2872.44
1964.83	2930.9
1966.25	2929.67
1967.67	2868.71
1969.09	2930.72
1970.52	2918.94
1971.94	2877.28
1973.36	2861.97
1974.78	2895.89
1976.21	2875.31
1977.63	2865.27
1979.05	2856.98
1980.47	2910.28
1981.89	2850.97
1983.31	2883.16
1984.73	2913.6
1986.15	2912.36
1987.57	2861.81
1988.99	2835.9
1990.41	2949.16
1991.83	2833.39
1993.24	2897.34
1994.66	2834.4
1996.08	2845.49
1997.5	2987.06
1998.92	2959.38
2000.33	2966.96
