398.66	38513.72
399.93	38625.25
401.21	38494.71
402.48	38659.20
403.75	38233.45
405.03	38149.55
406.30	37967.86
407.57	37724.97
408.84	37822.23
410.11	37870.62
411.38	37929.23
412.65	37849.21
413.92	37514.22
415.19	37593.18
416.46	37411.00
417.73	37094.04
419.00	37015.76
420.27	37147.76
421.54	36801.90
422.81	36739.84
424.08	36583.75
425.34	36223.20
426.61	35893.14
427.88	35309.35
429.14	35514.79
430.41	35300.93
431.68	35015.35
432.94	34858.57
434.21	34685.35
435.47	34192.57
436.74	34139.95
438.00	33925.45
439.26	33544.84
440.53	33602.71
441.79	33217.74
443.06	33536.01
444.32	32683.15
445.58	32605.44
446.84	32336.84
448.11	32267.23
449.37	32269.44
450.63	32230.58
451.89	31680.19
453.15	31575.41
454.41	31355.49
455.67	31316.37
456.93	31591.83
458.19	31180.48
459.45	31314.09
460.71	31001.24
461.97	31013.43
463.23	30490.36
464.48	30356.23
465.74	30294.13
467.00	30153.71
468.26	30000.85
469.51	29928.30
470.77	29717.59
472.03	29764.54
473.28	29388.67
474.54	29478.89
475.79	29274.05
477.05	29056.72
478.30	28756.71
479.56	28760.12
480.81	28585.89
482.06	28915.72
483.32	28675.31
484.57	28709.71
485.82	28584.92
487.08	28497.29
488.33	28604.07
489.58	28303.28
490.83	28244.49
492.08	28649.40
493.34	28342.18
494.59	28183.94
495.84	28083.63
497.09	28066.15
498.34	28075.62
499.59	27929.59
500.84	28046.85
502.08	27850.97
503.33	27806.44
504.58	27819.99
505.83	27920.73
507.08	27915.63
508.33	27922.99
509.57	27955.27
510.82	28157.95
512.07	27997.03
513.31	27935.80
514.56	28213.47
515.80	27819.51
517.05	28351.07
518.29	27888.28
519.54	28222.39
520.78	28217.34
522.03	27989.47
523.27	27959.36
524.51	28270.89
525.76	28184.57
527.00	27829.33
528.24	27845.01
529.49	27758.52
530.73	27375.80
531.97	27710.58
533.21	27528.00
534.45	27956.90
535.69	27893.29
536.93	27796.23
538.17	27757.61
539.41	28147.29
540.65	28033.50
541.89	28216.48
543.13	28420.46
544.37	28894.32
545.61	29263.81
546.85	29886.66
548.08	30488.88
549.32	31671.26
550.56	32596.66
551.80	33968.62
553.03	35211.36
554.27	36645.38
555.51	37834.86
556.74	38819.47
557.98	38873.52
559.21	39053.44
560.45	38738.32
561.68	38790.28
562.92	38344.80
564.15	37798.34
565.38	36688.80
566.62	36129.06
567.85	35459.79
569.08	34533.80
570.31	34170.71
571.55	33431.09
572.78	32463.98
574.01	32001.25
575.24	31247.94
576.47	30624.74
577.70	30220.16
578.93	30257.56
580.16	29848.49
581.39	30060.67
582.62	30395.16
583.85	30434.74
585.08	30541.80
586.31	30863.99
587.54	31232.74
588.77	31671.29
589.99	31643.69
591.22	31966.45
592.45	32295.71
593.67	32741.26
594.90	32644.18
596.13	32295.64
597.35	32574.56
598.58	32760.61
599.80	32386.46
601.03	32752.31
602.25	32515.47
603.48	33040.21
604.70	32413.91
605.93	32568.43
607.15	32549.39
608.37	32589.65
609.59	32619.33
610.82	32331.18
612.04	32335.37
613.26	32500.68
614.48	32585.49
615.71	32017.08
616.93	32129.38
618.15	31987.10
619.37	31592.17
620.59	31678.97
621.81	31485.51
623.03	31156.01
624.25	31023.93
625.47	31068.16
626.68	30757.45
627.90	30799.51
629.12	30996.83
630.34	31013.44
631.56	30891.76
632.77	31140.32
633.99	31638.05
635.21	32116.86
636.42	32898.32
637.64	33577.90
638.86	34669.04
640.07	34893.29
641.29	35339.34
642.50	35651.28
643.72	35605.05
644.93	35223.86
646.15	34897.96
647.36	34339.27
648.57	33532.65
649.79	33037.41
651.00	32550.46
652.21	32185.06
653.42	31894.27
654.64	31838.45
655.85	31690.67
657.06	31852.90
658.27	31906.12
659.48	32269.59
660.69	32365.73
661.90	32768.01
663.11	33179.05
664.32	33386.83
665.53	34496.54
666.74	34644.74
667.95	35729.57
669.16	36158.95
670.37	36942.33
671.57	37438.70
672.78	37896.69
673.99	38215.42
675.20	38272.46
676.40	38715.95
677.61	39260.57
678.81	39607.84
680.02	40279.69
681.23	41405.25
682.43	42380.91
683.64	43387.13
684.84	44647.57
686.05	45915.08
687.25	46589.39
688.45	47177.95
689.66	46768.04
690.86	45959.63
692.06	44702.89
693.27	42756.24
694.47	41069.36
695.67	39248.04
696.87	37389.20
698.07	35641.58
699.28	34872.22
700.48	33906.18
701.68	33494.20
702.88	32924.47
704.08	32717.13
705.28	32829.25
706.48	32839.91
707.68	32606.46
708.87	32487.42
710.07	32783.29
711.27	32649.10
712.47	32921.36
713.67	33141.84
714.86	33107.14
716.06	33104.88
717.26	33474.90
718.46	33899.22
719.65	34131.02
720.85	34746.30
722.04	35487.53
723.24	36153.27
724.43	37012.24
725.63	38899.29
726.82	40279.79
728.02	42793.23
729.21	45108.27
730.41	47882.33
731.60	51041.93
732.79	54806.63
733.99	58486.27
735.18	63927.20
736.37	69262.09
737.56	75147.21
738.75	82198.15
739.95	89278.55
741.14	95168.34
742.33	101820.17
743.52	105709.60
744.71	107646.46
745.90	106003.16
747.09	102281.74
748.28	95014.95
749.47	86646.68
750.66	77971.50
751.84	69163.56
753.03	61177.65
754.22	55137.36
755.41	49746.33
756.60	46023.85
757.78	42757.84
758.97	40627.45
760.16	38718.72
761.34	37073.31
762.53	35995.01
763.71	35110.64
764.90	34435.64
766.08	33471.77
767.27	32979.70
768.46	32367.10
769.64	32034.20
770.82	32241.55
772.01	32144.81
773.19	31997.67
774.37	31804.47
775.56	32182.78
776.74	32346.59
777.92	32563.06
779.10	32974.68
780.29	33123.45
781.47	33057.39
782.65	33559.34
783.83	33539.43
785.01	33339.57
786.19	32533.87
787.37	32302.95
788.55	31681.05
789.73	31300.46
790.91	30638.48
792.09	30171.75
793.27	30175.13
794.45	29844.37
795.62	29757.52
796.80	29784.99
797.98	29590.28
799.16	29289.85
800.33	29554.94
801.51	29536.14
802.69	29290.53
803.86	29591.04
805.04	29744.07
806.21	29504.94
807.39	29411.15
808.56	29211.50
809.74	29402.07
810.91	29614.78
812.09	29273.82
813.26	29674.18
814.43	29315.41
815.61	29545.96
816.78	29522.65
817.95	29457.36
819.13	29213.07
820.30	29609.54
821.47	29248.02
822.64	29361.68
823.81	29475.39
824.99	29294.95
826.16	29034.77
827.33	29555.68
828.50	29499.08
829.67	29163.47
830.84	29073.53
832.01	29200.63
833.18	28982.13
834.34	29386.30
835.51	29322.91
836.68	29057.72
837.85	28985.35
839.02	29063.78
840.18	29302.01
841.35	29456.02
842.52	29135.03
843.69	29124.74
844.85	29407.62
846.02	29292.98
847.18	29344.94
848.35	29039.08
849.52	29393.33
850.68	29634.34
851.84	29468.45
853.01	29409.26
854.17	29378.96
855.34	29722.57
856.50	29754.66
857.67	29624.21
858.83	29582.79
859.99	29962.40
861.15	29996.79
862.32	29837.29
863.48	30286.33
864.64	30249.46
865.80	30096.59
866.96	30284.97
868.12	30373.03
869.28	30081.68
870.44	30265.72
871.60	30369.46
872.76	30370.49
873.92	30244.18
875.08	30461.94
876.24	30601.57
877.40	30727.85
878.56	30954.81
879.72	31163.98
880.88	30516.37
882.03	31271.55
883.19	31431.70
884.35	31218.02
885.50	31248.33
886.66	30868.75
887.82	31340.36
888.97	31177.99
890.13	31488.49
891.28	31557.00
892.44	31710.75
893.59	31694.10
894.75	31746.99
895.90	31887.42
897.06	31978.53
898.21	32199.90
899.37	31657.84
900.52	31906.19
901.67	32386.06
902.82	32533.56
903.98	32604.70
905.13	32644.39
906.28	32589.65
907.43	32984.75
908.58	33179.79
909.74	33593.21
910.89	33459.84
912.04	33871.27
913.19	33737.89
914.34	34034.68
915.49	34732.66
916.64	34292.89
917.79	34912.35
918.94	34855.70
920.08	35453.02
921.23	35371.65
922.38	35770.81
923.53	35802.30
924.68	36276.24
925.82	36287.54
926.97	36357.56
928.12	35890.00
929.26	36161.03
930.41	35849.13
931.56	35509.96
932.70	35249.75
933.85	34758.75
934.99	34579.68
936.14	34398.26
937.28	33913.49
938.43	33797.46
939.57	33509.31
940.72	33626.38
941.86	33147.77
943.00	33178.71
944.15	33087.29
945.29	32857.55
946.43	32616.36
947.57	32527.00
948.72	32480.69
949.86	32379.90
951.00	32388.00
952.14	32259.90
953.28	31886.53
954.42	32114.79
955.56	31657.15
956.70	31812.75
957.17	33157.24
958.32	32897.27
959.47	32992.64
960.63	32795.52
961.78	33147.50
962.93	32677.91
964.08	32960.22
965.23	33055.71
966.38	33176.04
967.53	33364.01
968.68	33633.22
969.83	33496.75
970.98	33969.06
972.12	34159.65
973.27	34280.39
974.42	34568.17
975.57	34680.04
976.71	35103.50
977.86	35224.57
979.01	35587.38
980.16	35771.88
981.30	35502.26
982.45	35361.34
983.59	35577.57
984.74	35515.75
985.89	35370.22
987.03	34903.37
988.18	35106.10
989.32	35019.22
990.46	34201.05
991.61	34034.66
992.75	33657.54
993.90	33309.71
995.04	33170.18
996.18	32740.47
997.32	32587.14
998.47	32522.18
999.61	32482.14
1000.75	32167.56
1001.89	32222.72
1003.03	31830.77
1004.17	31926.74
1005.32	31788.86
1006.46	31625.94
1007.60	31378.87
1008.74	31799.78
1009.88	31384.44
1011.02	31562.28
1012.16	31574.20
1013.29	31624.80
1014.43	31520.71
1015.57	31603.17
1016.71	31715.26
1017.85	31893.42
1018.99	31716.43
1020.12	31958.45
1021.26	32050.21
1022.40	32082.78
1023.53	31618.46
1024.67	31999.76
1025.81	32125.82
1026.94	31900.69
1028.08	32184.20
1029.21	32283.02
1030.35	32249.49
1031.48	32394.02
1032.62	32221.20
1033.75	32505.12
1034.88	32448.76
1036.02	32344.38
1037.15	32863.96
1038.28	32713.90
1039.42	33018.85
1040.55	32596.57
1041.68	33299.71
1042.81	33087.83
1043.95	33303.87
1045.08	33165.15
1046.21	33509.55
1047.34	33347.91
1048.47	33594.00
1049.60	33450.62
1050.73	33547.86
1051.86	33784.99
1052.99	33776.86
1054.12	33842.13
1055.25	34166.67
1056.38	34456.95
1057.51	34825.40
1058.64	35256.02
1059.76	35693.73
1060.89	36336.07
1062.02	36735.17
1063.15	37260.85
1064.27	37998.25
1065.40	38736.00
1066.53	39483.29
1067.65	40184.92
1068.78	40985.81
1069.90	41685.82
1071.03	42056.99
1072.16	42651.67
1073.28	42739.98
1074.41	43127.78
1075.53	43170.16
1076.65	42675.60
1077.78	42496.60
1078.90	42149.20
1080.02	41317.35
1081.15	40478.18
1082.27	39887.80
1083.39	38791.73
1084.51	38346.10
1085.64	37766.34
1086.76	36948.43
1087.88	36405.03
1089.00	35912.20
1090.12	35077.10
1091.24	34703.93
1092.36	34016.13
1093.48	33957.05
1094.60	33694.38
1095.72	33496.36
1096.84	33434.80
1097.96	33600.07
1099.08	33091.63
1100.20	33092.45
1101.32	32954.29
1102.44	32950.45
1103.55	32726.43
1104.67	33091.11
1105.79	32964.40
1106.91	32979.10
1108.02	32576.25
1109.14	33150.05
1110.25	33081.26
1111.37	33142.42
1112.49	33435.80
1113.60	33148.71
1114.72	33546.76
1115.83	33468.67
1116.95	33688.03
1118.06	33412.34
1119.17	33352.75
1120.29	33244.30
1121.40	33496.38
1122.52	33476.32
1123.63	33691.33
1124.74	33668.98
1125.85	33902.75
1126.97	34101.70
1128.08	34195.91
1129.19	34068.79
1130.30	34051.16
1131.41	33786.41
1132.52	34043.84
1133.64	34292.07
1134.75	34230.14
1135.86	34529.86
1136.97	34738.69
1138.08	34847.23
1139.19	34906.79
1140.29	34950.02
1141.40	35567.97
1142.51	36113.77
1143.62	36517.25
1144.73	36684.79
1145.84	36866.45
1146.94	37473.86
1148.05	37180.88
1149.16	37706.75
1150.27	38370.96
1151.37	38239.50
1152.48	38222.72
1153.58	38568.98
1154.69	38596.77
1155.80	38221.54
1156.90	38296.14
1158.01	38119.92
1159.11	37469.94
1160.21	37211.35
1161.32	36692.23
1162.42	36489.64
1163.53	36087.46
1164.63	35457.36
1165.73	35115.79
1166.84	35161.61
1167.94	34946.67
1169.04	34644.69
1170.14	34730.38
1171.25	34397.64
1172.35	34480.96
1173.45	34345.57
1174.55	34388.92
1175.65	34444.05
1176.75	34487.44
1177.85	35227.72
1178.95	35113.53
1180.05	35357.31
1181.15	35276.08
1182.25	35868.77
1183.35	35700.40
1184.45	36236.88
1185.55	36665.14
1186.65	37077.08
1187.74	37168.35
1188.84	37620.71
1189.94	38323.49
1191.04	38797.59
1192.13	39047.55
1193.23	39822.01
1194.33	40372.38
1195.42	40738.68
1196.52	40778.96
1197.61	41318.11
1198.71	41613.94
1199.80	41779.80
1200.90	41657.10
1202.00	42308.18
1203.09	42365.43
1204.18	42481.89
1205.28	42799.70
1206.37	42769.45
1207.46	42552.02
1208.56	42045.36
1209.65	42251.95
1210.74	41849.29
1211.84	41406.14
1212.93	41000.72
1214.02	40410.05
1215.11	39790.62
1216.20	39296.70
1217.29	39184.81
1218.38	38897.13
1219.47	38519.04
1220.57	37727.36
1221.66	37279.90
1222.75	37186.41
1223.83	37228.39
1224.92	36818.54
1226.01	36712.97
1227.10	36179.08
1228.19	36206.57
1229.28	35660.41
1230.37	36292.55
1231.46	36191.48
1232.54	35880.74
1233.63	36399.00
1234.72	36355.07
1235.80	36060.84
1236.89	36300.53
1237.98	36456.87
1239.06	36494.01
1240.15	36581.26
1241.23	36974.03
1242.32	37252.40
1243.40	37308.84
1244.49	37446.52
1245.57	37615.30
1246.66	38152.11
1247.74	38311.57
1248.83	38710.14
1249.91	39591.87
1250.99	39715.89
1252.08	40263.37
1253.16	40674.72
1254.24	41615.16
1255.32	41943.23
1256.40	42812.56
1257.49	43078.79
1258.57	44171.55
1259.65	44109.96
1260.73	44748.14
1261.81	45103.74
1262.89	45874.30
1263.97	45599.60
1265.05	46380.22
1266.13	46662.14
1267.21	46790.60
1268.29	47281.58
1269.37	47165.34
1270.45	47697.45
1271.53	47302.59
1272.60	46643.25
1273.68	47004.97
1274.76	46866.87
1275.84	46622.90
1276.92	46823.73
1277.99	46476.20
1279.07	46660.24
1280.14	46541.13
1281.22	46609.72
1282.30	46921.51
1283.37	47467.05
1284.45	47523.85
1285.52	47115.65
1286.60	48153.23
1287.67	47667.85
1288.75	48134.61
1289.82	48268.77
1290.90	48132.84
1291.97	48269.47
1293.04	48312.04
1294.12	48320.84
1295.19	48085.77
1296.26	48369.82
1297.33	48714.38
1298.41	48684.61
1299.48	49150.23
1300.55	49620.89
1301.62	50314.21
1302.69	50671.69
1303.76	51788.88
1304.83	52812.21
1305.91	54148.20
1306.98	54957.12
1308.04	56316.00
1309.12	57680.36
1310.18	58982.36
1311.25	60524.82
1312.32	62169.77
1313.39	62887.10
1314.46	64307.87
1315.53	64812.61
1316.60	65446.14
1317.66	65706.31
1318.73	65859.84
1319.80	66115.36
1320.87	66577.38
1321.93	66116.78
1323.00	66773.31
1324.07	66742.58
1325.13	66784.73
1326.20	67191.49
1327.26	67316.41
1328.33	67935.04
1329.39	68184.23
1330.46	69197.46
1331.52	69111.23
1332.59	69319.46
1333.65	70180.26
1334.71	69994.33
1335.78	69796.12
1336.84	70007.12
1337.90	69319.00
1338.97	68920.62
1340.03	68936.49
1341.09	68089.13
1342.15	67782.85
1343.22	66905.55
1344.28	66623.24
1345.34	65564.63
1346.40	64747.22
1347.46	64344.55
1348.52	62669.16
1349.58	62312.24
1350.64	60853.08
1351.70	59745.20
1352.76	59680.71
1353.82	57914.26
1354.88	57144.90
1355.94	56967.21
1357.00	56615.70
1358.06	56163.68
1359.12	55478.87
1360.17	55802.59
1361.23	55102.68
1362.29	55392.16
1363.35	54500.69
1364.40	54831.82
1365.46	53996.19
1366.52	53297.48
1367.57	53513.27
1368.63	52637.50
1369.68	52242.25
1370.74	51817.36
1371.79	51576.39
1372.85	50849.13
1373.90	50381.87
1374.96	50044.58
1376.01	49957.75
1377.07	49374.44
1378.12	49513.57
1379.17	49350.33
1380.23	48837.78
1381.28	49053.13
1382.33	49224.28
1383.39	48908.22
1384.44	48427.09
1385.49	48928.13
1386.54	49426.93
1387.59	49605.73
1388.65	49562.86
1389.70	49593.90
1390.75	49780.24
1391.80	50092.41
1392.85	49943.55
1393.90	50263.28
1394.95	49487.71
1396.00	49540.95
1397.05	48569.85
1398.10	47857.53
1399.15	47801.77
1400.20	46886.40
1401.25	46499.32
1402.29	45882.24
1403.34	45833.38
1404.39	44793.09
1405.44	44907.15
1406.48	44123.41
1407.53	44197.78
1408.58	43715.41
1409.63	43294.69
1410.67	42809.40
1411.72	43163.34
1412.76	43054.27
1413.81	43205.27
1414.85	42917.74
1415.90	43497.55
1416.94	42952.13
1417.99	43487.57
1419.03	43668.58
1420.08	43780.21
1421.12	43852.18
1422.17	44207.12
1423.21	44167.51
1424.25	44602.13
1425.30	45560.96
1426.34	45501.75
1427.38	46026.39
1428.42	46307.73
1429.47	46932.22
1430.51	47054.75
1431.55	47694.61
1432.59	48051.18
1433.63	48096.89
1434.67	48294.43
1435.71	49318.47
1436.75	49760.36
1437.79	50650.71
1438.83	51526.51
1439.88	52559.66
1440.91	53471.17
1441.95	55198.16
1442.99	56726.46
1444.03	58634.50
1445.07	60548.39
1446.11	62365.84
1447.15	64650.73
1448.18	66192.87
1449.22	68614.46
1450.26	70203.12
1451.30	71195.54
1452.33	71806.18
1453.37	72522.04
1454.41	71596.15
1455.44	71209.80
1456.48	69810.60
1457.52	67680.45
1458.55	66142.21
1459.59	64245.46
1460.62	62345.35
1461.66	59610.79
1462.69	57856.49
1463.73	56394.41
1464.76	55036.88
1465.79	53555.96
1466.83	52297.42
1467.86	51133.55
1468.89	49603.11
1469.93	49323.35
1470.96	48030.09
1471.99	47014.73
1473.02	45983.86
1474.06	44874.71
1475.09	44525.77
1476.12	44128.96
1477.15	43613.91
1478.18	43096.11
1479.21	42839.42
1480.24	42549.93
1481.27	42677.63
1482.30	42201.89
1483.33	42681.68
1484.36	42095.03
1485.39	42195.05
1486.42	41980.51
1487.45	42022.64
1488.48	42339.23
1489.51	42366.34
1490.54	41922.39
1491.57	41936.82
1492.59	42112.54
1493.62	41514.45
1494.65	41838.90
1495.68	42032.36
1496.70	41479.25
1497.73	41899.77
1498.76	41979.79
1499.78	41961.40
1500.81	41968.25
1501.83	42215.00
1502.86	42333.04
1503.89	42372.80
1504.91	42061.33
1505.94	42222.37
1506.96	41905.66
1507.99	42306.95
1509.01	41737.19
1510.03	42128.49
1511.06	41884.84
1512.08	42023.25
1513.10	41913.64
1514.13	41449.48
1515.15	41620.80
1516.17	41655.39
1517.20	41925.64
1518.22	42246.68
1519.24	42527.31
1520.26	42759.89
1521.28	43421.14
1522.30	44151.18
1523.33	45132.71
1524.35	45678.19
1525.37	47137.67
1526.39	48323.61
1527.41	49857.96
1528.43	51108.52
1529.45	53015.07
1530.47	54554.01
1531.49	56296.96
1532.50	57707.65
1533.52	58694.32
1534.54	59676.34
1535.56	59590.36
1536.58	59985.23
1537.60	60273.38
1538.61	59347.42
1539.63	58581.45
1540.65	57787.12
1541.67	56062.68
1542.68	54638.11
1543.70	53421.88
1544.72	51978.25
1545.73	49934.83
1546.75	48642.78
1547.76	47243.03
1548.78	45641.11
1549.79	44362.55
1550.81	43440.75
1551.82	42367.91
1552.84	41994.25
1553.85	41091.73
1554.87	40048.32
1555.88	39980.50
1556.89	39483.29
1557.91	39190.36
1558.92	38559.79
1559.93	38719.18
1560.95	38141.94
1561.96	37976.36
1562.97	37787.68
1563.98	38226.03
1565.00	37732.64
1566.01	37851.07
1567.02	37659.61
1568.03	37634.60
1569.04	37453.25
1570.05	37845.95
1571.06	37910.68
1572.07	37852.34
1573.08	38083.80
1574.09	38328.18
1575.10	38462.33
1576.11	38432.29
1577.12	38453.56
1578.13	38441.46
1579.14	38401.11
1580.15	38537.98
1581.16	38736.56
1582.16	38850.42
1583.17	38725.29
1584.18	38916.32
1585.19	39040.57
1586.19	38771.34
1587.20	38813.29
1588.21	38973.61
1589.21	38776.25
1590.22	39129.70
1591.23	38780.36
1592.23	38987.16
1593.24	38843.71
1594.24	38725.96
1595.25	38690.62
1596.25	38170.66
1597.26	38109.39
1598.26	38055.83
1599.27	37519.90
1600.27	37979.59
1601.27	37177.61
1602.28	37141.85
1603.28	36509.72
1604.29	36589.99
1605.29	36520.50
1606.29	36502.64
1607.29	35681.17
1608.30	35632.10
1609.30	35515.79
1610.30	35370.98
1611.30	35127.84
1612.30	34514.68
1613.30	34964.63
1614.30	34506.44
1615.31	34337.95
1616.31	34166.79
1617.31	33734.00
1618.31	34254.19
1619.31	33621.75
1620.31	33515.05
1621.31	33343.51
1622.31	33335.21
1623.30	33700.29
1624.30	33095.55
1625.30	33128.69
1626.30	33128.11
1627.30	32722.67
1628.30	32958.21
1629.29	32752.47
1630.29	32606.37
1631.29	32748.52
1632.29	32625.72
1633.28	32736.75
1634.28	32728.26
1635.28	32496.19
1636.27	32477.23
1637.27	32297.02
1638.26	32543.35
1639.26	32579.03
1640.26	32042.16
1641.25	32168.85
1642.25	31980.54
1643.24	31964.03
1644.24	32122.03
1645.23	32037.80
1646.22	31799.78
1647.22	31501.71
1648.21	31797.91
1649.21	31382.36
1650.20	31728.21
1651.19	31727.24
1652.18	31642.78
1653.18	31667.89
1654.17	31489.39
1655.16	31639.80
1656.15	31552.62
1657.15	31298.23
1658.14	31085.52
1659.13	31301.29
1660.12	31289.75
1661.11	31291.28
1662.10	31389.55
1663.09	30917.69
1664.08	30968.83
1665.07	30742.63
1666.06	31058.09
1667.05	30648.57
1668.04	30953.66
1669.03	31070.32
1670.02	30930.33
1671.01	30999.87
1672.00	30996.07
1672.98	30814.02
1673.97	30634.52
1674.96	30743.38
1675.95	30797.21
1676.94	30882.54
1677.92	30836.70
1678.91	30740.98
1679.90	30553.33
1680.88	30804.09
1681.87	30608.49
1682.86	30310.37
1683.84	30374.68
1684.83	30559.90
1685.81	30600.64
1686.80	30491.54
1687.78	30450.75
1688.77	30302.11
1689.75	30279.68
1690.74	30109.88
1691.72	30071.60
1692.71	30157.02
1693.69	29997.61
1694.67	30325.34
1695.66	30476.72
1696.64	30406.85
1697.62	30149.84
1698.61	30227.47
1699.59	29909.68
1700.57	30076.94
1701.55	30017.44
1702.54	30145.22
1703.52	30399.71
1704.50	30084.24
1705.48	30040.52
1706.46	30017.91
1707.44	30143.17
1708.42	30075.66
1709.40	29846.95
1710.38	29652.50
1711.36	29397.17
1712.34	30172.78
1713.32	29734.99
1714.30	29918.55
1715.28	29594.26
1716.26	29738.18
1717.24	29765.71
1718.22	29562.94
1719.20	29587.79
1720.18	29684.15
1721.15	29701.08
1722.13	29564.35
1723.11	29615.71
1724.09	29425.89
1725.06	29456.03
1726.04	29470.27
1727.02	29521.64
1727.99	29636.70
1728.97	29836.72
1729.95	29707.73
1730.92	29613.19
1731.90	29380.55
1732.87	29572.70
1733.85	29276.20
1734.82	29378.08
1735.80	29448.11
1736.77	29406.54
1737.75	29707.89
1738.72	29318.03
1739.70	29225.86
1740.67	29450.21
1741.64	29443.18
1742.62	29396.22
1743.59	29069.74
1744.56	29267.62
1745.54	29092.76
1746.51	29320.02
1747.48	29214.36
1748.45	29335.15
1749.42	28989.58
1750.40	28998.41
1751.37	29025.90
1752.34	28773.38
1753.31	29024.90
1754.28	29425.94
1755.25	29061.25
1756.22	29168.85
1757.19	28966.80
1758.16	28895.51
1759.13	28834.87
1760.10	28787.56
1761.07	28983.38
1762.04	28770.38
1763.01	28741.73
1763.98	28590.08
1764.95	28681.72
1765.92	28653.03
1766.89	28814.28
1767.85	28689.27
1768.82	28797.06
1769.79	28326.64
1770.76	28479.91
1771.72	28365.43
1772.69	28194.63
1773.66	28412.28
1774.62	28380.78
1775.59	28292.97
1776.56	28079.12
1777.52	28347.86
1778.49	28069.55
1779.46	28271.34
1780.42	28644.94
1781.38	28350.40
1782.35	28189.97
1783.32	28142.23
1784.28	28156.24
1785.24	28014.46
1786.21	28238.01
1787.17	28187.55
1788.14	28344.04
1789.10	27879.54
1790.06	27955.36
1791.03	27883.27
1791.99	28039.81
1792.95	28040.36
1793.91	27833.67
1794.88	27831.48
1795.84	28206.23
1796.80	27889.02
1797.76	27644.41
1798.72	27908.89
1799.69	27712.68
1800.65	27745.49
1801.61	27794.48
1802.57	27870.46
1803.53	27935.68
1804.49	27911.90
1805.45	27704.64
1806.41	27308.38
1807.37	27575.97
1808.33	28054.27
1809.29	27482.30
1810.25	27639.35
1811.21	27720.83
1812.16	27472.68
1813.12	27519.01
1814.08	27505.90
1815.04	27498.18
1816.00	27439.07
1816.96	27788.39
1817.91	27412.77
1818.87	27418.55
1819.83	27492.00
1820.78	27246.02
1821.74	27368.20
1822.70	26978.54
1823.65	27309.30
1824.61	27279.84
1825.56	27353.34
1826.52	27383.50
1827.48	27063.92
1828.43	27085.89
1829.39	27338.43
1830.34	26777.17
1831.30	26801.81
1832.25	27116.87
1833.21	27299.03
1834.16	26935.51
1835.11	27055.24
1836.07	27088.11
1837.02	27099.24
1837.97	26914.72
1838.93	26996.50
1839.88	26874.40
1840.83	26994.27
1841.78	27187.62
1842.74	27250.47
1843.69	27052.14
1844.64	26706.75
1845.59	26696.04
1846.54	26557.35
1847.49	26582.00
1848.45	26380.58
1849.40	26407.93
1850.35	26830.42
1851.30	26906.93
1852.25	26694.50
1853.20	26719.20
1854.15	26643.00
1855.10	26883.21
1856.05	26416.84
1857.00	26613.43
1857.95	26807.37
1858.89	26605.52
1859.84	26791.34
1860.79	26665.87
1861.74	26209.79
1862.69	26215.30
1863.64	26198.96
1864.58	26054.12
1865.53	26428.71
1866.48	26352.23
1867.42	26426.15
1868.37	26032.27
1869.32	26223.82
1870.26	25829.72
1871.21	26196.53
1872.16	26015.84
1873.10	26234.93
1874.05	26232.23
1874.99	25785.65
1875.94	26185.71
1876.88	26100.76
1877.83	26122.70
1878.77	26119.97
1879.72	25875.86
1880.66	26117.23
1881.61	25960.83
1882.55	25409.14
1883.49	25925.08
1884.44	25922.29
1885.38	25889.30
1886.32	25856.29
1887.27	25685.88
1888.21	25666.55
1889.15	25718.68
1890.09	25864.29
1891.04	25443.52
1891.98	25547.88
1892.92	25465.22
1893.86	25533.86
1894.80	25528.22
1895.74	25574.88
1896.69	25062.65
1897.63	25657.24
1898.57	25588.26
1899.51	25720.37
1900.45	25579.74
1901.39	25400.46
1902.33	25590.50
1903.27	25394.60
1904.21	25273.07
1905.14	25601.13
1906.08	25421.66
1907.02	25209.00
1907.96	25324.71
1908.90	25396.29
1909.84	25255.28
1910.78	25083.83
1911.71	25044.91
1912.65	25467.40
1913.59	25439.60
1914.53	25538.93
1915.46	25381.18
1916.40	25461.19
1917.33	25292.29
1918.27	24935.18
1919.21	25095.39
1920.14	25330.40
1921.08	25153.02
1922.02	24939.57
1922.95	25086.06
1923.89	25193.83
1924.82	24996.88
1925.76	25262.63
1926.69	25292.90
1927.63	25395.26
1928.56	25167.67
1929.49	24729.20
1930.43	24964.66
1931.36	24742.39
1932.29	25122.27
1933.23	24741.71
1934.16	24999.58
1935.09	24791.01
1936.03	24699.01
1936.96	24637.54
1937.89	24726.10
1938.82	24848.04
1939.75	24533.57
1940.69	24730.61
1941.62	24852.63
1942.55	24702.08
1943.48	24607.13
1944.41	24706.93
1945.34	24364.20
1946.27	24605.99
1947.20	24669.65
1948.13	24761.20
1949.06	24145.17
1949.99	24387.11
1950.92	24595.71
1951.85	24140.94
1952.78	24199.00
1953.71	23981.01
1954.64	24147.85
1955.57	24339.88
1956.49	24280.83
1957.42	24322.24
1958.35	23997.94
1959.28	23952.75
1960.21	24122.59
1961.13	24197.52
1962.06	23694.10
1962.99	23950.63
1963.91	24184.90
1964.84	24262.70
1965.77	24035.72
1966.69	23875.77
1967.62	23961.95
1968.54	23888.66
1969.47	23932.89
1970.39	24215.10
1971.32	23901.01
1972.25	23670.81
1973.17	23944.73
1974.09	23787.29
1975.02	23626.98
1975.94	23839.40
1976.87	23774.36
1977.79	23756.95
1978.71	23501.14
1979.64	23612.71
1980.56	23353.95
1981.48	23715.33
1982.41	23111.20
1983.33	23278.94
1984.25	23632.11
1985.17	23271.95
1986.10	23496.03
1987.02	23357.69
1987.94	23390.75
1988.86	23510.97
1989.78	23397.85
1990.70	23110.31
1991.63	23368.39
1992.55	23331.14
1993.47	23189.75
1994.39	23146.81
1995.31	22901.15
1996.23	23055.26
1997.15	23262.96
1998.07	23174.92
1998.98	23216.48
1999.90	22768.43
