398.66	40583.49
399.93	40599.56
401.21	40499.66
402.48	40385.47
403.75	40405.57
405.03	39818.94
406.30	40009.98
407.57	39856.86
408.84	39681.25
410.11	39913.16
411.38	39346.08
412.65	39031.57
413.92	39208.42
415.19	38916.16
416.46	39007.37
417.73	38988.40
419.00	38640.76
420.27	38290.91
421.54	38557.70
422.81	38761.28
424.08	38576.72
425.34	38520.83
426.61	38293.18
427.88	37936.60
429.14	38436.86
430.41	38456.58
431.68	38580.67
432.94	38436.68
434.21	38712.32
435.47	38459.76
436.74	38551.20
438.00	38277.98
439.26	38203.42
440.53	38397.35
441.79	38121.85
443.06	38379.42
444.32	38099.68
445.58	38121.41
446.84	37948.19
448.11	38228.54
449.37	37708.25
450.63	38048.24
451.89	37650.92
453.15	37602.70
454.41	37566.80
455.67	37520.60
456.93	37838.33
458.19	37777.77
459.45	37871.47
460.71	37543.39
461.97	37534.16
463.23	37465.23
464.48	37927.55
465.74	37613.57
467.00	37532.25
468.26	37110.86
469.51	37787.90
470.77	37718.92
472.03	37309.65
473.28	37096.13
474.54	37550.99
475.79	37537.60
477.05	37297.14
478.30	37500.48
479.56	37319.79
480.81	37221.64
482.06	37286.66
483.32	37095.45
484.57	37013.70
485.82	36925.71
487.08	37181.00
488.33	37093.00
489.58	37013.24
490.83	36848.58
492.08	37159.98
493.34	37109.17
494.59	36813.92
495.84	36593.11
497.09	36977.27
498.34	37123.26
499.59	37213.34
500.84	36807.85
502.08	36939.38
503.33	37143.59
504.58	36883.04
505.83	36935.80
507.08	36818.34
508.33	36933.40
509.57	37370.50
510.82	37300.83
512.07	37093.97
513.31	37061.62
514.56	37403.52
515.80	37558.40
517.05	37709.19
518.29	37864.22
519.54	38081.76
520.78	37991.30
522.03	37498.92
523.27	36979.23
524.51	37225.92
525.76	36945.54
527.00	36754.64
528.24	37280.81
529.49	36810.47
530.73	36627.74
531.97	36609.74
533.21	36493.64
534.45	36440.11
535.69	36484.68
536.93	36414.40
538.17	36204.14
539.41	36039.75
540.65	36132.32
541.89	35779.69
543.13	36482.77
544.37	36272.26
545.61	35996.80
546.85	36394.95
548.08	36491.91
549.32	36120.00
550.56	36503.81
551.80	36301.37
553.03	36126.05
554.27	36218.87
555.51	36408.14
556.74	36549.29
557.98	36371.76
559.21	36546.52
560.45	36465.41
561.68	36331.80
562.92	36319.86
564.15	36316.31
565.38	36447.16
566.62	36657.88
567.85	36677.52
569.08	36655.13
570.31	36729.42
571.55	36549.34
572.78	36495.35
574.01	36599.10
575.24	36610.32
576.47	36457.39
577.70	36308.59
578.93	36264.99
580.16	36229.80
581.39	36605.37
582.62	35914.92
583.85	35755.26
585.08	36274.34
586.31	36163.18
587.54	36138.45
588.77	36392.17
589.99	36420.23
591.22	36211.89
592.45	36334.92
593.67	36405.21
594.90	36122.79
596.13	36116.99
597.35	35914.66
598.58	36240.68
599.80	36414.61
601.03	36138.18
602.25	36394.68
603.48	36505.30
604.70	36084.77
605.93	35992.14
607.15	36342.00
608.37	36368.00
609.59	36485.09
610.82	36542.90
612.04	36594.39
613.26	36724.33
614.48	36803.45
615.71	36825.33
616.93	36516.27
618.15	37176.81
619.37	36914.38
620.59	36868.36
621.81	37066.52
623.03	37201.06
624.25	37072.21
625.47	37784.84
626.68	37596.55
627.90	37992.84
629.12	37662.02
630.34	37935.15
631.56	38304.15
632.77	38137.03
633.99	38304.02
635.21	38036.74
636.42	38393.33
637.64	38560.50
638.86	38350.61
640.07	38404.89
641.29	37872.95
642.50	37888.75
643.72	37763.80
644.93	37877.71
646.15	37682.27
647.36	37954.15
648.57	37645.47
649.79	37565.13
651.00	37401.45
652.21	37295.37
653.42	37129.40
654.64	37138.63
655.85	37017.43
657.06	37048.00
658.27	37117.09
659.48	37261.10
660.69	37569.95
661.90	37288.16
663.11	37468.70
664.32	37572.22
665.53	37401.61
666.74	37027.36
667.95	37188.70
669.16	37050.02
670.37	37142.83
671.57	36939.72
672.78	36998.22
673.99	36895.82
675.20	37205.45
676.40	37379.97
677.61	37114.38
678.81	37344.81
680.02	37214.42
681.23	37584.65
682.43	37888.43
683.64	37555.98
684.84	37606.14
686.05	37381.00
687.25	37342.93
688.45	37410.29
689.66	37085.92
690.86	37036.97
692.06	37423.01
693.27	37231.95
694.47	37124.82
695.67	37116.77
696.87	37065.60
698.07	36848.39
699.28	36510.29
700.48	36993.90
701.68	36882.23
702.88	36647.48
704.08	37194.07
705.28	36827.56
706.48	37136.88
707.68	37042.37
708.87	37070.98
710.07	37069.34
711.27	37160.65
712.47	36977.39
713.67	36878.38
714.86	37056.24
716.06	37301.27
717.26	37024.78
718.46	37072.89
719.65	37105.88
720.85	37119.37
722.04	37284.53
723.24	36806.15
724.43	37051.50
725.63	36908.89
726.82	36970.04
728.02	37319.72
729.21	37222.62
730.41	37103.76
731.60	37112.92
732.79	37167.67
733.99	37066.08
735.18	37227.28
736.37	37097.40
737.56	37028.31
738.75	37393.95
739.95	37420.55
741.14	36757.74
742.33	37106.16
743.52	37197.99
744.71	37557.56
745.90	37283.81
747.09	37460.66
748.28	37191.09
749.47	37252.54
750.66	37091.74
751.84	37059.46
753.03	37038.06
754.22	37147.49
755.41	37075.93
756.60	37148.32
757.78	37334.21
758.97	37485.27
760.16	37151.72
761.34	37272.22
762.53	37427.73
763.71	37476.26
764.90	37909.42
766.08	37872.82
767.27	37331.16
768.46	37368.77
769.64	37351.70
770.82	37400.25
772.01	37823.05
773.19	37604.68
774.37	37683.97
775.56	37831.19
776.74	37991.62
777.92	38204.70
779.10	37951.08
780.29	38061.22
781.47	38213.07
782.65	38222.43
783.83	38192.31
785.01	38680.01
786.19	38274.68
787.37	38194.04
788.55	38207.79
789.73	38217.14
790.91	38947.05
792.09	38383.07
793.27	38671.59
794.45	38601.91
795.62	38989.57
796.80	38891.32
797.98	39338.63
799.16	38963.15
800.33	39153.15
801.51	39052.64
802.69	39130.45
803.86	38692.87
805.04	38968.90
806.21	38698.55
807.39	38443.50
808.56	38479.34
809.74	38958.45
810.91	38853.25
812.09	38728.15
813.26	38633.88
814.43	38601.36
815.61	38699.09
816.78	38470.02
817.95	38879.21
819.13	38526.34
820.30	38703.68
821.47	38993.84
822.64	38623.05
823.81	38495.34
824.99	38922.79
826.16	38536.22
827.33	38627.48
828.50	38718.79
829.67	38743.71
830.84	38602.54
832.01	38800.22
833.18	38878.35
834.34	39093.91
835.51	39094.54
836.68	39159.48
837.85	39160.12
839.02	39342.66
840.18	39065.98
841.35	39115.42
842.52	39708.75
843.69	39540.76
844.85	39623.64
846.02	39384.45
847.18	39620.64
848.35	39603.58
849.52	39210.81
850.68	39571.64
851.84	39416.65
853.01	39539.66
854.17	39798.46
855.34	39523.21
856.50	39819.96
857.67	39604.70
858.83	39179.97
859.99	39180.55
861.15	39740.43
862.32	39698.78
863.48	39750.74
864.64	39820.56
865.80	39533.54
866.96	39616.72
868.12	39414.30
869.28	39794.34
870.44	39301.64
871.60	39483.08
872.76	39796.38
873.92	39390.45
875.08	39558.62
876.24	39986.14
877.40	39915.30
878.56	39931.64
879.72	39753.39
880.88	39930.77
882.03	40164.18
883.19	39947.79
884.35	39738.01
885.50	39924.49
886.66	39784.04
887.82	39856.36
888.97	40181.93
890.13	39904.69
891.28	39900.84
892.44	39894.75
893.59	40014.26
894.75	40028.37
895.90	40334.22
897.06	39785.00
898.21	39563.32
899.37	39552.62
900.52	39838.41
901.67	39683.97
902.82	39446.30
903.98	39583.91
905.13	39775.53
906.28	40081.93
907.43	39607.93
908.58	40112.41
909.74	39586.43
910.89	39726.49
912.04	39850.84
913.19	40148.66
914.34	39933.02
915.49	39951.61
916.64	39994.98
917.79	40187.15
918.94	40054.73
920.08	39926.76
921.23	39965.64
922.38	40180.53
923.53	40445.15
924.68	40574.46
925.82	40651.90
926.97	40589.35
928.12	40429.64
929.26	40364.74
930.41	40591.34
931.56	40207.72
932.70	40163.06
933.85	40446.29
934.99	40750.02
936.14	40664.71
937.28	40896.20
938.43	40516.61
939.57	40838.73
940.72	40626.53
941.86	40978.25
943.00	40675.35
944.15	40417.63
945.29	41048.36
946.43	41117.08
947.57	40795.77
948.72	40918.90
949.86	40690.41
951.00	40765.90
952.14	40766.52
953.28	40730.81
954.42	40799.54
955.56	40816.06
956.70	40444.06
957.17	41293.07
958.32	41055.23
959.47	41651.94
960.63	41326.31
961.78	41416.93
962.93	41077.59
964.08	41350.59
965.23	41459.29
966.38	40971.03
967.53	41099.97
968.68	41339.42
969.83	41333.25
970.98	41142.16
972.12	41352.46
973.27	41368.84
974.42	41333.32
975.57	41379.05
976.71	41239.67
977.86	41303.46
979.01	41809.97
980.16	41817.45
981.30	41962.76
982.45	41796.23
983.59	42063.68
984.74	42638.80
985.89	42422.55
987.03	42473.15
988.18	43130.23
989.32	43518.26
990.46	43877.05
991.61	44140.89
992.75	43815.96
993.90	44274.75
995.04	44772.27
996.18	44499.39
997.32	44822.63
998.47	44327.40
999.61	45097.57
1000.75	44491.02
1001.89	44578.55
1003.03	44504.97
1004.17	44190.71
1005.32	43379.00
1006.46	43230.14
1007.60	42958.52
1008.74	43002.64
1009.88	42949.04
1011.02	43038.65
1012.16	42907.71
1013.29	42883.63
1014.43	43087.02
1015.57	42564.61
1016.71	42720.23
1017.85	42693.79
1018.99	42412.30
1020.12	42481.43
1021.26	42445.80
1022.40	42704.11
1023.53	42527.20
1024.67	42445.96
1025.81	42802.50
1026.94	42390.55
1028.08	43189.85
1029.21	42983.17
1030.35	42865.41
1031.48	42537.55
1032.62	42298.60
1033.75	42434.13
1034.88	42382.38
1036.02	42387.73
1037.15	42242.23
1038.28	42453.32
1039.42	41859.55
1040.55	41894.52
1041.68	42103.37
1042.81	41973.64
1043.95	41525.70
1045.08	41601.82
1046.21	42028.35
1047.34	41589.25
1048.47	41273.67
1049.60	41803.54
1050.73	41817.92
1051.86	41797.92
1052.99	41672.42
1054.12	42223.52
1055.25	41405.18
1056.38	41655.85
1057.51	41718.41
1058.64	41585.85
1059.76	41427.96
1060.89	41598.47
1062.02	41684.05
1063.15	41144.59
1064.27	41586.38
1065.40	41573.14
1066.53	41635.79
1067.65	41346.53
1068.78	41275.71
1069.90	41784.78
1071.03	41831.41
1072.16	41804.39
1073.28	41510.22
1074.41	41607.49
1075.53	41474.41
1076.65	41288.26
1077.78	41943.38
1078.90	41515.16
1080.02	41338.11
1081.15	41700.73
1082.27	41655.15
1083.39	41184.91
1084.51	41677.03
1085.64	41460.54
1086.76	41599.61
1087.88	41519.29
1089.00	41471.28
1090.12	41677.45
1091.24	41573.98
1092.36	41942.12
1093.48	41734.58
1094.60	41656.48
1095.72	41772.70
1096.84	41724.65
1097.96	41776.12
1099.08	41866.97
1100.20	41906.91
1101.32	41951.51
1102.44	41646.25
1103.55	41713.97
1104.67	41498.91
1105.79	41766.03
1106.91	41956.74
1108.02	41567.60
1109.14	42104.07
1110.25	42086.12
1111.37	41972.97
1112.49	41537.02
1113.60	42197.07
1114.72	41981.66
1115.83	42084.46
1116.95	42282.60
1118.06	42125.16
1119.17	42135.06
1120.29	42586.85
1121.40	42678.28
1122.52	42467.25
1123.63	42414.39
1124.74	42491.87
1125.85	42732.37
1126.97	42560.75
1128.08	42570.75
1129.19	42543.46
1130.30	42637.36
1131.41	43104.30
1132.52	42801.97
1133.64	42690.75
1134.75	42714.77
1135.86	42549.80
1136.97	42524.79
1138.08	42936.31
1139.19	42579.79
1140.29	42564.10
1141.40	42536.72
1142.51	42675.23
1143.62	42484.25
1144.73	42966.47
1145.84	42609.44
1146.94	42493.14
1148.05	42671.57
1149.16	42885.16
1150.27	42803.96
1151.37	42640.77
1152.48	42913.04
1153.58	42623.32
1154.69	42895.71
1155.80	42476.96
1156.90	43283.85
1158.01	43153.35
1159.11	42924.29
1160.21	43098.55
1161.32	43251.78
1162.42	43060.13
1163.53	43471.60
1164.63	42995.83
1165.73	43193.78
1166.84	43283.78
1167.94	43491.28
1169.04	43673.03
1170.14	43662.13
1171.25	43474.89
1172.35	43929.54
1173.45	44003.35
1174.55	43604.31
1175.65	43962.82
1176.75	43683.62
1177.85	43992.86
1178.95	43569.89
1180.05	44755.46
1181.15	44004.98
1182.25	43826.78
1183.35	43733.34
1184.45	43543.20
1185.55	44003.82
1186.65	43714.58
1187.74	43465.31
1188.84	43791.72
1189.94	43721.73
1191.04	43935.02
1192.13	43893.37
1193.23	43983.96
1194.33	43838.34
1195.42	44068.39
1196.52	44225.27
1197.61	44091.41
1198.71	44383.16
1199.80	44358.07
1200.90	44361.37
1202.00	44333.89
1203.09	44493.40
1204.18	44825.82
1205.28	44942.88
1206.37	44437.03
1207.46	44693.84
1208.56	44265.88
1209.65	44496.69
1210.74	44182.29
1211.84	44787.88
1212.93	44743.80
1214.02	44600.05
1215.11	44385.04
1216.20	44860.67
1217.29	44771.45
1218.38	44485.07
1219.47	44652.25
1220.57	44850.39
1221.66	44682.65
1222.75	44001.38
1223.83	44598.93
1224.92	44502.34
1226.01	44667.37
1227.10	44608.81
1228.19	44312.24
1229.28	44741.54
1230.37	44790.09
1231.46	44948.21
1232.54	44944.42
1233.63	45138.38
1234.72	45363.41
1235.80	45004.53
1236.89	45108.03
1237.98	45225.88
1239.06	44838.08
1240.15	45213.60
1241.23	45164.50
1242.32	45112.97
1243.40	45051.88
1244.49	45112.54
1245.57	44528.28
1246.66	44913.78
1247.74	44740.24
1248.83	44722.00
1249.91	44787.42
1250.99	44709.38
1252.08	44829.84
1253.16	44988.64
1254.24	45037.41
1255.32	45325.59
1256.40	45101.51
1257.49	45066.52
1258.57	45247.10
1259.65	45171.39
1260.73	45203.48
1261.81	45273.93
1262.89	45603.37
1263.97	45311.81
1265.05	45593.43
1266.13	45436.09
1267.21	45605.06
1268.29	45800.51
1269.37	46123.30
1270.45	45665.73
1271.53	45316.04
1272.60	45634.12
1273.68	45724.04
1274.76	45539.97
1275.84	45451.98
1276.92	45739.12
1277.99	45379.30
1279.07	45779.63
1280.14	45484.64
1281.22	45418.18
1282.30	45799.52
1283.37	45648.80
1284.45	45606.41
1285.52	45568.82
1286.60	45755.33
1287.67	45879.25
1288.75	46340.77
1289.82	46344.29
1290.90	46005.28
1291.97	46414.06
1293.04	46144.89
1294.12	46377.67
1295.19	46443.96
1296.26	46730.04
1297.33	46397.87
1298.41	46826.62
1299.48	46320.30
1300.55	46149.75
1301.62	45896.91
1302.69	46103.43
1303.76	46532.58
1304.83	46052.21
1305.91	46246.80
1306.98	46206.68
1308.04	46440.13
1309.12	45913.25
1310.18	46086.18
1311.25	45837.60
1312.32	46168.09
1313.39	45512.19
1314.46	45893.67
1315.53	45945.51
1316.60	45776.64
1317.66	45362.64
1318.73	45414.38
1319.80	45633.63
1320.87	45831.12
1321.93	45674.15
1323.00	45796.44
1324.07	45775.43
1325.13	45705.81
1326.20	45777.13
1327.26	45610.22
1328.33	45693.71
1329.39	45543.71
1330.46	45410.68
1331.52	45637.74
1332.59	45073.84
1333.65	45386.13
1334.71	45445.30
1335.78	45448.47
1336.84	45680.65
1337.90	45469.42
1338.97	45787.02
1340.03	45956.04
1341.09	45810.56
1342.15	45830.87
1343.22	46104.91
1344.28	46239.98
1345.34	46416.60
1346.40	46524.93
1347.46	46447.73
1348.52	46819.91
1349.58	47048.11
1350.64	47579.42
1351.70	48013.20
1352.76	48498.52
1353.82	48966.94
1354.88	48535.50
1355.94	48683.65
1357.00	48724.20
1358.06	48441.69
1359.12	48193.32
1360.17	48040.33
1361.23	47414.56
1362.29	47256.41
1363.35	46850.70
1364.40	46606.55
1365.46	46271.59
1366.52	46505.34
1367.57	45973.98
1368.63	46050.76
1369.68	46139.84
1370.74	46138.14
1371.79	46396.66
1372.85	45842.55
1373.90	45496.93
1374.96	45573.68
1376.01	45675.03
1377.07	45783.80
1378.12	45710.70
1379.17	45576.09
1380.23	45402.07
1381.28	45410.00
1382.33	45245.69
1383.39	45101.00
1384.44	45163.00
1385.49	45476.18
1386.54	45087.61
1387.59	45551.16
1388.65	45467.94
1389.70	45037.20
1390.75	44825.63
1391.80	45245.15
1392.85	44895.43
1393.90	44794.68
1394.95	44809.84
1396.00	45343.23
1397.05	44911.74
1398.10	44808.42
1399.15	45075.46
1400.20	45394.49
1401.25	44725.43
1402.29	44649.13
1403.34	44970.74
1404.39	45158.99
1405.44	45416.56
1406.48	44672.51
1407.53	44576.30
1408.58	45078.88
1409.63	45101.52
1410.67	44482.96
1411.72	44760.52
1412.76	44473.48
1413.81	45055.86
1414.85	44924.87
1415.90	45339.07
1416.94	45324.59
1417.99	44913.35
1419.03	45050.04
1420.08	44973.45
1421.12	45162.32
1422.17	44936.79
1423.21	44964.37
1424.25	45168.25
1425.30	45146.21
1426.34	45111.74
1427.38	45044.95
1428.42	45219.18
1429.47	45739.03
1430.51	45408.76
1431.55	45637.90
1432.59	45690.53
1433.63	46312.95
1434.67	45853.08
1435.71	45890.85
1436.75	46147.72
1437.79	46003.77
1438.83	45829.85
1439.88	46233.87
1440.91	46074.87
1441.95	45713.89
1442.99	45858.86
1444.03	45931.57
1445.07	46183.89
1446.11	46301.61
1447.15	45803.00
1448.18	45795.88
1449.22	46313.01
1450.26	46071.26
1451.30	45724.50
1452.33	46172.00
1453.37	46252.39
1454.41	46030.38
1455.44	46373.25
1456.48	46103.65
1457.52	45858.94
1458.55	45759.20
1459.59	45601.87
1460.62	45812.36
1461.66	45932.82
1462.69	45943.16
1463.73	45597.88
1464.76	45580.59
1465.79	45929.09
1466.83	46210.09
1467.86	46167.84
1468.89	45746.98
1469.93	45970.43
1470.96	45659.69
1471.99	45742.71
1473.02	45843.33
1474.06	45281.34
1475.09	45833.80
1476.12	45266.52
1477.15	45530.37
1478.18	45502.90
1479.21	45450.29
1480.24	45309.68
1481.27	45707.00
1482.30	45490.94
1483.33	45659.59
1484.36	45554.10
1485.39	45788.26
1486.42	45584.59
1487.45	45743.32
1488.48	46083.42
1489.51	45972.85
1490.54	45685.89
1491.57	45411.39
1492.59	45789.50
1493.62	46034.18
1494.65	45809.99
1495.68	45737.01
1496.70	45797.69
1497.73	46347.85
1498.76	46229.50
1499.78	46063.14
1500.81	46227.44
1501.83	46366.55
1502.86	46248.08
1503.89	46157.35
1504.91	45930.11
1505.94	46064.21
1506.96	46104.82
1507.99	46423.60
1509.01	46421.30
1510.03	45849.80
1511.06	45989.07
1512.08	46146.11
1513.10	46050.07
1514.13	46242.63
1515.15	46141.49
1516.17	46438.01
1517.20	46364.73
1518.22	46012.64
1519.24	46240.88
1520.26	46223.28
1521.28	46461.79
1522.30	46921.09
1523.33	46307.39
1524.35	46566.38
1525.37	46965.07
1526.39	46815.56
1527.41	46833.57
1528.43	46892.23
1529.45	46861.99
1530.47	47324.70
1531.49	47040.37
1532.50	46577.96
1533.52	47056.15
1534.54	46886.01
1535.56	47540.00
1536.58	47105.26
1537.60	47158.96
1538.61	46917.40
1539.63	46747.02
1540.65	47292.18
1541.67	47358.68
1542.68	46900.37
1543.70	46982.10
1544.72	46770.73
1545.73	46786.18
1546.75	46526.21
1547.76	47005.82
1548.78	46791.70
1549.79	46916.88
1550.81	47057.41
1551.82	46958.03
1552.84	47430.57
1553.85	47024.74
1554.87	47012.13
1555.88	47298.46
1556.89	46836.09
1557.91	47247.76
1558.92	46877.21
1559.93	46703.41
1560.95	46808.35
1561.96	46350.45
1562.97	46800.83
1563.98	47021.04
1565.00	47123.56
1566.01	46918.83
1567.02	46562.89
1568.03	46457.85
1569.04	46893.45
1570.05	46501.36
1571.06	46534.66
1572.07	46585.92
1573.08	46521.79
1574.09	46401.18
1575.10	46747.51
1576.11	46873.27
1577.12	46621.73
1578.13	46488.19
1579.14	46259.56
1580.15	46801.43
1581.16	46593.32
1582.16	46511.03
1583.17	46541.80
1584.18	46359.19
1585.19	46076.20
1586.19	45826.52
1587.20	45834.00
1588.21	46175.98
1589.21	45913.28
1590.22	45714.82
1591.23	45508.54
1592.23	45333.07
1593.24	45252.83
1594.24	45571.93
1595.25	45754.57
1596.25	45292.86
1597.26	45511.60
1598.26	45469.98
1599.27	45451.54
1600.27	45587.90
1601.27	45071.43
1602.28	45050.30
1603.28	45369.95
1604.29	45144.87
1605.29	45090.16
1606.29	44836.50
1607.29	44794.61
1608.30	44719.09
1609.30	44408.30
1610.30	44697.24
1611.30	44593.19
1612.30	44333.89
1613.30	44056.37
1614.30	44267.82
1615.31	43539.77
1616.31	43647.63
1617.31	43271.30
1618.31	43081.28
1619.31	43305.68
1620.31	43175.18
1621.31	43573.35
1622.31	42939.92
1623.30	43024.46
1624.30	42463.25
1625.30	42589.21
1626.30	42606.25
1627.30	42459.80
1628.30	42302.90
1629.29	42156.31
1630.29	42087.56
1631.29	42010.98
1632.29	41848.64
1633.28	41317.22
1634.28	41908.39
1635.28	41641.91
1636.27	41942.18
1637.27	41389.50
1638.26	41122.72
1639.26	41456.88
1640.26	41281.09
1641.25	40722.57
1642.25	40918.85
1643.24	40667.29
1644.24	40733.41
1645.23	40648.43
1646.22	40526.94
1647.22	40001.39
1648.21	40101.29
1649.21	40196.02
1650.20	40275.13
1651.19	40002.10
1652.18	40151.65
1653.18	40674.47
1654.17	40161.18
1655.16	39741.66
1656.15	40063.63
1657.15	40168.93
1658.14	39918.95
1659.13	39760.32
1660.12	39750.61
1661.11	39725.21
1662.10	39822.68
1663.09	39318.64
1664.08	39421.30
1665.07	39550.17
1666.06	39351.94
1667.05	39323.77
1668.04	39232.76
1669.03	39537.14
1670.02	39173.70
1671.01	39431.04
1672.00	39127.69
1672.98	38942.15
1673.97	38947.91
1674.96	38843.54
1675.95	38985.66
1676.94	39253.77
1677.92	38608.85
1678.91	38724.76
1679.90	38475.83
1680.88	38610.14
1681.87	38607.93
1682.86	38232.72
1683.84	38356.54
1684.83	38430.48
1685.81	38367.77
1686.80	38076.30
1687.78	38092.36
1688.77	38300.43
1689.75	38313.92
1690.74	38127.43
1691.72	38025.07
1692.71	38133.26
1693.69	37949.23
1694.67	37936.30
1695.66	38055.07
1696.64	37997.36
1697.62	38023.96
1698.61	38206.07
1699.59	38053.44
1700.57	38008.85
1701.55	37740.05
1702.54	37938.08
1703.52	37972.59
1704.50	37788.06
1705.48	37474.10
1706.46	37416.11
1707.44	37096.64
1708.42	37587.97
1709.40	37617.15
1710.38	37178.59
1711.36	37091.39
1712.34	37437.72
1713.32	36882.49
1714.30	36848.05
1715.28	36990.85
1716.26	36789.72
1717.24	36670.54
1718.22	37138.97
1719.20	36381.73
1720.18	36272.97
1721.15	36646.25
1722.13	36450.07
1723.11	36150.46
1724.09	36216.48
1725.06	36362.07
1726.04	36528.92
1727.02	36645.46
1727.99	36197.00
1728.97	36427.59
1729.95	36154.05
1730.92	36063.54
1731.90	36180.08
1732.87	35752.27
1733.85	36057.38
1734.82	35905.66
1735.80	35857.50
1736.77	35718.96
1737.75	35577.69
1738.72	35800.64
1739.70	35850.82
1740.67	35576.47
1741.64	35607.99
1742.62	35546.38
1743.59	35569.91
1744.56	35545.53
1745.54	35609.01
1746.51	35153.13
1747.48	35347.09
1748.45	35314.63
1749.42	35450.07
1750.40	35297.66
1751.37	35211.84
1752.34	35398.00
1753.31	35344.17
1754.28	34842.08
1755.25	35300.47
1756.22	34907.59
1757.19	35152.61
1758.16	34919.75
1759.13	34774.92
1760.10	34833.06
1761.07	34941.98
1762.04	34695.50
1763.01	34355.36
1763.98	34806.48
1764.95	34677.48
1765.92	34575.16
1766.89	34788.50
1767.85	34113.50
1768.82	34358.94
1769.79	34208.28
1770.76	34271.76
1771.72	34021.91
1772.69	33873.75
1773.66	34095.27
1774.62	34410.69
1775.59	34463.55
1776.56	34336.79
1777.52	33920.36
1778.49	33822.94
1779.46	33733.52
1780.42	33890.93
1781.38	33849.79
1782.35	33768.36
1783.32	33815.79
1784.28	33763.86
1785.24	33932.17
1786.21	34240.27
1787.17	33736.92
1788.14	33824.69
1789.10	33802.27
1790.06	34027.23
1791.03	33808.50
1791.99	33613.88
1792.95	33768.98
1793.91	33485.45
1794.88	33656.73
1795.84	33661.15
1796.80	33463.59
1797.76	33260.57
1798.72	33404.99
1799.69	33748.89
1800.65	33249.30
1801.61	33598.70
1802.57	33319.97
1803.53	33254.19
1804.49	33242.33
1805.45	32930.96
1806.41	33294.15
1807.37	33538.71
1808.33	33116.51
1809.29	33004.68
1810.25	33187.21
1811.21	33310.38
1812.16	33098.54
1813.12	32962.28
1814.08	32969.23
1815.04	32759.88
1816.00	32707.29
1816.96	32773.70
1817.91	32718.38
1818.87	32687.39
1819.83	33352.01
1820.78	32939.42
1821.74	32848.88
1822.70	32733.92
1823.65	32659.55
1824.61	32636.63
1825.56	32952.46
1826.52	32441.67
1827.48	32519.00
1828.43	32981.44
1829.39	32687.31
1830.34	32669.78
1831.30	32953.45
1832.25	32317.14
1833.21	32826.16
1834.16	32287.31
1835.11	32351.14
1836.07	32319.92
1837.02	32302.28
1837.97	32216.68
1838.93	32337.63
1839.88	32268.31
1840.83	32582.38
1841.78	32290.06
1842.74	32315.90
1843.69	32056.05
1844.64	31904.94
1845.59	32314.54
1846.54	31975.55
1847.49	32306.35
1848.45	31874.61
1849.40	32161.94
1850.35	31947.98
1851.30	32082.80
1852.25	31767.87
1853.20	31932.70
1854.15	32056.70
1855.10	31888.86
1856.05	31843.72
1857.00	31705.79
1857.95	32312.96
1858.89	31582.62
1859.84	31998.87
1860.79	31560.40
1861.74	31903.06
1862.69	31658.38
1863.64	31151.23
1864.58	31513.15
1865.53	31645.55
1866.48	31507.27
1867.42	31264.97
1868.37	31184.00
1869.32	31754.28
1870.26	31451.67
1871.21	31816.91
1872.16	31081.54
1873.10	31509.85
1874.05	31100.10
1874.99	31068.28
1875.94	31176.21
1876.88	31015.56
1877.83	30937.09
1878.77	31426.23
1879.72	30966.55
1880.66	31055.37
1881.61	30910.98
1882.55	30947.67
1883.49	30712.60
1884.44	31076.00
1885.38	31022.12
1886.32	30883.06
1887.27	30845.59
1888.21	31071.92
1889.15	30993.25
1890.09	31016.26
1891.04	30877.04
1891.98	30814.78
1892.92	30702.96
1893.86	30489.30
1894.80	30996.59
1895.74	30992.10
1896.69	30593.89
1897.63	31084.99
1898.57	30642.56
1899.51	30541.56
1900.45	30451.54
1901.39	30830.02
1902.33	30737.27
1903.27	30374.25
1904.21	30190.35
1905.14	30400.82
1906.08	30423.77
1907.02	30728.21
1907.96	30455.89
1908.90	30478.86
1909.84	30581.92
1910.78	30737.50
1911.71	30194.22
1912.65	30396.75
1913.59	30135.07
1914.53	30404.02
1915.46	30122.87
1916.40	30118.15
1917.33	30185.34
1918.27	30468.34
1919.21	30040.31
1920.14	30046.63
1921.08	30047.42
1922.02	29945.76
1922.95	29874.51
1923.89	29891.88
1924.82	29936.96
1925.76	30056.88
1926.69	29946.79
1927.63	29889.33
1928.56	29784.71
1929.49	29896.37
1930.43	29780.60
1931.36	29770.23
1932.29	29906.94
1933.23	29560.69
1934.16	29594.68
1935.09	29631.46
1936.03	29776.59
1936.96	29730.08
1937.89	29689.10
1938.82	29767.62
1939.75	29615.43
1940.69	29226.83
1941.62	29355.36
1942.55	29767.68
1943.48	29637.62
1944.41	29201.38
1945.34	29474.75
1946.27	29252.67
1947.20	29392.50
1948.13	29485.04
1949.06	29176.46
1949.99	29143.60
1950.92	29180.40
1951.85	28999.79
1952.78	28863.71
1953.71	28825.17
1954.64	29146.46
1955.57	28728.53
1956.49	28857.38
1957.42	28866.26
1958.35	29176.65
1959.28	29068.33
1960.21	28954.37
1961.13	29119.71
1962.06	28958.21
1962.99	28757.52
1963.91	28813.91
1964.84	28710.96
1965.77	28470.93
1966.69	28216.82
1967.62	28720.76
1968.54	28558.94
1969.47	28562.18
1970.39	28808.96
1971.32	28773.05
1972.25	28661.51
1973.17	28082.12
1974.09	28278.58
1975.02	28427.48
1975.94	28329.79
1976.87	28156.35
1977.79	28697.91
1978.71	28639.47
1979.64	28446.35
1980.56	28550.58
1981.48	28553.82
1982.41	28568.29
1983.33	28088.60
1984.25	28403.46
1985.17	28308.36
1986.10	28039.02
1987.02	28011.24
1987.94	28438.79
1988.86	28411.08
1989.78	27967.20
1990.70	28465.31
1991.63	27990.31
1992.55	27830.24
1993.47	28466.54
1994.39	27892.71
1995.31	28137.95
1996.23	28000.30
1997.15	28062.58
1998.07	27840.33
1998.98	28144.94
1999.90	27744.80
