398.66	22352.28
399.93	22117.71
401.21	22237.04
402.48	22177.34
403.75	22023.98
405.03	22015.11
406.30	21660.01
407.57	21832.34
408.84	21929.36
410.11	21626.98
411.38	21713.81
412.65	21770.09
413.92	21657.12
415.19	21599.18
416.46	21412.66
417.73	21344.42
419.00	21325.15
420.27	21410.00
421.54	21650.12
422.81	21316.30
424.08	21519.73
425.34	21161.19
426.61	21317.65
427.88	21214.50
429.14	21309.69
430.41	21374.25
431.68	21371.30
432.94	21356.07
434.21	21453.43
435.47	21301.01
436.74	21306.23
438.00	20989.80
439.26	21308.49
440.53	21102.59
441.79	21136.47
443.06	21432.87
444.32	21220.70
445.58	21336.70
446.84	21173.65
448.11	21137.79
449.37	21021.84
450.63	20899.67
451.89	21243.76
453.15	21150.35
454.41	21104.17
455.67	21070.29
456.93	21322.22
458.19	21206.11
459.45	21116.69
460.71	21214.48
461.97	20863.63
463.23	20957.28
464.48	21170.42
465.74	20957.29
467.00	21065.46
468.26	20897.54
469.51	20929.48
470.77	21103.69
472.03	20985.15
473.28	20812.93
474.54	20966.60
475.79	21217.34
477.05	20933.58
478.30	20951.12
479.56	20749.76
480.81	20827.17
482.06	20755.85
483.32	20758.90
484.57	20549.02
485.82	20566.49
487.08	20643.95
488.33	20514.57
489.58	20422.38
490.83	20361.18
492.08	20645.68
493.34	20501.68
494.59	20432.17
495.84	20681.67
497.09	20425.67
498.34	20503.26
499.59	20813.07
500.84	20743.55
502.08	20620.07
503.33	20811.88
504.58	20746.46
505.83	20732.89
507.08	20690.25
508.33	21075.40
509.57	20887.41
510.82	20788.68
512.07	20827.06
513.31	20855.07
514.56	20922.59
515.80	20798.81
517.05	21028.61
518.29	21056.68
519.54	21349.09
520.78	21179.49
522.03	21126.41
523.27	20840.04
524.51	20822.27
525.76	20723.22
527.00	20713.75
528.24	20404.06
529.49	20538.39
530.73	20674.87
531.97	20752.99
533.21	20507.70
534.45	20590.00
535.69	20486.51
536.93	20585.55
538.17	20780.72
539.41	20787.94
540.65	20989.52
541.89	21101.31
543.13	21006.16
544.37	21115.91
545.61	20999.80
546.85	21314.65
548.08	21252.95
549.32	21222.61
550.56	21426.77
551.80	21233.09
553.03	21181.77
554.27	20845.45
555.51	20997.31
556.74	21111.51
557.98	21020.26
559.21	20887.02
560.45	20856.52
561.68	20958.20
562.92	20936.09
564.15	20685.12
565.38	20868.73
566.62	20663.84
567.85	20925.27
569.08	20585.79
570.31	20595.08
571.55	20343.65
572.78	20468.56
574.01	20591.41
575.24	20400.82
576.47	20290.11
577.70	20349.86
578.93	20274.88
580.16	20225.13
581.39	19989.97
582.62	20342.59
583.85	20185.33
585.08	20447.51
586.31	20115.18
587.54	20563.08
588.77	20357.19
589.99	20047.80
591.22	20215.28
592.45	20254.05
593.67	20115.46
594.90	20483.74
596.13	20598.66
597.35	20183.21
598.58	20329.82
599.80	20472.27
601.03	20352.55
602.25	20421.04
603.48	20172.19
604.70	20145.43
605.93	20362.09
607.15	20182.91
608.37	20518.28
609.59	20334.81
610.82	20670.38
612.04	20758.14
613.26	20828.99
614.48	20802.32
615.71	21123.48
616.93	21601.78
618.15	21566.79
619.37	21937.18
620.59	22146.40
621.81	22391.82
623.03	22800.91
624.25	23114.59
625.47	23381.67
626.68	23438.44
627.90	23265.62
629.12	23216.05
630.34	22966.51
631.56	22980.68
632.77	22822.47
633.99	22291.66
635.21	22160.88
636.42	21993.83
637.64	21892.74
638.86	21908.79
640.07	21681.88
641.29	21520.94
642.50	21679.77
643.72	21314.00
644.93	21186.99
646.15	21286.10
647.36	20998.94
648.57	21266.70
649.79	21239.91
651.00	21392.52
652.21	20887.18
653.42	21020.54
654.64	21149.70
655.85	20755.10
657.06	20807.26
658.27	20823.08
659.48	20821.79
660.69	20580.82
661.90	20795.66
663.11	20659.47
664.32	20632.44
665.53	20592.53
666.74	20514.04
667.95	20699.12
669.16	20607.75
670.37	20385.54
671.57	20356.24
672.78	20187.49
673.99	20507.88
675.20	20553.71
676.40	20631.76
677.61	20830.09
678.81	21067.18
680.02	20913.38
681.23	21105.47
682.43	21222.43
683.64	21156.70
684.84	21052.23
686.05	21035.90
687.25	20886.16
688.45	20923.58
689.66	20698.40
690.86	20746.55
692.06	20852.86
693.27	20608.12
694.47	20567.94
695.67	20626.87
696.87	20562.96
698.07	20285.56
699.28	20514.83
700.48	20228.65
701.68	20542.17
702.88	20316.29
704.08	20470.23
705.28	20639.36
706.48	20473.80
707.68	20569.56
708.87	20514.11
710.07	20506.17
711.27	20621.46
712.47	20654.63
713.67	20914.91
714.86	20876.77
716.06	21076.64
717.26	21270.12
718.46	21442.03
719.65	21575.04
720.85	21675.63
722.04	21966.92
723.24	22483.72
724.43	22931.40
725.63	24090.43
726.82	25330.25
728.02	27405.78
729.21	29751.34
730.41	32673.11
731.60	35871.97
732.79	38807.47
733.99	41032.05
735.18	42076.00
736.37	41553.86
737.56	39266.76
738.75	36519.88
739.95	32930.21
741.14	29717.24
742.33	27525.16
743.52	25530.02
744.71	24184.68
745.90	23345.92
747.09	22704.91
748.28	22205.15
749.47	21970.93
750.66	21597.14
751.84	21543.57
753.03	21282.85
754.22	21279.33
755.41	21182.01
756.60	21187.18
757.78	21070.14
758.97	20983.61
760.16	20934.15
761.34	20692.50
762.53	21138.77
763.71	21257.53
764.90	20889.03
766.08	20926.91
767.27	20674.02
768.46	20451.62
769.64	20480.67
770.82	20820.42
772.01	20586.95
773.19	20565.70
774.37	20809.36
775.56	20897.65
776.74	20703.40
777.92	20907.83
779.10	20956.75
780.29	20992.54
781.47	20822.24
782.65	20958.89
783.83	21146.07
785.01	21359.66
786.19	21222.20
787.37	21413.95
788.55	21294.00
789.73	20982.90
790.91	21174.73
792.09	21028.26
793.27	21387.23
794.45	21130.81
795.62	21054.58
796.80	21039.90
797.98	21251.80
799.16	21131.53
800.33	21152.07
801.51	21150.60
802.69	21142.52
803.86	21433.98
805.04	21430.37
806.21	21327.58
807.39	21207.12
808.56	21254.14
809.74	21221.81
810.91	21090.19
812.09	20898.95
813.26	21069.52
814.43	21054.75
815.61	21221.03
816.78	21215.12
817.95	21085.51
819.13	21238.65
820.30	21312.29
821.47	21494.29
822.64	21470.74
823.81	21292.38
824.99	21191.35
826.16	21508.44
827.33	21679.62
828.50	21173.52
829.67	21090.07
830.84	21239.12
832.01	21312.92
833.18	21557.36
834.34	21516.02
835.51	21321.71
836.68	21368.98
837.85	21402.97
839.02	21811.87
840.18	21541.99
841.35	21451.75
842.52	21672.25
843.69	21746.31
844.85	21620.51
846.02	21821.21
847.18	21895.35
848.35	21918.40
849.52	21917.01
850.68	21926.73
851.84	21947.58
853.01	21875.00
854.17	21593.21
855.34	21987.91
856.50	21835.13
857.67	21956.17
858.83	22066.13
859.99	21906.58
861.15	21773.68
862.32	21899.27
863.48	21846.57
864.64	22168.46
865.80	21921.75
866.96	21947.09
868.12	21800.61
869.28	21734.42
870.44	21878.05
871.60	21764.95
872.76	21794.74
873.92	21706.13
875.08	21881.17
876.24	21933.35
877.40	22164.41
878.56	22384.40
879.72	22027.41
880.88	22166.92
882.03	22149.85
883.19	22340.93
884.35	22272.39
885.50	22105.29
886.66	22012.02
887.82	22131.55
888.97	22181.66
890.13	22319.21
891.28	22118.28
892.44	21903.80
893.59	21828.28
894.75	22037.66
895.90	21899.30
897.06	21733.94
898.21	21871.60
899.37	21634.28
900.52	21897.76
901.67	21673.82
902.82	21793.60
903.98	21902.20
905.13	21736.55
906.28	22002.60
907.43	21825.65
908.58	21770.10
909.74	21863.05
910.89	21816.49
912.04	21670.84
913.19	21817.88
914.34	21863.62
915.49	21954.44
916.64	22092.63
917.79	22197.06
918.94	21965.60
920.08	22133.20
921.23	22350.50
922.38	22294.89
923.53	22374.66
924.68	22355.15
925.82	22227.25
926.97	22431.26
928.12	22215.21
929.26	22520.99
930.41	22083.39
931.56	22244.60
932.70	22421.71
933.85	22209.92
934.99	22113.40
936.14	22421.82
937.28	22117.09
938.43	22049.90
939.57	22342.67
940.72	22477.05
941.86	22523.14
943.00	22451.44
944.15	22298.12
945.29	22391.80
946.43	22383.49
947.57	22438.68
948.72	22781.97
949.86	22889.45
951.00	22953.86
952.14	22954.75
953.28	22971.52
954.42	23147.27
955.56	23200.43
956.70	23512.63
957.17	23903.79
958.32	24368.18
959.47	24578.56
960.63	24618.01
961.78	24680.00
962.93	25063.95
964.08	24905.38
965.23	25107.12
966.38	25329.22
967.53	24911.46
968.68	24881.19
969.83	24877.95
970.98	24820.59
972.12	24722.61
973.27	24419.28
974.42	24391.11
975.57	23888.94
976.71	23889.98
977.86	23473.26
979.01	23526.16
980.16	23339.60
981.30	23241.09
982.45	23009.17
983.59	23206.69
984.74	23417.87
985.89	23088.58
987.03	23451.41
988.18	23558.70
989.32	23727.15
990.46	23542.51
991.61	23733.68
992.75	23573.87
993.90	23771.93
995.04	23834.13
996.18	24138.87
997.32	24053.82
998.47	23980.06
999.61	23985.66
1000.75	24322.48
1001.89	24178.39
1003.03	23959.33
1004.17	23867.30
1005.32	24036.37
1006.46	23962.48
1007.60	23874.93
1008.74	23616.91
1009.88	23829.26
1011.02	24018.98
1012.16	24092.81
1013.29	24150.75
1014.43	24001.70
1015.57	24041.44
1016.71	24165.42
1017.85	24305.39
1018.99	24174.44
1020.12	24275.76
1021.26	24251.81
1022.40	23931.62
1023.53	24017.00
1024.67	24360.03
1025.81	24306.44
1026.94	24537.94
1028.08	24539.12
1029.21	24369.15
1030.35	24283.55
1031.48	24111.16
1032.62	23945.53
1033.75	23832.37
1034.88	23570.64
1036.02	23816.11
1037.15	23629.68
1038.28	23518.62
1039.42	23521.84
1040.55	23412.99
1041.68	23031.82
1042.81	23179.10
1043.95	23189.11
1045.08	23226.60
1046.21	23314.48
1047.34	23310.78
1048.47	23359.77
1049.60	23021.51
1050.73	22960.43
1051.86	23071.28
1052.99	22845.07
1054.12	23052.28
1055.25	22635.54
1056.38	22773.94
1057.51	22836.67
1058.64	22947.64
1059.76	22998.95
1060.89	23022.72
1062.02	22644.43
1063.15	22808.31
1064.27	22937.79
1065.40	22846.61
1066.53	22964.65
1067.65	23239.17
1068.78	22874.20
1069.90	23199.45
1071.03	23126.63
1072.16	22881.10
1073.28	23125.97
1074.41	22990.89
1075.53	23090.75
1076.65	22944.07
1077.78	22970.20
1078.90	22756.56
1080.02	22648.90
1081.15	22866.43
1082.27	22883.34
1083.39	22981.03
1084.51	23048.75
1085.64	23128.04
1086.76	22992.60
1087.88	23134.29
1089.00	23026.50
1090.12	23219.11
1091.24	23256.92
1092.36	23098.22
1093.48	23001.89
1094.60	23014.23
1095.72	23336.63
1096.84	23316.65
1097.96	23134.62
1099.08	23112.27
1100.20	23096.86
1101.32	23081.44
1102.44	23288.44
1103.55	23247.56
1104.67	23000.35
1105.79	23318.77
1106.91	23396.14
1108.02	23169.66
1109.14	23409.46
1110.25	23396.39
1111.37	23202.25
1112.49	23502.58
1113.60	23707.84
1114.72	23599.58
1115.83	23495.92
1116.95	23501.44
1118.06	23616.22
1119.17	23654.32
1120.29	23455.21
1121.40	23400.24
1122.52	23508.12
1123.63	23620.70
1124.74	23386.47
1125.85	23797.13
1126.97	23569.81
1128.08	24092.52
1129.19	23928.08
1130.30	23812.50
1131.41	23806.44
1132.52	23695.45
1133.64	23747.66
1134.75	23951.53
1135.86	23824.15
1136.97	23878.76
1138.08	23847.02
1139.19	24039.43
1140.29	23914.28
1141.40	24151.18
1142.51	24079.74
1143.62	23893.74
1144.73	23971.82
1145.84	24148.15
1146.94	24020.51
1148.05	23572.30
1149.16	23748.65
1150.27	24088.93
1151.37	24043.08
1152.48	24022.97
1153.58	23759.26
1154.69	23689.87
1155.80	24077.39
1156.90	23989.29
1158.01	24299.69
1159.11	24467.20
1160.21	24289.99
1161.32	24424.73
1162.42	24566.56
1163.53	24532.43
1164.63	24533.49
1165.73	24720.07
1166.84	24944.31
1167.94	24832.70
1169.04	24988.92
1170.14	25004.18
1171.25	25176.97
1172.35	24964.19
1173.45	25146.45
1174.55	25549.95
1175.65	25499.47
1176.75	25674.92
1177.85	26038.80
1178.95	26051.97
1180.05	25834.32
1181.15	25849.80
1182.25	25935.99
1183.35	25828.93
1184.45	25705.32
1185.55	26072.15
1186.65	26165.54
1187.74	26176.39
1188.84	26208.48
1189.94	26141.46
1191.04	26135.78
1192.13	26196.22
1193.23	26091.34
1194.33	26073.83
1195.42	26044.49
1196.52	26216.06
1197.61	25836.82
1198.71	26242.53
1199.80	26165.89
1200.90	26297.42
1202.00	25920.21
1203.09	26099.07
1204.18	25856.59
1205.28	26125.51
1206.37	26370.86
1207.46	25806.04
1208.56	26418.76
1209.65	26370.43
1210.74	25838.40
1211.84	26062.63
1212.93	26286.95
1214.02	26331.07
1215.11	25959.90
1216.20	26307.79
1217.29	26228.47
1218.38	26094.49
1219.47	26521.03
1220.57	26263.51
1221.66	26504.92
1222.75	26591.94
1223.83	26595.78
1224.92	27039.58
1226.01	27248.09
1227.10	26857.13
1228.19	27118.04
1229.28	27022.03
1230.37	27223.58
1231.46	27358.54
1232.54	27364.93
1233.63	27471.39
1234.72	27434.91
1235.80	27674.93
1236.89	27359.51
1237.98	27201.35
1239.06	27293.58
1240.15	27194.97
1241.23	27270.53
1242.32	27506.05
1243.40	27068.37
1244.49	27081.85
1245.57	26918.57
1246.66	27044.32
1247.74	26883.34
1248.83	26719.89
1249.91	26491.81
1250.99	26447.77
1252.08	26470.68
1253.16	26366.79
1254.24	26564.39
1255.32	26831.50
1256.40	26761.14
1257.49	27009.26
1258.57	26910.15
1259.65	26832.56
1260.73	27107.23
1261.81	26950.54
1262.89	27345.24
1263.97	27473.91
1265.05	27722.59
1266.13	28012.16
1267.21	28131.48
1268.29	28514.90
1269.37	28989.73
1270.45	28955.65
1271.53	29161.76
1272.60	29110.88
1273.68	29425.27
1274.76	29232.60
1275.84	28967.70
1276.92	28916.72
1277.99	28800.77
1279.07	28651.07
1280.14	28294.33
1281.22	28247.95
1282.30	27931.88
1283.37	28140.66
1284.45	27964.13
1285.52	28317.58
1286.60	28275.96
1287.67	28287.34
1288.75	28484.38
1289.82	28606.76
1290.90	28437.30
1291.97	28685.18
1293.04	28824.57
1294.12	28828.84
1295.19	28920.03
1296.26	29250.35
1297.33	29187.08
1298.41	29657.74
1299.48	29744.37
1300.55	29533.71
1301.62	29576.82
1302.69	29723.94
1303.76	29537.32
1304.83	29282.86
1305.91	29742.19
1306.98	29514.28
1308.04	29424.26
1309.12	29426.23
1310.18	29149.64
1311.25	29667.60
1312.32	29642.96
1313.39	29991.60
1314.46	29906.41
1315.53	30337.71
1316.60	30480.57
1317.66	30827.28
1318.73	30671.82
1319.80	30630.36
1320.87	30749.12
1321.93	30836.37
1323.00	30899.36
1324.07	30284.53
1325.13	30451.91
1326.20	30356.85
1327.26	30157.21
1328.33	30032.85
1329.39	30572.47
1330.46	30903.11
1331.52	31365.30
1332.59	31518.58
1333.65	31766.88
1334.71	32229.58
1335.78	32522.00
1336.84	33119.08
1337.90	33112.09
1338.97	33141.66
1340.03	33649.09
1341.09	33539.79
1342.15	33035.30
1343.22	32884.33
1344.28	32955.35
1345.34	32616.34
1346.40	32369.95
1347.46	32191.81
1348.52	31815.75
1349.58	31710.69
1350.64	31229.26
1351.70	30845.38
1352.76	30735.13
1353.82	30695.73
1354.88	30350.58
1355.94	30081.12
1357.00	30075.79
1358.06	29752.29
1359.12	29778.70
1360.17	29954.50
1361.23	29378.46
1362.29	29588.54
1363.35	29739.90
1364.40	29758.98
1365.46	29937.41
1366.52	29976.16
1367.57	29723.06
1368.63	30431.48
1369.68	30497.34
1370.74	30283.45
1371.79	30732.26
1372.85	30839.98
1373.90	30709.51
1374.96	30524.93
1376.01	31097.06
1377.07	30897.73
1378.12	30848.27
1379.17	30439.79
1380.23	30306.58
1381.28	30010.94
1382.33	30027.65
1383.39	29293.74
1384.44	28729.35
1385.49	28674.37
1386.54	28333.68
1387.59	28051.95
1388.65	28262.86
1389.70	28116.52
1390.75	27901.09
1391.80	27535.17
1392.85	28266.49
1393.90	28161.94
1394.95	28580.40
1396.00	28843.57
1397.05	29477.11
1398.10	29165.34
1399.15	29394.25
1400.20	29561.50
1401.25	29365.65
1402.29	29330.34
1403.34	28746.27
1404.39	28639.10
1405.44	28205.45
1406.48	27974.43
1407.53	27750.71
1408.58	27348.73
1409.63	26872.31
1410.67	26806.63
1411.72	26666.63
1412.76	26509.22
1413.81	26153.56
1414.85	26228.89
1415.90	26244.76
1416.94	26473.84
1417.99	26120.31
1419.03	26411.47
1420.08	25941.16
1421.12	26413.54
1422.17	26431.95
1423.21	26785.49
1424.25	26853.64
1425.30	27038.55
1426.34	26826.08
1427.38	27078.15
1428.42	27529.15
1429.47	27326.58
1430.51	27474.50
1431.55	27739.37
1432.59	28158.58
1433.63	28137.59
1434.67	28581.96
1435.71	28673.07
1436.75	29072.94
1437.79	29286.22
1438.83	28974.01
1439.88	29252.13
1440.91	29261.24
1441.95	29382.52
1442.99	29252.04
1444.03	29388.32
1445.07	29756.63
1446.11	29688.51
1447.15	30087.00
1448.18	30048.87
1449.22	30205.44
1450.26	30536.88
1451.30	30408.90
1452.33	30857.95
1453.37	31147.27
1454.41	31056.82
1455.44	30691.34
1456.48	30715.76
1457.52	30717.69
1458.55	29871.56
1459.59	29940.85
1460.62	29602.22
1461.66	29448.67
1462.69	29377.69
1463.73	29066.24
1464.76	28889.92
1465.79	28821.25
1466.83	28572.11
1467.86	28816.67
1468.89	28527.30
1469.93	27841.56
1470.96	27908.02
1471.99	27746.20
1473.02	27644.52
1474.06	27477.54
1475.09	27187.46
1476.12	27346.74
1477.15	27448.33
1478.18	27125.38
1479.21	27490.80
1480.24	27300.92
1481.27	27053.13
1482.30	27431.36
1483.33	27611.05
1484.36	27187.05
1485.39	27311.41
1486.42	27335.15
1487.45	27243.09
1488.48	27319.70
1489.51	27368.63
1490.54	27349.56
1491.57	27264.98
1492.59	27104.75
1493.62	27347.76
1494.65	27169.82
1495.68	27370.08
1496.70	27711.69
1497.73	27652.28
1498.76	27910.82
1499.78	27730.27
1500.81	27547.11
1501.83	27735.08
1502.86	27880.19
1503.89	28083.47
1504.91	28104.90
1505.94	28136.45
1506.96	28557.33
1507.99	28022.57
1509.01	28256.45
1510.03	28047.71
1511.06	28276.63
1512.08	28434.79
1513.10	28438.59
1514.13	28412.01
1515.15	28124.55
1516.17	28206.81
1517.20	28403.12
1518.22	28427.18
1519.24	28038.06
1520.26	28358.69
1521.28	27933.88
1522.30	28135.41
1523.33	28205.09
1524.35	28244.35
1525.37	28230.31
1526.39	28043.63
1527.41	27816.24
1528.43	27629.38
1529.45	27887.02
1530.47	27938.95
1531.49	27604.57
1532.50	27920.84
1533.52	28102.49
1534.54	28062.94
1535.56	27949.60
1536.58	27983.78
1537.60	28005.25
1538.61	28080.18
1539.63	28246.81
1540.65	28242.88
1541.67	28516.59
1542.68	28359.84
1543.70	28424.73
1544.72	28382.59
1545.73	28518.89
1546.75	28726.65
1547.76	28679.44
1548.78	28708.74
1549.79	28569.63
1550.81	29004.74
1551.82	28319.31
1552.84	28483.88
1553.85	28283.29
1554.87	28437.70
1555.88	28242.12
1556.89	27992.78
1557.91	28177.89
1558.92	28204.56
1559.93	28241.47
1560.95	28344.90
1561.96	28596.77
1562.97	28613.30
1563.98	28256.13
1565.00	28067.78
1566.01	28926.71
1567.02	28730.73
1568.03	28550.03
1569.04	28243.69
1570.05	28534.40
1571.06	28597.08
1572.07	28585.42
1573.08	29084.13
1574.09	28887.87
1575.10	28914.74
1576.11	29128.98
1577.12	28842.74
1578.13	28936.37
1579.14	28940.15
1580.15	29105.77
1581.16	29089.03
1582.16	29026.03
1583.17	29189.19
1584.18	29000.20
1585.19	28744.27
1586.19	29000.06
1587.20	28970.40
1588.21	28750.31
1589.21	28383.41
1590.22	28430.82
1591.23	28200.15
1592.23	28329.95
1593.24	28552.54
1594.24	27847.65
1595.25	27974.87
1596.25	27924.28
1597.26	28159.85
1598.26	28073.17
1599.27	27749.15
1600.27	27628.79
1601.27	27929.01
1602.28	28048.68
1603.28	27644.33
1604.29	27487.68
1605.29	27648.65
1606.29	27758.02
1607.29	27616.80
1608.30	27881.27
1609.30	27538.37
1610.30	27376.31
1611.30	27509.01
1612.30	27044.22
1613.30	27148.43
1614.30	27032.72
1615.31	26577.87
1616.31	26461.98
1617.31	26289.06
1618.31	26413.93
1619.31	26404.14
1620.31	26298.46
1621.31	26221.25
1622.31	25985.86
1623.30	25874.83
1624.30	25919.36
1625.30	25450.28
1626.30	25582.95
1627.30	25674.15
1628.30	25324.11
1629.29	25459.43
1630.29	25135.16
1631.29	24886.07
1632.29	25094.11
1633.28	24670.80
1634.28	24652.76
1635.28	24390.34
1636.27	24153.80
1637.27	24200.66
1638.26	23976.98
1639.26	24003.00
1640.26	23698.50
1641.25	23828.58
1642.25	23745.22
1643.24	23302.44
1644.24	23450.75
1645.23	23210.93
1646.22	23174.26
1647.22	23114.11
1648.21	23012.23
1649.21	23074.57
1650.20	22816.14
1651.19	22448.03
1652.18	22580.74
1653.18	22815.29
1654.17	22462.59
1655.16	22556.22
1656.15	22130.19
1657.15	22012.20
1658.14	21836.68
1659.13	22139.30
1660.12	21976.80
1661.11	21782.85
1662.10	21646.35
1663.09	21653.63
1664.08	21289.44
1665.07	21605.41
1666.06	21303.86
1667.05	21135.68
1668.04	21169.04
1669.03	21218.12
1670.02	20965.99
1671.01	20918.10
1672.00	21153.22
1672.98	20696.45
1673.97	20758.59
1674.96	20676.52
1675.95	20484.26
1676.94	20832.33
1677.92	20700.37
1678.91	20507.98
1679.90	20722.40
1680.88	20264.74
1681.87	20413.54
1682.86	19908.33
1683.84	20225.27
1684.83	20329.47
1685.81	20147.22
1686.80	20214.64
1687.78	20179.54
1688.77	20410.06
1689.75	19917.24
1690.74	19982.03
1691.72	20136.34
1692.71	19977.45
1693.69	20034.39
1694.67	19730.56
1695.66	20006.11
1696.64	19978.78
1697.62	19951.44
1698.61	19889.82
1699.59	19762.27
1700.57	19842.97
1701.55	20047.67
1702.54	19833.01
1703.52	19808.23
1704.50	19712.18
1705.48	19742.80
1706.46	19807.75
1707.44	19561.11
1708.42	19586.42
1709.40	19656.66
1710.38	19541.95
1711.36	19427.19
1712.34	19658.70
1713.32	19097.03
1714.30	19064.08
1715.28	19420.00
1716.26	19336.83
1717.24	19309.20
1718.22	19225.97
1719.20	19079.16
1720.18	19223.59
1721.15	19156.18
1722.13	19176.16
1723.11	19045.11
1724.09	19017.37
1725.06	18729.80
1726.04	18967.14
1727.02	18875.71
1727.99	18725.88
1728.97	18363.71
1729.95	18882.48
1730.92	18506.92
1731.90	18364.84
1732.87	18557.30
1733.85	18428.44
1734.82	18286.25
1735.80	18454.89
1736.77	18190.38
1737.75	18252.74
1738.72	18448.07
1739.70	18257.85
1740.67	18139.37
1741.64	18151.21
1742.62	17976.77
1743.59	18119.01
1744.56	18011.05
1745.54	18185.31
1746.51	18149.22
1747.48	17982.58
1748.45	17901.13
1749.42	18011.54
1750.40	18082.02
1751.37	18221.85
1752.34	17991.03
1753.31	18013.52
1754.28	17838.59
1755.25	17925.11
1756.22	17982.29
1757.19	18034.17
1758.16	17781.65
1759.13	17518.33
1760.10	17719.74
1761.07	17702.12
1762.04	17839.51
1763.01	17538.55
1763.98	17424.63
1764.95	17695.75
1765.92	17640.66
1766.89	17518.66
1767.85	17206.60
1768.82	17440.44
1769.79	17345.08
1770.76	17587.07
1771.72	17266.73
1772.69	17270.39
1773.66	17319.59
1774.62	17229.46
1775.59	17359.10
1776.56	17207.27
1777.52	17302.09
1778.49	17289.66
1779.46	17424.78
1780.42	17321.13
1781.38	17112.77
1782.35	17124.45
1783.32	17060.94
1784.28	17008.15
1785.24	16955.34
1786.21	16961.62
1787.17	16924.89
1788.14	17277.90
1789.10	17085.29
1790.06	17123.87
1791.03	16909.63
1791.99	16958.94
1792.95	16838.75
1793.91	16812.70
1794.88	16797.41
1795.84	16701.34
1796.80	16691.40
1797.76	16942.74
1798.72	16741.56
1799.69	16718.15
1800.65	16988.52
1801.61	16919.32
1802.57	17211.41
1803.53	16589.34
1804.49	16959.71
1805.45	16860.76
1806.41	16840.03
1807.37	16643.84
1808.33	16776.95
1809.29	16766.98
1810.25	16811.04
1811.21	16847.00
1812.16	16961.35
1813.12	16513.57
1814.08	16773.87
1815.04	16377.23
1816.00	16651.13
1816.96	16730.38
1817.91	16668.98
1818.87	16688.73
1819.83	16462.18
1820.78	16546.87
1821.74	16585.56
1822.70	16507.80
1823.65	16500.44
1824.61	16406.38
1825.56	16428.81
1826.52	16426.85
1827.48	16601.12
1828.43	16482.58
1829.39	16496.91
1830.34	16486.82
1831.30	16313.91
1832.25	16567.04
1833.21	16356.07
1834.16	16617.47
1835.11	16615.54
1836.07	16328.38
1837.02	16206.84
1837.97	16126.00
1838.93	16172.89
1839.88	16244.26
1840.83	16606.63
1841.78	16106.95
1842.74	16333.42
1843.69	16320.53
1844.64	16405.61
1845.59	16373.68
1846.54	16162.03
1847.49	15865.87
1848.45	16171.56
1849.40	16256.69
1850.35	16243.76
1851.30	16312.60
1852.25	16215.16
1853.20	16041.34
1854.15	16055.62
1855.10	16129.92
1856.05	16026.91
1857.00	16041.19
1857.95	16017.27
1858.89	16135.31
1859.84	15898.40
1860.79	15970.03
1861.74	16006.17
1862.69	15799.13
1863.64	15758.73
1864.58	16021.74
1865.53	16068.85
1866.48	16061.29
1867.42	15985.35
1868.37	15602.94
1869.32	15915.45
1870.26	16011.86
1871.21	15996.06
1872.16	15840.61
1873.10	15808.33
1874.05	15734.96
1874.99	15576.61
1875.94	15889.56
1876.88	15777.78
1877.83	15630.30
1878.77	15842.00
1879.72	15760.30
1880.66	15917.25
1881.61	15555.64
1882.55	15687.91
1883.49	15946.51
1884.44	15601.15
1885.38	15758.23
1886.32	15687.37
1887.27	15668.69
1888.21	15770.92
1889.15	15625.81
1890.09	15898.51
1891.04	15772.62
1891.98	15756.68
1892.92	15625.20
1893.86	15700.02
1894.80	15422.61
1895.74	15657.08
1896.69	15679.64
1897.63	15520.47
1898.57	15581.57
1899.51	15455.36
1900.45	15367.68
1901.39	15555.57
1902.33	15525.76
1903.27	15575.90
1904.21	15444.04
1905.14	15361.78
1906.08	15433.99
1907.02	15497.94
1907.96	15578.49
1908.90	15493.42
1909.84	15366.90
1910.78	15372.89
1911.71	15215.90
1912.65	15243.97
1913.59	15330.08
1914.53	15372.01
1915.46	15259.12
1916.40	15348.06
1917.33	15271.07
1918.27	15224.49
1919.21	15363.28
1920.14	15302.86
1921.08	15275.63
1922.02	15240.08
1922.95	15356.83
1923.89	15193.86
1924.82	15269.10
1925.76	15244.60
1926.69	15051.01
1927.63	15142.89
1928.56	15148.85
1929.49	15274.08
1930.43	14897.24
1931.36	15075.18
1932.29	15192.15
1933.23	15139.83
1934.16	15104.14
1935.09	15087.89
1936.03	15146.62
1936.96	14910.88
1937.89	14969.60
1938.82	15089.49
1939.75	15089.89
1940.69	14890.08
1941.62	14959.97
1942.55	15096.65
1943.48	15030.27
1944.41	15116.92
1945.34	14994.85
1946.27	15050.91
1947.20	14761.69
1948.13	14990.41
1949.06	14935.07
1949.99	14879.70
1950.92	14891.20
1951.85	14724.30
1952.78	14797.11
1953.71	14733.30
1954.64	14870.30
1955.57	14890.18
1956.49	14725.88
1957.42	14689.92
1958.35	14737.69
1959.28	14721.25
1960.21	14760.67
1961.13	14853.18
1962.06	14873.08
1962.99	14789.58
1963.91	14739.59
1964.84	14622.48
1965.77	14580.83
1966.69	14544.75
1967.62	14816.40
1968.54	14455.76
1969.47	14461.61
1970.39	14652.23
1971.32	14644.13
1972.25	14809.66
1973.17	14571.89
1974.09	14588.98
1975.02	14477.17
1975.94	14533.49
1976.87	14617.87
1977.79	14620.96
1978.71	14472.59
1979.64	14486.88
1980.56	14301.95
1981.48	14602.47
1982.41	14498.89
1983.33	14409.30
1984.25	14645.45
1985.17	14463.16
1986.10	14412.84
1987.02	14325.97
1987.94	14317.77
1988.86	14388.27
1989.78	14219.80
1990.70	14065.31
1991.63	14214.58
1992.55	14397.67
1993.47	14138.99
1994.39	14150.44
1995.31	14240.72
1996.23	14288.80
1997.15	14063.68
1998.07	14455.45
1998.98	14528.97
1999.90	14142.92
