398.66	43896.73
399.93	43545.85
401.21	43005.57
402.48	42524.06
403.75	42746.62
405.03	42517.28
406.30	41972.16
407.57	41797.53
408.84	41802.11
410.11	41600.85
411.38	41809.23
412.65	41440.68
413.92	41320.77
415.19	41168.16
416.46	41341.95
417.73	41185.19
419.00	40789.50
420.27	41045.00
421.54	40589.86
422.81	41096.71
424.08	40751.70
425.34	40782.61
426.61	41075.20
427.88	40603.16
429.14	41339.70
430.41	41168.23
431.68	41405.94
432.94	40992.88
434.21	41484.54
435.47	41233.06
436.74	41059.31
438.00	41061.66
439.26	40744.33
440.53	41086.88
441.79	40556.16
443.06	40970.61
444.32	40605.76
445.58	40973.22
446.84	40899.62
448.11	41177.01
449.37	40696.87
450.63	40596.45
451.89	40339.85
453.15	40923.52
454.41	40440.80
455.67	40574.57
456.93	40685.78
458.19	40539.95
459.45	40517.48
460.71	40451.79
461.97	40161.72
463.23	40466.48
464.48	40242.17
465.74	40061.00
467.00	40153.75
468.26	39836.46
469.51	39702.46
470.77	39595.20
472.03	39459.02
473.28	39694.05
474.54	39421.65
475.79	39312.15
477.05	39572.09
478.30	39576.13
479.56	39264.19
480.81	39061.58
482.06	39309.30
483.32	39466.21
484.57	39104.32
485.82	39091.70
487.08	39337.60
488.33	39356.06
489.58	39254.51
490.83	39254.32
492.08	39194.10
493.34	39324.35
494.59	39042.49
495.84	39166.55
497.09	38911.46
498.34	38921.54
499.59	39033.21
500.84	39151.16
502.08	39051.38
503.33	39231.63
504.58	39200.29
505.83	39106.66
507.08	38880.11
508.33	39197.54
509.57	38848.34
510.82	39668.73
512.07	39421.30
513.31	39032.41
514.56	39564.41
515.80	39618.34
517.05	39738.86
518.29	39580.61
519.54	39553.41
520.78	39776.00
522.03	39763.39
523.27	39779.95
524.51	39256.94
525.76	39244.20
527.00	39631.63
528.24	39454.27
529.49	39641.75
530.73	39410.07
531.97	39975.25
533.21	40031.51
534.45	40678.51
535.69	41056.50
536.93	41610.08
538.17	41731.54
539.41	42743.12
540.65	42881.63
541.89	43379.74
543.13	43984.73
544.37	44462.43
545.61	44802.30
546.85	45680.07
548.08	46041.33
549.32	46032.22
550.56	46404.20
551.80	46899.93
553.03	47165.45
554.27	46714.47
555.51	46646.82
556.74	46669.28
557.98	45953.63
559.21	45376.05
560.45	45108.70
561.68	45006.98
562.92	44917.81
564.15	44738.32
565.38	44130.34
566.62	43956.86
567.85	43667.75
569.08	43466.75
570.31	43309.80
571.55	42547.23
572.78	41950.43
574.01	42104.32
575.24	41357.73
576.47	40945.40
577.70	40636.03
578.93	40478.10
580.16	40364.32
581.39	40225.21
582.62	39761.52
583.85	39889.86
585.08	40066.75
586.31	40100.32
587.54	40252.03
588.77	40576.80
589.99	40515.56
591.22	40317.09
592.45	40449.98
593.67	40048.67
594.90	40268.16
596.13	40620.86
597.35	40527.82
598.58	40743.35
599.80	40652.41
601.03	41024.56
602.25	40988.64
603.48	40813.04
604.70	40959.05
605.93	41005.63
607.15	41164.45
608.37	41128.50
609.59	41518.33
610.82	41842.66
612.04	42080.25
613.26	43146.84
614.48	43715.64
615.71	44144.73
616.93	45569.00
618.15	46754.17
619.37	48101.22
620.59	49671.84
621.81	51188.00
623.03	52702.77
624.25	54209.77
625.47	55033.22
626.68	55874.07
627.90	56387.90
629.12	55974.77
630.34	55603.98
631.56	54377.70
632.77	52946.50
633.99	51782.82
635.21	50062.86
636.42	49012.92
637.64	48158.45
638.86	47437.80
640.07	46674.17
641.29	46106.29
642.50	46177.82
643.72	46236.58
644.93	46732.70
646.15	46838.56
647.36	47228.34
648.57	47003.46
649.79	47094.51
651.00	46613.18
652.21	46445.66
653.42	46096.41
654.64	45958.61
655.85	45544.93
657.06	45635.73
658.27	45296.64
659.48	44950.96
660.69	45026.69
661.90	44849.87
663.11	44645.13
664.32	44675.86
665.53	44982.93
666.74	44940.91
667.95	45089.59
669.16	45253.35
670.37	45273.53
671.57	45411.67
672.78	45537.00
673.99	45999.27
675.20	46605.55
676.40	47143.43
677.61	48435.27
678.81	48701.07
680.02	49532.00
681.23	49497.35
682.43	49589.49
683.64	48376.70
684.84	47791.22
686.05	46549.43
687.25	45070.39
688.45	44419.12
689.66	43905.30
690.86	43281.42
692.06	42568.94
693.27	42355.86
694.47	42435.68
695.67	41774.20
696.87	41838.82
698.07	41832.32
699.28	41795.63
700.48	41594.96
701.68	41802.00
702.88	41970.29
704.08	42205.57
705.28	42460.39
706.48	42127.88
707.68	42343.92
708.87	42482.27
710.07	42774.13
711.27	42979.66
712.47	43243.67
713.67	44089.61
714.86	44295.59
716.06	45425.66
717.26	45928.58
718.46	46689.37
719.65	47944.25
720.85	49347.02
722.04	51181.59
723.24	53381.11
724.43	56242.78
725.63	60586.63
726.82	66526.48
728.02	75087.30
729.21	86121.30
730.41	100185.81
731.60	117610.78
732.79	136021.16
733.99	156132.14
735.18	174076.19
736.37	185286.70
737.56	186981.39
738.75	181012.00
739.95	166279.30
741.14	147402.94
742.33	128704.57
743.52	110826.24
744.71	96813.36
745.90	86529.39
747.09	77788.66
748.28	71703.06
749.47	67193.97
750.66	64179.70
751.84	61508.34
753.03	59646.70
754.22	58006.58
755.41	56372.21
756.60	55393.72
757.78	54375.49
758.97	53380.77
760.16	52250.21
761.34	50863.60
762.53	50644.91
763.71	49453.88
764.90	48795.48
766.08	48252.62
767.27	47344.38
768.46	47041.45
769.64	46287.77
770.82	45800.66
772.01	45144.80
773.19	44753.48
774.37	44915.91
775.56	44463.03
776.74	44660.51
777.92	44387.00
779.10	44545.11
780.29	44267.05
781.47	44124.80
782.65	43815.79
783.83	44254.68
785.01	43934.58
786.19	43829.41
787.37	43366.36
788.55	42878.92
789.73	42160.64
790.91	42254.83
792.09	41538.25
793.27	41410.34
794.45	41242.81
795.62	41218.12
796.80	41239.60
797.98	40904.69
799.16	40684.04
800.33	41361.30
801.51	40922.70
802.69	40728.31
803.86	40575.67
805.04	40845.96
806.21	40904.82
807.39	40976.93
808.56	41386.39
809.74	41205.04
810.91	41460.33
812.09	40789.12
813.26	41104.01
814.43	40655.32
815.61	40665.64
816.78	40393.29
817.95	40695.12
819.13	40924.18
820.30	40855.00
821.47	41119.56
822.64	40698.84
823.81	40773.29
824.99	40779.20
826.16	40858.13
827.33	40879.55
828.50	40672.96
829.67	40754.13
830.84	40706.86
832.01	41142.49
833.18	41075.35
834.34	40802.06
835.51	40978.64
836.68	41108.74
837.85	41316.52
839.02	41204.96
840.18	41510.48
841.35	41498.77
842.52	41467.07
843.69	41071.20
844.85	41412.50
846.02	41798.38
847.18	41784.48
848.35	41703.89
849.52	41592.14
850.68	41647.10
851.84	41526.38
853.01	41868.32
854.17	41671.92
855.34	41778.13
856.50	42031.30
857.67	41456.25
858.83	41682.74
859.99	41760.06
861.15	41734.92
862.32	41839.04
863.48	41885.23
864.64	41730.75
865.80	41821.54
866.96	41977.06
868.12	42264.32
869.28	42096.37
870.44	42214.10
871.60	42242.57
872.76	42367.08
873.92	42172.17
875.08	42647.56
876.24	42213.45
877.40	42503.50
878.56	42554.41
879.72	42412.97
880.88	42356.48
882.03	42705.00
883.19	42787.32
884.35	42578.63
885.50	41937.63
886.66	42449.87
887.82	42456.01
888.97	42437.50
890.13	42141.04
891.28	41981.19
892.44	41919.94
893.59	41708.36
894.75	41855.66
895.90	41688.84
897.06	41982.10
898.21	41853.39
899.37	41715.64
900.52	42274.14
901.67	42037.56
902.82	42068.29
903.98	42031.59
905.13	42266.91
906.28	42088.55
907.43	42803.11
908.58	42969.02
909.74	43281.29
910.89	43541.92
912.04	43651.82
913.19	43651.42
914.34	43995.65
915.49	44468.46
916.64	44283.44
917.79	44842.19
918.94	44875.86
920.08	45459.80
921.23	45581.59
922.38	45786.92
923.53	45953.97
924.68	45994.69
925.82	45741.91
926.97	45902.27
928.12	45798.43
929.26	45653.86
930.41	45353.28
931.56	45726.16
932.70	45411.89
933.85	45049.97
934.99	45126.71
936.14	44741.92
937.28	44816.35
938.43	44942.87
939.57	44813.60
940.72	44743.14
941.86	45130.22
943.00	44892.13
944.15	44808.04
945.29	45249.78
946.43	45378.84
947.57	45816.38
948.72	45900.26
949.86	46601.30
951.00	46941.84
952.14	47107.73
953.28	47696.01
954.42	48339.05
955.56	49400.35
956.70	50482.58
957.17	52030.66
958.32	53115.61
959.47	54225.81
960.63	56002.61
961.78	56688.59
962.93	57924.21
964.08	58797.86
965.23	59721.47
966.38	60415.71
967.53	60483.82
968.68	60966.69
969.83	61016.93
970.98	60379.41
972.12	59412.30
973.27	58871.13
974.42	57903.21
975.57	56038.79
976.71	54963.65
977.86	54136.41
979.01	53376.55
980.16	52022.16
981.30	51354.10
982.45	50663.12
983.59	50007.99
984.74	49549.29
985.89	49450.00
987.03	49201.35
988.18	48631.25
989.32	48642.58
990.46	48762.59
991.61	48373.14
992.75	48436.51
993.90	48776.30
995.04	48552.01
996.18	48465.87
997.32	49016.74
998.47	49062.19
999.61	49295.91
1000.75	49107.77
1001.89	49557.19
1003.03	49543.79
1004.17	49421.41
1005.32	49335.30
1006.46	49555.78
1007.60	49699.12
1008.74	49897.06
1009.88	50061.00
1011.02	50022.68
1012.16	50495.98
1013.29	50341.75
1014.43	50606.04
1015.57	50877.28
1016.71	50845.93
1017.85	51080.93
1018.99	50735.35
1020.12	50808.71
1021.26	50695.29
1022.40	51274.56
1023.53	51275.16
1024.67	50831.19
1025.81	50979.90
1026.94	51197.11
1028.08	50711.74
1029.21	50892.47
1030.35	50596.25
1031.48	50464.26
1032.62	50423.55
1033.75	50211.51
1034.88	49780.05
1036.02	49832.84
1037.15	49284.51
1038.28	49703.00
1039.42	48767.92
1040.55	48966.90
1041.68	48575.71
1042.81	48719.82
1043.95	48023.95
1045.08	47996.29
1046.21	47831.21
1047.34	47833.25
1048.47	47665.76
1049.60	47191.11
1050.73	47259.48
1051.86	46857.88
1052.99	47144.05
1054.12	47008.30
1055.25	46753.19
1056.38	46791.69
1057.51	46765.94
1058.64	46912.36
1059.76	47201.24
1060.89	47000.98
1062.02	47034.99
1063.15	47328.68
1064.27	47429.43
1065.40	47771.64
1066.53	47534.48
1067.65	47442.13
1068.78	47862.79
1069.90	48147.88
1071.03	48251.25
1072.16	47933.34
1073.28	48096.58
1074.41	48338.22
1075.53	47886.46
1076.65	48206.51
1077.78	48109.49
1078.90	48392.85
1080.02	48053.67
1081.15	48254.11
1082.27	48078.55
1083.39	47914.45
1084.51	47958.01
1085.64	47846.90
1086.76	47920.49
1087.88	48079.59
1089.00	47698.09
1090.12	47764.76
1091.24	47683.51
1092.36	47375.64
1093.48	47449.21
1094.60	47705.55
1095.72	47168.39
1096.84	47524.31
1097.96	47341.02
1099.08	47157.65
1100.20	46955.66
1101.32	47121.90
1102.44	47190.89
1103.55	47531.07
1104.67	46990.53
1105.79	47265.89
1106.91	47297.87
1108.02	47436.57
1109.14	47559.09
1110.25	47742.00
1111.37	47470.01
1112.49	47648.34
1113.60	47555.03
1114.72	47584.79
1115.83	47763.26
1116.95	47667.57
1118.06	47862.42
1119.17	48213.15
1120.29	48098.88
1121.40	48312.57
1122.52	48870.73
1123.63	48602.93
1124.74	48383.88
1125.85	48949.43
1126.97	49028.47
1128.08	49885.63
1129.19	49990.55
1130.30	50302.95
1131.41	50557.22
1132.52	50853.57
1133.64	51630.52
1134.75	52536.14
1135.86	52420.14
1136.97	52787.21
1138.08	53261.85
1139.19	53748.38
1140.29	54221.12
1141.40	54338.98
1142.51	54940.59
1143.62	54254.66
1144.73	54629.76
1145.84	54696.38
1146.94	54720.91
1148.05	54130.19
1149.16	53665.54
1150.27	53088.33
1151.37	52768.36
1152.48	52029.08
1153.58	51945.27
1154.69	51592.00
1155.80	51641.61
1156.90	51538.88
1158.01	51480.65
1159.11	51518.53
1160.21	51615.06
1161.32	51394.92
1162.42	51618.18
1163.53	52261.68
1164.63	52252.82
1165.73	52434.16
1166.84	52270.30
1167.94	53248.16
1169.04	53408.70
1170.14	53811.41
1171.25	54308.34
1172.35	54767.89
1173.45	55559.29
1174.55	55661.72
1175.65	56752.55
1176.75	57599.11
1177.85	58768.59
1178.95	59210.96
1180.05	60225.91
1181.15	61184.78
1182.25	61159.07
1183.35	62078.53
1184.45	62772.09
1185.55	62991.97
1186.65	64094.12
1187.74	63941.64
1188.84	64497.04
1189.94	64597.13
1191.04	64838.93
1192.13	65083.19
1193.23	65285.05
1194.33	64865.63
1195.42	64682.32
1196.52	64331.10
1197.61	64071.92
1198.71	63909.57
1199.80	63520.06
1200.90	63165.85
1202.00	62880.11
1203.09	62440.36
1204.18	62073.80
1205.28	62228.06
1206.37	61633.87
1207.46	60880.66
1208.56	60961.27
1209.65	61108.28
1210.74	61117.84
1211.84	61286.30
1212.93	61414.50
1214.02	62019.65
1215.11	61303.23
1216.20	61766.21
1217.29	62616.40
1218.38	63210.50
1219.47	63650.48
1220.57	63921.97
1221.66	64647.49
1222.75	64997.77
1223.83	65925.97
1224.92	66295.73
1226.01	66432.54
1227.10	66807.34
1228.19	67306.05
1229.28	67217.05
1230.37	67263.71
1231.46	67005.56
1232.54	66621.03
1233.63	66024.27
1234.72	65708.43
1235.80	65842.97
1236.89	64356.25
1237.98	63789.39
1239.06	63849.60
1240.15	63225.08
1241.23	62719.58
1242.32	62061.07
1243.40	61576.55
1244.49	61461.96
1245.57	60740.57
1246.66	60797.75
1247.74	60463.02
1248.83	59513.79
1249.91	58982.54
1250.99	58400.80
1252.08	58443.13
1253.16	58289.27
1254.24	58642.69
1255.32	58876.59
1256.40	58562.29
1257.49	58942.36
1258.57	59245.93
1259.65	59451.42
1260.73	60174.64
1261.81	61113.94
1262.89	61715.60
1263.97	62739.62
1265.05	64380.59
1266.13	65916.76
1267.21	67364.84
1268.29	69075.23
1269.37	70762.41
1270.45	73185.24
1271.53	74963.02
1272.60	75456.20
1273.68	76341.32
1274.76	76801.38
1275.84	76759.13
1276.92	76442.69
1277.99	75296.21
1279.07	74781.98
1280.14	73706.77
1281.22	73533.73
1282.30	72315.66
1283.37	71836.36
1284.45	71176.16
1285.52	71758.91
1286.60	72055.13
1287.67	71823.58
1288.75	72602.15
1289.82	73586.06
1290.90	73897.43
1291.97	74990.67
1293.04	75411.09
1294.12	75655.49
1295.19	77517.66
1296.26	78182.86
1297.33	79362.88
1298.41	80168.93
1299.48	79537.43
1300.55	79630.80
1301.62	79845.09
1302.69	79762.03
1303.76	80056.27
1304.83	79467.52
1305.91	79202.79
1306.98	78441.70
1308.04	79302.42
1309.12	78896.98
1310.18	78091.67
1311.25	78296.30
1312.32	78629.47
1313.39	78228.32
1314.46	78394.31
1315.53	78089.91
1316.60	78464.54
1317.66	78409.89
1318.73	78534.80
1319.80	78268.95
1320.87	78799.33
1321.93	78700.97
1323.00	78495.69
1324.07	78834.52
1325.13	78896.48
1326.20	79002.20
1327.26	79686.60
1328.33	80760.41
1329.39	81751.99
1330.46	83347.40
1331.52	84775.63
1332.59	86077.93
1333.65	87558.55
1334.71	89918.95
1335.78	90699.64
1336.84	92667.16
1337.90	94252.98
1338.97	95342.30
1340.03	96034.71
1341.09	96149.50
1342.15	97061.92
1343.22	96654.90
1344.28	96611.27
1345.34	95283.75
1346.40	94360.88
1347.46	94189.69
1348.52	92911.96
1349.58	91631.20
1350.64	89741.38
1351.70	88278.41
1352.76	87108.12
1353.82	84690.19
1354.88	83978.35
1355.94	81920.64
1357.00	81308.15
1358.06	80761.45
1359.12	81125.18
1360.17	80597.76
1361.23	80954.26
1362.29	81413.80
1363.35	82194.55
1364.40	82473.21
1365.46	82903.98
1366.52	84568.31
1367.57	85041.45
1368.63	85166.43
1369.68	86233.70
1370.74	86717.33
1371.79	87552.21
1372.85	87589.46
1373.90	88442.11
1374.96	89066.67
1376.01	89979.00
1377.07	89788.24
1378.12	89877.63
1379.17	89797.39
1380.23	89267.05
1381.28	88620.84
1382.33	87895.59
1383.39	86082.21
1384.44	84309.85
1385.49	82507.13
1386.54	80932.60
1387.59	79401.69
1388.65	77638.46
1389.70	76874.98
1390.75	75344.53
1391.80	75334.62
1392.85	75632.95
1393.90	76913.16
1394.95	77858.38
1396.00	79608.55
1397.05	81334.80
1398.10	83222.33
1399.15	84903.27
1400.20	85458.63
1401.25	85584.34
1402.29	86283.42
1403.34	85840.88
1404.39	84273.21
1405.44	81846.75
1406.48	79411.75
1407.53	76547.64
1408.58	74006.38
1409.63	71139.71
1410.67	68959.98
1411.72	67242.30
1412.76	65276.15
1413.81	63888.80
1414.85	62904.73
1415.90	61885.49
1416.94	61433.50
1417.99	61100.31
1419.03	60801.68
1420.08	60547.57
1421.12	60608.47
1422.17	60994.51
1423.21	61120.07
1424.25	61705.03
1425.30	62260.44
1426.34	62577.63
1427.38	63573.28
1428.42	64547.00
1429.47	65225.35
1430.51	65918.91
1431.55	67259.39
1432.59	68642.76
1433.63	70096.41
1434.67	71155.02
1435.71	72789.12
1436.75	73955.86
1437.79	75160.48
1438.83	76868.80
1439.88	78632.70
1440.91	80070.94
1441.95	81033.73
1442.99	82500.57
1444.03	83958.09
1445.07	86640.95
1446.11	88948.28
1447.15	90303.41
1448.18	92567.67
1449.22	94730.59
1450.26	97201.63
1451.30	98392.46
1452.33	99219.09
1453.37	100250.98
1454.41	99953.68
1455.44	99136.25
1456.48	97870.86
1457.52	95489.43
1458.55	93034.38
1459.59	91519.01
1460.62	88113.40
1461.66	86012.96
1462.69	84019.23
1463.73	82973.77
1464.76	80790.57
1465.79	79560.98
1466.83	77265.75
1467.86	75909.48
1468.89	74296.84
1469.93	72565.62
1470.96	72065.20
1471.99	70257.41
1473.02	69226.74
1474.06	68644.90
1475.09	67658.58
1476.12	66880.24
1477.15	66704.36
1478.18	66530.91
1479.21	65671.36
1480.24	65532.77
1481.27	64778.19
1482.30	64943.59
1483.33	64183.49
1484.36	64394.10
1485.39	63744.24
1486.42	63544.59
1487.45	63010.04
1488.48	63409.39
1489.51	63121.37
1490.54	62671.99
1491.57	62227.45
1492.59	61772.61
1493.62	62013.30
1494.65	61444.74
1495.68	61642.58
1496.70	60945.03
1497.73	61604.54
1498.76	61651.11
1499.78	60927.84
1500.81	60812.68
1501.83	60952.53
1502.86	60559.48
1503.89	60638.68
1504.91	60864.48
1505.94	61095.43
1506.96	61210.18
1507.99	61241.53
1509.01	61467.64
1510.03	61623.01
1511.06	62001.11
1512.08	62503.39
1513.10	62610.98
1514.13	62457.81
1515.15	62955.44
1516.17	62906.13
1517.20	62707.30
1518.22	62396.86
1519.24	62633.81
1520.26	62680.70
1521.28	62638.84
1522.30	63051.01
1523.33	62940.70
1524.35	62571.50
1525.37	63024.52
1526.39	62109.32
1527.41	62537.02
1528.43	62317.23
1529.45	62328.53
1530.47	62060.30
1531.49	61736.04
1532.50	61828.54
1533.52	62333.00
1534.54	62646.93
1535.56	62526.00
1536.58	63158.15
1537.60	63851.66
1538.61	64352.01
1539.63	64641.25
1540.65	66537.57
1541.67	67578.84
1542.68	68872.81
1543.70	70029.73
1544.72	71503.22
1545.73	72633.18
1546.75	73801.88
1547.76	74611.44
1548.78	75967.31
1549.79	76058.10
1550.81	75738.00
1551.82	74452.75
1552.84	74305.77
1553.85	73571.30
1554.87	72404.76
1555.88	70931.09
1556.89	69423.52
1557.91	68919.91
1558.92	67066.06
1559.93	66065.55
1560.95	65166.92
1561.96	64539.09
1562.97	63995.43
1563.98	63799.64
1565.00	63455.26
1566.01	63039.02
1567.02	62919.70
1568.03	63638.08
1569.04	63475.27
1570.05	62892.05
1571.06	63298.11
1572.07	63694.10
1573.08	63305.44
1574.09	63293.70
1575.10	63358.93
1576.11	63087.97
1577.12	63145.47
1578.13	63074.61
1579.14	62495.22
1580.15	62460.14
1581.16	62080.75
1582.16	61446.78
1583.17	61285.48
1584.18	60640.76
1585.19	60157.75
1586.19	59643.67
1587.20	59355.75
1588.21	59654.38
1589.21	58782.07
1590.22	58967.43
1591.23	58081.71
1592.23	57759.62
1593.24	57470.87
1594.24	57233.52
1595.25	57323.36
1596.25	56627.02
1597.26	56420.26
1598.26	56876.15
1599.27	56664.18
1600.27	56552.73
1601.27	56557.34
1602.28	56192.86
1603.28	55799.82
1604.29	55972.10
1605.29	55762.20
1606.29	55660.71
1607.29	55507.48
1608.30	55956.38
1609.30	55461.91
1610.30	55678.27
1611.30	55170.59
1612.30	55216.25
1613.30	54829.84
1614.30	55421.47
1615.31	54856.33
1616.31	55321.35
1617.31	55064.09
1618.31	54985.42
1619.31	55279.77
1620.31	55475.79
1621.31	55236.45
1622.31	55694.36
1623.30	55473.11
1624.30	54901.63
1625.30	54514.09
1626.30	54826.91
1627.30	54895.92
1628.30	54453.59
1629.29	54335.61
1630.29	54261.71
1631.29	54003.36
1632.29	54311.26
1633.28	53405.75
1634.28	53817.61
1635.28	53163.76
1636.27	52878.87
1637.27	52755.09
1638.26	52285.27
1639.26	52218.55
1640.26	51600.06
1641.25	51327.51
1642.25	51114.71
1643.24	50420.05
1644.24	50774.80
1645.23	50204.80
1646.22	50192.22
1647.22	50132.71
1648.21	49689.93
1649.21	49001.85
1650.20	48735.98
1651.19	47854.34
1652.18	47562.01
1653.18	48216.93
1654.17	47392.02
1655.16	47109.83
1656.15	46858.86
1657.15	46427.53
1658.14	46043.05
1659.13	45457.17
1660.12	44891.95
1661.11	44987.91
1662.10	45013.31
1663.09	44188.68
1664.08	44122.35
1665.07	43611.16
1666.06	43387.63
1667.05	43509.55
1668.04	42866.97
1669.03	42726.93
1670.02	42715.18
1671.01	42467.63
1672.00	42151.82
1672.98	42121.58
1673.97	41774.10
1674.96	41363.53
1675.95	41527.18
1676.94	41829.94
1677.92	41138.34
1678.91	41139.32
1679.90	41200.66
1680.88	40865.57
1681.87	40632.74
1682.86	40431.33
1683.84	40198.30
1684.83	40241.11
1685.81	40573.05
1686.80	39942.91
1687.78	39988.30
1688.77	40115.25
1689.75	39708.20
1690.74	39548.32
1691.72	39464.70
1692.71	39186.23
1693.69	39260.46
1694.67	39627.04
1695.66	39717.20
1696.64	39522.84
1697.62	39357.39
1698.61	39576.69
1699.59	39208.17
1700.57	39148.01
1701.55	39277.72
1702.54	39003.86
1703.52	38571.56
1704.50	39044.32
1705.48	38973.48
1706.46	38414.15
1707.44	38432.94
1708.42	38565.31
1709.40	38589.41
1710.38	38346.62
1711.36	38529.27
1712.34	38328.65
1713.32	38043.33
1714.30	37601.84
1715.28	37929.97
1716.26	37760.79
1717.24	37035.77
1718.22	37318.98
1719.20	37628.78
1720.18	37279.30
1721.15	37493.87
1722.13	36855.43
1723.11	37022.29
1724.09	37210.43
1725.06	37189.20
1726.04	36918.71
1727.02	36905.37
1727.99	36507.37
1728.97	36703.54
1729.95	36509.67
1730.92	36525.41
1731.90	36209.29
1732.87	36139.99
1733.85	36535.49
1734.82	36344.02
1735.80	36370.36
1736.77	36013.98
1737.75	35939.23
1738.72	35936.25
1739.70	35861.45
1740.67	35996.77
1741.64	35623.96
1742.62	35583.63
1743.59	35625.80
1744.56	35723.91
1745.54	35577.05
1746.51	35589.95
1747.48	35536.24
1748.45	35434.54
1749.42	35178.22
1750.40	35430.95
1751.37	35430.48
1752.34	35744.70
1753.31	35221.46
1754.28	35092.88
1755.25	35041.62
1756.22	34758.12
1757.19	35248.72
1758.16	34762.20
1759.13	34790.95
1760.10	34977.32
1761.07	35137.04
1762.04	34917.33
1763.01	34764.35
1763.98	34817.18
1764.95	34399.35
1765.92	34085.66
1766.89	34526.31
1767.85	34284.76
1768.82	34447.27
1769.79	34224.34
1770.76	34116.45
1771.72	34115.65
1772.69	34015.72
1773.66	34103.31
1774.62	33837.18
1775.59	34192.82
1776.56	34242.95
1777.52	34110.76
1778.49	33994.60
1779.46	33875.70
1780.42	33780.91
1781.38	33755.85
1782.35	33894.54
1783.32	33625.14
1784.28	33618.83
1785.24	34106.78
1786.21	33651.87
1787.17	33336.50
1788.14	33195.72
1789.10	33399.00
1790.06	33088.75
1791.03	33187.20
1791.99	33414.80
1792.95	33177.01
1793.91	32976.79
1794.88	33016.06
1795.84	33243.82
1796.80	32976.16
1797.76	32872.69
1798.72	33049.36
1799.69	32956.64
1800.65	32982.47
1801.61	32989.43
1802.57	33268.74
1803.53	33216.43
1804.49	32924.01
1805.45	33038.89
1806.41	32525.01
1807.37	32739.72
1808.33	32452.35
1809.29	32983.08
1810.25	32719.94
1811.21	32824.10
1812.16	32593.24
1813.12	32919.03
1814.08	32696.20
1815.04	32730.13
1816.00	32466.59
1816.96	32760.17
1817.91	32704.85
1818.87	32470.90
1819.83	32813.38
1820.78	32281.55
1821.74	32483.32
1822.70	32576.84
1823.65	32776.04
1824.61	32235.62
1825.56	32318.29
1826.52	32287.16
1827.48	32315.65
1828.43	32265.51
1829.39	32356.39
1830.34	32002.38
1831.30	32394.45
1832.25	32474.56
1833.21	32367.38
1834.16	31928.89
1835.11	32112.15
1836.07	32558.97
1837.02	32245.22
1837.97	31947.64
1838.93	32063.10
1839.88	32145.97
1840.83	31777.48
1841.78	31860.32
1842.74	31896.96
1843.69	31982.58
1844.64	31891.34
1845.59	31816.38
1846.54	31825.80
1847.49	31941.43
1848.45	32084.35
1849.40	31619.77
1850.35	31735.43
1851.30	32156.39
1852.25	31732.43
1853.20	31889.07
1854.15	31702.14
1855.10	31509.68
1856.05	31636.36
1857.00	31637.56
1857.95	31821.64
1858.89	31380.58
1859.84	31570.14
1860.79	31085.15
1861.74	31184.57
1862.69	31488.97
1863.64	31266.02
1864.58	31406.54
1865.53	31352.99
1866.48	31477.18
1867.42	31095.38
1868.37	31372.78
1869.32	31231.61
1870.26	31191.64
1871.21	31206.42
1872.16	31084.28
1873.10	30962.10
1874.05	31001.48
1874.99	30871.00
1875.94	31162.51
1876.88	31048.45
1877.83	30821.94
1878.77	30960.04
1879.72	30848.61
1880.66	31005.99
1881.61	30900.00
1882.55	30851.61
1883.49	30627.50
1884.44	31040.31
1885.38	30720.03
1886.32	30553.43
1887.27	30482.93
1888.21	30580.02
1889.15	30388.55
1890.09	30592.88
1891.04	30522.32
1891.98	30462.73
1892.92	30158.28
1893.86	30296.70
1894.80	30234.27
1895.74	30193.83
1896.69	30428.70
1897.63	30677.43
1898.57	30262.46
1899.51	30695.84
1900.45	30189.77
1901.39	30107.92
1902.33	30081.17
1903.27	30263.96
1904.21	30358.58
1905.14	30450.47
1906.08	30026.47
1907.02	29922.40
1907.96	29655.44
1908.90	29970.88
1909.84	29759.04
1910.78	29972.44
1911.71	29589.23
1912.65	29968.47
1913.59	29869.76
1914.53	29776.53
1915.46	29813.21
1916.40	29985.41
1917.33	29709.58
1918.27	29771.17
1919.21	29771.90
1920.14	30002.35
1921.08	30052.96
1922.02	29815.62
1922.95	29520.02
1923.89	29567.78
1924.82	29576.78
1925.76	29544.20
1926.69	29253.84
1927.63	29578.82
1928.56	29460.27
1929.49	29305.60
1930.43	29608.61
1931.36	29639.81
1932.29	29382.40
1933.23	29549.59
1934.16	29422.54
1935.09	29625.91
1936.03	29276.61
1936.96	29466.14
1937.89	29266.71
1938.82	29206.18
1939.75	29003.83
1940.69	29363.07
1941.62	28824.15
1942.55	29250.27
1943.48	29153.49
1944.41	29193.03
1945.34	28915.26
1946.27	29066.13
1947.20	28821.64
1948.13	29153.60
1949.06	28636.00
1949.99	28853.81
1950.92	29358.78
1951.85	28721.02
1952.78	28699.20
1953.71	28540.71
1954.64	28708.52
1955.57	28907.09
1956.49	28567.16
1957.42	28450.38
1958.35	28528.96
1959.28	28861.69
1960.21	28490.74
1961.13	28340.32
1962.06	28801.74
1962.99	28475.25
1963.91	28523.20
1964.84	28523.63
1965.77	28236.03
1966.69	28418.21
1967.62	28496.95
1968.54	28340.68
1969.47	28360.66
1970.39	28291.07
1971.32	28647.05
1972.25	28336.64
1973.17	27992.48
1974.09	28250.56
1975.02	27934.26
1975.94	27912.14
1976.87	28260.08
1977.79	28120.25
1978.71	28269.24
1979.64	28045.18
1980.56	27944.49
1981.48	28455.59
1982.41	27922.64
1983.33	28344.10
1984.25	28375.38
1985.17	28221.28
1986.10	27845.17
1987.02	27662.79
1987.94	28053.72
1988.86	27964.08
1989.78	27843.47
1990.70	27554.06
1991.63	27714.63
1992.55	27664.23
1993.47	27903.68
1994.39	27605.60
1995.31	27816.98
1996.23	27558.17
1997.15	27589.38
1998.07	27648.76
1998.98	27581.37
1999.90	27147.41
