398.66	40926.27
399.93	41077.11
401.21	41095.77
402.48	41120.55
403.75	41029.31
405.03	41039.84
406.30	40936.31
407.57	41009.96
408.84	41152.92
410.11	41077.88
411.38	41518.55
412.65	41141.79
413.92	41756.03
415.19	41387.31
416.46	41316.31
417.73	41488.15
419.00	41351.82
420.27	41683.02
421.54	41181.07
422.81	41177.36
424.08	41251.28
425.34	41104.50
426.61	41037.38
427.88	40902.75
429.14	41025.77
430.41	40643.52
431.68	40717.41
432.94	40349.23
434.21	40091.42
435.47	39743.39
436.74	39940.04
438.00	39806.92
439.26	39647.10
440.53	39427.75
441.79	39034.02
443.06	39199.97
444.32	38847.02
445.58	38660.10
446.84	38247.33
448.11	38400.93
449.37	37889.34
450.63	37872.46
451.89	38017.86
453.15	37729.77
454.41	37336.73
455.67	37366.97
456.93	37259.46
458.19	37269.14
459.45	36935.26
460.71	36981.90
461.97	36773.34
463.23	36651.14
464.48	36638.02
465.74	36402.45
467.00	36632.36
468.26	36610.98
469.51	36484.47
470.77	36102.24
472.03	35913.68
473.28	35947.79
474.54	35455.80
475.79	35396.95
477.05	35530.04
478.30	35312.20
479.56	34964.14
480.81	34977.41
482.06	35230.36
483.32	35152.76
484.57	34713.36
485.82	34631.46
487.08	34748.07
488.33	34647.52
489.58	34722.80
490.83	34553.89
492.08	34730.62
493.34	34431.17
494.59	34612.09
495.84	34376.70
497.09	34528.68
498.34	34073.44
499.59	34287.62
500.84	34265.50
502.08	34067.05
503.33	33905.86
504.58	33854.57
505.83	33377.73
507.08	33598.28
508.33	33505.34
509.57	33759.25
510.82	33749.41
512.07	33500.57
513.31	33952.14
514.56	33938.17
515.80	33348.11
517.05	33872.78
518.29	33896.23
519.54	33647.05
520.78	33870.31
522.03	33668.90
523.27	33569.44
524.51	33828.25
525.76	33701.68
527.00	33921.05
528.24	33759.00
529.49	33947.20
530.73	34154.27
531.97	34277.98
533.21	34355.83
534.45	34682.12
535.69	34899.99
536.93	34955.08
538.17	34749.09
539.41	35050.70
540.65	35032.71
541.89	35232.12
543.13	35820.51
544.37	35993.00
545.61	36071.45
546.85	37323.75
548.08	38214.59
549.32	39256.57
550.56	41101.03
551.80	42864.70
553.03	44742.34
554.27	46780.14
555.51	48307.52
556.74	49493.93
557.98	50609.61
559.21	50842.79
560.45	50610.34
561.68	50461.72
562.92	49664.44
564.15	49158.59
565.38	47787.30
566.62	46908.96
567.85	45780.17
569.08	44955.55
570.31	43613.43
571.55	42981.31
572.78	41938.79
574.01	39991.23
575.24	39505.05
576.47	37869.53
577.70	37519.43
578.93	36665.91
580.16	35900.44
581.39	35669.68
582.62	35375.59
583.85	35330.05
585.08	35385.68
586.31	35856.74
587.54	35695.28
588.77	35932.46
589.99	36176.09
591.22	35997.70
592.45	36490.58
593.67	36320.61
594.90	36004.82
596.13	35885.35
597.35	35968.70
598.58	35878.76
599.80	35634.43
601.03	35197.52
602.25	34800.60
603.48	34695.46
604.70	34535.25
605.93	34106.12
607.15	33998.61
608.37	33666.55
609.59	33933.84
610.82	33779.60
612.04	33512.94
613.26	33663.79
614.48	34240.91
615.71	34415.32
616.93	34661.95
618.15	35184.56
619.37	35847.50
620.59	36616.91
621.81	37658.50
623.03	38314.02
624.25	39328.90
625.47	39949.01
626.68	40771.35
627.90	41606.84
629.12	42028.03
630.34	42987.60
631.56	43592.30
632.77	44746.37
633.99	45217.68
635.21	46244.94
636.42	47140.65
637.64	48439.41
638.86	49116.61
640.07	50150.05
641.29	50602.02
642.50	51286.62
643.72	51030.98
644.93	50288.82
646.15	49480.14
647.36	48854.63
648.57	48083.63
649.79	46675.91
651.00	46008.67
652.21	44762.13
653.42	43707.30
654.64	42485.25
655.85	41696.61
657.06	40875.50
658.27	40101.05
659.48	39311.25
660.69	39231.55
661.90	38813.61
663.11	38558.18
664.32	38553.19
665.53	38569.62
666.74	38811.03
667.95	38913.25
669.16	39227.73
670.37	39212.16
671.57	39893.61
672.78	39981.15
673.99	40287.61
675.20	40501.91
676.40	41313.12
677.61	42056.00
678.81	42582.32
680.02	43993.99
681.23	45526.67
682.43	47161.11
683.64	48581.35
684.84	50146.34
686.05	51656.17
687.25	52880.57
688.45	53789.23
689.66	54084.86
690.86	53734.73
692.06	53166.93
693.27	51928.94
694.47	49199.39
695.67	46983.59
696.87	44814.14
698.07	42024.84
699.28	40329.75
700.48	38922.91
701.68	37595.21
702.88	37024.40
704.08	36556.93
705.28	36559.94
706.48	36068.36
707.68	36466.58
708.87	36456.60
710.07	36597.90
711.27	36875.46
712.47	37282.89
713.67	38209.61
714.86	38678.12
716.06	39599.12
717.26	40804.10
718.46	41925.22
719.65	43804.79
720.85	46157.45
722.04	49380.02
723.24	54030.04
724.43	60639.59
725.63	69450.76
726.82	80293.80
728.02	93890.33
729.21	110237.98
730.41	127954.17
731.60	145837.34
732.79	162361.22
733.99	175400.88
735.18	184293.44
736.37	188266.75
737.56	190023.03
738.75	188728.08
739.95	185627.80
741.14	183043.63
742.33	181287.02
743.52	177634.33
744.71	173509.77
745.90	165562.67
747.09	154334.64
748.28	139781.95
749.47	124520.80
750.66	108273.91
751.84	95310.37
753.03	82724.30
754.22	72836.13
755.41	64576.88
756.60	58394.96
757.78	53222.60
758.97	49798.28
760.16	46660.50
761.34	44147.95
762.53	42684.82
763.71	41148.88
764.90	39778.29
766.08	38964.43
767.27	37706.35
768.46	36858.79
769.64	36104.88
770.82	36234.53
772.01	35659.56
773.19	35392.95
774.37	35861.88
775.56	35792.29
776.74	36509.07
777.92	36457.12
779.10	36670.33
780.29	37137.91
781.47	37219.82
782.65	37907.07
783.83	38109.84
785.01	37948.47
786.19	37846.27
787.37	37680.36
788.55	37059.84
789.73	35670.31
790.91	34888.64
792.09	34374.67
793.27	33669.23
794.45	33123.94
795.62	32314.51
796.80	32129.34
797.98	31981.47
799.16	31708.11
800.33	31791.17
801.51	31999.76
802.69	31600.67
803.86	31655.13
805.04	31407.78
806.21	31585.61
807.39	31238.93
808.56	31504.98
809.74	31596.95
810.91	31492.65
812.09	31498.61
813.26	31535.46
814.43	31532.60
815.61	31962.46
816.78	31654.94
817.95	31318.55
819.13	31286.89
820.30	31498.31
821.47	31621.41
822.64	31362.06
823.81	31509.51
824.99	31407.06
826.16	31417.40
827.33	31301.59
828.50	31371.67
829.67	31103.02
830.84	31598.29
832.01	31289.69
833.18	31078.42
834.34	31046.57
835.51	31513.47
836.68	31353.09
837.85	31154.94
839.02	31506.83
840.18	31512.75
841.35	31645.16
842.52	31506.81
843.69	31628.18
844.85	32056.10
846.02	31642.27
847.18	31974.85
848.35	31969.74
849.52	31606.72
850.68	31094.54
851.84	31447.30
853.01	30990.45
854.17	30782.61
855.34	31046.50
856.50	30880.86
857.67	30951.17
858.83	30943.56
859.99	30837.92
861.15	31090.98
862.32	31049.95
863.48	31173.87
864.64	31819.65
865.80	31301.44
866.96	31421.04
868.12	31621.02
869.28	31908.14
870.44	31934.19
871.60	32308.61
872.76	32144.90
873.92	32079.41
875.08	32422.83
876.24	32223.26
877.40	32452.85
878.56	32333.69
879.72	32400.12
880.88	32746.23
882.03	32427.88
883.19	32431.70
884.35	32596.71
885.50	32551.29
886.66	32172.11
887.82	32771.81
888.97	32706.22
890.13	32651.81
891.28	32245.37
892.44	32471.13
893.59	32405.40
894.75	32113.03
895.90	31883.35
897.06	32205.75
898.21	31760.44
899.37	32042.53
900.52	31886.73
901.67	32142.01
902.82	32172.68
903.98	32493.33
905.13	32481.37
906.28	32453.66
907.43	32263.98
908.58	32290.19
909.74	32705.74
910.89	32360.66
912.04	32641.32
913.19	32953.64
914.34	33493.61
915.49	33592.23
916.64	33970.34
917.79	34637.14
918.94	35218.58
920.08	35525.15
921.23	36271.72
922.38	37354.82
923.53	38201.46
924.68	38556.40
925.82	39046.97
926.97	40041.38
928.12	39775.80
929.26	40314.43
930.41	40211.50
931.56	39810.14
932.70	39691.20
933.85	39049.80
934.99	38534.77
936.14	37705.00
937.28	37587.71
938.43	37099.13
939.57	36318.25
940.72	36091.83
941.86	35255.98
943.00	35305.62
944.15	34741.14
945.29	34616.13
946.43	34234.87
947.57	33944.13
948.72	33930.00
949.86	33779.71
951.00	33636.17
952.14	33306.42
953.28	33296.65
954.42	32893.99
955.56	33842.68
956.70	33517.21
957.17	34263.60
958.32	34249.05
959.47	34146.76
960.63	34102.93
961.78	34439.46
962.93	34523.99
964.08	34712.15
965.23	34445.42
966.38	34906.25
967.53	34921.12
968.68	35325.92
969.83	35548.30
970.98	36084.23
972.12	36252.76
973.27	36791.35
974.42	37589.70
975.57	38137.88
976.71	38532.80
977.86	38959.52
979.01	39404.50
980.16	40114.02
981.30	40399.04
982.45	40306.73
983.59	40623.58
984.74	40782.29
985.89	40337.16
987.03	39998.15
988.18	39573.00
989.32	38839.83
990.46	38866.99
991.61	38269.18
992.75	37936.09
993.90	37360.43
995.04	36732.38
996.18	36133.51
997.32	36207.68
998.47	35771.68
999.61	35575.89
1000.75	35164.48
1001.89	35674.18
1003.03	34994.78
1004.17	35200.46
1005.32	35331.30
1006.46	35191.92
1007.60	34936.60
1008.74	35158.36
1009.88	35575.70
1011.02	35677.22
1012.16	35499.09
1013.29	35405.04
1014.43	35588.48
1015.57	35979.10
1016.71	35898.74
1017.85	35911.69
1018.99	35890.48
1020.12	35839.65
1021.26	35977.89
1022.40	36020.49
1023.53	36126.92
1024.67	36142.21
1025.81	36230.48
1026.94	36113.51
1028.08	36124.24
1029.21	36189.75
1030.35	35858.12
1031.48	36138.20
1032.62	35635.14
1033.75	35611.50
1034.88	35718.08
1036.02	35534.49
1037.15	35469.67
1038.28	35084.74
1039.42	35275.90
1040.55	35400.82
1041.68	35308.45
1042.81	35456.31
1043.95	35045.75
1045.08	34957.80
1046.21	35158.35
1047.34	35148.27
1048.47	35218.36
1049.60	35302.24
1050.73	35264.68
1051.86	35568.70
1052.99	35065.65
1054.12	35732.18
1055.25	35772.68
1056.38	36065.63
1057.51	36973.88
1058.64	37016.98
1059.76	38309.38
1060.89	38653.73
1062.02	38910.93
1063.15	39853.07
1064.27	40912.89
1065.40	41849.04
1066.53	42925.91
1067.65	44083.80
1068.78	45154.80
1069.90	45768.33
1071.03	46467.33
1072.16	47302.48
1073.28	47463.28
1074.41	47384.59
1075.53	47331.20
1076.65	47130.29
1077.78	46659.59
1078.90	45854.35
1080.02	45357.76
1081.15	43698.35
1082.27	42961.06
1083.39	42020.34
1084.51	40998.38
1085.64	39922.83
1086.76	38789.04
1087.88	38019.69
1089.00	37340.09
1090.12	36632.43
1091.24	35912.89
1092.36	35167.57
1093.48	35016.25
1094.60	34420.73
1095.72	34391.79
1096.84	33825.92
1097.96	33951.92
1099.08	33475.98
1100.20	33321.73
1101.32	33642.28
1102.44	33775.30
1103.55	33574.66
1104.67	33679.91
1105.79	33864.04
1106.91	34113.19
1108.02	34095.69
1109.14	34245.23
1110.25	34585.16
1111.37	34744.18
1112.49	35198.15
1113.60	34997.40
1114.72	35103.19
1115.83	35473.91
1116.95	35321.88
1118.06	35334.83
1119.17	35905.83
1120.29	35886.36
1121.40	35983.19
1122.52	36135.91
1123.63	36221.20
1124.74	36157.55
1125.85	36766.79
1126.97	36712.54
1128.08	36819.01
1129.19	36990.77
1130.30	36796.69
1131.41	36870.61
1132.52	37201.06
1133.64	37338.07
1134.75	37589.46
1135.86	37875.97
1136.97	38188.29
1138.08	38659.49
1139.19	39107.56
1140.29	39394.68
1141.40	39544.11
1142.51	39679.58
1143.62	40315.28
1144.73	40315.40
1145.84	40869.70
1146.94	40811.48
1148.05	41012.89
1149.16	41165.27
1150.27	41149.19
1151.37	41313.36
1152.48	41458.88
1153.58	40714.43
1154.69	40564.68
1155.80	40506.25
1156.90	40056.37
1158.01	40586.23
1159.11	39807.86
1160.21	39467.72
1161.32	39291.65
1162.42	38514.76
1163.53	38242.14
1164.63	38079.74
1165.73	37677.73
1166.84	37818.11
1167.94	37216.15
1169.04	37262.48
1170.14	37626.15
1171.25	37399.88
1172.35	37077.08
1173.45	37455.06
1174.55	37437.97
1175.65	37451.46
1176.75	38093.41
1177.85	38142.37
1178.95	38539.88
1180.05	38833.92
1181.15	38569.73
1182.25	39163.20
1183.35	39351.52
1184.45	39466.85
1185.55	40192.99
1186.65	40230.72
1187.74	40487.88
1188.84	41379.95
1189.94	41675.27
1191.04	42317.77
1192.13	43144.77
1193.23	43733.59
1194.33	44440.81
1195.42	45559.55
1196.52	46102.07
1197.61	46961.64
1198.71	47790.88
1199.80	48187.63
1200.90	49069.59
1202.00	49530.71
1203.09	49684.34
1204.18	50219.21
1205.28	50235.71
1206.37	50193.00
1207.46	50240.29
1208.56	50436.89
1209.65	50529.30
1210.74	50351.45
1211.84	50268.38
1212.93	49430.95
1214.02	48892.08
1215.11	48338.71
1216.20	47599.93
1217.29	47321.41
1218.38	46551.16
1219.47	46338.77
1220.57	45586.93
1221.66	44877.52
1222.75	45023.51
1223.83	44475.30
1224.92	44240.75
1226.01	44144.05
1227.10	43416.80
1228.19	43267.50
1229.28	43032.43
1230.37	42994.87
1231.46	42947.76
1232.54	42245.57
1233.63	42641.42
1234.72	42763.39
1235.80	41989.13
1236.89	42232.60
1237.98	42185.23
1239.06	42526.64
1240.15	42486.47
1241.23	42773.22
1242.32	43014.75
1243.40	43225.35
1244.49	43982.94
1245.57	44117.41
1246.66	44832.55
1247.74	45268.40
1248.83	46137.11
1249.91	47044.48
1250.99	47610.29
1252.08	48609.32
1253.16	49934.20
1254.24	51092.18
1255.32	52695.93
1256.40	54242.96
1257.49	56126.00
1258.57	57403.86
1259.65	59449.02
1260.73	61058.96
1261.81	62693.63
1262.89	64789.39
1263.97	66413.68
1265.05	68463.30
1266.13	69894.84
1267.21	70895.07
1268.29	71782.94
1269.37	72601.58
1270.45	72452.77
1271.53	71996.41
1272.60	71426.90
1273.68	70494.23
1274.76	69335.17
1275.84	67901.47
1276.92	67368.94
1277.99	65691.15
1279.07	64811.37
1280.14	63741.06
1281.22	62920.59
1282.30	62766.67
1283.37	61885.38
1284.45	61788.95
1285.52	61408.16
1286.60	61333.25
1287.67	61786.21
1288.75	61937.98
1289.82	61990.95
1290.90	61465.01
1291.97	61382.76
1293.04	61635.92
1294.12	62413.00
1295.19	62374.37
1296.26	63142.31
1297.33	63241.50
1298.41	63637.91
1299.48	64164.99
1300.55	64576.29
1301.62	65742.13
1302.69	67334.13
1303.76	68757.53
1304.83	70179.17
1305.91	72102.41
1306.98	73864.36
1308.04	76113.77
1309.12	78066.34
1310.18	81114.67
1311.25	83505.40
1312.32	86789.04
1313.39	88278.04
1314.46	91038.16
1315.53	92625.82
1316.60	93581.11
1317.66	95970.72
1318.73	96344.79
1319.80	96546.68
1320.87	97528.01
1321.93	97909.95
1323.00	99103.36
1324.07	100088.36
1325.13	101601.14
1326.20	102890.99
1327.26	104813.55
1328.33	106970.45
1329.39	109493.19
1330.46	112486.63
1331.52	114162.49
1332.59	115929.18
1333.65	117178.10
1334.71	117173.47
1335.78	117473.29
1336.84	117334.70
1337.90	115787.54
1338.97	113676.60
1340.03	112444.80
1341.09	110812.49
1342.15	109106.25
1343.22	105579.21
1344.28	103734.30
1345.34	100558.30
1346.40	97522.44
1347.46	94997.96
1348.52	92030.23
1349.58	89794.02
1350.64	87341.75
1351.70	85367.40
1352.76	82805.40
1353.82	81269.23
1354.88	79570.92
1355.94	78605.75
1357.00	77720.88
1358.06	77599.23
1359.12	77910.82
1360.17	77487.95
1361.23	77552.28
1362.29	77952.25
1363.35	78021.60
1364.40	78492.93
1365.46	78814.92
1366.52	79016.91
1367.57	79692.32
1368.63	79982.90
1369.68	79714.16
1370.74	79963.13
1371.79	80619.72
1372.85	79535.71
1373.90	79013.62
1374.96	77997.52
1376.01	77619.79
1377.07	76204.74
1378.12	74690.71
1379.17	72588.34
1380.23	70962.10
1381.28	69657.36
1382.33	67254.65
1383.39	65648.21
1384.44	64432.42
1385.49	62718.71
1386.54	61368.70
1387.59	61084.66
1388.65	60753.68
1389.70	60789.74
1390.75	60680.38
1391.80	60953.12
1392.85	61191.45
1393.90	61602.55
1394.95	61717.77
1396.00	61657.82
1397.05	61602.77
1398.10	60868.73
1399.15	60005.95
1400.20	58913.05
1401.25	58163.06
1402.29	56745.51
1403.34	55124.63
1404.39	53339.82
1405.44	52100.71
1406.48	50492.48
1407.53	48675.70
1408.58	47486.62
1409.63	46254.92
1410.67	45401.44
1411.72	45005.66
1412.76	44265.43
1413.81	43544.67
1414.85	43309.26
1415.90	43606.61
1416.94	43299.20
1417.99	43207.37
1419.03	43765.31
1420.08	43718.19
1421.12	43653.68
1422.17	44234.42
1423.21	44554.77
1424.25	45386.75
1425.30	45868.93
1426.34	46212.21
1427.38	46786.71
1428.42	47532.96
1429.47	48145.30
1430.51	49036.39
1431.55	50042.28
1432.59	50630.72
1433.63	51493.11
1434.67	52497.73
1435.71	53443.07
1436.75	53741.49
1437.79	55392.29
1438.83	57178.34
1439.88	58723.52
1440.91	59693.73
1441.95	61696.31
1442.99	64188.44
1444.03	66778.95
1445.07	69425.49
1446.11	72679.48
1447.15	76174.48
1448.18	79775.88
1449.22	83868.22
1450.26	87989.87
1451.30	91204.23
1452.33	94692.33
1453.37	97125.01
1454.41	99421.32
1455.44	101171.18
1456.48	101579.06
1457.52	100321.43
1458.55	98970.66
1459.59	96911.16
1460.62	93116.34
1461.66	89014.40
1462.69	84807.95
1463.73	80369.18
1464.76	75888.33
1465.79	71876.49
1466.83	67461.87
1467.86	64576.82
1468.89	61610.25
1469.93	58722.57
1470.96	57052.66
1471.99	55301.71
1473.02	54139.70
1474.06	52151.35
1475.09	51339.58
1476.12	50519.91
1477.15	49177.42
1478.18	48309.15
1479.21	47920.44
1480.24	47747.71
1481.27	47507.02
1482.30	47791.76
1483.33	47480.54
1484.36	47536.46
1485.39	47147.04
1486.42	47884.96
1487.45	47341.86
1488.48	47924.04
1489.51	47630.03
1490.54	47895.12
1491.57	48298.90
1492.59	48380.27
1493.62	48360.84
1494.65	48280.89
1495.68	48632.14
1496.70	48125.91
1497.73	48590.81
1498.76	48737.95
1499.78	48928.05
1500.81	49219.22
1501.83	48949.90
1502.86	48612.27
1503.89	49118.29
1504.91	48932.15
1505.94	48326.35
1506.96	48721.40
1507.99	48446.53
1509.01	47885.72
1510.03	47453.69
1511.06	47122.66
1512.08	46257.47
1513.10	45943.75
1514.13	45599.49
1515.15	45596.98
1516.17	45049.84
1517.20	44955.98
1518.22	44877.28
1519.24	45543.79
1520.26	45449.97
1521.28	45632.53
1522.30	46068.81
1523.33	47208.07
1524.35	48116.89
1525.37	49503.31
1526.39	50933.50
1527.41	52829.02
1528.43	54301.21
1529.45	56457.44
1530.47	58177.56
1531.49	59949.27
1532.50	61894.64
1533.52	63502.67
1534.54	65159.73
1535.56	66163.74
1536.58	66743.27
1537.60	67119.45
1538.61	67243.78
1539.63	67139.00
1540.65	66458.62
1541.67	64904.22
1542.68	63736.39
1543.70	62188.34
1544.72	60555.47
1545.73	59023.86
1546.75	57777.17
1547.76	55471.41
1548.78	54437.67
1549.79	53311.61
1550.81	52085.51
1551.82	50200.21
1552.84	49251.20
1553.85	47813.93
1554.87	46713.24
1555.88	45954.45
1556.89	44753.18
1557.91	43845.35
1558.92	43167.22
1559.93	42207.48
1560.95	41912.39
1561.96	41494.35
1562.97	40971.20
1563.98	40862.48
1565.00	40385.04
1566.01	40424.66
1567.02	40300.37
1568.03	40342.55
1569.04	40492.36
1570.05	40708.88
1571.06	40451.21
1572.07	40980.64
1573.08	41376.92
1574.09	41096.14
1575.10	41905.72
1576.11	41899.53
1577.12	41903.60
1578.13	42159.29
1579.14	42356.02
1580.15	42103.31
1581.16	42497.94
1582.16	42116.65
1583.17	42292.96
1584.18	42484.78
1585.19	42540.38
1586.19	42472.55
1587.20	41684.34
1588.21	42087.18
1589.21	42091.25
1590.22	41958.88
1591.23	41481.42
1592.23	41693.96
1593.24	41102.88
1594.24	41392.72
1595.25	41040.98
1596.25	40975.20
1597.26	41071.82
1598.26	40281.37
1599.27	40542.95
1600.27	40082.26
1601.27	39794.26
1602.28	39302.22
1603.28	39476.04
1604.29	38963.05
1605.29	39059.37
1606.29	38757.89
1607.29	38461.45
1608.30	38056.33
1609.30	37705.31
1610.30	37491.18
1611.30	37230.39
1612.30	36842.74
1613.30	36915.45
1614.30	36623.30
1615.31	36387.97
1616.31	36113.70
1617.31	36207.02
1618.31	36349.59
1619.31	36393.77
1620.31	36494.98
1621.31	36241.14
1622.31	36137.56
1623.30	36150.61
1624.30	35992.48
1625.30	35717.55
1626.30	35704.56
1627.30	35774.61
1628.30	35403.40
1629.29	35766.79
1630.29	35416.19
1631.29	35317.38
1632.29	34823.64
1633.28	35314.53
1634.28	34950.52
1635.28	34687.73
1636.27	34310.42
1637.27	34167.01
1638.26	33362.79
1639.26	33622.41
1640.26	33486.56
1641.25	33033.07
1642.25	32735.60
1643.24	32294.77
1644.24	31853.74
1645.23	32225.39
1646.22	31507.92
1647.22	31110.74
1648.21	31107.04
1649.21	31032.94
1650.20	30945.76
1651.19	30529.84
1652.18	30572.97
1653.18	30582.19
1654.17	30335.59
1655.16	30091.49
1656.15	29870.79
1657.15	29809.33
1658.14	29679.91
1659.13	29286.49
1660.12	29034.05
1661.11	29388.03
1662.10	29237.47
1663.09	28898.54
1664.08	28742.57
1665.07	28751.39
1666.06	28783.76
1667.05	28632.90
1668.04	28259.42
1669.03	28152.90
1670.02	28434.01
1671.01	28500.39
1672.00	28323.09
1672.98	28106.39
1673.97	27889.60
1674.96	28003.12
1675.95	27925.21
1676.94	28072.88
1677.92	27834.90
1678.91	27822.51
1679.90	27749.74
1680.88	27248.96
1681.87	27478.05
1682.86	27578.52
1683.84	27531.90
1684.83	27282.91
1685.81	27630.47
1686.80	27536.50
1687.78	27466.16
1688.77	27366.85
1689.75	27241.19
1690.74	27165.46
1691.72	27047.59
1692.71	26929.67
1693.69	26835.40
1694.67	26733.18
1695.66	26918.03
1696.64	26802.61
1697.62	26660.78
1698.61	26732.39
1699.59	27101.94
1700.57	27215.86
1701.55	26910.46
1702.54	26589.10
1703.52	26710.90
1704.50	26713.98
1705.48	26767.21
1706.46	26794.06
1707.44	26865.82
1708.42	26718.36
1709.40	26573.48
1710.38	26447.04
1711.36	26389.26
1712.34	26410.76
1713.32	27122.43
1714.30	26194.60
1715.28	26216.07
1716.26	26142.29
1717.24	26020.84
1718.22	26494.94
1719.20	26423.81
1720.18	26278.51
1721.15	26040.43
1722.13	26189.05
1723.11	26149.59
1724.09	25845.06
1725.06	26073.27
1726.04	25906.47
1727.02	25970.35
1727.99	26013.03
1728.97	25846.11
1729.95	25973.70
1730.92	25830.58
1731.90	25729.88
1732.87	25907.98
1733.85	25791.32
1734.82	25578.96
1735.80	25696.02
1736.77	25826.41
1737.75	25887.73
1738.72	25433.24
1739.70	25414.72
1740.67	25401.51
1741.64	25516.00
1742.62	25548.04
1743.59	25468.30
1744.56	25284.69
1745.54	25191.54
1746.51	25180.91
1747.48	25258.20
1748.45	25319.52
1749.42	25428.85
1750.40	25708.83
1751.37	25450.32
1752.34	25575.74
1753.31	25421.13
1754.28	25621.29
1755.25	25194.42
1756.22	25293.19
1757.19	25386.66
1758.16	25400.06
1759.13	25167.75
1760.10	25154.39
1761.07	25167.74
1762.04	24702.71
1763.01	25018.03
1763.98	24846.88
1764.95	24991.21
1765.92	24710.30
1766.89	25092.77
1767.85	24659.23
1768.82	24600.22
1769.79	24680.40
1770.76	24583.88
1771.72	25068.49
1772.69	24484.46
1773.66	24679.89
1774.62	24556.48
1775.59	24403.53
1776.56	24427.46
1777.52	24376.32
1778.49	24748.95
1779.46	24644.19
1780.42	24483.04
1781.38	24533.85
1782.35	24396.76
1783.32	24635.53
1784.28	24455.43
1785.24	24479.41
1786.21	24240.09
1787.17	24497.83
1788.14	24113.26
1789.10	24258.16
1790.06	24252.54
1791.03	24314.14
1791.99	24061.03
1792.95	24009.61
1793.91	24084.66
1794.88	23895.93
1795.84	24022.14
1796.80	23924.88
1797.76	24043.07
1798.72	24010.43
1799.69	23622.07
1800.65	23910.06
1801.61	24074.17
1802.57	23939.04
1803.53	24229.98
1804.49	23860.13
1805.45	23851.68
1806.41	23824.33
1807.37	23796.96
1808.33	23707.49
1809.29	23650.38
1810.25	23947.08
1811.21	23771.13
1812.16	23765.34
1813.12	23383.87
1814.08	23380.69
1815.04	23420.77
1816.00	23604.20
1816.96	23555.08
1817.91	23284.08
1818.87	23594.78
1819.83	23450.89
1820.78	23442.29
1821.74	23604.29
1822.70	23354.68
1823.65	23451.71
1824.61	23489.16
1825.56	23293.56
1826.52	23398.77
1827.48	23428.10
1828.43	23235.07
1829.39	23248.11
1830.34	23347.96
1831.30	23388.15
1832.25	23352.37
1833.21	23582.61
1834.16	23267.17
1835.11	23407.87
1836.07	23200.91
1837.02	23322.63
1837.97	23265.04
1838.93	23207.42
1839.88	23106.28
1840.83	23127.46
1841.78	23303.68
1842.74	23433.72
1843.69	23343.42
1844.64	23032.63
1845.59	23056.53
1846.54	23238.36
1847.49	23245.98
1848.45	23043.86
1849.40	23149.51
1850.35	23031.76
1851.30	23033.88
1852.25	22779.74
1853.20	22841.79
1854.15	23029.33
1855.10	23377.89
1856.05	23150.89
1857.00	22901.96
1857.95	22912.23
1858.89	22927.97
1859.84	22979.22
1860.79	22970.40
1861.74	22805.85
1862.69	22570.19
1863.64	22446.49
1864.58	22522.28
1865.53	22814.11
1866.48	22810.70
1867.42	22700.62
1868.37	22623.31
1869.32	22660.91
1870.26	22816.21
1871.21	22881.24
1872.16	22740.92
1873.10	22351.32
1874.05	22692.96
1874.99	22547.04
1875.94	22590.14
1876.88	22537.33
1877.83	22585.94
1878.77	22590.69
1879.72	22417.15
1880.66	22619.39
1881.61	22174.13
1882.55	22359.94
1883.49	22482.68
1884.44	22328.15
1885.38	22236.73
1886.32	22175.48
1887.27	22147.17
1888.21	22072.14
1889.15	22123.50
1890.09	21743.27
1891.04	21838.58
1891.98	21815.67
1892.92	21946.80
1893.86	21833.10
1894.80	22033.09
1895.74	22274.45
1896.69	21841.37
1897.63	21658.71
1898.57	21737.63
1899.51	21954.33
1900.45	22209.70
1901.39	22128.93
1902.33	22133.59
1903.27	21771.52
1904.21	21475.49
1905.14	21844.13
1906.08	21890.11
1907.02	21480.77
1907.96	21728.18
1908.90	21525.70
1909.84	21577.17
1910.78	21739.13
1911.71	21710.56
1912.65	21800.78
1913.59	21819.19
1914.53	21652.39
1915.46	21878.13
1916.40	21611.73
1917.33	21602.44
1918.27	21626.36
1919.21	21525.75
1920.14	21342.08
1921.08	21507.13
1922.02	21165.54
1922.95	21460.79
1923.89	21155.06
1924.82	21375.63
1925.76	21538.09
1926.69	21279.30
1927.63	21555.47
1928.56	21596.06
1929.49	21098.59
1930.43	21261.16
1931.36	21254.54
1932.29	21333.95
1933.23	21491.12
1934.16	21145.80
1935.09	21211.35
1936.03	21176.93
1936.96	21203.62
1937.89	21121.94
1938.82	21343.19
1939.75	20908.44
1940.69	21118.61
1941.62	20956.19
1942.55	20955.04
1943.48	21006.76
1944.41	20961.10
1945.34	21171.50
1946.27	20749.99
1947.20	21194.35
1948.13	20992.71
1949.06	20919.13
1949.99	20898.46
1950.92	21053.37
1951.85	20996.48
1952.78	20716.51
1953.71	20877.06
1954.64	20644.36
1955.57	20997.47
1956.49	20851.21
1957.42	20783.04
1958.35	20776.26
1959.28	20724.79
1960.21	21067.12
1961.13	21026.87
1962.06	20950.28
1962.99	20817.76
1963.91	20774.64
1964.84	20527.40
1965.77	20506.56
1966.69	20723.47
1967.62	20758.63
1968.54	20561.54
1969.47	20395.16
1970.39	20645.82
1971.32	20372.98
1972.25	20422.10
1973.17	20838.19
1974.09	20427.93
1975.02	20384.61
1975.94	20425.37
1976.87	20283.90
1977.79	20372.32
1978.71	20317.73
1979.64	20543.65
1980.56	20517.13
1981.48	20296.96
1982.41	20239.49
1983.33	20577.90
1984.25	20382.87
1985.17	20356.29
1986.10	20298.79
1987.02	20277.80
1987.94	20352.37
1988.86	20202.06
1989.78	20152.91
1990.70	20303.44
1991.63	20231.79
1992.55	20275.47
1993.47	20099.66
1994.39	20188.37
1995.31	20206.73
1996.23	20030.79
1997.15	19685.77
1998.07	19937.87
1998.98	20012.55
1999.90	19722.31
