398.66	62368.61
399.93	62112.27
401.21	62002.29
402.48	62610.64
403.75	62103.80
405.03	61991.71
406.30	62170.78
407.57	62170.68
408.84	62400.82
410.11	62551.59
411.38	62845.13
412.65	62514.87
413.92	62747.35
415.19	62310.83
416.46	61898.59
417.73	61978.01
419.00	61986.02
420.27	61581.56
421.54	61481.23
422.81	61268.49
424.08	60530.49
425.34	60104.85
426.61	60042.90
427.88	59347.02
429.14	59753.24
430.41	59108.09
431.68	58100.43
432.94	58195.52
434.21	57721.50
435.47	57087.52
436.74	57037.01
438.00	56228.41
439.26	55501.39
440.53	55323.36
441.79	54767.99
443.06	54743.51
444.32	54074.91
445.58	53754.79
446.84	53149.25
448.11	52457.20
449.37	52423.91
450.63	52039.41
451.89	51757.43
453.15	51746.55
454.41	50991.65
455.67	50824.34
456.93	50846.11
458.19	50536.77
459.45	50044.17
460.71	49960.82
461.97	49311.43
463.23	49203.16
464.48	48767.41
465.74	48864.93
467.00	48488.64
468.26	48009.13
469.51	47824.14
470.77	47882.34
472.03	47224.98
473.28	46666.31
474.54	47019.30
475.79	46858.61
477.05	46823.75
478.30	46896.23
479.56	46260.38
480.81	46233.61
482.06	46624.19
483.32	46202.75
484.57	46128.39
485.82	45723.16
487.08	45652.79
488.33	45497.55
489.58	45400.18
490.83	45400.04
492.08	45462.00
493.34	45352.12
494.59	45148.98
495.84	45103.19
497.09	44972.41
498.34	44965.93
499.59	44785.30
500.84	45222.54
502.08	44954.76
503.33	44672.33
504.58	44582.75
505.83	44912.42
507.08	44889.29
508.33	45131.97
509.57	44903.23
510.82	45010.98
512.07	45139.55
513.31	44981.32
514.56	45209.75
515.80	44943.30
517.05	45107.34
518.29	44782.48
519.54	44603.15
520.78	45235.61
522.03	44939.69
523.27	44928.96
524.51	44668.23
525.76	45178.37
527.00	44950.92
528.24	45106.95
529.49	45219.27
530.73	45684.14
531.97	45471.19
533.21	45493.93
534.45	45748.38
535.69	45979.98
536.93	45752.27
538.17	45904.60
539.41	46222.06
540.65	45900.19
541.89	46729.93
543.13	47325.90
544.37	47802.95
545.61	48524.98
546.85	50653.42
548.08	52347.58
549.32	55283.93
550.56	58648.86
551.80	62115.95
553.03	65645.47
554.27	68721.99
555.51	71431.12
556.74	73479.08
557.98	75158.96
559.21	75302.23
560.45	75235.77
561.68	74287.91
562.92	73217.84
564.15	72346.71
565.38	69881.25
566.62	67717.06
567.85	66623.34
569.08	63898.30
570.31	62286.02
571.55	59796.18
572.78	57696.31
574.01	55706.90
575.24	54322.49
576.47	52537.54
577.70	51701.11
578.93	50495.80
580.16	50119.71
581.39	50021.50
582.62	50197.17
583.85	51034.73
585.08	52049.77
586.31	52744.78
587.54	53840.87
588.77	54549.30
589.99	54863.47
591.22	55420.52
592.45	55342.35
593.67	55369.73
594.90	55428.80
596.13	54733.65
597.35	54312.88
598.58	54027.18
599.80	53257.16
601.03	53212.15
602.25	52689.05
603.48	52292.64
604.70	52097.09
605.93	51247.33
607.15	51222.93
608.37	50971.90
609.59	50837.26
610.82	50545.75
612.04	50379.14
613.26	50362.96
614.48	50660.59
615.71	49916.98
616.93	50384.36
618.15	50404.22
619.37	50407.11
620.59	50134.01
621.81	50094.36
623.03	50511.35
624.25	50340.04
625.47	50317.40
626.68	50471.17
627.90	51099.13
629.12	51850.73
630.34	52434.65
631.56	52914.59
632.77	53980.01
633.99	55446.14
635.21	56942.77
636.42	58393.27
637.64	60204.48
638.86	61861.02
640.07	63256.21
641.29	63835.60
642.50	65097.60
643.72	65167.96
644.93	64478.89
646.15	63349.91
647.36	61891.69
648.57	61389.18
649.79	59626.54
651.00	58971.58
652.21	57188.27
653.42	56662.74
654.64	55662.45
655.85	55814.02
657.06	55659.87
658.27	55328.10
659.48	55993.18
660.69	56159.95
661.90	56752.77
663.11	57726.97
664.32	58451.08
665.53	60212.32
666.74	61353.04
667.95	62676.47
669.16	64407.83
670.37	65445.31
671.57	66691.32
672.78	67637.59
673.99	67844.05
675.20	68657.98
676.40	69440.10
677.61	70514.62
678.81	71546.70
680.02	72759.73
681.23	75138.01
682.43	77816.20
683.64	80203.29
684.84	83802.20
686.05	87488.87
687.25	90247.90
688.45	92257.21
689.66	92330.27
690.86	90683.09
692.06	87926.06
693.27	84316.85
694.47	80059.53
695.67	74974.75
696.87	69956.49
698.07	65765.91
699.28	61965.82
700.48	59320.11
701.68	57991.46
702.88	56271.54
704.08	56109.37
705.28	56031.32
706.48	55964.04
707.68	55721.73
708.87	55850.95
710.07	55746.82
711.27	56170.11
712.47	57157.98
713.67	56666.91
714.86	57402.24
716.06	58449.53
717.26	59042.79
718.46	59995.70
719.65	60858.12
720.85	62290.61
722.04	64605.55
723.24	66839.25
724.43	70365.88
725.63	74538.13
726.82	80059.08
728.02	87838.55
729.21	95832.23
730.41	104890.95
731.60	115373.63
732.79	126191.38
733.99	139540.02
735.18	153972.50
736.37	170773.72
737.56	187609.06
738.75	207500.17
739.95	227359.50
741.14	245075.22
742.33	259649.47
743.52	270144.34
744.71	271553.31
745.90	265160.72
747.09	250331.70
748.28	227613.38
749.47	203529.11
750.66	178603.05
751.84	154628.39
753.03	133613.67
754.22	116372.21
755.41	102470.51
756.60	92787.99
757.78	83183.75
758.97	77497.21
760.16	71991.32
761.34	68860.88
762.53	65698.36
763.71	63030.26
764.90	60968.40
766.08	59648.72
767.27	57567.56
768.46	57313.63
769.64	56149.61
770.82	55943.33
772.01	55137.32
773.19	54991.98
774.37	55330.45
775.56	56177.16
776.74	56980.46
777.92	57746.89
779.10	58866.53
780.29	59309.33
781.47	60032.99
782.65	59715.24
783.83	60266.04
785.01	59827.50
786.19	58361.61
787.37	57397.73
788.55	56020.58
789.73	54102.48
790.91	53064.38
792.09	51693.98
793.27	51030.63
794.45	50866.00
795.62	49801.93
796.80	49322.40
797.98	49185.83
799.16	49135.01
800.33	48993.92
801.51	48405.84
802.69	48590.40
803.86	49034.95
805.04	48820.98
806.21	48390.94
807.39	48353.03
808.56	48828.79
809.74	48277.15
810.91	48611.94
812.09	48551.97
813.26	48304.38
814.43	47712.34
815.61	48268.07
816.78	47571.93
817.95	48077.09
819.13	47753.95
820.30	47846.13
821.47	47456.45
822.64	47902.34
823.81	47912.77
824.99	47520.61
826.16	47610.60
827.33	47625.38
828.50	47666.73
829.67	47821.00
830.84	47503.63
832.01	47491.80
833.18	47601.81
834.34	46916.25
835.51	47360.91
836.68	46909.98
837.85	47044.34
839.02	47101.12
840.18	47304.36
841.35	46611.06
842.52	47093.98
843.69	46753.34
844.85	46832.30
846.02	47191.20
847.18	47408.05
848.35	47096.04
849.52	47513.04
850.68	46889.59
851.84	47442.40
853.01	47239.09
854.17	46975.59
855.34	47426.41
856.50	47610.30
857.67	47262.07
858.83	47635.31
859.99	47870.60
861.15	48295.40
862.32	48466.31
863.48	48706.40
864.64	48716.92
865.80	48914.80
866.96	48771.43
868.12	48677.07
869.28	49122.82
870.44	48934.73
871.60	48981.01
872.76	49125.59
873.92	49189.80
875.08	48874.16
876.24	48940.57
877.40	49396.01
878.56	49587.79
879.72	49506.77
880.88	49248.97
882.03	49270.76
883.19	49852.14
884.35	49775.56
885.50	49739.25
886.66	49803.72
887.82	49821.16
888.97	49760.16
890.13	49927.77
891.28	49685.16
892.44	49411.04
893.59	49787.27
894.75	49697.00
895.90	50356.22
897.06	49814.86
898.21	50137.63
899.37	49620.66
900.52	50219.81
901.67	50518.17
902.82	50403.17
903.98	51081.58
905.13	50741.81
906.28	51074.29
907.43	50808.57
908.58	51219.95
909.74	51703.53
910.89	51793.41
912.04	52554.28
913.19	52786.27
914.34	53295.42
915.49	54003.07
916.64	53917.79
917.79	54713.82
918.94	55241.91
920.08	56025.08
921.23	56779.29
922.38	57303.70
923.53	57943.45
924.68	58662.50
925.82	58833.22
926.97	59640.87
928.12	58867.69
929.26	59122.16
930.41	58007.24
931.56	57870.56
932.70	57179.87
933.85	56169.98
934.99	55544.16
936.14	55499.52
937.28	55020.34
938.43	54237.61
939.57	53468.09
940.72	52838.62
941.86	52865.75
943.00	52605.14
944.15	52203.89
945.29	52033.67
946.43	52434.71
947.57	51241.66
948.72	51266.16
949.86	51100.07
951.00	50691.07
952.14	50962.86
953.28	50817.00
954.42	50816.41
955.56	50695.43
956.70	50808.40
957.17	53107.80
958.32	53237.07
959.47	52880.46
960.63	53007.49
961.78	53415.93
962.93	53507.12
964.08	54041.97
965.23	54381.11
966.38	54443.30
967.53	54627.20
968.68	55514.42
969.83	55455.18
970.98	56122.00
972.12	56777.87
973.27	57524.28
974.42	57979.94
975.57	59377.01
976.71	60135.83
977.86	60461.44
979.01	61241.19
980.16	61960.30
981.30	62324.98
982.45	61923.60
983.59	62333.65
984.74	62404.70
985.89	62288.04
987.03	61673.62
988.18	60920.88
989.32	59767.16
990.46	59151.72
991.61	58445.41
992.75	57899.58
993.90	56909.46
995.04	55975.53
996.18	55746.06
997.32	55171.89
998.47	54685.88
999.61	53990.98
1000.75	53118.79
1001.89	53369.45
1003.03	53154.93
1004.17	53099.23
1005.32	52578.00
1006.46	52392.66
1007.60	52395.81
1008.74	52567.12
1009.88	52511.21
1011.02	52400.71
1012.16	52067.30
1013.29	52368.33
1014.43	52075.71
1015.57	52131.13
1016.71	52086.41
1017.85	52203.31
1018.99	52372.64
1020.12	52475.99
1021.26	52638.63
1022.40	52840.07
1023.53	52515.10
1024.67	52609.46
1025.81	52626.33
1026.94	52850.77
1028.08	52666.93
1029.21	52864.09
1030.35	52689.30
1031.48	53181.07
1032.62	53072.49
1033.75	52600.69
1034.88	53401.20
1036.02	53125.78
1037.15	53174.79
1038.28	53162.09
1039.42	53041.91
1040.55	53004.02
1041.68	53730.25
1042.81	53605.53
1043.95	53510.51
1045.08	53635.23
1046.21	53970.69
1047.34	54251.33
1048.47	54550.43
1049.60	54602.18
1050.73	54993.18
1051.86	55478.37
1052.99	55700.06
1054.12	56456.30
1055.25	56666.84
1056.38	58258.98
1057.51	58791.40
1058.64	59815.39
1059.76	61276.18
1060.89	62606.73
1062.02	63846.00
1063.15	65669.55
1064.27	66822.77
1065.40	68714.55
1066.53	71168.34
1067.65	72753.80
1068.78	74839.25
1069.90	76617.31
1071.03	77991.08
1072.16	79563.49
1073.28	80233.90
1074.41	80853.94
1075.53	80271.57
1076.65	80133.70
1077.78	79265.05
1078.90	77768.87
1080.02	76449.55
1081.15	74626.74
1082.27	73040.72
1083.39	70717.77
1084.51	68693.80
1085.64	66530.35
1086.76	64878.57
1087.88	63082.80
1089.00	61579.61
1090.12	60279.09
1091.24	58954.83
1092.36	58041.51
1093.48	57310.46
1094.60	56567.50
1095.72	55854.27
1096.84	55064.32
1097.96	54764.75
1099.08	54847.08
1100.20	54188.34
1101.32	54402.60
1102.44	54373.68
1103.55	54367.91
1104.67	54517.45
1105.79	54098.99
1106.91	54306.51
1108.02	53839.08
1109.14	54752.00
1110.25	54901.80
1111.37	55385.94
1112.49	55505.76
1113.60	55488.61
1114.72	55740.91
1115.83	55721.48
1116.95	55853.10
1118.06	55775.56
1119.17	55758.44
1120.29	55945.97
1121.40	55842.80
1122.52	55592.99
1123.63	56064.55
1124.74	56089.36
1125.85	56235.26
1126.97	56332.32
1128.08	56564.53
1129.19	56619.76
1130.30	56395.34
1131.41	56804.89
1132.52	56904.52
1133.64	56959.86
1134.75	57491.14
1135.86	57684.32
1136.97	58202.01
1138.08	58944.05
1139.19	59347.85
1140.29	59361.79
1141.40	60434.01
1142.51	61378.21
1143.62	61916.18
1144.73	62225.28
1145.84	63888.43
1146.94	64219.19
1148.05	64966.52
1149.16	65440.42
1150.27	66127.52
1151.37	66398.23
1152.48	66727.61
1153.58	66539.51
1154.69	66634.78
1155.80	66057.58
1156.90	65573.84
1158.01	65136.77
1159.11	64584.59
1160.21	64095.47
1161.32	62930.45
1162.42	62306.95
1163.53	61056.46
1164.63	60441.61
1165.73	59943.88
1166.84	59119.42
1167.94	58790.29
1169.04	58411.65
1170.14	58166.81
1171.25	58768.21
1172.35	58257.61
1173.45	58753.46
1174.55	58548.45
1175.65	58806.91
1176.75	58731.27
1177.85	59295.96
1178.95	59432.32
1180.05	60035.12
1181.15	60944.47
1182.25	61531.40
1183.35	61423.26
1184.45	62029.43
1185.55	62612.30
1186.65	63756.82
1187.74	64267.22
1188.84	66066.34
1189.94	67335.20
1191.04	68127.73
1192.13	69366.97
1193.23	70202.86
1194.33	71159.63
1195.42	72343.72
1196.52	73816.73
1197.61	74635.51
1198.71	75397.92
1199.80	76009.30
1200.90	76507.38
1202.00	77838.71
1203.09	78214.37
1204.18	78457.61
1205.28	78888.04
1206.37	79067.59
1207.46	78420.34
1208.56	78246.74
1209.65	78205.80
1210.74	77847.13
1211.84	77068.53
1212.93	75687.07
1214.02	75420.07
1215.11	73821.60
1216.20	72986.72
1217.29	71353.68
1218.38	70444.20
1219.47	69588.91
1220.57	68003.81
1221.66	67392.33
1222.75	66457.27
1223.83	65778.55
1224.92	65194.64
1226.01	64570.01
1227.10	64654.10
1228.19	63783.92
1229.28	63427.49
1230.37	63304.22
1231.46	62814.14
1232.54	62843.11
1233.63	62681.48
1234.72	63351.49
1235.80	63812.04
1236.89	63447.85
1237.98	63884.78
1239.06	64133.46
1240.15	65067.03
1241.23	65220.63
1242.32	66045.07
1243.40	66588.15
1244.49	67439.55
1245.57	67921.09
1246.66	68715.84
1247.74	69319.77
1248.83	70696.09
1249.91	71472.90
1250.99	72833.60
1252.08	74355.20
1253.16	75092.72
1254.24	76306.82
1255.32	77957.14
1256.40	78949.80
1257.49	80419.48
1258.57	81913.80
1259.65	82388.13
1260.73	83274.86
1261.81	84018.18
1262.89	84807.40
1263.97	85414.71
1265.05	86449.28
1266.13	86817.31
1267.21	86667.13
1268.29	86860.13
1269.37	87511.81
1270.45	87986.08
1271.53	87225.86
1272.60	87255.77
1273.68	87069.38
1274.76	86524.74
1275.84	87114.70
1276.92	87834.78
1277.99	87446.27
1279.07	88282.24
1280.14	88115.05
1281.22	88660.29
1282.30	88562.91
1283.37	89173.52
1284.45	89290.59
1285.52	89460.70
1286.60	90228.57
1287.67	90647.25
1288.75	90916.64
1289.82	91149.97
1290.90	90471.59
1291.97	90883.45
1293.04	90219.16
1294.12	90003.53
1295.19	89063.47
1296.26	89866.58
1297.33	90305.31
1298.41	91940.21
1299.48	91531.36
1300.55	92490.46
1301.62	94054.45
1302.69	96122.17
1303.76	98057.80
1304.83	100652.41
1305.91	103349.86
1306.98	105954.15
1308.04	109276.29
1309.12	112728.31
1310.18	115978.45
1311.25	120594.15
1312.32	123093.91
1313.39	126552.30
1314.46	130009.84
1315.53	132751.14
1316.60	133511.97
1317.66	135129.56
1318.73	135524.83
1319.80	136019.77
1320.87	136534.36
1321.93	136599.91
1323.00	137352.88
1324.07	137207.25
1325.13	138412.69
1326.20	140270.11
1327.26	141274.98
1328.33	141752.63
1329.39	143551.25
1330.46	145625.61
1331.52	146961.13
1332.59	148063.58
1333.65	147381.95
1334.71	147771.48
1335.78	147739.80
1336.84	147320.70
1337.90	146823.42
1338.97	145826.23
1340.03	144475.06
1341.09	143501.22
1342.15	141851.30
1343.22	139466.25
1344.28	138063.50
1345.34	135483.64
1346.40	132851.31
1347.46	130476.59
1348.52	128064.14
1349.58	126217.34
1350.64	123470.45
1351.70	120859.14
1352.76	118711.13
1353.82	116432.51
1354.88	114923.27
1355.94	113643.30
1357.00	111604.16
1358.06	111982.25
1359.12	110424.05
1360.17	110138.43
1361.23	109228.12
1362.29	108327.17
1363.35	107692.90
1364.40	106536.27
1365.46	106048.35
1366.52	105116.39
1367.57	103678.75
1368.63	102161.94
1369.68	101682.35
1370.74	100230.63
1371.79	99409.13
1372.85	97752.41
1373.90	96640.15
1374.96	95790.22
1376.01	95903.06
1377.07	95200.02
1378.12	93759.16
1379.17	92821.70
1380.23	92277.29
1381.28	91597.33
1382.33	90518.45
1383.39	89990.34
1384.44	89685.99
1385.49	88219.34
1386.54	88670.49
1387.59	88542.95
1388.65	88706.09
1389.70	88736.21
1390.75	88507.52
1391.80	89499.16
1392.85	89448.07
1393.90	88893.76
1394.95	88334.25
1396.00	88174.25
1397.05	87584.69
1398.10	87350.37
1399.15	86049.11
1400.20	84680.56
1401.25	83234.80
1402.29	81993.47
1403.34	80645.29
1404.39	79308.84
1405.44	78293.25
1406.48	76230.93
1407.53	75421.98
1408.58	74206.82
1409.63	73738.59
1410.67	73029.99
1411.72	72967.37
1412.76	72325.13
1413.81	71838.67
1414.85	71666.69
1415.90	72186.11
1416.94	72385.97
1417.99	71807.30
1419.03	71793.86
1420.08	73122.48
1421.12	73228.41
1422.17	73858.05
1423.21	74890.14
1424.25	75825.84
1425.30	77194.11
1426.34	77715.90
1427.38	78747.28
1428.42	80010.24
1429.47	81256.38
1430.51	80787.47
1431.55	83034.08
1432.59	84291.66
1433.63	84614.30
1434.67	86007.20
1435.71	86673.86
1436.75	88538.39
1437.79	90271.77
1438.83	92215.17
1439.88	95923.38
1440.91	98409.68
1441.95	102350.27
1442.99	106150.52
1444.03	110595.85
1445.07	115821.40
1446.11	121722.90
1447.15	127352.56
1448.18	132176.06
1449.22	137693.27
1450.26	143095.59
1451.30	146452.27
1452.33	149345.77
1453.37	151178.58
1454.41	151120.20
1455.44	150481.81
1456.48	147090.09
1457.52	142186.22
1458.55	138445.86
1459.59	133004.83
1460.62	128011.82
1461.66	122508.38
1462.69	117257.85
1463.73	112127.66
1464.76	107298.25
1465.79	103739.47
1466.83	100216.67
1467.86	97341.50
1468.89	93692.80
1469.93	91617.35
1470.96	88735.77
1471.99	86096.25
1473.02	83563.45
1474.06	82520.47
1475.09	81065.27
1476.12	79310.58
1477.15	78494.48
1478.18	77833.78
1479.21	76861.17
1480.24	76787.93
1481.27	76340.07
1482.30	75821.59
1483.33	76273.70
1484.36	76036.71
1485.39	76109.11
1486.42	76131.20
1487.45	76165.87
1488.48	76391.91
1489.51	76076.58
1490.54	76315.29
1491.57	76133.31
1492.59	76009.22
1493.62	76477.44
1494.65	76575.23
1495.68	76604.96
1496.70	77333.41
1497.73	77615.62
1498.76	77693.52
1499.78	77657.88
1500.81	77879.73
1501.83	76904.68
1502.86	78189.82
1503.89	77770.20
1504.91	77888.64
1505.94	77751.84
1506.96	77395.02
1507.99	77687.91
1509.01	76551.91
1510.03	76647.39
1511.06	75902.84
1512.08	75203.51
1513.10	75207.60
1514.13	74879.99
1515.15	74395.21
1516.17	74525.77
1517.20	74572.76
1518.22	75339.50
1519.24	76367.67
1520.26	76858.78
1521.28	78405.07
1522.30	80956.51
1523.33	82410.51
1524.35	84839.62
1525.37	87911.97
1526.39	91132.93
1527.41	93540.17
1528.43	97848.34
1529.45	102229.55
1530.47	105654.73
1531.49	109289.81
1532.50	111734.22
1533.52	115123.05
1534.54	117740.22
1535.56	118491.33
1536.58	119570.98
1537.60	119750.18
1538.61	118554.84
1539.63	116971.94
1540.65	114802.58
1541.67	110851.72
1542.68	107887.66
1543.70	103941.14
1544.72	100553.63
1545.73	96177.96
1546.75	92417.46
1547.76	89224.08
1548.78	85646.60
1549.79	82003.73
1550.81	79701.78
1551.82	76622.72
1552.84	75439.51
1553.85	73543.20
1554.87	71589.84
1555.88	70742.00
1556.89	68989.05
1557.91	68107.02
1558.92	67459.81
1559.93	67080.84
1560.95	66532.88
1561.96	65769.75
1562.97	65661.41
1563.98	65537.65
1565.00	65534.16
1566.01	65208.01
1567.02	65516.92
1568.03	65398.12
1569.04	64956.39
1570.05	65878.00
1571.06	65969.40
1572.07	65806.98
1573.08	66434.41
1574.09	66438.76
1575.10	66453.36
1576.11	67012.05
1577.12	67065.27
1578.13	67583.24
1579.14	68024.39
1580.15	67761.90
1581.16	67604.63
1582.16	67511.54
1583.17	68120.10
1584.18	68322.73
1585.19	68823.72
1586.19	68599.61
1587.20	67956.05
1588.21	68789.22
1589.21	68552.06
1590.22	68196.38
1591.23	67956.40
1592.23	68115.50
1593.24	68254.06
1594.24	67653.20
1595.25	67513.37
1596.25	67195.62
1597.26	67200.00
1598.26	66987.76
1599.27	66450.41
1600.27	65755.45
1601.27	65661.43
1602.28	65146.66
1603.28	63960.42
1604.29	63940.82
1605.29	63784.32
1606.29	63219.57
1607.29	62385.85
1608.30	61949.76
1609.30	61389.40
1610.30	60787.41
1611.30	60167.06
1612.30	59662.83
1613.30	59556.82
1614.30	58938.36
1615.31	58575.89
1616.31	57832.66
1617.31	57291.09
1618.31	57425.30
1619.31	57168.38
1620.31	56590.02
1621.31	56674.90
1622.31	55875.82
1623.30	56103.19
1624.30	55575.94
1625.30	55543.93
1626.30	55130.48
1627.30	55007.51
1628.30	54832.57
1629.29	54779.57
1630.29	54090.32
1631.29	54720.25
1632.29	54196.95
1633.28	53772.15
1634.28	54098.31
1635.28	53592.71
1636.27	53255.90
1637.27	53072.39
1638.26	52740.52
1639.26	52879.45
1640.26	52534.36
1641.25	52543.14
1642.25	52426.95
1643.24	51599.75
1644.24	51178.54
1645.23	51864.40
1646.22	51492.56
1647.22	51180.50
1648.21	51199.40
1649.21	51048.81
1650.20	50733.83
1651.19	50851.76
1652.18	50810.57
1653.18	50805.89
1654.17	50976.11
1655.16	50540.65
1656.15	50598.58
1657.15	50303.89
1658.14	50024.75
1659.13	50106.11
1660.12	49988.85
1661.11	50096.37
1662.10	49869.23
1663.09	49838.14
1664.08	49561.12
1665.07	49686.94
1666.06	49854.69
1667.05	49692.66
1668.04	49711.23
1669.03	49253.17
1670.02	49358.08
1671.01	49117.19
1672.00	50018.77
1672.98	49361.15
1673.97	49169.91
1674.96	49151.64
1675.95	49358.93
1676.94	49282.98
1677.92	48905.24
1678.91	49099.48
1679.90	48816.03
1680.88	48921.05
1681.87	48621.68
1682.86	48406.22
1683.84	48258.98
1684.83	48576.82
1685.81	48542.57
1686.80	48458.35
1687.78	48300.46
1688.77	48626.45
1689.75	48529.04
1690.74	48292.11
1691.72	47878.74
1692.71	48302.30
1693.69	47659.69
1694.67	47954.33
1695.66	48473.00
1696.64	48190.94
1697.62	47574.09
1698.61	47832.05
1699.59	47963.57
1700.57	47929.02
1701.55	48108.09
1702.54	48245.02
1703.52	48033.70
1704.50	47793.27
1705.48	47571.20
1706.46	47356.95
1707.44	47549.30
1708.42	47784.00
1709.40	47498.32
1710.38	47455.63
1711.36	46789.13
1712.34	47132.24
1713.32	47274.53
1714.30	47488.29
1715.28	46879.41
1716.26	46865.61
1717.24	47097.93
1718.22	47367.41
1719.20	47189.54
1720.18	47366.46
1721.15	47731.51
1722.13	47015.77
1723.11	47023.16
1724.09	46980.18
1725.06	47098.90
1726.04	46504.38
1727.02	46986.39
1727.99	46619.71
1728.97	46823.35
1729.95	46984.60
1730.92	46899.05
1731.90	46638.24
1732.87	46656.14
1733.85	46530.62
1734.82	46875.28
1735.80	47305.12
1736.77	46653.38
1737.75	46642.05
1738.72	46846.09
1739.70	46693.83
1740.67	46129.18
1741.64	46184.23
1742.62	46233.97
1743.59	46499.34
1744.56	46099.23
1745.54	46314.08
1746.51	45993.65
1747.48	45840.92
1748.45	46388.93
1749.42	46102.95
1750.40	46304.68
1751.37	46482.50
1752.34	46025.67
1753.31	45824.71
1754.28	46007.87
1755.25	45644.04
1756.22	45832.57
1757.19	45690.12
1758.16	46076.34
1759.13	46000.65
1760.10	45273.09
1761.07	45608.68
1762.04	45682.50
1763.01	45224.39
1763.98	45437.19
1764.95	45617.98
1765.92	45063.26
1766.89	45589.17
1767.85	45448.98
1768.82	45081.22
1769.79	45155.03
1770.76	45003.94
1771.72	45128.64
1772.69	44637.27
1773.66	45088.82
1774.62	45328.85
1775.59	44794.30
1776.56	45211.32
1777.52	44714.05
1778.49	44763.76
1779.46	44738.36
1780.42	44533.16
1781.38	44743.88
1782.35	44313.09
1783.32	44378.86
1784.28	44560.13
1785.24	44728.04
1786.21	44366.73
1787.17	44553.48
1788.14	44581.71
1789.10	43986.23
1790.06	44124.61
1791.03	44246.90
1791.99	44280.47
1792.95	43851.23
1793.91	43954.70
1794.88	43872.46
1795.84	43865.58
1796.80	43893.70
1797.76	43776.38
1798.72	43739.82
1799.69	43784.09
1800.65	44122.17
1801.61	44061.39
1802.57	44038.34
1803.53	43818.39
1804.49	43857.32
1805.45	43685.80
1806.41	43425.15
1807.37	43596.28
1808.33	43170.80
1809.29	43263.63
1810.25	43780.54
1811.21	43462.89
1812.16	43355.87
1813.12	43129.88
1814.08	43055.18
1815.04	43069.66
1816.00	42643.34
1816.96	43028.32
1817.91	42796.60
1818.87	43290.02
1819.83	43266.67
1820.78	43064.63
1821.74	42878.74
1822.70	42979.86
1823.65	43240.86
1824.61	43466.74
1825.56	42687.25
1826.52	42886.00
1827.48	43266.48
1828.43	42738.65
1829.39	42370.63
1830.34	42474.51
1831.30	42586.57
1832.25	42579.26
1833.21	42710.39
1834.16	42640.64
1835.11	42519.26
1836.07	42601.56
1837.02	42355.14
1837.97	42502.65
1838.93	42674.69
1839.88	42455.30
1840.83	42238.54
1841.78	42571.09
1842.74	42895.63
1843.69	42335.97
1844.64	42309.50
1845.59	42560.68
1846.54	42487.95
1847.49	42513.23
1848.45	42593.00
1849.40	42937.07
1850.35	42101.35
1851.30	42396.40
1852.25	42080.91
1853.20	41947.97
1854.15	42543.17
1855.10	42082.92
1856.05	42094.50
1857.00	42253.46
1857.95	42232.32
1858.89	41793.46
1859.84	42031.63
1860.79	41912.10
1861.74	42041.12
1862.69	41886.01
1863.64	41695.31
1864.58	41477.19
1865.53	41537.86
1866.48	41727.09
1867.42	41913.67
1868.37	41547.66
1869.32	41723.32
1870.26	41592.51
1871.21	41193.34
1872.16	41533.33
1873.10	41249.02
1874.05	41013.88
1874.99	41556.80
1875.94	41398.36
1876.88	41305.65
1877.83	41204.67
1878.77	41909.86
1879.72	41010.80
1880.66	41005.70
1881.61	41373.79
1882.55	41486.78
1883.49	41135.89
1884.44	41100.61
1885.38	41197.13
1886.32	40889.90
1887.27	40794.10
1888.21	40964.81
1889.15	40912.95
1890.09	40888.57
1891.04	40605.69
1891.98	40718.74
1892.92	40642.02
1893.86	40634.06
1894.80	40697.64
1895.74	40345.61
1896.69	40665.20
1897.63	40637.95
1898.57	40216.82
1899.51	40153.64
1900.45	40379.78
1901.39	40487.49
1902.33	40344.38
1903.27	40195.70
1904.21	40140.73
1905.14	40369.84
1906.08	40430.75
1907.02	40557.92
1907.96	40356.68
1908.90	40533.57
1909.84	40219.02
1910.78	40349.00
1911.71	39887.87
1912.65	40009.54
1913.59	40026.25
1914.53	39821.82
1915.46	39722.38
1916.40	39910.48
1917.33	40333.78
1918.27	40339.50
1919.21	39943.98
1920.14	39930.25
1921.08	40065.99
1922.02	39819.69
1922.95	40157.64
1923.89	39789.36
1924.82	39612.10
1925.76	39562.24
1926.69	39659.27
1927.63	39875.55
1928.56	39365.39
1929.49	39190.63
1930.43	39284.88
1931.36	39578.95
1932.29	39562.30
1933.23	39295.82
1934.16	39720.57
1935.09	39459.56
1936.03	39492.87
1936.96	39076.12
1937.89	39542.86
1938.82	39598.44
1939.75	39584.54
1940.69	39000.61
1941.62	38997.71
1942.55	39695.80
1943.48	39503.84
1944.41	39495.47
1945.34	39022.25
1946.27	38991.50
1947.20	39186.29
1948.13	39350.53
1949.06	39083.02
1949.99	38949.16
1950.92	38391.60
1951.85	38773.24
1952.78	39085.34
1953.71	38602.75
1954.64	38443.53
1955.57	38538.13
1956.49	38803.00
1957.42	38624.18
1958.35	38300.11
1959.28	38637.70
1960.21	38542.52
1961.13	38994.82
1962.06	38684.53
1962.99	38807.28
1963.91	38183.74
1964.84	38236.54
1965.77	38415.20
1966.69	38224.73
1967.62	38341.91
1968.54	38610.25
1969.47	38215.38
1970.39	38478.21
1971.32	38371.54
1972.25	38096.79
1973.17	38614.66
1974.09	38180.15
1975.02	37742.64
1975.94	38042.14
1976.87	38193.17
1977.79	37898.40
1978.71	37726.91
1979.64	37906.02
1980.56	37807.42
1981.48	37975.40
1982.41	37938.53
1983.33	37859.52
1984.25	37853.50
1985.17	37240.74
1986.10	37262.68
1987.02	37675.23
1987.94	37905.26
1988.86	37626.54
1989.78	37401.13
1990.70	37251.56
1991.63	37557.65
1992.55	36977.55
1993.47	37109.23
1994.39	37514.00
1995.31	37009.54
1996.23	37222.96
1997.15	37011.17
1998.07	37128.90
1998.98	37176.23
1999.90	36708.46
