398.66	25463.86
399.93	25163.04
401.21	25348.33
402.48	24984.24
403.75	25200.12
405.03	24809.35
406.30	24729.98
407.57	24662.80
408.84	24734.14
410.11	24673.04
411.38	24615.99
412.65	24660.86
413.92	24226.48
415.19	24438.55
416.46	24722.14
417.73	24481.35
419.00	24467.04
420.27	24369.00
421.54	24287.25
422.81	24340.30
424.08	24139.98
425.34	24323.83
426.61	24037.55
427.88	24323.70
429.14	24288.87
430.41	24364.49
431.68	24239.61
432.94	24116.71
434.21	24280.38
435.47	24235.25
436.74	24407.22
438.00	24099.85
439.26	24099.72
440.53	24394.77
441.79	24273.75
443.06	24084.99
444.32	24226.40
445.58	24511.50
446.84	24183.11
448.11	24176.85
449.37	24100.76
450.63	24396.38
451.89	24211.43
453.15	24238.04
454.41	23978.98
455.67	24009.66
456.93	24060.91
458.19	24379.56
459.45	24142.91
460.71	24066.65
461.97	24245.57
463.23	23924.30
464.48	24027.08
465.74	23858.03
467.00	23732.16
468.26	23834.96
469.51	23950.18
470.77	23939.70
472.03	23972.51
473.28	23731.00
474.54	24040.24
475.79	23705.76
477.05	23788.09
478.30	23785.80
479.56	23797.96
480.81	23708.92
482.06	23816.11
483.32	23598.89
484.57	23611.02
485.82	23306.79
487.08	23265.08
488.33	23732.25
489.58	23162.97
490.83	23381.98
492.08	23400.28
493.34	23410.30
494.59	23745.50
495.84	23370.28
497.09	23401.02
498.34	23234.87
499.59	23365.11
500.84	23445.64
502.08	23295.97
503.33	23341.25
504.58	23417.67
505.83	23373.75
507.08	23182.39
508.33	23362.67
509.57	23264.68
510.82	23494.93
512.07	23268.08
513.31	23519.23
514.56	23801.68
515.80	23772.31
517.05	23551.55
518.29	23644.86
519.54	23806.91
520.78	23544.35
522.03	23494.05
523.27	23397.91
524.51	23335.05
525.76	23138.80
527.00	23144.63
528.24	22846.08
529.49	23064.54
530.73	22859.68
531.97	22846.67
533.21	23200.92
534.45	23133.71
535.69	22947.46
536.93	23139.10
538.17	23449.90
539.41	23543.56
540.65	23666.52
541.89	23751.91
543.13	24023.43
544.37	23981.37
545.61	23851.43
546.85	23888.82
548.08	23788.10
549.32	24120.65
550.56	24015.75
551.80	23940.11
553.03	23977.56
554.27	23759.38
555.51	23673.14
556.74	23630.89
557.98	23838.14
559.21	23326.07
560.45	23245.93
561.68	23574.96
562.92	23200.98
564.15	23135.44
565.38	22945.97
566.62	23050.48
567.85	22715.93
569.08	23118.85
570.31	22908.16
571.55	23357.57
572.78	23310.88
574.01	22948.63
575.24	22857.63
576.47	22718.18
577.70	22902.84
578.93	22902.30
580.16	22893.33
581.39	22913.85
582.62	23105.05
583.85	22959.13
585.08	23260.05
586.31	23293.33
587.54	23029.22
588.77	22971.73
589.99	23215.98
591.22	22835.56
592.45	22765.32
593.67	22718.26
594.90	22772.57
596.13	22683.24
597.35	22756.59
598.58	23229.47
599.80	22897.03
601.03	22655.37
602.25	22807.04
603.48	22901.65
604.70	22911.66
605.93	23010.57
607.15	23094.71
608.37	23265.73
609.59	23140.24
610.82	23453.31
612.04	23605.46
613.26	23596.56
614.48	23776.38
615.71	24130.19
616.93	24431.15
618.15	24795.90
619.37	24963.44
620.59	25632.09
621.81	26133.30
623.03	26229.06
624.25	26858.13
625.47	26951.99
626.68	27139.41
627.90	27218.49
629.12	26834.01
630.34	26964.10
631.56	26430.42
632.77	26143.36
633.99	25621.99
635.21	25287.75
636.42	25047.04
637.64	24865.86
638.86	24578.06
640.07	24435.04
641.29	24413.46
642.50	24014.46
643.72	24415.06
644.93	24340.12
646.15	24314.22
647.36	23876.38
648.57	23989.12
649.79	24072.02
651.00	23896.51
652.21	23639.73
653.42	23506.76
654.64	23816.19
655.85	23539.96
657.06	23847.39
658.27	23496.17
659.48	23300.95
660.69	23278.99
661.90	23541.70
663.11	23384.89
664.32	23431.45
665.53	23321.66
666.74	23126.11
667.95	22966.90
669.16	23281.35
670.37	22941.98
671.57	23104.31
672.78	23249.55
673.99	23045.10
675.20	23190.39
676.40	23647.04
677.61	23966.47
678.81	23877.97
680.02	24173.98
681.23	24382.03
682.43	24340.85
683.64	24529.68
684.84	24292.83
686.05	24234.38
687.25	24238.30
688.45	24257.28
689.66	24028.73
690.86	24011.06
692.06	24159.21
693.27	23906.77
694.47	23529.24
695.67	23565.31
696.87	23174.58
698.07	23432.65
699.28	23125.81
700.48	23107.87
701.68	23392.00
702.88	22825.94
704.08	23261.24
705.28	23215.24
706.48	23575.25
707.68	23587.63
708.87	23643.23
710.07	23618.88
711.27	23345.91
712.47	23386.35
713.67	23589.02
714.86	23512.71
716.06	24083.37
717.26	23922.72
718.46	24368.19
719.65	24328.79
720.85	24722.58
722.04	24967.06
723.24	25668.90
724.43	26713.56
725.63	28250.86
726.82	29808.43
728.02	32839.57
729.21	36262.70
730.41	40583.75
731.60	45154.34
732.79	50007.21
733.99	53756.98
735.18	55681.70
736.37	54928.30
737.56	52264.21
738.75	47557.62
739.95	42605.24
741.14	37944.08
742.33	33933.30
743.52	31097.75
744.71	28857.18
745.90	27751.90
747.09	26798.51
748.28	26055.93
749.47	25953.47
750.66	25519.75
751.84	25314.67
753.03	24874.04
754.22	24540.04
755.41	24328.03
756.60	23961.02
757.78	24008.44
758.97	23940.20
760.16	23889.38
761.34	23467.31
762.53	23752.73
763.71	23710.57
764.90	23703.36
766.08	23532.19
767.27	23439.66
768.46	23471.73
769.64	23390.06
770.82	23474.64
772.01	23592.09
773.19	23414.07
774.37	23489.95
775.56	23741.07
776.74	23782.01
777.92	23621.39
779.10	23820.11
780.29	23922.47
781.47	23928.41
782.65	23894.86
783.83	24058.73
785.01	24106.38
786.19	24213.31
787.37	24138.09
788.55	24093.56
789.73	24125.88
790.91	23855.06
792.09	23748.90
793.27	23842.70
794.45	23866.19
795.62	23685.19
796.80	23675.65
797.98	23941.11
799.16	23887.62
800.33	23774.67
801.51	24051.34
802.69	24147.57
803.86	23853.99
805.04	23831.25
806.21	23806.29
807.39	24118.55
808.56	23952.54
809.74	24073.13
810.91	23889.38
812.09	24314.47
813.26	24163.79
814.43	24182.99
815.61	24049.86
816.78	24104.38
817.95	24158.92
819.13	24235.58
820.30	24263.65
821.47	24011.01
822.64	24063.36
823.81	24182.08
824.99	24541.96
826.16	24424.10
827.33	24556.26
828.50	24591.08
829.67	24446.57
830.84	24636.40
832.01	24467.46
833.18	24606.42
834.34	24703.34
835.51	24700.54
836.68	24640.09
837.85	24650.58
839.02	24638.89
840.18	24753.67
841.35	24817.45
842.52	25043.31
843.69	25062.78
844.85	25088.92
846.02	24710.75
847.18	25010.12
848.35	25220.73
849.52	24780.07
850.68	24966.26
851.84	24865.62
853.01	24551.36
854.17	24724.27
855.34	25110.92
856.50	24829.88
857.67	24938.40
858.83	24975.68
859.99	24899.37
861.15	24827.47
862.32	24996.25
863.48	25058.10
864.64	25075.37
865.80	25103.81
866.96	24826.61
868.12	24770.20
869.28	24992.76
870.44	25128.35
871.60	24772.73
872.76	25122.76
873.92	25090.91
875.08	24746.20
876.24	24877.41
877.40	25102.58
878.56	25055.03
879.72	25090.22
880.88	25378.23
882.03	25218.82
883.19	25198.11
884.35	24978.12
885.50	25275.33
886.66	25335.24
887.82	25442.23
888.97	25271.38
890.13	25380.64
891.28	25256.78
892.44	25058.86
893.59	25118.79
894.75	24920.73
895.90	25000.85
897.06	24777.97
898.21	24891.77
899.37	24765.32
900.52	24656.79
901.67	24721.20
902.82	24673.27
903.98	25005.20
905.13	24808.92
906.28	24945.38
907.43	24958.18
908.58	24982.24
909.74	25157.08
910.89	25307.25
912.04	25022.94
913.19	24947.94
914.34	25167.97
915.49	25426.42
916.64	25407.79
917.79	25206.56
918.94	25659.08
920.08	25435.26
921.23	25407.58
922.38	25646.12
923.53	25634.27
924.68	25647.24
925.82	25716.66
926.97	25309.60
928.12	25970.78
929.26	25730.78
930.41	25538.12
931.56	25754.51
932.70	25869.25
933.85	25814.43
934.99	25917.93
936.14	25838.20
937.28	25824.06
938.43	25775.96
939.57	25705.20
940.72	25749.89
941.86	25939.58
943.00	25753.24
944.15	25943.01
945.29	25908.45
946.43	26281.99
947.57	26227.08
948.72	26460.22
949.86	26353.14
951.00	26550.10
952.14	26912.86
953.28	27066.90
954.42	27121.08
955.56	27420.62
956.70	27409.02
957.17	28601.35
958.32	28792.42
959.47	29143.31
960.63	29224.33
961.78	29413.42
962.93	29780.46
964.08	29737.83
965.23	30019.53
966.38	30080.57
967.53	29790.10
968.68	29896.19
969.83	29844.52
970.98	29804.10
972.12	29044.16
973.27	28874.94
974.42	28662.77
975.57	27859.14
976.71	27940.12
977.86	27393.38
979.01	27341.03
980.16	27482.94
981.30	26987.68
982.45	27152.18
983.59	27077.11
984.74	26902.51
985.89	26825.09
987.03	27143.54
988.18	26771.97
989.32	26547.34
990.46	26827.46
991.61	26727.28
992.75	27000.78
993.90	27190.58
995.04	27187.86
996.18	27198.73
997.32	27372.84
998.47	27585.58
999.61	27859.65
1000.75	27804.90
1001.89	27756.93
1003.03	27606.79
1004.17	27481.56
1005.32	27285.88
1006.46	27226.38
1007.60	27600.78
1008.74	27457.25
1009.88	27661.40
1011.02	27929.31
1012.16	27942.66
1013.29	28308.56
1014.43	28205.97
1015.57	28244.42
1016.71	28180.47
1017.85	27979.88
1018.99	28200.48
1020.12	28484.95
1021.26	28263.79
1022.40	28361.55
1023.53	28140.25
1024.67	28276.79
1025.81	28490.91
1026.94	28908.14
1028.08	28830.49
1029.21	28631.87
1030.35	28697.91
1031.48	28588.19
1032.62	28268.34
1033.75	28288.66
1034.88	27881.76
1036.02	27694.05
1037.15	27462.82
1038.28	27334.37
1039.42	27530.57
1040.55	27459.25
1041.68	27307.82
1042.81	27442.37
1043.95	27309.18
1045.08	27175.92
1046.21	27058.63
1047.34	27021.45
1048.47	26883.44
1049.60	27029.53
1050.73	26978.57
1051.86	26934.45
1052.99	26972.87
1054.12	27252.15
1055.25	26535.84
1056.38	26771.55
1057.51	26961.46
1058.64	26974.67
1059.76	27325.46
1060.89	27028.67
1062.02	27016.63
1063.15	26662.17
1064.27	26728.19
1065.40	27109.22
1066.53	27221.37
1067.65	26885.02
1068.78	27015.57
1069.90	26916.05
1071.03	26998.33
1072.16	27087.55
1073.28	27215.96
1074.41	26992.01
1075.53	26763.33
1076.65	26458.50
1077.78	27089.39
1078.90	26798.33
1080.02	26580.92
1081.15	26778.62
1082.27	26764.14
1083.39	26666.57
1084.51	26799.79
1085.64	26997.72
1086.76	27008.68
1087.88	26931.87
1089.00	27217.76
1090.12	27023.09
1091.24	27348.44
1092.36	27371.05
1093.48	27504.67
1094.60	27143.33
1095.72	27295.48
1096.84	27218.57
1097.96	27102.28
1099.08	27108.64
1100.20	27332.71
1101.32	27123.70
1102.44	27018.85
1103.55	27097.05
1104.67	27124.28
1105.79	26970.66
1106.91	27116.15
1108.02	26899.82
1109.14	27163.70
1110.25	27251.31
1111.37	27441.10
1112.49	27433.61
1113.60	27477.22
1114.72	27367.52
1115.83	27425.07
1116.95	27903.31
1118.06	27712.27
1119.17	27695.53
1120.29	27769.48
1121.40	28148.21
1122.52	27789.51
1123.63	28289.45
1124.74	28277.47
1125.85	28037.30
1126.97	28525.99
1128.08	27968.94
1129.19	28453.18
1130.30	28436.56
1131.41	28273.06
1132.52	28559.52
1133.64	28454.28
1134.75	28568.27
1135.86	28784.99
1136.97	28362.30
1138.08	28709.80
1139.19	28683.86
1140.29	28611.19
1141.40	28400.64
1142.51	28547.52
1143.62	28411.65
1144.73	28729.25
1145.84	29070.38
1146.94	29016.40
1148.05	28555.32
1149.16	28445.03
1150.27	28786.41
1151.37	28664.41
1152.48	28570.45
1153.58	28806.69
1154.69	28827.51
1155.80	28843.66
1156.90	29122.32
1158.01	29555.83
1159.11	29213.38
1160.21	29403.18
1161.32	29309.21
1162.42	29611.76
1163.53	29524.82
1164.63	29660.88
1165.73	29653.75
1166.84	29980.15
1167.94	30311.39
1169.04	30071.77
1170.14	30450.20
1171.25	30476.15
1172.35	30610.29
1173.45	30984.40
1174.55	31316.34
1175.65	31086.01
1176.75	30973.26
1177.85	31427.85
1178.95	31376.35
1180.05	31986.70
1181.15	31947.08
1182.25	32143.09
1183.35	32398.13
1184.45	32247.76
1185.55	32462.84
1186.65	32597.83
1187.74	32341.23
1188.84	32436.13
1189.94	32575.91
1191.04	32321.48
1192.13	32765.94
1193.23	32948.41
1194.33	32599.38
1195.42	32961.49
1196.52	32886.48
1197.61	32761.79
1198.71	32897.17
1199.80	32696.72
1200.90	32508.01
1202.00	32704.94
1203.09	32340.98
1204.18	32305.94
1205.28	32244.82
1206.37	32280.80
1207.46	32423.41
1208.56	32144.25
1209.65	32289.26
1210.74	32571.84
1211.84	32169.20
1212.93	32686.72
1214.02	32568.62
1215.11	32906.11
1216.20	33115.57
1217.29	33144.69
1218.38	32789.10
1219.47	32951.17
1220.57	33189.34
1221.66	33223.24
1222.75	33513.88
1223.83	33552.63
1224.92	34036.10
1226.01	33841.87
1227.10	33816.47
1228.19	34114.71
1229.28	34094.12
1230.37	34275.90
1231.46	34138.64
1232.54	34425.31
1233.63	34242.75
1234.72	34119.67
1235.80	34258.75
1236.89	34405.04
1237.98	34193.67
1239.06	34041.83
1240.15	33720.52
1241.23	34119.78
1242.32	33939.16
1243.40	33529.25
1244.49	33618.28
1245.57	33831.55
1246.66	33512.11
1247.74	33252.27
1248.83	33085.53
1249.91	33023.91
1250.99	33136.84
1252.08	33101.51
1253.16	33231.25
1254.24	33384.98
1255.32	33524.42
1256.40	33467.59
1257.49	33789.11
1258.57	34002.99
1259.65	34298.43
1260.73	34502.94
1261.81	34669.19
1262.89	34976.97
1263.97	34994.71
1265.05	35118.00
1266.13	35694.81
1267.21	35823.12
1268.29	36361.95
1269.37	36545.69
1270.45	36580.61
1271.53	36807.72
1272.60	36657.70
1273.68	36990.67
1274.76	36847.83
1275.84	36488.54
1276.92	36533.09
1277.99	35711.70
1279.07	36027.97
1280.14	35367.31
1281.22	35529.59
1282.30	35244.11
1283.37	35025.91
1284.45	35108.73
1285.52	34683.19
1286.60	35023.82
1287.67	34892.14
1288.75	35069.02
1289.82	35530.54
1290.90	35319.28
1291.97	35735.23
1293.04	35750.77
1294.12	35773.54
1295.19	35832.54
1296.26	36454.26
1297.33	36559.34
1298.41	36681.38
1299.48	36757.54
1300.55	37198.75
1301.62	37086.48
1302.69	37032.20
1303.76	37147.21
1304.83	37184.85
1305.91	37205.56
1306.98	36914.03
1308.04	36966.15
1309.12	36810.04
1310.18	36929.98
1311.25	37139.63
1312.32	37262.12
1313.39	37629.48
1314.46	37550.91
1315.53	37695.40
1316.60	37895.74
1317.66	38057.36
1318.73	38221.46
1319.80	38145.34
1320.87	38122.60
1321.93	38082.84
1323.00	38458.42
1324.07	38272.94
1325.13	38084.94
1326.20	37986.78
1327.26	38391.84
1328.33	38378.82
1329.39	38246.60
1330.46	39029.10
1331.52	39303.36
1332.59	40320.13
1333.65	40402.46
1334.71	40816.02
1335.78	41448.98
1336.84	41865.40
1337.90	42096.80
1338.97	42255.19
1340.03	43118.22
1341.09	42625.82
1342.15	42855.15
1343.22	42325.86
1344.28	41862.20
1345.34	41593.59
1346.40	41500.62
1347.46	40687.25
1348.52	40337.57
1349.58	39479.57
1350.64	38955.94
1351.70	37852.80
1352.76	37702.60
1353.82	37589.00
1354.88	36751.38
1355.94	36872.36
1357.00	36555.39
1358.06	36607.84
1359.12	36280.86
1360.17	36254.91
1361.23	36503.26
1362.29	36697.82
1363.35	36556.78
1364.40	37021.04
1365.46	37250.16
1366.52	37535.79
1367.57	37689.10
1368.63	37967.59
1369.68	38152.96
1370.74	38657.48
1371.79	38742.44
1372.85	38844.62
1373.90	38905.09
1374.96	39090.88
1376.01	39470.85
1377.07	39519.21
1378.12	39397.98
1379.17	39050.47
1380.23	38786.42
1381.28	38261.49
1382.33	37974.98
1383.39	37048.48
1384.44	36340.62
1385.49	35905.74
1386.54	35544.54
1387.59	35136.37
1388.65	35021.20
1389.70	35039.06
1390.75	34867.12
1391.80	34793.72
1392.85	35366.40
1393.90	35603.88
1394.95	35917.94
1396.00	36540.61
1397.05	36729.14
1398.10	36860.96
1399.15	36866.90
1400.20	36924.71
1401.25	36745.36
1402.29	36321.28
1403.34	35901.95
1404.39	35695.04
1405.44	35228.38
1406.48	34336.07
1407.53	33901.05
1408.58	33421.28
1409.63	33124.45
1410.67	32713.59
1411.72	32569.98
1412.76	31955.71
1413.81	31881.23
1414.85	31799.27
1415.90	32049.39
1416.94	31722.00
1417.99	32230.10
1419.03	31852.99
1420.08	32041.32
1421.12	32083.33
1422.17	32033.54
1423.21	32286.57
1424.25	32502.47
1425.30	32961.85
1426.34	33028.95
1427.38	33364.42
1428.42	33391.86
1429.47	34217.27
1430.51	34200.16
1431.55	34735.14
1432.59	34917.14
1433.63	35544.58
1434.67	35672.08
1435.71	35849.42
1436.75	35947.17
1437.79	36236.71
1438.83	36376.93
1439.88	36502.26
1440.91	36545.40
1441.95	36511.29
1442.99	36719.00
1444.03	36986.64
1445.07	37226.97
1446.11	37844.12
1447.15	37855.16
1448.18	38193.18
1449.22	38860.89
1450.26	39034.47
1451.30	39178.15
1452.33	39749.09
1453.37	39715.58
1454.41	39974.47
1455.44	39441.01
1456.48	39659.94
1457.52	39043.63
1458.55	39185.01
1459.59	38968.64
1460.62	38216.59
1461.66	38034.95
1462.69	37492.67
1463.73	37618.82
1464.76	37236.50
1465.79	37167.21
1466.83	36980.10
1467.86	36499.62
1468.89	36259.61
1469.93	36034.54
1470.96	36065.21
1471.99	35453.61
1473.02	35336.10
1474.06	35344.04
1475.09	34849.86
1476.12	34388.09
1477.15	34501.30
1478.18	34390.97
1479.21	34009.19
1480.24	33999.23
1481.27	34192.89
1482.30	33921.44
1483.33	34198.16
1484.36	34500.16
1485.39	34029.81
1486.42	33780.71
1487.45	34055.13
1488.48	34198.72
1489.51	33717.79
1490.54	33831.14
1491.57	34055.40
1492.59	33889.13
1493.62	33952.16
1494.65	33848.82
1495.68	33894.21
1496.70	34030.44
1497.73	33755.46
1498.76	33727.68
1499.78	34045.68
1500.81	34002.79
1501.83	34070.99
1502.86	34404.43
1503.89	34321.16
1504.91	34174.68
1505.94	34665.06
1506.96	34475.60
1507.99	34554.09
1509.01	34435.33
1510.03	34473.37
1511.06	34519.00
1512.08	34711.45
1513.10	35058.40
1514.13	35220.66
1515.15	35086.68
1516.17	34988.10
1517.20	35130.17
1518.22	35034.08
1519.24	35224.39
1520.26	34811.34
1521.28	34763.29
1522.30	34839.51
1523.33	34598.61
1524.35	34986.95
1525.37	34512.46
1526.39	35065.97
1527.41	35243.89
1528.43	35178.06
1529.45	35043.60
1530.47	35020.89
1531.49	34932.07
1532.50	35110.15
1533.52	35405.27
1534.54	35214.74
1535.56	35008.86
1536.58	35545.86
1537.60	35770.06
1538.61	35347.79
1539.63	34988.97
1540.65	35483.14
1541.67	35450.24
1542.68	35493.75
1543.70	35654.51
1544.72	35891.80
1545.73	35902.29
1546.75	36341.20
1547.76	36066.11
1548.78	36176.13
1549.79	35898.32
1550.81	35839.89
1551.82	35766.12
1552.84	35692.30
1553.85	35794.68
1554.87	35935.43
1555.88	35669.95
1556.89	35652.27
1557.91	35519.54
1558.92	35248.67
1559.93	35169.49
1560.95	35023.77
1561.96	34893.33
1562.97	35241.38
1563.98	35013.65
1565.00	34982.96
1566.01	35154.55
1567.02	34947.14
1568.03	34993.26
1569.04	35182.89
1570.05	35295.72
1571.06	35488.06
1572.07	35283.04
1573.08	35737.06
1574.09	35637.18
1575.10	35475.66
1576.11	35604.08
1577.12	35522.05
1578.13	35581.21
1579.14	35804.74
1580.15	35337.39
1581.16	35188.43
1582.16	35388.88
1583.17	35224.43
1584.18	34982.78
1585.19	35319.60
1586.19	35072.71
1587.20	35016.08
1588.21	34985.16
1589.21	34609.33
1590.22	35131.78
1591.23	35229.59
1592.23	34853.56
1593.24	34683.45
1594.24	34866.25
1595.25	34600.70
1596.25	34288.63
1597.26	34412.16
1598.26	34515.10
1599.27	34563.91
1600.27	34238.65
1601.27	34024.21
1602.28	34263.94
1603.28	33726.70
1604.29	34033.60
1605.29	33756.93
1606.29	33710.04
1607.29	33125.68
1608.30	33197.52
1609.30	33132.39
1610.30	33139.61
1611.30	32924.43
1612.30	32830.73
1613.30	32641.25
1614.30	32371.46
1615.31	32562.29
1616.31	32162.91
1617.31	32263.14
1618.31	31666.67
1619.31	31398.95
1620.31	31822.98
1621.31	31417.80
1622.31	31307.98
1623.30	30894.74
1624.30	30470.94
1625.30	30295.98
1626.30	30180.62
1627.30	30628.36
1628.30	30219.69
1629.29	29935.47
1630.29	29640.74
1631.29	29574.44
1632.29	29897.82
1633.28	29304.04
1634.28	29097.27
1635.28	29275.17
1636.27	28896.68
1637.27	28577.84
1638.26	28355.12
1639.26	28663.09
1640.26	28088.94
1641.25	27751.42
1642.25	27614.23
1643.24	27372.82
1644.24	27652.25
1645.23	27254.41
1646.22	27182.13
1647.22	26664.12
1648.21	26995.76
1649.21	26399.25
1650.20	26603.18
1651.19	26402.85
1652.18	26108.49
1653.18	25902.73
1654.17	25942.27
1655.16	25705.05
1656.15	25794.18
1657.15	25470.62
1658.14	25557.12
1659.13	25115.77
1660.12	25027.10
1661.11	24773.68
1662.10	24888.85
1663.09	24598.67
1664.08	24549.04
1665.07	24242.96
1666.06	23847.76
1667.05	24222.00
1668.04	23957.54
1669.03	23881.51
1670.02	23423.02
1671.01	23944.21
1672.00	23425.25
1672.98	23325.45
1673.97	23498.26
1674.96	23314.52
1675.95	23379.86
1676.94	23707.57
1677.92	23269.22
1678.91	23219.11
1679.90	23260.85
1680.88	23092.56
1681.87	23060.76
1682.86	23031.57
1683.84	22852.61
1684.83	22994.17
1685.81	22773.06
1686.80	22785.84
1687.78	22774.95
1688.77	22487.89
1689.75	22466.41
1690.74	22602.80
1691.72	22512.90
1692.71	22486.15
1693.69	22277.70
1694.67	22419.42
1695.66	22382.08
1696.64	22444.84
1697.62	22381.14
1698.61	22320.04
1699.59	22319.55
1700.57	21976.26
1701.55	22228.89
1702.54	22170.34
1703.52	22048.43
1704.50	21886.88
1705.48	21825.57
1706.46	22004.51
1707.44	21599.88
1708.42	21630.91
1709.40	21627.61
1710.38	21996.92
1711.36	21565.50
1712.34	21667.93
1713.32	21466.31
1714.30	21055.65
1715.28	21504.58
1716.26	21376.88
1717.24	21061.21
1718.22	21147.77
1719.20	21141.70
1720.18	20846.96
1721.15	20846.12
1722.13	20818.77
1723.11	20666.87
1724.09	20761.40
1725.06	20683.64
1726.04	20621.77
1727.02	20803.86
1727.99	20832.17
1728.97	20518.21
1729.95	20575.67
1730.92	20699.50
1731.90	20735.78
1732.87	20426.83
1733.85	20226.66
1734.82	20549.78
1735.80	20038.64
1736.77	20090.75
1737.75	20347.58
1738.72	19963.70
1739.70	19949.33
1740.67	20123.82
1741.64	19771.57
1742.62	19810.38
1743.59	19809.27
1744.56	19826.79
1745.54	19479.50
1746.51	19185.33
1747.48	19703.58
1748.45	19518.58
1749.42	19893.19
1750.40	19438.90
1751.37	19483.03
1752.34	19428.50
1753.31	19331.26
1754.28	19602.17
1755.25	19542.29
1756.22	19621.17
1757.19	19294.29
1758.16	19178.22
1759.13	19163.60
1760.10	19231.78
1761.07	19123.64
1762.04	18769.57
1763.01	18869.78
1763.98	18705.34
1764.95	18974.06
1765.92	18723.98
1766.89	18917.90
1767.85	18622.20
1768.82	18781.39
1769.79	18785.37
1770.76	18642.08
1771.72	18461.23
1772.69	18733.03
1773.66	18568.19
1774.62	18422.05
1775.59	18594.82
1776.56	18475.43
1777.52	18581.25
1778.49	18456.43
1779.46	18495.22
1780.42	18525.97
1781.38	18430.58
1782.35	18184.82
1783.32	18451.81
1784.28	18318.75
1785.24	18346.80
1786.21	18305.00
1787.17	18166.45
1788.14	18218.67
1789.10	18437.60
1790.06	18229.06
1791.03	18165.68
1791.99	17844.01
1792.95	18019.99
1793.91	17881.16
1794.88	18014.14
1795.84	18128.34
1796.80	18234.51
1797.76	18109.07
1798.72	17983.57
1799.69	18065.52
1800.65	17942.66
1801.61	17835.91
1802.57	18171.34
1803.53	17954.03
1804.49	17841.82
1805.45	17686.40
1806.41	17830.46
1807.37	18077.16
1808.33	17740.80
1809.29	17763.44
1810.25	17780.70
1811.21	17689.89
1812.16	17715.24
1813.12	17616.28
1814.08	17936.28
1815.04	17694.01
1816.00	17835.67
1816.96	17482.37
1817.91	17870.25
1818.87	17687.29
1819.83	17596.29
1820.78	17694.75
1821.74	17590.17
1822.70	17740.13
1823.65	17668.02
1824.61	17552.52
1825.56	17537.25
1826.52	17635.82
1827.48	17406.37
1828.43	17635.12
1829.39	17429.98
1830.34	17525.89
1831.30	17456.32
1832.25	17422.00
1833.21	17409.38
1834.16	17312.58
1835.11	17514.48
1836.07	17268.26
1837.02	17366.99
1837.97	17185.85
1838.93	17550.98
1839.88	17310.00
1840.83	17253.82
1841.78	17222.09
1842.74	17312.77
1843.69	17172.20
1844.64	17328.22
1845.59	17171.27
1846.54	16987.01
1847.49	17107.69
1848.45	17130.36
1849.40	17084.92
1850.35	17066.72
1851.30	17217.49
1852.25	16913.06
1853.20	17039.32
1854.15	17034.72
1855.10	17177.43
1856.05	17254.71
1857.00	16969.06
1857.95	17106.38
1858.89	16976.20
1859.84	17124.50
1860.79	16983.35
1861.74	16978.72
1862.69	17069.73
1863.64	16761.76
1864.58	16762.55
1865.53	16801.62
1866.48	16911.81
1867.42	16948.19
1868.37	16782.13
1869.32	16667.98
1870.26	16668.75
1871.21	16757.13
1872.16	16949.59
1873.10	16662.84
1874.05	16671.82
1874.99	16639.71
1875.94	16404.78
1876.88	16698.79
1877.83	16578.92
1878.77	16511.11
1879.72	16917.78
1880.66	16863.72
1881.61	16576.41
1882.55	16514.02
1883.49	16649.26
1884.44	16504.49
1885.38	16623.31
1886.32	16527.92
1887.27	16476.44
1888.21	16578.84
1889.15	16477.87
1890.09	16506.08
1891.04	16383.06
1891.98	16592.78
1892.92	16549.51
1893.86	16393.40
1894.80	16245.48
1895.74	16392.04
1896.69	16277.09
1897.63	16385.16
1898.57	16187.54
1899.51	16433.38
1900.45	16321.10
1901.39	16357.61
1902.33	16184.62
1903.27	16472.02
1904.21	16150.06
1905.14	16335.51
1906.08	16192.72
1907.02	16331.34
1907.96	16061.52
1908.90	16037.29
1909.84	15977.15
1910.78	16300.90
1911.71	16141.34
1912.65	16050.79
1913.59	16239.33
1914.53	16129.42
1915.46	15958.62
1916.40	15978.57
1917.33	15879.59
1918.27	15938.27
1919.21	16002.50
1920.14	15933.90
1921.08	15992.62
1922.02	15683.10
1922.95	15691.94
1923.89	15991.64
1924.82	16014.40
1925.76	15962.35
1926.69	15782.77
1927.63	15994.02
1928.56	15844.88
1929.49	15848.21
1930.43	15796.07
1931.36	15807.72
1932.29	15505.76
1933.23	15842.13
1934.16	15881.56
1935.09	15809.93
1936.03	15641.04
1936.96	15844.37
1937.89	15450.34
1938.82	15589.78
1939.75	15654.23
1940.69	15646.40
1941.62	15724.79
1942.55	15755.92
1943.48	15798.20
1944.41	15667.95
1945.34	15760.32
1946.27	15565.97
1947.20	15477.36
1948.13	15580.89
1949.06	15442.10
1949.99	15467.65
1950.92	15275.82
1951.85	15435.15
1952.78	15388.21
1953.71	15344.05
1954.64	15129.71
1955.57	15199.87
1956.49	15097.03
1957.42	15490.98
1958.35	15323.95
1959.28	15262.96
1960.21	15358.35
1961.13	15328.07
1962.06	15202.78
1962.99	15222.76
1963.91	15273.50
1964.84	15150.91
1965.77	15235.21
1966.69	15353.10
1967.62	14970.27
1968.54	15320.42
1969.47	15242.49
1970.39	14932.17
1971.32	15164.93
1972.25	15196.15
1973.17	15120.93
1974.09	14885.97
1975.02	15141.33
1975.94	14976.36
1976.87	15108.49
1977.79	15198.62
1978.71	15072.81
1979.64	15317.27
1980.56	15023.08
1981.48	15214.30
1982.41	15268.05
1983.33	14962.43
1984.25	14886.96
1985.17	14763.72
1986.10	14808.99
1987.02	15036.93
1987.94	14716.89
1988.86	14877.44
1989.78	15063.37
1990.70	14880.94
1991.63	14850.34
1992.55	14622.76
1993.47	14701.85
1994.39	14668.38
1995.31	14665.86
1996.23	14657.71
1997.15	14829.82
1998.07	14892.13
1998.98	14895.29
1999.90	14441.61
