398.66	24021.92
399.93	23665.78
401.21	23460.02
402.48	23555.36
403.75	23650.74
405.03	23705.45
406.30	23409.89
407.57	23201.79
408.84	23166.78
410.11	23421.14
411.38	23068.16
412.65	23049.39
413.92	23067.34
415.19	22948.61
416.46	23378.70
417.73	23335.51
419.00	23002.40
420.27	23118.37
421.54	23044.44
422.81	22980.69
424.08	22831.08
425.34	22916.45
426.61	22817.87
427.88	22846.02
429.14	22943.73
430.41	23033.30
431.68	22781.17
432.94	22856.41
434.21	22958.31
435.47	23033.63
436.74	23033.20
438.00	22838.13
439.26	22890.94
440.53	23120.05
441.79	22976.12
443.06	22774.69
444.32	22911.63
445.58	22695.73
446.84	22867.61
448.11	22963.61
449.37	22891.29
450.63	22773.76
451.89	22921.16
453.15	22552.89
454.41	22498.90
455.67	22469.55
456.93	22672.54
458.19	22824.21
459.45	22685.88
460.71	22491.93
461.97	22460.48
463.23	22424.89
464.48	22586.98
465.74	22335.14
467.00	22604.41
468.26	22397.78
469.51	22512.61
470.77	22623.36
472.03	22546.51
473.28	22603.69
474.54	22105.90
475.79	22427.16
477.05	22535.96
478.30	22326.85
479.56	22720.67
480.81	22348.31
482.06	22560.50
483.32	22280.92
484.57	22478.73
485.82	22414.03
487.08	22185.92
488.33	22390.05
489.58	22308.73
490.83	22492.29
492.08	22557.93
493.34	22244.67
494.59	22192.23
495.84	22005.10
497.09	22163.94
498.34	22424.42
499.59	22334.64
500.84	22360.96
502.08	22476.47
503.33	22388.72
504.58	22381.86
505.83	22439.34
507.08	22486.47
508.33	22425.63
509.57	22352.29
510.82	22237.37
512.07	22182.65
513.31	22477.14
514.56	22721.87
515.80	22359.43
517.05	22824.74
518.29	22878.30
519.54	23281.53
520.78	22973.00
522.03	22810.07
523.27	22674.14
524.51	22663.13
525.76	22395.82
527.00	22207.58
528.24	22284.02
529.49	22172.81
530.73	22228.41
531.97	22434.25
533.21	22239.53
534.45	22393.29
535.69	22304.93
536.93	22266.65
538.17	22307.73
539.41	22956.82
540.65	22661.62
541.89	22554.40
543.13	22829.76
544.37	22617.96
545.61	22408.15
546.85	22537.21
548.08	22919.56
549.32	22759.91
550.56	22884.95
551.80	22945.12
553.03	22680.61
554.27	22832.96
555.51	22599.73
556.74	22529.90
557.98	22764.10
559.21	22543.27
560.45	22372.68
561.68	22128.55
562.92	22537.09
564.15	22471.34
565.38	22185.06
566.62	22093.99
567.85	22433.58
569.08	22184.90
570.31	22207.27
571.55	22303.23
572.78	22010.18
574.01	22183.97
575.24	22218.97
576.47	21986.71
577.70	22103.78
578.93	22022.98
580.16	22074.83
581.39	22004.51
582.62	22031.09
583.85	21979.69
585.08	22299.31
586.31	22163.60
587.54	21947.68
588.77	22039.67
589.99	22097.94
591.22	22029.59
592.45	22368.67
593.67	22361.59
594.90	22310.15
596.13	22186.85
597.35	21957.83
598.58	21952.75
599.80	22044.93
601.03	22122.35
602.25	22068.65
603.48	22040.31
604.70	22177.04
605.93	22025.94
607.15	22058.97
608.37	22229.68
609.59	22144.14
610.82	22372.17
612.04	22504.92
613.26	22474.51
614.48	22637.03
615.71	22791.15
616.93	22786.24
618.15	23407.31
619.37	23404.66
620.59	23321.33
621.81	23832.55
623.03	24358.88
624.25	24386.20
625.47	24332.77
626.68	24717.19
627.90	24610.66
629.12	24510.46
630.34	24578.25
631.56	24233.31
632.77	23956.30
633.99	23830.29
635.21	23372.06
636.42	23586.60
637.64	23569.05
638.86	23351.20
640.07	23276.03
641.29	23200.82
642.50	23004.04
643.72	23342.49
644.93	23026.18
646.15	23004.18
647.36	22753.79
648.57	22765.87
649.79	22831.34
651.00	22937.42
652.21	22556.44
653.42	22673.19
654.64	22655.33
655.85	22885.46
657.06	23019.48
658.27	22781.37
659.48	22699.32
660.69	22681.44
661.90	22109.14
663.11	22671.33
664.32	22415.71
665.53	22224.22
666.74	22544.72
667.95	22445.33
669.16	22680.29
670.37	22413.63
671.57	22277.66
672.78	22456.97
673.99	22533.38
675.20	22373.73
676.40	22587.54
677.61	22127.20
678.81	22706.17
680.02	22879.39
681.23	22900.13
682.43	23026.19
683.64	22831.98
684.84	22575.31
686.05	22604.58
687.25	22683.36
688.45	22411.39
689.66	22625.76
690.86	21841.24
692.06	22451.81
693.27	22313.07
694.47	22333.71
695.67	22218.58
696.87	21989.14
698.07	22268.44
699.28	22030.28
700.48	22076.74
701.68	22026.13
702.88	22322.96
704.08	22442.92
705.28	22269.28
706.48	22197.06
707.68	22183.13
708.87	22151.91
710.07	22161.74
711.27	22026.72
712.47	22315.46
713.67	22693.02
714.86	22722.45
716.06	22589.59
717.26	22655.80
718.46	22620.29
719.65	22881.42
720.85	23276.98
722.04	23590.39
723.24	24090.32
724.43	24332.54
725.63	24991.15
726.82	26203.07
728.02	28476.27
729.21	30067.13
730.41	32459.53
731.60	35460.88
732.79	37512.68
733.99	39469.90
735.18	40328.90
736.37	39258.88
737.56	37497.24
738.75	35050.00
739.95	32275.43
741.14	29786.60
742.33	27864.35
743.52	26744.09
744.71	25858.34
745.90	24985.22
747.09	24638.63
748.28	24226.54
749.47	23923.17
750.66	23700.27
751.84	23540.47
753.03	23225.81
754.22	23259.90
755.41	23270.00
756.60	22998.68
757.78	22596.29
758.97	22686.99
760.16	22893.45
761.34	22866.35
762.53	23103.52
763.71	22962.84
764.90	22865.79
766.08	22615.69
767.27	22492.28
768.46	22661.84
769.64	22682.74
770.82	22552.68
772.01	22365.66
773.19	22530.97
774.37	22532.15
775.56	22730.42
776.74	22836.79
777.92	22660.56
779.10	22725.31
780.29	22908.47
781.47	22881.22
782.65	23007.47
783.83	22997.78
785.01	23080.24
786.19	22908.14
787.37	22823.77
788.55	22998.46
789.73	23087.57
790.91	22902.13
792.09	22683.63
793.27	22801.29
794.45	22584.86
795.62	22640.99
796.80	22650.95
797.98	22874.31
799.16	23205.61
800.33	23052.83
801.51	23170.77
802.69	22835.13
803.86	22743.82
805.04	22969.71
806.21	23092.14
807.39	23007.44
808.56	22785.99
809.74	22793.79
810.91	23152.30
812.09	22804.97
813.26	23013.58
814.43	23092.06
815.61	23216.94
816.78	22970.88
817.95	22941.16
819.13	23242.84
820.30	23219.80
821.47	22966.86
822.64	23246.64
823.81	23285.50
824.99	23204.92
826.16	23177.41
827.33	22862.18
828.50	23461.02
829.67	23234.27
830.84	23040.62
832.01	23103.85
833.18	23370.95
834.34	23084.11
835.51	23457.73
836.68	23470.11
837.85	23320.59
839.02	23286.35
840.18	23287.59
841.35	23572.92
842.52	23516.51
843.69	23633.26
844.85	23434.69
846.02	23562.59
847.18	23606.10
848.35	23460.72
849.52	23759.88
850.68	23803.46
851.84	23046.38
853.01	23494.70
854.17	23260.10
855.34	23414.88
856.50	23667.69
857.67	23426.28
858.83	23456.48
859.99	23531.24
861.15	23418.86
862.32	23551.60
863.48	23526.11
864.64	23583.11
865.80	23468.40
866.96	23648.11
868.12	23651.62
869.28	23583.71
870.44	23680.96
871.60	23635.35
872.76	23594.18
873.92	23454.69
875.08	23838.03
876.24	23727.58
877.40	23816.05
878.56	23774.86
879.72	23700.10
880.88	23992.21
882.03	23830.18
883.19	23663.60
884.35	23671.57
885.50	23816.14
886.66	23828.62
887.82	24251.11
888.97	23972.37
890.13	23722.63
891.28	23966.02
892.44	23601.80
893.59	23688.25
894.75	24023.79
895.90	23874.74
897.06	23667.27
898.21	23452.96
899.37	23312.65
900.52	23457.55
901.67	23577.80
902.82	23747.54
903.98	23665.60
905.13	23732.02
906.28	23847.94
907.43	23538.77
908.58	23692.94
909.74	23507.36
910.89	23463.51
912.04	23428.64
913.19	23686.51
914.34	23764.29
915.49	23952.51
916.64	23791.51
917.79	24099.29
918.94	23692.48
920.08	23847.02
921.23	23814.41
922.38	24084.12
923.53	24058.31
924.68	24224.36
925.82	24273.07
926.97	24452.79
928.12	24255.36
929.26	24227.29
930.41	24007.12
931.56	24412.97
932.70	24136.21
933.85	24445.04
934.99	24251.84
936.14	24241.81
937.28	24107.31
938.43	24076.87
939.57	24127.92
940.72	24081.62
941.86	24069.26
943.00	24127.13
944.15	24305.14
945.29	24428.83
946.43	24516.30
947.57	24504.02
948.72	24566.58
949.86	24395.48
951.00	24421.74
952.14	24674.99
953.28	24712.67
954.42	24943.40
955.56	25219.66
956.70	25618.74
957.17	25907.39
958.32	26104.59
959.47	25912.66
960.63	26307.97
961.78	26741.73
962.93	26754.69
964.08	26740.63
965.23	27055.41
966.38	26919.76
967.53	27052.21
968.68	26952.55
969.83	26658.97
970.98	26543.40
972.12	26044.34
973.27	26079.72
974.42	25814.99
975.57	25656.23
976.71	25445.47
977.86	25291.06
979.01	25235.96
980.16	24900.70
981.30	24874.85
982.45	25007.22
983.59	24911.30
984.74	24849.27
985.89	24898.03
987.03	25055.40
988.18	25000.14
989.32	24953.91
990.46	24952.93
991.61	25330.12
992.75	25161.62
993.90	25434.81
995.04	25433.95
996.18	25523.74
997.32	25599.97
998.47	25408.66
999.61	25652.75
1000.75	25386.49
1001.89	25698.76
1003.03	25264.43
1004.17	25288.48
1005.32	25171.77
1006.46	25159.47
1007.60	25401.62
1008.74	25232.58
1009.88	25481.68
1011.02	25471.71
1012.16	25625.47
1013.29	25451.78
1014.43	25487.30
1015.57	25759.50
1016.71	25767.79
1017.85	25496.07
1018.99	25445.10
1020.12	25446.49
1021.26	25682.55
1022.40	25168.99
1023.53	25343.55
1024.67	25518.19
1025.81	25325.76
1026.94	25593.99
1028.08	25540.67
1029.21	25601.41
1030.35	25760.33
1031.48	25512.94
1032.62	25630.81
1033.75	25401.55
1034.88	25096.78
1036.02	24976.98
1037.15	24966.82
1038.28	24977.24
1039.42	24887.05
1040.55	24986.66
1041.68	24713.40
1042.81	24801.57
1043.95	24741.00
1045.08	24579.67
1046.21	24587.72
1047.34	24595.77
1048.47	24477.82
1049.60	24245.23
1050.73	24560.35
1051.86	24724.30
1052.99	24993.82
1054.12	24848.29
1055.25	24764.64
1056.38	24827.82
1057.51	24668.38
1058.64	25043.80
1059.76	24521.49
1060.89	24837.34
1062.02	24645.58
1063.15	24662.85
1064.27	24751.39
1065.40	24750.30
1066.53	24882.59
1067.65	25003.44
1068.78	24822.94
1069.90	24927.72
1071.03	25221.30
1072.16	24739.12
1073.28	24777.17
1074.41	24971.87
1075.53	24827.97
1076.65	24925.98
1077.78	24468.51
1078.90	24850.07
1080.02	24482.30
1081.15	24617.23
1082.27	24673.77
1083.39	24460.32
1084.51	24576.87
1085.64	24580.33
1086.76	24304.35
1087.88	24571.08
1089.00	24579.16
1090.12	24774.44
1091.24	24641.57
1092.36	24293.60
1093.48	24500.51
1094.60	24938.83
1095.72	24794.30
1096.84	24869.55
1097.96	24586.04
1099.08	24533.93
1100.20	24708.75
1101.32	24825.75
1102.44	24820.00
1103.55	24772.52
1104.67	24926.70
1105.79	24788.80
1106.91	24544.15
1108.02	24733.18
1109.14	25154.32
1110.25	24953.67
1111.37	25166.14
1112.49	24888.78
1113.60	24734.38
1114.72	24956.23
1115.83	25068.97
1116.95	25046.97
1118.06	25001.72
1119.17	25019.22
1120.29	25320.46
1121.40	25140.31
1122.52	24915.86
1123.63	24991.54
1124.74	25437.39
1125.85	25434.05
1126.97	25211.78
1128.08	25345.83
1129.19	25531.21
1130.30	25583.82
1131.41	25505.90
1132.52	25483.91
1133.64	25482.90
1134.75	25269.60
1135.86	25550.88
1136.97	25370.17
1138.08	25672.61
1139.19	25664.63
1140.29	25465.12
1141.40	25454.75
1142.51	25715.43
1143.62	25436.33
1144.73	25753.23
1145.84	25324.34
1146.94	25646.04
1148.05	25640.37
1149.16	25573.85
1150.27	25729.65
1151.37	25628.00
1152.48	25488.84
1153.58	25574.46
1154.69	25861.60
1155.80	26041.07
1156.90	25740.14
1158.01	26217.41
1159.11	25942.17
1160.21	25830.99
1161.32	26174.88
1162.42	26068.39
1163.53	26147.27
1164.63	26134.63
1165.73	26267.57
1166.84	26318.36
1167.94	26343.33
1169.04	26161.52
1170.14	26080.69
1171.25	26510.00
1172.35	26734.91
1173.45	26689.44
1174.55	26785.10
1175.65	27106.72
1176.75	26607.02
1177.85	27098.25
1178.95	27198.80
1180.05	27341.79
1181.15	27006.59
1182.25	27149.60
1183.35	27165.40
1184.45	27261.36
1185.55	27626.20
1186.65	27686.93
1187.74	27181.45
1188.84	27310.53
1189.94	27451.48
1191.04	27535.83
1192.13	27506.86
1193.23	27508.58
1194.33	27517.39
1195.42	27592.37
1196.52	27187.55
1197.61	27231.75
1198.71	27625.96
1199.80	27417.18
1200.90	27501.68
1202.00	27479.72
1203.09	27495.63
1204.18	27613.35
1205.28	27207.75
1206.37	27531.53
1207.46	27497.70
1208.56	27473.33
1209.65	27588.80
1210.74	27377.13
1211.84	27350.34
1212.93	27314.05
1214.02	27557.70
1215.11	27322.09
1216.20	27494.64
1217.29	27691.01
1218.38	27733.11
1219.47	27772.86
1220.57	27826.87
1221.66	28025.87
1222.75	27923.08
1223.83	27779.82
1224.92	28269.08
1226.01	28142.49
1227.10	28322.75
1228.19	28148.51
1229.28	28007.50
1230.37	28199.76
1231.46	28037.26
1232.54	28203.41
1233.63	28262.42
1234.72	27987.81
1235.80	28182.66
1236.89	28043.80
1237.98	28016.96
1239.06	28097.45
1240.15	28268.64
1241.23	28170.23
1242.32	28224.55
1243.40	28087.88
1244.49	28015.63
1245.57	28041.28
1246.66	28114.72
1247.74	27820.16
1248.83	27697.57
1249.91	27792.49
1250.99	27447.42
1252.08	27551.90
1253.16	27716.23
1254.24	27667.65
1255.32	27738.73
1256.40	27991.81
1257.49	27593.61
1258.57	28004.86
1259.65	27932.32
1260.73	28293.51
1261.81	28446.33
1262.89	28500.91
1263.97	28586.69
1265.05	28710.88
1266.13	29034.28
1267.21	29309.82
1268.29	29311.85
1269.37	29186.61
1270.45	29397.54
1271.53	29783.91
1272.60	29713.96
1273.68	29788.16
1274.76	29557.11
1275.84	29751.52
1276.92	29361.63
1277.99	29457.46
1279.07	29401.75
1280.14	29285.85
1281.22	29112.12
1282.30	29275.38
1283.37	28863.15
1284.45	29028.83
1285.52	29136.77
1286.60	29049.55
1287.67	29015.32
1288.75	29241.46
1289.82	29245.84
1290.90	29216.44
1291.97	29551.36
1293.04	29695.77
1294.12	29441.96
1295.19	29530.88
1296.26	29834.78
1297.33	30175.04
1298.41	30140.96
1299.48	30450.04
1300.55	30556.20
1301.62	30437.56
1302.69	30340.62
1303.76	30246.06
1304.83	30245.81
1305.91	30489.97
1306.98	30426.84
1308.04	30838.22
1309.12	30474.84
1310.18	30753.18
1311.25	30617.36
1312.32	30830.43
1313.39	31254.48
1314.46	30975.62
1315.53	31470.22
1316.60	31843.78
1317.66	31926.35
1318.73	31705.62
1319.80	31953.25
1320.87	31868.38
1321.93	32125.87
1323.00	31938.97
1324.07	31679.10
1325.13	31725.30
1326.20	31944.09
1327.26	31645.13
1328.33	32024.50
1329.39	31676.77
1330.46	31939.54
1331.52	32080.75
1332.59	32594.43
1333.65	33091.31
1334.71	33123.29
1335.78	32899.54
1336.84	33333.47
1337.90	33090.16
1338.97	33326.91
1340.03	33483.30
1341.09	33342.27
1342.15	33486.54
1343.22	33394.22
1344.28	33033.43
1345.34	33033.72
1346.40	32430.98
1347.46	32235.77
1348.52	31908.56
1349.58	31578.77
1350.64	31500.50
1351.70	31224.23
1352.76	31373.20
1353.82	31209.24
1354.88	30812.85
1355.94	30788.13
1357.00	30729.13
1358.06	30861.02
1359.12	30473.96
1360.17	30267.93
1361.23	30776.97
1362.29	30605.20
1363.35	30724.94
1364.40	30815.32
1365.46	30552.73
1366.52	30677.44
1367.57	30785.03
1368.63	31071.75
1369.68	30975.82
1370.74	31309.34
1371.79	31107.86
1372.85	30925.92
1373.90	31190.88
1374.96	31252.07
1376.01	31244.48
1377.07	30934.60
1378.12	31128.51
1379.17	30801.23
1380.23	30692.70
1381.28	30229.87
1382.33	30273.70
1383.39	29694.89
1384.44	29236.44
1385.49	29257.90
1386.54	29010.93
1387.59	29059.43
1388.65	28750.70
1389.70	28804.09
1390.75	28625.79
1391.80	28923.27
1392.85	29127.16
1393.90	29173.28
1394.95	29327.97
1396.00	30092.27
1397.05	29852.30
1398.10	30017.12
1399.15	30379.57
1400.20	30092.56
1401.25	29973.42
1402.29	29789.97
1403.34	29517.46
1404.39	29679.94
1405.44	29241.58
1406.48	28803.02
1407.53	28802.16
1408.58	28296.48
1409.63	27948.98
1410.67	27834.03
1411.72	28006.28
1412.76	27866.51
1413.81	27684.57
1414.85	27571.92
1415.90	27692.20
1416.94	27532.40
1417.99	27565.93
1419.03	27522.59
1420.08	27838.94
1421.12	27746.00
1422.17	27605.87
1423.21	27756.12
1424.25	27864.22
1425.30	27858.13
1426.34	28050.76
1427.38	28536.66
1428.42	28143.01
1429.47	28770.84
1430.51	28643.10
1431.55	28719.22
1432.59	29009.31
1433.63	29102.96
1434.67	29552.53
1435.71	29748.40
1436.75	29824.85
1437.79	30105.53
1438.83	30122.31
1439.88	29750.42
1440.91	29826.93
1441.95	30085.43
1442.99	30456.23
1444.03	30468.10
1445.07	30544.82
1446.11	30823.66
1447.15	30581.09
1448.18	30722.77
1449.22	30886.99
1450.26	31568.18
1451.30	31025.82
1452.33	31657.38
1453.37	31871.92
1454.41	31721.65
1455.44	31951.29
1456.48	31450.90
1457.52	31305.43
1458.55	31217.42
1459.59	30681.49
1460.62	30868.60
1461.66	31278.58
1462.69	30639.63
1463.73	30616.47
1464.76	30042.21
1465.79	30199.30
1466.83	29757.50
1467.86	29861.96
1468.89	29452.47
1469.93	29035.27
1470.96	29112.04
1471.99	28669.48
1473.02	28334.63
1474.06	28772.72
1475.09	28523.11
1476.12	28589.78
1477.15	28558.52
1478.18	28228.28
1479.21	28196.92
1480.24	28502.35
1481.27	28357.90
1482.30	28341.63
1483.33	28622.13
1484.36	28371.95
1485.39	28295.27
1486.42	28419.90
1487.45	28154.38
1488.48	28115.37
1489.51	28192.18
1490.54	27825.67
1491.57	27642.92
1492.59	27742.36
1493.62	28126.68
1494.65	27563.15
1495.68	27818.98
1496.70	27744.48
1497.73	27775.91
1498.76	27731.64
1499.78	27538.43
1500.81	27749.09
1501.83	27699.73
1502.86	27945.87
1503.89	27909.15
1504.91	28286.85
1505.94	28283.05
1506.96	28140.20
1507.99	28363.94
1509.01	28258.98
1510.03	28670.04
1511.06	28734.63
1512.08	28771.40
1513.10	28671.49
1514.13	28725.98
1515.15	28815.96
1516.17	28786.91
1517.20	28684.36
1518.22	28741.43
1519.24	29122.98
1520.26	29068.61
1521.28	28664.25
1522.30	28794.91
1523.33	28641.47
1524.35	28589.47
1525.37	28534.90
1526.39	28475.23
1527.41	28410.45
1528.43	28741.87
1529.45	28651.71
1530.47	28541.18
1531.49	28898.26
1532.50	28983.48
1533.52	28794.11
1534.54	29293.90
1535.56	29262.24
1536.58	29222.92
1537.60	29150.50
1538.61	29177.32
1539.63	29092.13
1540.65	29450.01
1541.67	29275.68
1542.68	28851.57
1543.70	29298.83
1544.72	29147.28
1545.73	29240.40
1546.75	29050.52
1547.76	28898.80
1548.78	29167.96
1549.79	29240.75
1550.81	29104.28
1551.82	28937.11
1552.84	28437.92
1553.85	28541.25
1554.87	28565.43
1555.88	28382.65
1556.89	28802.94
1557.91	28405.40
1558.92	28056.27
1559.93	28382.13
1560.95	28424.20
1561.96	28683.76
1562.97	28152.67
1563.98	28422.51
1565.00	28607.99
1566.01	28665.51
1567.02	28589.85
1568.03	28355.32
1569.04	28848.44
1570.05	28854.78
1571.06	28927.79
1572.07	28862.35
1573.08	29066.18
1574.09	29023.83
1575.10	29061.00
1576.11	29026.32
1577.12	28845.30
1578.13	28956.91
1579.14	28503.57
1580.15	28335.16
1581.16	28526.37
1582.16	28740.78
1583.17	28469.48
1584.18	28588.85
1585.19	28299.40
1586.19	28195.00
1587.20	28136.87
1588.21	28153.32
1589.21	28138.90
1590.22	28075.56
1591.23	27824.22
1592.23	27686.09
1593.24	27692.15
1594.24	27548.77
1595.25	27428.52
1596.25	27413.89
1597.26	27319.34
1598.26	27523.88
1599.27	27558.27
1600.27	27600.41
1601.27	27299.36
1602.28	27199.50
1603.28	27251.91
1604.29	27239.79
1605.29	27436.86
1606.29	27437.69
1607.29	27094.85
1608.30	26925.02
1609.30	26912.79
1610.30	27195.32
1611.30	27154.70
1612.30	26850.21
1613.30	26967.32
1614.30	26859.33
1615.31	26590.81
1616.31	26702.75
1617.31	26216.55
1618.31	26214.49
1619.31	26414.50
1620.31	25914.96
1621.31	25899.86
1622.31	25674.78
1623.30	25729.63
1624.30	25755.97
1625.30	25546.26
1626.30	25401.33
1627.30	25040.93
1628.30	25261.82
1629.29	25420.49
1630.29	25244.23
1631.29	25031.52
1632.29	25099.31
1633.28	25252.88
1634.28	25079.02
1635.28	24684.10
1636.27	24894.88
1637.27	24700.02
1638.26	24247.53
1639.26	24263.19
1640.26	24252.84
1641.25	24060.26
1642.25	24167.01
1643.24	23765.99
1644.24	23664.34
1645.23	23745.02
1646.22	23377.52
1647.22	23549.39
1648.21	22960.09
1649.21	23309.26
1650.20	23178.67
1651.19	23014.12
1652.18	22919.94
1653.18	23138.91
1654.17	23086.48
1655.16	22767.71
1656.15	22579.37
1657.15	22526.78
1658.14	22212.90
1659.13	22196.79
1660.12	22243.41
1661.11	22480.88
1662.10	22362.83
1663.09	22056.42
1664.08	21880.67
1665.07	21587.09
1666.06	22013.11
1667.05	21743.00
1668.04	21875.98
1669.03	21909.50
1670.02	21730.86
1671.01	21701.48
1672.00	21488.65
1672.98	21543.08
1673.97	21398.28
1674.96	21284.89
1675.95	21394.38
1676.94	21328.15
1677.92	21272.39
1678.91	21169.36
1679.90	21024.28
1680.88	21039.31
1681.87	21301.20
1682.86	21035.22
1683.84	21194.75
1684.83	20826.14
1685.81	21035.64
1686.80	20848.24
1687.78	20857.97
1688.77	20872.97
1689.75	20866.93
1690.74	20568.81
1691.72	20596.91
1692.71	20461.81
1693.69	20518.86
1694.67	20352.08
1695.66	20551.37
1696.64	20458.29
1697.62	20365.18
1698.61	20411.71
1699.59	20239.45
1700.57	20581.32
1701.55	20551.44
1702.54	20479.33
1703.52	20251.52
1704.50	20155.57
1705.48	19940.78
1706.46	20114.03
1707.44	19925.55
1708.42	20207.17
1709.40	19902.37
1710.38	19679.37
1711.36	19995.47
1712.34	19671.92
1713.32	19715.79
1714.30	19630.08
1715.28	19636.92
1716.26	19850.15
1717.24	19415.06
1718.22	19784.51
1719.20	19627.23
1720.18	19676.44
1721.15	19720.37
1722.13	19703.39
1723.11	19471.75
1724.09	19314.22
1725.06	19458.85
1726.04	19319.81
1727.02	19178.06
1727.99	19282.96
1728.97	19385.24
1729.95	19285.87
1730.92	19300.60
1731.90	18909.12
1732.87	18910.49
1733.85	19190.76
1734.82	18719.29
1735.80	19092.64
1736.77	18796.37
1737.75	18920.00
1738.72	18817.67
1739.70	18912.10
1740.67	18942.73
1741.64	18486.46
1742.62	18543.62
1743.59	18771.16
1744.56	18620.73
1745.54	18419.65
1746.51	18769.82
1747.48	18645.94
1748.45	18719.18
1749.42	18557.92
1750.40	18324.61
1751.37	18472.48
1752.34	18487.07
1753.31	18224.25
1754.28	18537.62
1755.25	18346.75
1756.22	18123.76
1757.19	18295.80
1758.16	18457.24
1759.13	18466.50
1760.10	18585.29
1761.07	18012.08
1762.04	18192.29
1763.01	18083.88
1763.98	18392.52
1764.95	18145.04
1765.92	18135.51
1766.89	18000.23
1767.85	18044.19
1768.82	18039.98
1769.79	18121.45
1770.76	18243.10
1771.72	17896.12
1772.69	18015.10
1773.66	17946.57
1774.62	17792.26
1775.59	17964.90
1776.56	17880.23
1777.52	17757.97
1778.49	17973.63
1779.46	17770.86
1780.42	17696.80
1781.38	17850.85
1782.35	17725.77
1783.32	17533.51
1784.28	17534.54
1785.24	17613.46
1786.21	17568.83
1787.17	17696.16
1788.14	17654.21
1789.10	17442.86
1790.06	17460.00
1791.03	17434.10
1791.99	17421.65
1792.95	17516.82
1793.91	17369.80
1794.88	17241.57
1795.84	17366.38
1796.80	17415.83
1797.76	17133.99
1798.72	17363.92
1799.69	17343.33
1800.65	17241.88
1801.61	17550.15
1802.57	17564.64
1803.53	17185.38
1804.49	17431.79
1805.45	16955.20
1806.41	17277.22
1807.37	17421.23
1808.33	17308.82
1809.29	17334.07
1810.25	17097.34
1811.21	17211.71
1812.16	16991.07
1813.12	17018.98
1814.08	17214.50
1815.04	17004.53
1816.00	17062.20
1816.96	16919.73
1817.91	16815.08
1818.87	17110.88
1819.83	17100.96
1820.78	17315.73
1821.74	17078.38
1822.70	17258.03
1823.65	17039.53
1824.61	16845.33
1825.56	16881.40
1826.52	16982.54
1827.48	16942.74
1828.43	16756.48
1829.39	16803.41
1830.34	16991.43
1831.30	16938.03
1832.25	16683.75
1833.21	16806.71
1834.16	16940.59
1835.11	16748.61
1836.07	16996.62
1837.02	16630.69
1837.97	16631.47
1838.93	16757.29
1839.88	16896.75
1840.83	16796.98
1841.78	16664.52
1842.74	16640.83
1843.69	16385.83
1844.64	16590.68
1845.59	16566.95
1846.54	16461.53
1847.49	16598.43
1848.45	16520.21
1849.40	16616.32
1850.35	16499.92
1851.30	16653.29
1852.25	16408.72
1853.20	16248.57
1854.15	16568.35
1855.10	16252.68
1856.05	16348.86
1857.00	16371.41
1857.95	16456.74
1858.89	16375.57
1859.84	16452.74
1860.79	16193.99
1861.74	16366.78
1862.69	16386.62
1863.64	16018.37
1864.58	16297.83
1865.53	16112.60
1866.48	16348.44
1867.42	16059.20
1868.37	16139.18
1869.32	16060.48
1870.26	16293.77
1871.21	16209.60
1872.16	15936.44
1873.10	16068.52
1874.05	15997.93
1874.99	16132.82
1875.94	15980.00
1876.88	16032.70
1877.83	16099.13
1878.77	16116.22
1879.72	15806.93
1880.66	16194.33
1881.61	16266.34
1882.55	15762.01
1883.49	16092.00
1884.44	16078.91
1885.38	15755.48
1886.32	15945.58
1887.27	15795.08
1888.21	15941.29
1889.15	16139.80
1890.09	15887.52
1891.04	15772.62
1891.98	15580.66
1892.92	15759.99
1893.86	15501.92
1894.80	15846.43
1895.74	15830.50
1896.69	15737.46
1897.63	15693.96
1898.57	15573.31
1899.51	15540.77
1900.45	15714.88
1901.39	15828.43
1902.33	15820.73
1903.27	15575.90
1904.21	15626.06
1905.14	15629.35
1906.08	15679.54
1907.02	15674.56
1907.96	15719.26
1908.90	15562.44
1909.84	15667.88
1910.78	15450.22
1911.71	15539.11
1912.65	15310.28
1913.59	15399.18
1914.53	15482.58
1915.46	15507.96
1916.40	15309.34
1917.33	15586.40
1918.27	15517.75
1919.21	15144.68
1920.14	15330.54
1921.08	15486.02
1922.02	15489.28
1922.95	15475.92
1923.89	15210.48
1924.82	15327.28
1925.76	15319.42
1926.69	15170.20
1927.63	15278.74
1928.56	15287.50
1929.49	15235.25
1930.43	15490.91
1931.36	15041.89
1932.29	15078.36
1933.23	14998.26
1934.16	15154.12
1935.09	15160.09
1936.03	15188.28
1936.96	15091.46
1937.89	15075.19
1938.82	15303.50
1939.75	15156.61
1940.69	15045.79
1941.62	14990.56
1942.55	15099.43
1943.48	14980.19
1944.41	14816.37
1945.34	15095.06
1946.27	14650.00
1947.20	14839.66
1948.13	14692.39
1949.06	14831.99
1949.99	14857.41
1950.92	14776.93
1951.85	14796.78
1952.78	14785.96
1953.71	14839.28
1954.64	14728.04
1955.57	14865.07
1956.49	14879.37
1957.42	14904.84
1958.35	14606.47
1959.28	14916.71
1960.21	14813.73
1961.13	14537.51
1962.06	14646.75
1962.99	14577.18
1963.91	14535.54
1964.84	14602.91
1965.77	14824.12
1966.69	14578.32
1967.62	14489.07
1968.54	14788.75
1969.47	14707.91
1970.39	14610.24
1971.32	14764.53
1972.25	14515.60
1973.17	14667.13
1974.09	14471.30
1975.02	14513.60
1975.94	14497.05
1976.87	14452.45
1977.79	14679.85
1978.71	14475.40
1979.64	14815.11
1980.56	14475.92
1981.48	14321.81
1982.41	14439.94
1983.33	14409.30
1984.25	14561.20
1985.17	14215.98
1986.10	14418.46
1987.02	14328.78
1987.94	14514.52
1988.86	14444.50
1989.78	14169.18
1990.70	14267.81
1991.63	14169.57
1992.55	14290.75
1993.47	14426.05
1994.39	14257.40
1995.31	14128.10
1996.23	13976.21
1997.15	13903.13
1998.07	14080.75
1998.98	14390.89
1999.90	14035.84
