1999.946289	14278.297852
1999.027344	14202.214844
1998.108398	14221.738281
1997.188477	14187.736328
1996.268555	14170.644531
1995.348633	14173.269531
1994.428711	14524.941406
1993.508789	14744.191406
1992.587891	14741.064453
1991.666992	14501.636719
1990.746094	14450.749023
1989.825195	14422.378906
1988.904297	14632.983398
1987.982422	14489.345703
1987.060547	14432.882813
1986.139648	14410.158203
1985.216797	14567.216797
1984.294922	14550.089844
1983.372070	14538.584961
1982.450195	14712.358398
1981.527344	14872.025391
1980.603516	14835.206055
1979.680664	14812.428711
1978.756836	14828.927734
1977.833984	14618.279297
1976.910156	14777.795898
1975.986328	14858.760742
1975.061523	14838.803711
1974.137695	15043.000977
1973.212891	14840.932617
1972.288086	14798.585938
1971.363281	14876.659180
1970.437500	14660.756836
1969.512695	14792.003906
1968.586914	14584.604492
1967.661133	14794.146484
1966.735352	14751.862305
1965.808594	14950.093750
1964.882813	15036.405273
1963.956055	14929.803711
1963.029297	14990.929688
1962.102539	14929.087891
1961.174805	15208.083984
1960.248047	15009.367188
1959.320313	15031.330078
1958.392578	14994.656250
1957.464844	15030.569336
1956.536133	15194.833984
1955.608398	15152.567383
1954.679688	14998.742188
1953.750977	15285.617188
1952.822266	15382.770508
1951.892578	15390.676758
1950.963867	15125.446289
1950.034180	15256.007813
1949.104492	15414.373047
1948.174805	15411.124023
1947.244141	15165.604492
1946.314453	15482.583008
1945.383789	15284.471680
1944.453125	15311.862305
1943.522461	15397.671875
1942.590820	15653.133789
1941.660156	15499.650391
1940.728516	15766.105469
1939.796875	15415.280273
1938.865234	15406.473633
1937.932617	15400.449219
1937.000977	15374.979492
1936.068359	15566.179688
1935.135742	15490.697266
1934.203125	15778.969727
1933.269531	15811.734375
1932.336914	15625.232422
1931.403320	15724.609375
1930.469727	15638.073242
1929.536133	15840.027344
1928.601563	15800.644531
1927.667969	15855.539063
1926.733398	15699.750977
1925.798828	15810.068359
1924.864258	16028.395508
1923.928711	15886.517578
1922.994141	15769.624023
1922.058594	15893.677734
1921.123047	15967.846680
1920.187500	15767.975586
1919.250977	15897.483398
1918.314453	16054.601563
1917.378906	15899.093750
1916.442383	16064.440430
1915.504883	16157.832031
1914.568359	15866.948242
1913.630859	16054.305664
1912.693359	16125.533203
1911.755859	15967.439453
1910.818359	16143.608398
1909.880859	16245.145508
1908.942383	16219.643555
1908.003906	16196.911133
1907.065430	15967.214844
1906.126953	16441.173828
1905.187500	16148.077148
1904.249023	16232.933594
1903.309570	16386.687500
1902.370117	16284.000000
1901.430664	16592.021484
1900.490234	16447.998047
1899.549805	16483.109375
1898.610352	16683.470703
1897.668945	16492.703125
1896.728516	16354.326172
1895.788086	16315.103516
1894.846680	16474.046875
1893.905273	16297.238281
1892.963867	16722.958984
1892.022461	16568.173828
1891.080078	16605.937500
1890.137695	16627.189453
1889.196289	16609.951172
1888.252930	16749.357422
1887.310547	16803.533203
1886.368164	16690.125000
1885.424805	16782.738281
1884.481445	17001.615234
1883.538086	17102.357422
1882.594727	17120.718750
1881.650391	16848.207031
1880.706055	16825.460938
1879.761719	16953.580078
1878.817383	17018.574219
1877.873047	17105.472656
1876.927734	17244.414063
1875.983398	17024.287109
1875.038086	17039.886719
1874.092773	17162.316406
1873.146484	16868.394531
1872.201172	17081.169922
1871.254883	17156.970703
1870.308594	17145.152344
1869.362305	17316.683594
1868.415039	16856.140625
1867.468750	17172.634766
1866.521484	17458.912109
1865.574219	17080.652344
1864.626953	17016.921875
1863.678711	17070.738281
1862.731445	17064.416016
1861.783203	17153.712891
1860.834961	17281.208984
1859.886719	17299.419922
1858.937500	17383.148438
1857.989258	17485.947266
1857.040039	17545.039063
1856.090820	17467.679688
1855.141602	17624.951172
1854.191406	17787.611328
1853.242188	17721.154297
1852.291992	17692.890625
1851.341797	17435.687500
1850.390625	17650.021484
1849.440430	17583.644531
1848.489258	17705.244141
1847.538086	17663.392578
1846.586914	17880.216797
1845.635742	17781.179688
1844.683594	17954.341797
1843.732422	17730.160156
1842.780273	17672.019531
1841.828125	17894.048828
1840.875000	17825.019531
1839.922852	17932.736328
1838.969727	17738.689453
1838.016602	18017.583984
1837.063477	17720.353516
1836.110352	17779.101563
1835.156250	17742.767578
1834.203125	17882.941406
1833.249023	18118.072266
1832.293945	18149.539063
1831.339844	17904.208984
1830.385742	17851.603516
1829.430664	17888.529297
1828.475586	17985.101563
1827.520508	18032.826172
1826.564453	18142.876953
1825.609375	18317.925781
1824.653320	18666.310547
1823.697266	18391.476563
1822.741211	18439.060547
1821.784180	18142.724609
1820.827148	18482.728516
1819.871094	18273.121094
1818.914063	18317.980469
1817.956055	18468.335938
1816.999023	18088.445313
1816.041016	18549.796875
1815.083008	18440.433594
1814.125000	18504.126953
1813.166992	18378.601563
1812.208008	18309.873047
1811.250000	18389.759766
1810.291016	18407.488281
1809.332031	18714.158203
1808.372070	18621.113281
1807.413086	18730.554688
1806.453125	18605.158203
1805.493164	18935.806641
1804.533203	18716.000000
1803.573242	18504.378906
1802.612305	18743.154297
1801.651367	18830.857422
1800.690430	18762.193359
1799.729492	18987.285156
1798.768555	19037.160156
1797.806641	18973.878906
1796.844727	19072.207031
1795.882813	18925.476563
1794.920898	18560.761719
1793.958984	18939.009766
1792.996094	19015.732422
1792.033203	19049.375000
1791.070313	18996.935547
1790.107422	19208.046875
1789.143555	19290.017578
1788.180664	19234.869141
1787.216797	19082.996094
1786.252930	19425.556641
1785.288086	19257.587891
1784.324219	19331.400391
1783.359375	19496.470703
1782.394531	19352.750000
1781.429688	19351.339844
1780.464844	19505.564453
1779.499023	19289.494141
1778.533203	19666.291016
1777.567383	19326.916016
1776.601563	19633.833984
1775.635742	19833.398438
1774.668945	19547.800781
1773.702148	19522.226563
1772.735352	19346.644531
1771.768555	19465.746094
1770.800781	19549.986328
1769.833984	19561.908203
1768.866211	19643.412109
1767.898438	19778.402344
1766.930664	19862.498047
1765.961914	19788.740234
1764.993164	19803.265625
1764.024414	19726.875000
1763.055664	20006.046875
1762.086914	20081.982422
1761.117188	20115.130859
1760.148438	20004.003906
1759.178711	19906.277344
1758.208008	19816.601563
1757.238281	20324.992188
1756.267578	20256.617188
1755.297852	20276.333984
1754.327148	20589.529297
1753.355469	20171.693359
1752.384766	20426.101563
1751.413086	20317.773438
1750.441406	20086.863281
1749.469727	20319.802734
1748.498047	20789.796875
1747.525391	20372.441406
1746.553711	20687.734375
1745.581055	20648.718750
1744.608398	20418.021484
1743.634766	20621.304688
1742.662109	20659.498047
1741.688477	20479.496094
1740.714844	20557.603516
1739.741211	21031.953125
1738.766602	20806.779297
1737.792969	20672.085938
1736.818359	20851.080078
1735.843750	20974.191406
1734.868164	20866.111328
1733.893555	20978.539063
1732.917969	21061.705078
1731.942383	21166.076172
1730.966797	21307.562500
1729.991211	21212.789063
1729.014648	21335.626953
1728.039063	21182.523438
1727.062500	21432.621094
1726.084961	21361.757813
1725.108398	21460.595703
1724.130859	21432.162109
1723.154297	21515.039063
1722.175781	21303.794922
1721.198242	21561.482422
1720.220703	21641.625000
1719.242188	21764.093750
1718.263672	21772.681641
1717.285156	21609.238281
1716.306641	21562.287109
1715.327148	21941.269531
1714.347656	21878.394531
1713.368164	22109.062500
1712.388672	22069.966797
1711.409180	22033.531250
1710.428711	22155.666016
1709.448242	22351.724609
1708.467773	22463.167969
1707.487305	22379.136719
1706.506836	22376.988281
1705.525391	22467.232422
1704.543945	22863.585938
1703.562500	22948.406250
1702.581055	22761.464844
1701.598633	22877.916016
1700.616211	23041.783203
1699.633789	22615.023438
1698.651367	23292.859375
1697.668945	23016.435547
1696.685547	23011.501953
1695.702148	23362.177734
1694.718750	23099.078125
1693.735352	23304.765625
1692.750977	23470.876953
1691.767578	23310.562500
1690.783203	23747.621094
1689.798828	23605.726563
1688.813477	23653.263672
1687.829102	23787.556641
1686.843750	23856.062500
1685.858398	23858.824219
1684.873047	23740.699219
1683.886719	23887.986328
1682.901367	23917.001953
1681.915039	24003.781250
1680.928711	24245.433594
1679.941406	24324.224609
1678.955078	24366.236328
1677.967773	24523.683594
1676.980469	24589.240234
1675.993164	24526.248047
1675.005859	24586.527344
1674.017578	24822.433594
1673.029297	24940.285156
1672.041016	25194.353516
1671.052734	25183.687500
1670.063477	25539.750000
1669.075195	25539.484375
1668.085938	25691.082031
1667.096680	25599.160156
1666.106445	25881.533203
1665.117188	26192.568359
1664.126953	26116.285156
1663.136719	26665.140625
1662.146484	26594.015625
1661.155273	26718.996094
1660.165039	26893.583984
1659.173828	27002.763672
1658.182617	27360.097656
1657.190430	27568.384766
1656.199219	27747.851563
1655.207031	27932.460938
1654.214844	28432.849609
1653.222656	28690.302734
1652.229492	28243.128906
1651.237305	28881.382813
1650.244141	29060.318359
1649.250977	29140.083984
1648.256836	29459.662109
1647.263672	29364.667969
1646.269531	29621.511719
1645.275391	29602.074219
1644.281250	29593.060547
1643.287109	29953.849609
1642.291992	30317.082031
1641.296875	30440.669922
1640.301758	30493.933594
1639.306641	30718.902344
1638.310547	30933.363281
1637.314453	30630.160156
1636.319336	30930.351563
1635.322266	30567.482422
1634.326172	30909.138672
1633.329102	30949.207031
1632.333008	31010.039063
1631.334961	31299.417969
1630.337891	31108.244141
1629.340820	31275.443359
1628.342773	31940.955078
1627.344727	31783.494141
1626.346680	31636.476563
1625.347656	31943.486328
1624.349609	32242.576172
1623.350586	32277.054688
1622.351563	32295.958984
1621.352539	32335.585938
1620.352539	32471.072266
1619.352539	32166.076172
1618.352539	32350.744141
1617.352539	32838.308594
1616.352539	33069.347656
1615.351563	33018.140625
1614.350586	33342.199219
1613.349609	33231.441406
1612.348633	33469.941406
1611.347656	33501.437500
1610.345703	33918.175781
1609.343750	33856.492188
1608.341797	33856.863281
1607.338867	34100.117188
1606.336914	34175.343750
1605.333984	34173.050781
1604.331055	34509.031250
1603.327148	34274.308594
1602.324219	34842.410156
1601.320313	34698.031250
1600.316406	34989.730469
1599.312500	34961.445313
1598.308594	35240.058594
1597.303711	35456.664063
1596.298828	35735.039063
1595.293945	35729.800781
1594.289063	36108.476563
1593.283203	36247.410156
1592.277344	36798.351563
1591.271484	36859.820313
1590.265625	37155.523438
1589.259766	37754.796875
1588.252930	37903.492188
1587.246094	38319.675781
1586.239258	38571.062500
1585.232422	38693.753906
1584.224609	38944.937500
1583.216797	39018.652344
1582.208984	39655.121094
1581.201172	39620.730469
1580.192383	39974.222656
1579.184570	40566.394531
1578.175781	40398.300781
1577.166992	40504.945313
1576.157227	40544.812500
1575.148438	41008.031250
1574.138672	40588.566406
1573.128906	41084.906250
1572.118164	40952.792969
1571.108398	40907.898438
1570.097656	40437.550781
1569.086914	40426.093750
1568.076172	40230.175781
1567.064453	40321.218750
1566.053711	39856.519531
1565.041992	39870.785156
1564.030273	39746.820313
1563.017578	39597.312500
1562.005859	39481.132813
1560.993164	39679.628906
1559.980469	39924.070313
1558.967773	39439.691406
1557.954102	39778.652344
1556.940430	40017.785156
1555.926758	40187.820313
1554.913086	40342.449219
1553.899414	40890.328125
1552.884766	40544.242188
1551.870117	40642.515625
1550.855469	40656.507813
1549.840820	41185.957031
1548.825195	40896.222656
1547.810547	41282.539063
1546.794922	41189.261719
1545.778320	41157.207031
1544.762695	41489.671875
1543.746094	41546.753906
1542.729492	41374.500000
1541.712891	41102.972656
1540.696289	41427.496094
1539.678711	41784.972656
1538.661133	41353.152344
1537.643555	41084.398438
1536.625977	41258.500000
1535.607422	41414.710938
1534.588867	41138.480469
1533.570313	40722.519531
1532.551758	40878.734375
1531.533203	40768.003906
1530.513672	40662.398438
1529.494141	40348.511719
1528.474609	40524.976563
1527.454102	39751.625000
1526.434570	40151.550781
1525.414063	40005.566406
1524.393555	39986.531250
1523.372070	39970.035156
1522.351563	40108.273438
1521.330078	40502.585938
1520.308594	40181.722656
1519.287109	40504.855469
1518.264648	40447.695313
1517.242188	40502.039063
1516.219727	40389.167969
1515.197266	40124.382813
1514.174805	40067.339844
1513.151367	39972.347656
1512.127930	39406.640625
1511.104492	39747.054688
1510.081055	38951.425781
1509.056641	38960.453125
1508.032227	38430.859375
1507.007813	37921.722656
1505.983398	37599.851563
1504.958008	37528.289063
1503.933594	37530.023438
1502.908203	37238.750000
1501.881836	36828.917969
1500.856445	36623.765625
1499.830078	36522.191406
1498.803711	36713.398438
1497.777344	36394.863281
1496.750977	36482.585938
1495.723633	36401.296875
1494.696289	36365.421875
1493.668945	36495.933594
1492.641602	36374.363281
1491.613281	37107.003906
1490.584961	37201.984375
1489.556641	37546.253906
1488.528320	38091.800781
1487.499023	38073.203125
1486.470703	38253.437500
1485.441406	38602.183594
1484.411133	38729.382813
1483.381836	39108.035156
1482.351563	39431.195313
1481.321289	39910.074219
1480.291016	40534.515625
1479.260742	41839.667969
1478.229492	41975.996094
1477.198242	43142.082031
1476.166992	44051.500000
1475.135742	45050.886719
1474.103516	46295.808594
1473.071289	47123.585938
1472.039063	48816.578125
1471.006836	50293.078125
1469.973633	51914.367188
1468.940430	53402.035156
1467.907227	55548.292969
1466.874023	56641.003906
1465.840820	58507.437500
1464.806641	59907.093750
1463.772461	61018.105469
1462.738281	61973.371094
1461.703125	62525.167969
1460.668945	62906.519531
1459.633789	63622.992188
1458.597656	63426.039063
1457.562500	63319.210938
1456.526367	63092.398438
1455.490234	62783.183594
1454.454102	63006.468750
1453.417969	62172.652344
1452.380859	61846.351563
1451.343750	61050.625000
1450.306641	61131.738281
1449.269531	60501.292969
1448.231445	59279.582031
1447.194336	58502.597656
1446.156250	57785.835938
1445.117188	57682.988281
1444.079102	56782.187500
1443.040039	56395.378906
1442.000977	55417.996094
1440.961914	54543.222656
1439.921875	54172.113281
1438.882813	53748.859375
1437.842773	53191.316406
1436.801758	52026.511719
1435.761719	51302.816406
1434.720703	50900.484375
1433.679688	50102.722656
1432.638672	49392.378906
1431.597656	49052.914063
1430.555664	48116.859375
1429.513672	47265.742188
1428.471680	47108.394531
1427.429688	46464.113281
1426.386719	46480.906250
1425.343750	45943.843750
1424.300781	45449.230469
1423.257813	45046.691406
1422.213867	44669.148438
1421.169922	44472.906250
1420.125977	44291.636719
1419.082031	44266.699219
1418.037109	43921.894531
1416.992188	43668.964844
1415.947266	43944.074219
1414.902344	43864.703125
1413.856445	44258.546875
1412.811523	44508.550781
1411.765625	45127.398438
1410.718750	45134.464844
1409.672852	45596.949219
1408.625977	46497.214844
1407.579102	47656.839844
1406.532227	48521.589844
1405.484375	49662.906250
1404.436523	50675.136719
1403.388672	51192.550781
1402.340820	51778.917969
1401.292969	52283.480469
1400.244141	52429.648438
1399.195313	53247.453125
1398.146484	53146.429688
1397.096680	52926.964844
1396.047852	52391.718750
1394.998047	52160.179688
1393.948242	52143.343750
1392.897461	51778.789063
1391.846680	52139.269531
1390.796875	52028.765625
1389.745117	52204.183594
1388.694336	52985.625000
1387.642578	53370.113281
1386.590820	54431.679688
1385.539063	55071.718750
1384.487305	56093.011719
1383.434570	56823.429688
1382.381836	58215.378906
1381.329102	59397.593750
1380.276367	59824.234375
1379.222656	61098.964844
1378.168945	61829.832031
1377.115234	62334.250000
1376.061523	63607.511719
1375.006836	64130.933594
1373.952148	64479.734375
1372.897461	64268.531250
1371.842773	64808.609375
1370.787109	64850.207031
1369.731445	64324.964844
1368.675781	63814.675781
1367.620117	63655.343750
1366.563477	63363.664063
1365.506836	62954.437500
1364.450195	62435.105469
1363.393555	61950.308594
1362.335938	61465.730469
1361.278320	61143.015625
1360.220703	61422.820313
1359.163086	61861.621094
1358.104492	61810.703125
1357.046875	62197.812500
1355.987305	62826.937500
1354.928711	63404.402344
1353.870117	63546.332031
1352.810547	64270.039063
1351.750977	63807.976563
1350.690430	64042.554688
1349.630859	64663.023438
1348.570313	64865.535156
1347.509766	64857.937500
1346.448242	64991.937500
1345.387695	65169.804688
1344.326172	65142.601563
1343.264648	65481.363281
1342.203125	65563.851563
1341.140625	65436.578125
1340.078125	65594.601563
1339.015625	65350.371094
1337.953125	65264.644531
1336.889648	64835.429688
1335.826172	64445.375000
1334.762695	63914.257813
1333.699219	63631.710938
1332.634766	63541.582031
1331.570313	63850.582031
1330.505859	63882.078125
1329.441406	63611.937500
1328.375977	64027.691406
1327.311523	64073.695313
1326.245117	65087.097656
1325.179688	65154.695313
1324.113281	65462.785156
1323.047852	66620.882813
1321.980469	66654.062500
1320.914063	67706.945313
1319.846680	67424.289063
1318.780273	67736.320313
1317.711914	67414.960938
1316.644531	66482.476563
1315.576172	66370.101563
1314.508789	65540.109375
1313.439453	64567.480469
1312.371094	63081.531250
1311.301758	62240.742188
1310.233398	61119.351563
1309.163086	59894.339844
1308.093750	59420.453125
1307.023438	58356.152344
1305.953125	57635.984375
1304.882813	56790.332031
1303.812500	56467.554688
1302.741211	56326.300781
1301.669922	55055.988281
1300.598633	54762.832031
1299.527344	54440.804688
1298.455078	54244.558594
1297.382813	53142.562500
1296.310547	52702.785156
1295.237305	52193.183594
1294.165039	51529.332031
1293.091797	50894.738281
1292.017578	51085.605469
1290.944336	50017.203125
1289.870117	49735.492188
1288.795898	49473.195313
1287.721680	49628.039063
1286.647461	48859.785156
1285.572266	48691.828125
1284.497070	49143.023438
1283.421875	48365.769531
1282.345703	48340.089844
1281.269531	48417.925781
1280.193359	48440.367188
1279.117188	48705.808594
1278.040039	48523.699219
1276.963867	49693.246094
1275.886719	49056.554688
1274.808594	49451.394531
1273.731445	48829.464844
1272.653320	48549.007813
1271.575195	48165.382813
1270.496094	47885.199219
1269.417969	47549.921875
1268.338867	46415.437500
1267.259766	46270.242188
1266.180664	45813.195313
1265.100586	45397.132813
1264.020508	44940.496094
1262.940430	44752.601563
1261.859375	44456.925781
1260.779297	44230.882813
1259.698242	43995.355469
1258.617188	44033.015625
1257.535156	44257.457031
1256.454102	44266.296875
1255.372070	44595.898438
1254.289063	44800.894531
1253.207031	45170.882813
1252.124023	45358.894531
1251.041016	46233.187500
1249.958008	46977.957031
1248.875000	47079.351563
1247.791016	46848.507813
1246.707031	48127.804688
1245.623047	48369.785156
1244.538086	49304.222656
1243.453125	49677.128906
1242.368164	50264.691406
1241.283203	51057.218750
1240.197266	51551.128906
1239.111328	52352.515625
1238.025391	51858.554688
1236.939453	52697.640625
1235.852539	52418.355469
1234.766602	51919.945313
1233.678711	51397.941406
1232.591797	51233.480469
1231.503906	51181.027344
1230.416992	50571.453125
1229.328125	49885.984375
1228.240234	49767.234375
1227.151367	49127.472656
1226.062500	48659.273438
1224.973633	48376.789063
1223.884766	47980.308594
1222.794922	47039.660156
1221.705078	46850.421875
1220.615234	46345.269531
1219.524414	45885.484375
1218.433594	45328.539063
1217.342773	45550.617188
1216.251953	45269.355469
1215.160156	45061.792969
1214.069336	45395.281250
1212.977539	44798.757813
1211.884766	44508.437500
1210.792969	44988.808594
1209.700195	44937.984375
1208.607422	45143.121094
1207.513672	45172.832031
1206.420898	45669.167969
1205.327148	45703.472656
1204.232422	46227.851563
1203.138672	45824.093750
1202.043945	46109.179688
1200.949219	46382.296875
1199.854492	46510.992188
1198.759766	46982.527344
1197.664063	47004.625000
1196.568359	47000.703125
1195.472656	47580.488281
1194.375977	47793.792969
1193.279297	48028.250000
1192.182617	47917.812500
1191.085938	47847.558594
1189.988281	47633.347656
1188.890625	48091.800781
1187.792969	47717.191406
1186.695313	47639.960938
1185.596680	47058.105469
1184.498047	47047.074219
1183.399414	46425.554688
1182.300781	46242.640625
1181.201172	45958.500000
1180.101563	45662.714844
1179.001953	44719.468750
1177.901367	44348.765625
1176.801758	44041.789063
1175.700195	43059.570313
1174.599609	42388.363281
1173.499023	42721.832031
1172.397461	42203.871094
1171.295898	41784.890625
1170.193359	41697.519531
1169.091797	41130.804688
1167.989258	41067.117188
1166.886719	40836.691406
1165.783203	40481.914063
1164.680664	40758.835938
1163.577148	40448.832031
1162.473633	40577.789063
1161.369141	40436.886719
1160.264648	40143.589844
1159.160156	40218.585938
1158.055664	40525.640625
1156.951172	40558.316406
1155.845703	40265.253906
1154.740234	40269.859375
1153.633789	40576.605469
1152.528320	40583.472656
1151.421875	40953.203125
1150.315430	41212.753906
1149.208008	41235.839844
1148.101563	41563.039063
1146.994141	41494.808594
1145.886719	41419.589844
1144.778320	41351.417969
1143.669922	41439.875000
1142.561523	41948.894531
1141.453125	41894.656250
1140.344727	42139.402344
1139.235352	41977.726563
1138.125977	41774.101563
1137.016602	41323.167969
1135.906250	41514.136719
1134.795898	41331.753906
1133.685547	41053.828125
1132.575195	41347.320313
1131.463867	41025.222656
1130.352539	40941.003906
1129.241211	41287.898438
1128.128906	41047.570313
1127.017578	41331.390625
1125.905273	41333.324219
1124.791992	41237.480469
1123.679688	40722.746094
1122.566406	40978.445313
1121.453125	40873.441406
1120.339844	40261.464844
1119.225586	40135.746094
1118.111328	40326.238281
1116.997070	39975.121094
1115.882813	39763.578125
1114.767578	39821.605469
1113.652344	40005.019531
1112.537109	39888.812500
1111.420898	39366.414063
1110.305664	40037.179688
1109.188477	39682.046875
1108.072266	39438.429688
1106.956055	39835.031250
1105.838867	39688.871094
1104.721680	39672.597656
1103.603516	39549.714844
1102.486328	39380.550781
1101.368164	39839.234375
1100.250000	39630.707031
1099.130859	39693.175781
1098.012695	39466.257813
1096.893555	39473.187500
1095.773438	39748.515625
1094.654297	39547.179688
1093.534180	39820.042969
1092.414063	40018.789063
1091.293945	40087.984375
1090.172852	40337.410156
1089.051758	40639.863281
1087.930664	40757.371094
1086.809570	40720.085938
1085.687500	41056.863281
1084.565430	41465.035156
1083.443359	41388.375000
1082.320313	41823.960938
1081.198242	41950.242188
1080.075195	42214.832031
1078.951172	42626.855469
1077.828125	42928.042969
1076.704102	43159.945313
1075.580078	43034.613281
1074.455078	43545.101563
1073.331055	42991.390625
1072.206055	43469.410156
1071.081055	43525.964844
1069.955078	43421.398438
1068.830078	43096.003906
1067.704102	43060.589844
1066.577148	42760.722656
1065.451172	42380.527344
1064.324219	42198.187500
1063.197266	42123.945313
1062.070313	41654.554688
1060.942383	41132.554688
1059.814453	40973.636719
1058.686523	40736.730469
1057.558594	40649.136719
1056.429688	40274.722656
1055.300781	39620.578125
1054.171875	40180.144531
1053.041992	39998.734375
1051.912109	39599.597656
1050.782227	39273.996094
1049.652344	39528.332031
1048.521484	39276.210938
1047.390625	39846.519531
1046.259766	39713.519531
1045.128906	40146.085938
1043.997070	40001.632813
1042.865234	40223.390625
1041.733398	40774.500000
1040.601563	41025.707031
1039.468750	40963.500000
1038.335938	41333.429688
1037.202148	41330.609375
1036.069336	41512.886719
1034.935547	41720.210938
1033.801758	42153.566406
1032.666992	42189.371094
1031.533203	42697.753906
1030.398438	42491.464844
1029.263672	43097.656250
1028.127930	43318.000000
1026.992188	43460.687500
1025.856445	43646.636719
1024.720703	43873.531250
1023.584961	44050.175781
1022.448242	44333.839844
1021.311523	44881.644531
1020.173828	44868.875000
1019.036133	45106.597656
1017.899414	45278.187500
1016.760742	44810.105469
1015.623047	45329.843750
1014.484375	45312.429688
1013.345703	45886.398438
1012.207031	45398.136719
1011.067383	45733.101563
1009.927734	45945.167969
1008.788086	46688.878906
1007.648438	47275.480469
1006.507813	48134.367188
1005.367188	48922.460938
1004.226563	49816.886719
1003.085938	50617.832031
1001.944336	52484.941406
1000.802734	53085.246094
999.661133	54157.046875
998.518555	55754.437500
997.375977	55823.050781
996.233398	56367.613281
995.090820	57347.003906
993.947266	57147.863281
992.803711	56667.953125
991.660156	56195.058594
990.515625	55308.085938
989.372070	54912.683594
988.227539	53836.335938
987.082031	53226.535156
985.937500	52110.367188
984.791992	51847.226563
983.646484	50722.855469
982.500000	50469.203125
981.354492	50057.484375
980.208008	50032.281250
979.061523	49989.023438
977.914063	50675.164063
976.766602	51058.464844
975.619141	51019.507813
974.471680	52284.867188
973.323242	53145.804688
972.175781	53834.925781
971.026367	54456.070313
969.877930	55336.195313
968.728516	56227.175781
967.579102	56678.324219
966.429688	56397.070313
965.280273	56832.203125
964.129883	56902.332031
962.979492	56366.812500
961.829102	55856.304688
960.677734	54580.933594
959.526367	53582.871094
958.375000	52477.312500
957.223633	51174.371094
956.754883	49761.046875
955.615234	48549.203125
954.474609	47769.410156
953.333984	47285.136719
952.192383	46303.960938
951.051758	46147.035156
949.910156	45810.937500
948.768555	45452.304688
947.625977	45420.402344
946.483398	44993.996094
945.340820	44882.867188
944.198242	44966.683594
943.055664	44964.359375
941.912109	45016.394531
940.768555	44835.140625
939.624023	45364.906250
938.480469	45557.140625
937.335938	45459.605469
936.190430	45633.617188
935.045898	46069.941406
933.900391	45872.832031
932.754883	46236.535156
931.609375	47000.164063
930.462891	46988.273438
929.317383	47114.210938
928.169922	47183.609375
927.023438	47693.347656
925.875977	47484.855469
924.729492	47287.742188
923.581055	47203.554688
922.433594	47182.574219
921.285156	46820.988281
920.136719	46500.156250
918.988281	46253.871094
917.838867	45712.406250
916.689453	45468.667969
915.540039	44860.035156
914.390625	44760.761719
913.240234	44251.656250
912.089844	43956.679688
910.939453	43493.015625
909.789063	43238.851563
908.637695	42890.308594
907.486328	43041.285156
906.333984	42735.667969
905.182617	42594.320313
904.030273	42363.117188
902.877930	42511.812500
901.724609	42604.265625
900.572266	42344.007813
899.418945	42431.953125
898.264648	42358.203125
897.111328	42284.476563
895.957031	42423.976563
894.802734	42776.550781
893.647461	42752.113281
892.493164	42398.027344
891.337891	42517.171875
890.182617	43248.187500
889.026367	42239.855469
887.870117	42565.058594
886.713867	42480.203125
885.557617	42702.175781
884.400391	42845.679688
883.244141	42778.707031
882.085938	42747.566406
880.928711	42942.402344
879.770508	42542.164063
878.612305	42687.750000
877.454102	42683.468750
876.294922	42746.242188
875.136719	43012.332031
873.977539	42453.898438
872.817383	42845.007813
871.657227	42706.687500
870.498047	42550.566406
869.336914	42890.023438
868.176758	42970.464844
867.015625	42209.781250
865.854492	42618.210938
864.693359	42408.753906
863.531250	42458.000000
862.369141	42558.480469
861.207031	42206.558594
860.043945	42137.726563
858.881836	42006.562500
857.718750	41799.742188
856.554688	41633.089844
855.391602	41945.042969
854.227539	41362.312500
853.063477	41529.566406
851.898438	41601.097656
850.733398	41479.140625
849.568359	41968.582031
848.403320	42151.074219
847.238281	42049.054688
846.072266	41911.535156
844.906250	41671.910156
843.739258	41494.570313
842.573242	41461.601563
841.406250	41362.062500
840.238281	41440.078125
839.071289	41615.656250
837.903320	41644.773438
836.735352	42088.507813
835.566406	42097.539063
834.398438	41931.476563
833.229492	42100.062500
832.059570	42086.917969
830.890625	42687.242188
829.720703	42465.828125
828.550781	42673.953125
827.380859	42724.847656
826.209961	42627.468750
825.039063	42727.007813
823.868164	42687.164063
822.696289	42567.742188
821.524414	42284.792969
820.352539	42651.703125
819.180664	42002.097656
818.007813	41827.707031
816.834961	41907.363281
815.662109	41823.593750
814.489258	41486.015625
813.315430	41175.074219
812.141602	41391.578125
810.966797	41713.855469
809.792969	41874.988281
808.618164	41524.546875
807.442383	41969.984375
806.267578	42265.351563
805.091797	42756.656250
803.916016	42890.894531
802.740234	43073.515625
801.563477	43467.390625
800.386719	43528.722656
799.209961	43752.855469
798.032227	43662.277344
796.854492	43908.257813
795.676758	43338.304688
794.499023	44311.914063
793.320313	44089.398438
792.141602	43625.269531
790.962891	44196.078125
789.783203	44039.625000
788.604492	44021.574219
787.424805	44209.886719
786.244141	44301.535156
785.063477	44268.066406
783.882813	44585.597656
782.702148	44288.882813
781.521484	43821.281250
780.339844	43987.421875
779.158203	43721.734375
777.975586	43780.445313
776.792969	44255.335938
775.610352	44070.789063
774.427734	44381.160156
773.245117	44352.082031
772.061523	44664.414063
770.876953	44569.636719
769.693359	45078.628906
768.508789	45434.289063
767.324219	45507.730469
766.139648	46256.562500
764.954102	46710.011719
763.768555	47423.230469
762.583008	47539.792969
761.397461	47523.089844
760.210938	48274.886719
759.024414	49395.199219
757.836914	50285.835938
756.650391	50912.062500
755.462891	52377.726563
754.275391	54352.949219
753.086914	56414.425781
751.898438	58446.574219
750.709961	60041.929688
749.521484	62710.535156
748.332031	65081.644531
747.142578	67397.171875
745.953125	69896.625000
744.762695	72703.929688
743.572266	76499.929688
742.381836	81553.656250
741.191406	89193.062500
740.000000	98296.484375
738.808594	109462.851563
737.617188	120975.921875
736.424805	130495.351563
735.232422	136721.375000
734.040039	136020.859375
732.846680	127756.101563
731.654297	116419.406250
730.460938	101594.140625
729.266602	88190.617188
728.072266	76125.375000
726.877930	66575.023438
725.683594	59832.605469
724.489258	54933.703125
723.293945	52533.601563
722.098633	50375.136719
720.902344	48969.308594
719.706055	48092.539063
718.509766	47473.812500
717.313477	46452.796875
716.117188	45940.789063
714.919922	45214.843750
713.721680	44744.468750
712.524414	44375.945313
711.326172	44074.613281
710.127930	43704.257813
708.929688	42867.343750
707.730469	42974.871094
706.531250	42367.464844
705.332031	42177.078125
704.131836	42330.019531
702.931641	41692.976563
701.731445	41943.050781
700.531250	41972.964844
699.330078	41776.417969
698.128906	41582.113281
696.926758	41857.824219
695.725586	41909.265625
694.523438	41807.707031
693.321289	42109.000000
692.118164	42181.871094
690.915039	42394.648438
689.711914	42910.820313
688.508789	43114.707031
687.304688	43632.597656
686.100586	44644.957031
684.896484	45843.906250
683.691406	45849.078125
682.486328	46494.761719
681.281250	47039.132813
680.075195	46590.699219
678.870117	46389.480469
677.663086	46012.273438
676.457031	45712.531250
675.250000	45676.917969
674.042969	45388.121094
672.835938	45313.984375
671.627930	45445.769531
670.419922	45028.574219
669.211914	45181.796875
668.003906	45133.480469
666.794922	44515.242188
665.585938	44867.683594
664.376953	44746.652344
663.166992	44557.164063
661.957031	44359.199219
660.747070	44208.406250
659.536133	44577.593750
658.325195	44632.164063
657.114258	45039.554688
655.902344	44946.453125
654.691406	45075.695313
653.478516	45388.644531
652.266602	45801.855469
651.053711	45903.015625
649.840820	46125.843750
648.627930	46555.644531
647.415039	47130.367188
646.201172	47156.410156
644.986328	47291.238281
643.772461	47423.859375
642.557617	47880.527344
641.342773	47740.066406
640.127930	48028.058594
638.912109	48109.222656
637.696289	48480.058594
636.480469	49621.671875
635.263672	49900.398438
634.046875	50500.417969
632.830078	51019.273438
631.612305	51505.960938
630.395508	52113.652344
629.177734	52814.621094
627.958984	52868.902344
626.740234	52753.105469
625.521484	53009.250000
624.302734	52678.882813
623.083008	52372.035156
621.864258	52158.769531
620.643555	51667.488281
619.423828	50949.328125
618.203125	50307.902344
616.982422	49698.605469
615.760742	49535.011719
614.540039	49133.996094
613.318359	48256.183594
612.095703	47775.125000
610.874023	47090.882813
609.651367	46938.687500
608.427734	46218.968750
607.205078	46511.707031
605.981445	46137.480469
604.757813	45744.386719
603.533203	46009.507813
602.309570	45477.015625
601.083984	45416.386719
599.859375	45548.183594
598.633789	45582.683594
597.408203	45500.925781
596.182617	45207.929688
594.956055	45354.425781
593.730469	45399.480469
592.502930	45357.949219
591.276367	44911.175781
590.048828	45108.234375
588.821289	45127.976563
587.593750	45415.574219
586.365234	45266.531250
585.136719	45497.031250
583.907227	44945.468750
582.678711	44935.710938
581.449219	45197.714844
580.219727	45278.457031
578.989258	45152.808594
577.758789	45625.066406
576.528320	46055.003906
575.296875	46390.046875
574.066406	46409.382813
572.834961	46845.117188
571.602539	47059.867188
570.370117	47856.781250
569.137695	48182.558594
567.905273	48690.964844
566.672852	49110.898438
565.439453	49522.226563
564.205078	49670.914063
562.971680	50258.214844
561.737305	50639.578125
560.502930	51150.828125
559.267578	51489.832031
558.033203	51671.398438
556.797852	52083.484375
555.561523	52478.597656
554.326172	52879.804688
553.089844	53077.605469
551.852539	53352.796875
550.616211	53190.226563
549.378906	53243.355469
548.141602	53486.906250
546.903320	53263.734375
545.665039	52417.285156
544.426758	52512.363281
543.188477	52065.855469
541.949219	51546.398438
540.709961	50901.796875
539.469727	50426.746094
538.230469	50010.410156
536.990234	49640.214844
535.749023	48992.511719
534.508789	48067.507813
533.267578	47428.847656
532.026367	46986.601563
530.784180	46953.390625
529.541992	47024.457031
528.299805	47024.605469
527.057617	46905.941406
525.814453	46958.207031
524.571289	46833.363281
523.328125	47093.894531
522.083984	47452.164063
520.839844	47221.113281
519.595703	47487.597656
518.350586	47464.722656
517.105469	47570.835938
515.860352	48026.289063
514.614258	47934.679688
513.368164	47982.386719
512.122070	48106.964844
510.875977	47892.808594
509.628906	48154.437500
508.381836	48239.417969
507.134766	47894.574219
505.886719	47637.074219
504.638672	47412.902344
503.390625	47533.242188
502.141602	48344.238281
500.892578	48495.394531
499.643555	48385.246094
498.393555	48617.152344
497.143555	48165.109375
495.893555	48633.128906
494.643555	48893.792969
493.392578	49121.203125
492.141602	48768.835938
490.889648	48633.960938
489.638672	48761.937500
488.386719	48703.664063
487.133789	48566.828125
485.881836	48767.089844
484.628906	49083.019531
483.375000	49225.191406
482.122070	49270.175781
480.868164	49255.234375
479.614258	48971.820313
478.359375	49314.148438
477.104492	49309.523438
475.849609	49661.917969
474.594727	49873.843750
473.338867	49926.835938
472.083008	49917.933594
470.827148	49655.441406
469.570313	49990.828125
468.313477	49814.992188
467.056641	49880.289063
465.798828	50273.046875
464.541016	50634.726563
463.283203	50872.703125
462.024414	50892.390625
460.765625	50922.355469
459.506836	51493.359375
458.248047	51605.429688
456.988281	51908.679688
455.728516	51917.804688
454.467773	52814.800781
453.208008	53074.382813
451.947266	53596.785156
450.685547	53934.093750
449.424805	54423.179688
448.163086	54778.597656
446.900391	54702.863281
445.638672	55242.699219
444.375977	55199.707031
443.113281	55486.910156
441.849609	55398.769531
440.585938	55458.253906
439.322266	55255.394531
438.058594	55282.101563
436.793945	55360.003906
435.529297	55116.351563
434.263672	55554.589844
432.999023	55290.539063
431.733398	54936.570313
430.466797	55349.980469
429.201172	55536.148438
427.934570	54814.292969
426.666992	54949.386719
425.400391	55284.722656
424.132813	55284.769531
422.865234	55544.269531
421.596680	55795.476563
420.328125	55670.839844
419.059570	55235.960938
417.791016	56062.609375
416.521484	55770.675781
415.251953	56099.035156
413.981445	56439.476563
412.711914	56588.085938
411.441406	57187.136719
410.169922	57101.117188
408.899414	56886.777344
407.627930	56923.093750
406.355469	57378.921875
405.083984	57867.113281
403.811523	58263.464844
402.539063	58099.972656
401.265625	58843.992188
399.992188	58867.578125
398.718750	58970.464844
