398.86	28308.26
400.13	28077.18
401.41	27931.44
402.68	27911.81
403.95	27780.21
405.23	27807.36
406.50	27877.29
407.77	27444.10
409.04	27507.87
410.31	27524.79
411.58	27250.20
412.85	27464.86
414.12	27157.49
415.39	27066.22
416.66	27260.58
417.93	27418.30
419.20	27061.63
420.47	26725.21
421.74	26778.73
423.01	26946.70
424.27	26802.09
425.54	26886.33
426.81	26512.66
428.08	26637.78
429.34	26738.40
430.61	26376.70
431.87	27001.20
433.14	26907.53
434.41	26719.63
435.67	26763.05
436.93	26652.87
438.20	26700.40
439.46	26647.53
440.73	26467.54
441.99	26845.16
443.25	26652.82
444.52	26784.51
445.78	26828.03
447.04	26758.69
448.30	26672.89
449.57	26587.05
450.83	26527.87
452.09	26780.91
453.35	26407.36
454.61	26557.73
455.87	26601.28
457.13	26535.85
458.39	26793.32
459.65	26939.81
460.91	26773.58
462.17	26627.86
463.42	26712.66
464.68	26531.84
465.94	26501.30
467.20	26194.67
468.45	26555.58
469.71	26537.38
470.97	26416.10
472.22	26434.98
473.48	26288.85
474.73	26171.54
475.99	25961.30
477.25	26376.43
478.50	26141.35
479.75	26042.47
481.01	26075.75
482.26	26288.81
483.52	26334.57
484.77	26221.17
486.02	25909.20
487.27	26161.72
488.53	26060.60
489.78	26046.34
491.03	26228.71
492.28	26235.18
493.53	26127.77
494.78	26320.63
496.03	26119.95
497.28	26072.53
498.53	25909.00
499.78	26311.39
501.03	26170.65
502.28	26090.00
503.53	26256.20
504.78	26030.26
506.03	26163.31
507.27	26319.27
508.52	26284.24
509.77	26305.27
511.02	26496.70
512.26	26241.38
513.51	26210.45
514.75	26302.17
516.00	26300.36
517.25	26533.61
518.49	26625.48
519.73	26786.08
520.98	26805.19
522.22	26620.24
523.47	26676.81
524.71	26412.57
525.95	26306.57
527.20	26229.70
528.44	26173.64
529.68	26221.82
530.92	26167.81
532.17	26516.45
533.41	26253.80
534.65	26500.34
535.89	26592.50
537.13	26457.06
538.37	26555.52
539.61	26975.79
540.85	26992.91
542.09	27189.81
543.33	27301.08
544.57	27222.08
545.80	27312.48
547.04	27287.85
548.28	27485.05
549.52	27485.56
550.75	27691.29
551.99	27201.74
553.23	27478.72
554.46	27539.99
555.70	27362.35
556.94	27325.09
558.17	27279.42
559.41	27267.29
560.64	27232.07
561.88	26984.88
563.11	27151.08
564.34	27193.48
565.58	26847.39
566.81	26492.74
568.04	26539.21
569.28	26432.29
570.51	26499.79
571.74	26197.26
572.97	26363.58
574.20	26048.25
575.44	25877.95
576.67	25964.33
577.90	25518.14
579.13	25398.12
580.36	25467.59
581.59	25947.90
582.82	25676.17
584.04	25497.05
585.27	25661.48
586.50	25844.96
587.73	25845.03
588.96	25809.23
590.19	25549.73
591.41	25636.26
592.64	25579.27
593.87	25701.75
595.09	25518.00
596.32	25796.87
597.55	25813.82
598.77	25758.90
600.00	25636.30
601.22	25794.92
602.45	25756.88
603.67	25754.79
604.89	25890.26
606.12	25915.71
607.34	26195.28
608.57	26036.55
609.79	26390.42
611.01	26519.85
612.23	26492.49
613.46	26755.56
614.68	27143.87
615.90	27326.62
617.12	27935.89
618.34	28401.16
619.56	28847.54
620.78	29856.76
622.00	30157.18
623.22	31086.48
624.44	31557.31
625.66	32304.64
626.88	32503.90
628.10	32713.89
629.31	32707.05
630.53	32434.31
631.75	31629.50
632.97	31145.67
634.18	30363.57
635.40	30094.24
636.62	29004.82
637.83	28683.90
639.05	28465.11
640.26	27811.41
641.48	27455.86
642.69	27334.69
643.91	27317.98
645.12	27435.65
646.34	27092.46
647.55	27276.30
648.76	27317.19
649.98	26892.56
651.19	26907.74
652.40	26839.60
653.62	26801.35
654.83	26654.05
656.04	26641.39
657.25	26444.80
658.46	26406.40
659.67	26522.03
660.88	26250.36
662.09	26162.65
663.30	26162.68
664.51	26184.12
665.72	25954.94
666.93	26216.32
668.14	25922.73
669.35	26027.74
670.56	25918.37
671.76	26396.61
672.97	26064.16
674.18	26023.38
675.39	26044.81
676.59	26029.76
677.80	26390.49
679.00	26775.02
680.21	26861.11
681.42	27230.89
682.62	27433.19
683.83	27209.89
685.03	26954.23
686.24	26898.49
687.44	26823.35
688.64	26675.00
689.85	26638.52
691.05	26369.48
692.25	26307.05
693.46	25986.10
694.66	26016.20
695.86	25951.48
697.06	25979.43
698.26	26132.44
699.46	25864.96
700.67	25670.71
701.87	26110.73
703.07	25607.80
704.27	26056.65
705.47	26145.11
706.67	26147.22
707.87	25864.16
709.06	26227.06
710.26	26168.66
711.46	26568.56
712.66	26482.10
713.86	26839.00
715.05	27107.37
716.25	26997.17
717.45	27475.66
718.64	27865.61
719.84	28205.93
721.04	28960.14
722.23	29595.55
723.43	30354.78
724.62	31753.83
725.82	33832.18
727.01	36813.70
728.21	41273.87
729.40	46988.11
730.59	53679.53
731.79	61904.55
732.98	68882.85
734.17	75975.27
735.37	79945.10
736.56	79162.65
737.75	75571.82
738.94	68724.95
740.13	60398.35
741.33	51965.53
742.52	45573.59
743.71	39833.54
744.90	35842.82
746.09	33578.73
747.28	31690.27
748.47	30410.77
749.65	29481.39
750.84	28922.02
752.03	28340.58
753.22	27900.57
754.41	27479.98
755.60	27305.65
756.78	27255.60
757.97	26856.36
759.16	26557.33
760.34	26819.27
761.53	26349.75
762.72	26613.94
763.90	26399.77
765.09	26463.04
766.27	26412.66
767.46	25949.03
768.64	26080.02
769.83	25786.71
771.01	26186.84
772.19	26267.64
773.38	25807.79
774.56	26221.35
775.74	26269.36
776.93	26128.99
778.11	26477.18
779.29	26431.04
780.47	26406.79
781.65	26582.06
782.83	26621.44
784.02	26768.33
785.20	26818.73
786.38	26230.47
787.56	26421.27
788.74	26357.43
789.92	26377.03
791.10	26304.36
792.27	26273.41
793.45	26101.77
794.63	26233.43
795.81	25927.56
796.99	26602.52
798.17	26549.59
799.34	26351.39
800.52	26809.02
801.70	26324.57
802.87	26509.35
804.05	26520.19
805.22	26345.97
806.40	26279.65
807.58	26272.81
808.75	26448.96
809.92	25879.79
811.10	26199.30
812.27	26148.30
813.45	26320.16
814.62	26141.13
815.79	26401.38
816.97	25904.26
818.14	26175.62
819.31	26257.09
820.48	26292.19
821.66	26362.66
822.83	26464.13
824.00	26501.50
825.17	26348.65
826.34	26147.04
827.51	26306.08
828.68	26728.63
829.85	26489.32
831.02	26340.70
832.19	26615.12
833.36	26475.31
834.53	26554.86
835.70	26536.89
836.87	26676.35
838.03	26962.25
839.20	26571.67
840.37	26509.31
841.54	26497.96
842.70	26744.12
843.87	27081.43
845.04	26999.13
846.20	26921.22
847.37	27032.16
848.53	27096.47
849.70	26827.33
850.87	26773.76
852.03	26715.72
853.19	26717.71
854.36	26621.79
855.52	26674.95
856.69	26846.13
857.85	26621.00
859.01	26587.32
860.17	26644.97
861.34	26963.36
862.50	26905.21
863.66	27259.49
864.82	26808.90
865.99	26799.73
867.15	27049.36
868.31	27158.52
869.47	27149.43
870.63	27330.09
871.79	26939.16
872.95	27014.88
874.11	27206.81
875.27	27195.46
876.43	27396.46
877.58	27163.81
878.74	27248.60
879.90	27299.88
881.06	27563.72
882.22	27227.94
883.37	27285.95
884.53	27303.69
885.69	27359.50
886.84	27388.46
888.00	27090.31
889.16	27323.14
890.31	27206.40
891.47	27376.59
892.62	27145.43
893.78	27230.44
894.93	27077.66
896.09	27117.80
897.24	27229.79
898.39	27231.81
899.55	26782.44
900.70	27065.13
901.85	27100.81
903.01	27028.63
904.16	27149.74
905.31	26893.16
906.46	27131.22
907.62	27250.18
908.77	27144.19
909.92	26878.35
911.07	27373.24
912.22	27120.85
913.37	27510.17
914.52	27494.21
915.67	27466.96
916.82	27527.60
917.97	27662.65
919.12	27468.57
920.27	27709.66
921.42	27815.51
922.56	27937.20
923.71	28131.17
924.86	27846.66
926.01	27993.28
927.15	28399.67
928.30	27972.71
929.45	28031.33
930.59	27692.21
931.74	27612.89
932.88	27983.48
934.03	27920.02
935.17	27978.68
936.32	28109.77
937.46	28010.07
938.61	28152.54
939.75	28064.12
940.90	28082.11
942.04	28303.96
943.18	28337.87
944.33	28312.85
945.47	28464.64
946.61	29031.42
947.75	28977.06
948.90	28947.63
950.04	29040.70
951.18	29299.48
952.32	29261.01
953.46	29726.58
954.60	30040.20
955.74	30213.12
956.88	30729.21
957.35	31345.81
958.50	31980.63
959.65	32703.49
960.80	32650.32
961.96	33335.41
963.11	33766.41
964.26	33612.11
965.41	33651.45
966.56	33857.52
967.71	33854.11
968.86	33972.43
970.00	34034.43
971.15	33591.32
972.30	32976.59
973.45	32616.51
974.60	32274.32
975.75	31807.82
976.89	31453.99
978.04	31149.67
979.19	30928.79
980.33	30432.17
981.48	30493.49
982.63	30272.29
983.77	30274.82
984.92	30037.64
986.06	30019.76
987.21	30114.98
988.35	29870.81
989.50	30310.09
990.64	30256.03
991.79	30145.32
992.93	30376.59
994.07	30610.23
995.22	30495.00
996.36	30504.38
997.50	30579.50
998.64	30656.94
999.79	30659.55
1000.93	30832.32
1002.07	30993.83
1003.21	30746.85
1004.35	30617.80
1005.49	30481.88
1006.63	30482.19
1007.77	30514.30
1008.91	30807.75
1010.05	30421.72
1011.19	30840.34
1012.33	31020.37
1013.47	30936.63
1014.61	31223.70
1015.75	31117.22
1016.89	31131.32
1018.02	31118.11
1019.16	31574.00
1020.30	31023.33
1021.44	31231.07
1022.57	31081.14
1023.71	31113.48
1024.85	31353.31
1025.98	31823.57
1027.12	31876.64
1028.25	31833.90
1029.39	32176.81
1030.52	31844.24
1031.66	31895.07
1032.79	31429.83
1033.93	31199.63
1035.06	31010.45
1036.19	30654.36
1037.33	30327.81
1038.46	30394.36
1039.59	30177.37
1040.73	29948.83
1041.86	30106.85
1042.99	29846.15
1044.12	29924.11
1045.25	29731.93
1046.39	29606.07
1047.52	29223.61
1048.65	29166.30
1049.78	29377.10
1050.91	29257.92
1052.04	29395.46
1053.17	29411.53
1054.30	29264.74
1055.43	29234.89
1056.55	29042.09
1057.68	29131.54
1058.81	28929.43
1059.94	29039.56
1061.07	29140.55
1062.19	28828.02
1063.32	29126.65
1064.45	29103.60
1065.58	29057.54
1066.70	29190.85
1067.83	29025.18
1068.95	29025.09
1070.08	29222.91
1071.21	29183.73
1072.33	29165.25
1073.46	29174.40
1074.58	29231.93
1075.70	29224.97
1076.83	28828.52
1077.95	29038.14
1079.08	29148.71
1080.20	28696.61
1081.32	28737.95
1082.45	28777.00
1083.57	28626.83
1084.69	28760.51
1085.81	29106.68
1086.93	28984.18
1088.05	28806.19
1089.18	28780.60
1090.30	28847.45
1091.42	29090.02
1092.54	29122.28
1093.66	28925.60
1094.78	29170.67
1095.90	29017.86
1097.02	29054.77
1098.14	29140.30
1099.25	29019.79
1100.37	29038.19
1101.49	29056.59
1102.61	29049.52
1103.73	29540.73
1104.85	29424.80
1105.96	29575.48
1107.08	29554.60
1108.20	29197.33
1109.31	29348.05
1110.43	29714.69
1111.54	29689.17
1112.66	29740.26
1113.78	29433.70
1114.89	29726.36
1116.01	29510.27
1117.12	29798.43
1118.24	29428.83
1119.35	29872.89
1120.46	29570.58
1121.58	29882.28
1122.69	29956.78
1123.80	29507.64
1124.92	29856.79
1126.03	29915.03
1127.14	29943.02
1128.25	29873.18
1129.36	30006.03
1130.48	30234.50
1131.59	29782.33
1132.70	30206.73
1133.81	29975.92
1134.92	29784.66
1136.03	30060.01
1137.14	30067.07
1138.25	30118.49
1139.36	30272.68
1140.47	30004.18
1141.58	30156.08
1142.68	30200.55
1143.79	30142.20
1144.90	30046.41
1146.01	30147.00
1147.12	30303.78
1148.22	30182.22
1149.33	30107.41
1150.44	30343.86
1151.54	30266.70
1152.65	29938.94
1153.76	29997.50
1154.86	30290.37
1155.97	29983.47
1157.07	30349.13
1158.18	30494.58
1159.28	30461.88
1160.39	30180.52
1161.49	30279.11
1162.60	30107.87
1163.70	30204.13
1164.80	30455.39
1165.91	30500.11
1167.01	30612.97
1168.11	30591.96
1169.21	30810.64
1170.32	30766.16
1171.42	30834.50
1172.52	31236.81
1173.62	31571.10
1174.72	31785.55
1175.82	31562.38
1176.92	31492.11
1178.02	32050.43
1179.12	32312.28
1180.22	32522.43
1181.32	32614.88
1182.42	33124.48
1183.52	33285.47
1184.62	33639.86
1185.72	33244.48
1186.82	33436.27
1187.92	33382.76
1189.01	33482.63
1190.11	33780.81
1191.21	34013.03
1192.30	33586.47
1193.40	33899.06
1194.50	33517.16
1195.59	33574.64
1196.69	33783.43
1197.79	33457.97
1198.88	33406.69
1199.98	33509.13
1201.07	32968.07
1202.17	33044.42
1203.26	33052.16
1204.35	32846.81
1205.45	33006.07
1206.54	33051.70
1207.64	32912.54
1208.73	32870.48
1209.82	33108.11
1210.91	33369.55
1212.01	33476.97
1213.10	33551.23
1214.19	33715.68
1215.28	33638.13
1216.37	33918.98
1217.46	33487.67
1218.55	34008.48
1219.65	34082.95
1220.74	34278.62
1221.83	34552.82
1222.92	35221.73
1224.01	35158.64
1225.09	35530.73
1226.18	35662.73
1227.27	35880.45
1228.36	35769.84
1229.45	35811.53
1230.54	36134.19
1231.63	36052.14
1232.71	36036.74
1233.80	35947.47
1234.89	35943.95
1235.97	35990.49
1237.06	35941.67
1238.15	35830.82
1239.23	35636.42
1240.32	35749.72
1241.40	35388.15
1242.49	35687.64
1243.57	35182.62
1244.66	35615.94
1245.74	34878.94
1246.83	34808.23
1247.91	34658.62
1249.00	34370.28
1250.08	34285.05
1251.16	34450.89
1252.25	34473.28
1253.33	34120.02
1254.41	33824.03
1255.49	33614.07
1256.57	33875.71
1257.66	34242.85
1258.74	34339.46
1259.82	34388.20
1260.90	34372.24
1261.98	35147.34
1263.06	34882.19
1264.14	35405.94
1265.22	36186.62
1266.30	36665.32
1267.38	37329.05
1268.46	37450.56
1269.54	38249.23
1270.62	38791.30
1271.70	38910.83
1272.77	38535.44
1273.85	38777.52
1274.93	38474.04
1276.01	38261.78
1277.08	38027.77
1278.16	37452.06
1279.24	37172.04
1280.31	36749.88
1281.39	36849.90
1282.47	36738.07
1283.54	36305.88
1284.62	36420.30
1285.69	36344.43
1286.77	36254.06
1287.84	36344.44
1288.92	36859.22
1289.99	37022.13
1291.06	37091.02
1292.14	37521.88
1293.21	37516.10
1294.28	38183.81
1295.36	38233.72
1296.43	38735.26
1297.50	39582.46
1298.57	39874.34
1299.65	39537.98
1300.72	39800.97
1301.79	40068.91
1302.86	39918.57
1303.93	40409.20
1305.00	40166.93
1306.07	40386.78
1307.14	40212.16
1308.21	40378.86
1309.28	39993.45
1310.35	40271.59
1311.42	40724.30
1312.49	40665.87
1313.56	41240.08
1314.63	41681.20
1315.70	42343.21
1316.76	42765.37
1317.83	43362.42
1318.90	43476.80
1319.97	43989.32
1321.03	43907.22
1322.10	44033.94
1323.17	44347.75
1324.23	43721.43
1325.30	43398.59
1326.36	43675.99
1327.43	43328.67
1328.50	43504.04
1329.56	44389.77
1330.63	44628.71
1331.69	45169.53
1332.75	45861.51
1333.82	47111.34
1334.88	47606.83
1335.95	48706.61
1337.01	49687.52
1338.07	50235.10
1339.13	50612.30
1340.20	51036.00
1341.26	50786.82
1342.32	51469.30
1343.38	50841.94
1344.44	50341.18
1345.51	49754.76
1346.57	48650.48
1347.63	48625.04
1348.69	47402.74
1349.75	46612.30
1350.81	45748.18
1351.87	44925.22
1352.93	44155.66
1353.99	43363.73
1355.05	42534.74
1356.11	41928.00
1357.16	41311.19
1358.22	41558.10
1359.28	41332.62
1360.34	40847.46
1361.40	40626.61
1362.45	41047.51
1363.51	41686.70
1364.57	41779.59
1365.63	42110.34
1366.68	42208.27
1367.74	42652.07
1368.79	42809.05
1369.85	43302.27
1370.91	44095.14
1371.96	44159.25
1373.02	44687.48
1374.07	44962.97
1375.13	45130.49
1376.18	45499.57
1377.23	45736.11
1378.29	45842.45
1379.34	45326.75
1380.39	44889.50
1381.45	43851.82
1382.50	43901.22
1383.55	42833.29
1384.60	42072.58
1385.66	41461.71
1386.71	40518.08
1387.76	40103.64
1388.81	39435.23
1389.86	39725.19
1390.91	39440.92
1391.96	39694.02
1393.01	40095.21
1394.07	40642.11
1395.12	41524.81
1396.17	42129.05
1397.21	42736.02
1398.26	43298.82
1399.31	43948.31
1400.36	43261.76
1401.41	42708.30
1402.46	42263.33
1403.51	42117.23
1404.55	40786.80
1405.60	39690.69
1406.65	38428.34
1407.70	37539.01
1408.74	36683.91
1409.79	36043.75
1410.84	35839.04
1411.88	35342.03
1412.93	34886.89
1413.97	34424.11
1415.02	34238.65
1416.06	33879.60
1417.11	34155.05
1418.15	33882.61
1419.20	34108.57
1420.24	34019.56
1421.29	34255.57
1422.33	34528.92
1423.37	34065.08
1424.42	34589.29
1425.46	34666.68
1426.50	34580.14
1427.55	34918.46
1428.59	34886.61
1429.63	35155.54
1430.67	35233.13
1431.71	35852.92
1432.75	36244.14
1433.80	36426.52
1434.84	36815.54
1435.88	37179.84
1436.92	37140.95
1437.96	37448.21
1439.00	37939.93
1440.04	38025.75
1441.08	38278.57
1442.12	38324.62
1443.16	38560.17
1444.20	39212.28
1445.23	39767.41
1446.27	40227.97
1447.31	40598.90
1448.35	41042.38
1449.39	41930.45
1450.42	42234.59
1451.46	42985.94
1452.50	43740.14
1453.53	43937.42
1454.57	44029.81
1455.61	44309.74
1456.64	43514.55
1457.68	43574.38
1458.71	42518.49
1459.75	42295.36
1460.78	41846.88
1461.82	41555.89
1462.85	41317.36
1463.89	40893.39
1464.92	40301.38
1465.96	39874.47
1466.99	39677.93
1468.02	39528.93
1469.06	38875.89
1470.09	38578.67
1471.12	38000.37
1472.15	37715.35
1473.19	36895.67
1474.22	36512.38
1475.25	36209.25
1476.28	36310.30
1477.31	35748.27
1478.34	35776.39
1479.38	35894.98
1480.41	35407.88
1481.44	35498.78
1482.47	35340.78
1483.50	35152.52
1484.53	35034.61
1485.56	34866.31
1486.58	34959.70
1487.61	34791.31
1488.64	34867.09
1489.67	34791.78
1490.70	34915.45
1491.73	34827.51
1492.76	34321.17
1493.78	34475.05
1494.81	34608.84
1495.84	34616.57
1496.87	34652.06
1497.89	34662.33
1498.92	34420.23
1499.95	34998.39
1500.97	34834.53
1502.00	34920.59
1503.02	34905.66
1504.05	34958.92
1505.07	35285.13
1506.10	35138.82
1507.12	35204.80
1508.15	35293.58
1509.17	35412.73
1510.20	35418.10
1511.22	35294.41
1512.24	35142.82
1513.27	35532.91
1514.29	35761.12
1515.31	35606.99
1516.33	35807.45
1517.36	35480.95
1518.38	35443.23
1519.40	35724.89
1520.42	35393.08
1521.44	35406.02
1522.47	35802.00
1523.49	35211.18
1524.51	35262.14
1525.53	35295.36
1526.55	34947.75
1527.57	34467.94
1528.59	34511.15
1529.61	34899.90
1530.63	35060.11
1531.65	34877.27
1532.67	35146.86
1533.68	34628.28
1534.70	34905.56
1535.72	34781.01
1536.74	35343.43
1537.76	34956.77
1538.78	35379.45
1539.79	35430.57
1540.81	35267.79
1541.83	35489.57
1542.84	35665.59
1543.86	35428.82
1544.88	36109.61
1545.89	35936.57
1546.91	36444.35
1547.92	36498.32
1548.94	36284.43
1549.95	36251.62
1550.97	36269.84
1551.98	36254.87
1553.00	35680.67
1554.01	36030.80
1555.03	35977.44
1556.04	35791.18
1557.05	35400.37
1558.07	35178.11
1559.08	34769.09
1560.09	35019.71
1561.11	35209.05
1562.12	35447.09
1563.13	35045.43
1564.14	35132.50
1565.16	35516.61
1566.17	35614.06
1567.18	35703.87
1568.19	35916.68
1569.20	35750.34
1570.21	35801.77
1571.22	36037.82
1572.23	36107.29
1573.24	36148.57
1574.25	36315.57
1575.26	36213.21
1576.27	36259.66
1577.28	36139.28
1578.29	35839.09
1579.30	35785.33
1580.31	35631.35
1581.31	35605.77
1582.32	35783.20
1583.33	35405.48
1584.34	35441.52
1585.34	35451.87
1586.35	35279.59
1587.36	35485.42
1588.37	35233.30
1589.37	35325.95
1590.38	35325.97
1591.38	34854.76
1592.39	34870.12
1593.40	34434.66
1594.40	34555.57
1595.41	34921.37
1596.41	34642.87
1597.42	35075.88
1598.42	34500.71
1599.42	34701.71
1600.43	34657.70
1601.43	34613.66
1602.44	34489.58
1603.44	34293.16
1604.44	34460.75
1605.45	34494.11
1606.45	34382.80
1607.45	34126.73
1608.45	34157.44
1609.46	34064.07
1610.46	34112.88
1611.46	34148.76
1612.46	33706.10
1613.46	33545.27
1614.46	33860.54
1615.46	33536.59
1616.46	33546.49
1617.46	33369.93
1618.46	33623.26
1619.46	33503.64
1620.46	33376.18
1621.46	33222.75
1622.46	33543.66
1623.46	33421.30
1624.46	32998.04
1625.46	33127.14
1626.46	33331.54
1627.46	32988.42
1628.45	33143.55
1629.45	33013.14
1630.45	32563.25
1631.45	32469.01
1632.44	32769.65
1633.44	32314.20
1634.44	32812.46
1635.43	32520.61
1636.43	32408.05
1637.43	32591.94
1638.42	31844.58
1639.42	31794.24
1640.41	31767.29
1641.41	31680.47
1642.40	31432.17
1643.40	31160.31
1644.39	30870.11
1645.39	31132.13
1646.38	30344.04
1647.38	30564.35
1648.37	30477.10
1649.36	30256.83
1650.36	30185.13
1651.35	29915.12
1652.34	29848.53
1653.33	29714.04
1654.33	29597.78
1655.32	29178.57
1656.31	29247.55
1657.30	29340.07
1658.29	28923.14
1659.28	28500.80
1660.28	28535.71
1661.27	28196.76
1662.26	28153.16
1663.25	28086.00
1664.24	28050.20
1665.23	27880.93
1666.22	27635.69
1667.21	27704.47
1668.20	27576.91
1669.19	27656.18
1670.17	27620.23
1671.16	27482.07
1672.15	27543.03
1673.14	27092.87
1674.13	27124.92
1675.12	27177.96
1676.10	26994.96
1677.09	26843.36
1678.08	26552.62
1679.07	26673.81
1680.05	26813.43
1681.04	26538.24
1682.03	26538.70
1683.01	26360.52
1684.00	26240.07
1684.98	26043.35
1685.97	26322.32
1686.95	26427.88
1687.94	25944.43
1688.92	26149.90
1689.91	25995.04
1690.89	26192.71
1691.88	26011.46
1692.86	25872.25
1693.85	26138.48
1694.83	25735.87
1695.81	25707.14
1696.80	25659.96
1697.78	25976.43
1698.76	25786.94
1699.74	25929.56
1700.73	25753.16
1701.71	25866.82
1702.69	25576.89
1703.67	25500.56
1704.65	25292.24
1705.64	25397.97
1706.62	25556.55
1707.60	25173.79
1708.58	25401.07
1709.56	25509.55
1710.54	25277.16
1711.52	25192.70
1712.50	25324.99
1713.48	24907.30
1714.46	25211.50
1715.44	25158.69
1716.42	24698.36
1717.39	25142.98
1718.37	24814.80
1719.35	24904.83
1720.33	25016.08
1721.31	25132.67
1722.29	24936.68
1723.26	24624.00
1724.24	24414.56
1725.22	24788.28
1726.20	24708.71
1727.17	24828.03
1728.15	24422.13
1729.12	24390.19
1730.10	24780.22
1731.08	24695.24
1732.05	24198.69
1733.03	24440.20
1734.00	24209.00
1734.98	24243.39
1735.95	24508.97
1736.93	24043.74
1737.90	24179.12
1738.88	24011.43
1739.85	23843.67
1740.82	24090.82
1741.80	23611.69
1742.77	23427.76
1743.74	23887.93
1744.72	23682.67
1745.69	23778.25
1746.66	23692.74
1747.63	23713.77
1748.61	23542.94
1749.58	23420.01
1750.55	23451.64
1751.52	23592.61
1752.49	23520.28
1753.46	23546.62
1754.44	23551.62
1755.41	23265.74
1756.38	23681.74
1757.35	23326.34
1758.32	23275.22
1759.29	23082.51
1760.26	23060.69
1761.23	22958.70
1762.20	23206.79
1763.17	22850.82
1764.13	23385.08
1765.10	22932.72
1766.07	22870.71
1767.04	23036.09
1768.01	22925.91
1768.97	22834.41
1769.94	22978.46
1770.91	22734.30
1771.88	22851.61
1772.84	22808.23
1773.81	22590.67
1774.78	22383.73
1775.74	22726.22
1776.71	22840.97
1777.68	22827.03
1778.64	22676.29
1779.61	22624.75
1780.57	22653.69
1781.54	22465.24
1782.50	22448.51
1783.47	22686.87
1784.43	22796.42
1785.40	22430.53
1786.36	22644.85
1787.33	22423.90
1788.29	22455.52
1789.25	22315.09
1790.22	22136.94
1791.18	22335.28
1792.14	22259.30
1793.10	22183.28
1794.07	22066.85
1795.03	22168.43
1795.99	22439.67
1796.95	22070.07
1797.92	22139.38
1798.88	21909.66
1799.84	22472.12
1800.80	22172.28
1801.76	22061.04
1802.72	22133.11
1803.68	22083.84
1804.64	22042.65
1805.60	22341.41
1806.56	21811.76
1807.52	21816.36
1808.48	21807.47
1809.44	21787.77
1810.40	22097.59
1811.36	22329.19
1812.32	21812.37
1813.27	21841.30
1814.23	21899.97
1815.19	21766.69
1816.15	21746.94
1817.11	21821.86
1818.06	21737.17
1819.02	21641.63
1819.98	22068.45
1820.93	21704.90
1821.89	21931.53
1822.85	21833.23
1823.80	21623.81
1824.76	21625.66
1825.72	21643.77
1826.67	21816.40
1827.63	21574.26
1828.58	21619.49
1829.54	21729.83
1830.49	21750.69
1831.45	21551.74
1832.40	21450.43
1833.36	21536.39
1834.31	21435.03
1835.26	21732.86
1836.22	21381.58
1837.17	21396.95
1838.12	21352.54
1839.08	21433.14
1840.03	21342.50
1840.98	21284.45
1841.93	21677.88
1842.89	21560.02
1843.84	21278.85
1844.79	21234.33
1845.74	21151.69
1846.69	21311.34
1847.65	21345.79
1848.60	21399.31
1849.55	21194.03
1850.50	21190.31
1851.45	21219.30
1852.40	21357.35
1853.35	20958.28
1854.30	21306.34
1855.25	21297.18
1856.20	21176.15
1857.15	21068.71
1858.10	21193.25
1859.04	21012.05
1859.99	20915.43
1860.94	21192.97
1861.89	20877.78
1862.84	20914.96
1863.79	20927.56
1864.73	20847.22
1865.68	20993.79
1866.63	20899.75
1867.58	20750.96
1868.52	20848.35
1869.47	20683.06
1870.42	20887.22
1871.36	20721.88
1872.31	20808.38
1873.25	21094.87
1874.20	21006.16
1875.14	20802.33
1876.09	20666.94
1877.03	20580.82
1877.98	20565.96
1878.92	20518.18
1879.87	20599.29
1880.81	20433.53
1881.76	20731.44
1882.70	20623.27
1883.64	20501.32
1884.59	20472.69
1885.53	20479.74
1886.47	20777.97
1887.42	20631.22
1888.36	20314.03
1889.30	20354.04
1890.24	20336.32
1891.19	19994.12
1892.13	20190.85
1893.07	20101.56
1894.01	20356.18
1894.95	20242.12
1895.89	20260.14
1896.83	20071.67
1897.78	20117.20
1898.72	20193.04
1899.66	20376.37
1900.60	20110.60
1901.54	20335.33
1902.48	20267.93
1903.42	20272.19
1904.35	19934.46
1905.29	20076.58
1906.23	20158.06
1907.17	20195.42
1908.11	20279.71
1909.05	20082.44
1909.99	20260.63
1910.92	19999.74
1911.86	19959.74
1912.80	20060.65
1913.74	20186.48
1914.67	20091.21
1915.61	20194.97
1916.55	20265.60
1917.48	20031.98
1918.42	20061.09
1919.36	19965.69
1920.29	20144.27
1921.23	20068.22
1922.16	19776.16
1923.10	19672.31
1924.03	19867.59
1924.97	19982.60
1925.90	19895.36
1926.84	19652.84
1927.77	19798.38
1928.71	19694.40
1929.64	19448.91
1930.57	19819.21
1931.51	19778.98
1932.44	19760.95
1933.38	19476.40
1934.31	19744.28
1935.24	19670.68
1936.17	19599.82
1937.11	19984.58
1938.04	19655.32
1938.97	19545.51
1939.90	19421.74
1940.83	19834.59
1941.76	19543.96
1942.70	19737.24
1943.63	19585.58
1944.56	19342.02
1945.49	19429.61
1946.42	19213.75
1947.35	19220.59
1948.28	19366.70
1949.21	19209.19
1950.14	19647.95
1951.07	19699.47
1952.00	19260.38
1952.93	19233.77
1953.86	19031.45
1954.78	19255.83
1955.71	19268.27
1956.64	19339.31
1957.57	19209.41
1958.50	19269.30
1959.42	19049.97
1960.35	19174.10
1961.28	19192.11
1962.21	19036.90
1963.13	19381.88
1964.06	18961.08
1964.99	19163.60
1965.91	19120.10
1966.84	19143.72
1967.76	18884.78
1968.69	19168.60
1969.62	18755.61
1970.54	18826.77
1971.47	18990.35
1972.39	18736.70
1973.32	18914.35
1974.24	18823.08
1975.17	18911.14
1976.09	18657.25
1977.01	18989.23
1977.94	18984.84
1978.86	18907.51
1979.78	18830.16
1980.71	18980.06
1981.63	18739.90
1982.55	18662.46
1983.48	18666.41
1984.40	18558.03
1985.32	18817.58
1986.24	18624.89
1987.17	18766.54
1988.09	18585.00
1989.01	18555.20
1989.93	18916.26
1990.85	18467.44
1991.77	18820.19
1992.69	18483.72
1993.61	18552.37
1994.53	18474.67
1995.45	18377.23
1996.37	18690.91
1997.29	18466.72
1998.21	18650.95
1999.13	18471.74
2000.05	18361.84
