398.66	24323.57
399.93	24254.31
401.21	24164.67
402.48	24154.36
403.75	24225.46
405.03	23763.16
406.30	23862.71
407.57	24161.94
408.84	23915.26
410.11	23819.28
411.38	23837.40
412.65	23849.41
413.92	23747.22
415.19	23726.58
416.46	23610.03
417.73	23407.70
419.00	23701.34
420.27	23690.87
421.54	23666.10
422.81	23461.55
424.08	23773.87
425.34	23503.84
426.61	23376.78
427.88	23284.42
429.14	23484.51
430.41	23435.10
431.68	23289.48
432.94	23610.47
434.21	23421.83
435.47	23568.95
436.74	23388.40
438.00	23170.88
439.26	23522.97
440.53	23475.52
441.79	23446.49
443.06	23517.94
444.32	23511.48
445.58	23342.92
446.84	23270.73
448.11	23580.33
449.37	23409.61
450.63	23462.66
451.89	23291.83
453.15	23548.30
454.41	23494.55
455.67	23231.09
456.93	23539.14
458.19	23139.82
459.45	23664.00
460.71	23213.07
461.97	23237.37
463.23	23010.52
464.48	23356.02
465.74	23011.68
467.00	23192.53
468.26	23243.65
469.51	23255.62
470.77	22976.89
472.03	23129.04
473.28	23120.36
474.54	23208.65
475.79	23173.16
477.05	23247.05
478.30	23025.73
479.56	23112.01
480.81	23109.51
482.06	23109.08
483.32	22939.17
484.57	23108.20
485.82	22977.49
487.08	23030.79
488.33	22933.11
489.58	22998.83
490.83	23091.50
492.08	23053.79
493.34	23074.03
494.59	23170.92
495.84	23004.75
497.09	22979.41
498.34	23086.71
499.59	23032.35
500.84	22863.91
502.08	22859.25
503.33	22777.82
504.58	22916.32
505.83	23071.50
507.08	23052.34
508.33	22981.26
509.57	23362.98
510.82	23134.03
512.07	23214.62
513.31	22925.24
514.56	23199.19
515.80	23242.42
517.05	23587.30
518.29	23355.98
519.54	23365.98
520.78	23494.64
522.03	23396.39
523.27	23273.11
524.51	22989.35
525.76	23086.78
527.00	22998.75
528.24	23089.98
529.49	23043.62
530.73	23145.32
531.97	23380.60
533.21	23578.43
534.45	23555.09
535.69	23343.85
536.93	23479.15
538.17	23652.13
539.41	23912.93
540.65	23661.86
541.89	23590.42
543.13	23886.95
544.37	24198.25
545.61	24091.33
546.85	24256.37
548.08	24486.36
549.32	24634.82
550.56	24827.33
551.80	24875.41
553.03	24850.19
554.27	24435.21
555.51	24497.90
556.74	24145.53
557.98	24233.34
559.21	24161.78
560.45	24134.25
561.68	23982.89
562.92	23990.98
564.15	23904.59
565.38	23931.56
566.62	23822.01
567.85	23577.95
569.08	23657.39
570.31	23333.28
571.55	23177.22
572.78	23511.09
574.01	23266.64
575.24	23194.61
576.47	22994.16
577.70	22842.03
578.93	22763.52
580.16	23106.19
581.39	22585.31
582.62	22521.43
583.85	22834.78
585.08	22705.57
586.31	22787.16
587.54	22917.30
588.77	22859.74
589.99	22755.73
591.22	22976.71
592.45	23058.46
593.67	23165.59
594.90	23008.74
596.13	23234.21
597.35	22861.75
598.58	23000.63
599.80	23000.04
601.03	23151.71
602.25	23210.38
603.48	23290.23
604.70	23238.91
605.93	23193.91
607.15	23030.32
608.37	23502.01
609.59	23798.10
610.82	23776.50
612.04	24000.73
613.26	23966.45
614.48	24818.49
615.71	24958.30
616.93	25270.01
618.15	25475.78
619.37	26174.06
620.59	26458.69
621.81	27408.12
623.03	27438.30
624.25	27908.28
625.47	28299.85
626.68	28260.12
627.90	28326.66
629.12	28250.76
630.34	27947.21
631.56	27483.94
632.77	27018.32
633.99	26475.83
635.21	25916.05
636.42	25326.18
637.64	25287.75
638.86	24680.39
640.07	24673.75
641.29	24262.07
642.50	24029.30
643.72	24237.91
644.93	24329.28
646.15	24173.17
647.36	24211.21
648.57	24251.40
649.79	24150.67
651.00	24019.99
652.21	24034.52
653.42	23722.10
654.64	23753.66
655.85	23954.13
657.06	23759.08
658.27	23625.97
659.48	23689.62
660.69	23590.66
661.90	23271.17
663.11	23317.65
664.32	23135.00
665.53	23342.13
666.74	23197.96
667.95	23366.62
669.16	23346.71
670.37	23170.27
671.57	23487.02
672.78	23351.29
673.99	23097.47
675.20	23590.42
676.40	23654.25
677.61	23947.88
678.81	24127.80
680.02	24043.57
681.23	24567.42
682.43	24739.03
683.64	24302.30
684.84	24742.72
686.05	24239.10
687.25	24146.15
688.45	23646.44
689.66	23460.75
690.86	23322.33
692.06	23347.51
693.27	23409.32
694.47	23191.07
695.67	23097.70
696.87	23015.06
698.07	22994.91
699.28	23028.67
700.48	23148.72
701.68	23070.32
702.88	22836.50
704.08	22941.47
705.28	23160.94
706.48	22939.92
707.68	22941.30
708.87	23113.38
710.07	23279.05
711.27	23241.60
712.47	23550.10
713.67	23973.37
714.86	23985.81
716.06	24121.59
717.26	24638.37
718.46	24780.87
719.65	25016.54
720.85	25683.36
722.04	26417.67
723.24	27477.37
724.43	28867.06
725.63	30643.33
726.82	33404.99
728.02	37267.73
729.21	42399.39
730.41	47557.39
731.60	54285.10
732.79	60536.20
733.99	64898.71
735.18	68122.90
736.37	67913.46
737.56	64869.94
738.75	59744.61
739.95	53212.19
741.14	46452.62
742.33	40631.74
743.52	36601.00
744.71	33038.44
745.90	30717.21
747.09	28963.17
748.28	28266.80
749.47	27077.75
750.66	26369.69
751.84	26049.25
753.03	25593.49
754.22	25458.06
755.41	24923.41
756.60	24449.60
757.78	24623.65
758.97	24306.69
760.16	23998.30
761.34	23888.48
762.53	23990.48
763.71	23913.37
764.90	23768.48
766.08	23962.33
767.27	23826.12
768.46	23552.07
769.64	23507.57
770.82	23373.34
772.01	23530.11
773.19	23349.84
774.37	23537.33
775.56	23275.94
776.74	23540.16
777.92	23754.11
779.10	23663.53
780.29	23721.97
781.47	23666.41
782.65	23803.83
783.83	24097.06
785.01	24034.96
786.19	23992.59
787.37	23890.92
788.55	23833.12
789.73	23828.00
790.91	23636.14
792.09	23310.15
793.27	23397.20
794.45	23587.62
795.62	23311.95
796.80	23366.07
797.98	23239.81
799.16	23258.73
800.33	23264.44
801.51	23433.07
802.69	23333.12
803.86	23534.88
805.04	23437.11
806.21	23383.37
807.39	23585.27
808.56	23502.87
809.74	23096.26
810.91	23490.14
812.09	23615.04
813.26	23883.43
814.43	23893.70
815.61	23932.67
816.78	23465.94
817.95	23595.38
819.13	23508.37
820.30	23591.47
821.47	23606.09
822.64	23645.03
823.81	23726.01
824.99	23793.75
826.16	23839.40
827.33	23969.16
828.50	23848.84
829.67	23540.26
830.84	24002.24
832.01	23850.82
833.18	23914.26
834.34	23669.67
835.51	24043.43
836.68	23891.87
837.85	24279.17
839.02	24498.05
840.18	24322.08
841.35	24303.60
842.52	24391.66
843.69	24366.52
844.85	24407.99
846.02	24425.04
847.18	24366.56
848.35	24214.69
849.52	24391.77
850.68	24406.60
851.84	24528.19
853.01	24320.60
854.17	24408.85
855.34	24323.53
856.50	24278.24
857.67	24451.16
858.83	24120.78
859.99	24255.86
861.15	24157.03
862.32	24263.20
863.48	24407.31
864.64	24310.67
865.80	24365.64
866.96	24284.55
868.12	24147.63
869.28	24126.71
870.44	24483.08
871.60	24585.04
872.76	24649.07
873.92	24690.79
875.08	24665.50
876.24	24787.70
877.40	24626.03
878.56	24931.65
879.72	24727.44
880.88	24852.00
882.03	24891.58
883.19	24830.46
884.35	25035.72
885.50	24916.37
886.66	24884.32
887.82	24979.96
888.97	24891.87
890.13	24821.68
891.28	24742.48
892.44	25066.90
893.59	24954.08
894.75	24847.92
895.90	24687.86
897.06	24850.95
898.21	24457.30
899.37	24557.53
900.52	24711.71
901.67	24856.97
902.82	24840.49
903.98	24637.44
905.13	24715.32
906.28	24581.85
907.43	24515.80
908.58	24789.45
909.74	24766.16
910.89	24796.89
912.04	24690.29
913.19	25178.16
914.34	25035.55
915.49	25372.78
916.64	25347.33
917.79	25788.47
918.94	25943.47
920.08	25933.91
921.23	25924.35
922.38	26214.86
923.53	25774.31
924.68	26085.23
925.82	26044.07
926.97	25912.56
928.12	26155.96
929.26	25830.10
930.41	26050.98
931.56	25770.15
932.70	25638.40
933.85	25409.35
934.99	25680.10
936.14	25179.44
937.28	25493.25
938.43	25533.31
939.57	25288.10
940.72	25355.30
941.86	25442.92
943.00	25600.81
944.15	25538.95
945.29	25760.39
946.43	25728.01
947.57	25802.19
948.72	26019.31
949.86	26057.29
951.00	26009.05
952.14	26521.45
953.28	26811.58
954.42	27142.72
955.56	27249.14
956.70	27666.87
957.17	28351.74
958.32	28859.89
959.47	29330.04
960.63	29501.11
961.78	29712.78
962.93	30001.09
964.08	30192.71
965.23	30337.11
966.38	30186.45
967.53	30472.88
968.68	30085.53
969.83	30049.68
970.98	29869.50
972.12	29569.69
973.27	29170.48
974.42	28996.74
975.57	28470.81
976.71	28161.37
977.86	27567.25
979.01	27521.72
980.16	27281.87
981.30	26535.74
982.45	26792.80
983.59	26557.14
984.74	26674.13
985.89	26619.27
987.03	26313.26
988.18	26584.15
989.32	26332.32
990.46	26743.69
991.61	26444.23
992.75	26518.34
993.90	26497.34
995.04	26596.42
996.18	26532.36
997.32	26867.28
998.47	26961.98
999.61	27027.24
1000.75	26856.59
1001.89	27051.20
1003.03	26919.06
1004.17	26807.29
1005.32	27238.19
1006.46	27142.34
1007.60	27048.72
1008.74	27352.71
1009.88	27279.55
1011.02	27197.26
1012.16	27519.70
1013.29	27476.09
1014.43	27568.96
1015.57	27830.27
1016.71	27834.50
1017.85	27756.77
1018.99	27599.30
1020.12	27744.70
1021.26	27942.56
1022.40	28270.40
1023.53	27622.85
1024.67	28012.32
1025.81	28258.32
1026.94	28098.42
1028.08	28207.66
1029.21	28198.29
1030.35	27860.23
1031.48	27793.70
1032.62	27944.07
1033.75	27553.18
1034.88	27454.53
1036.02	27470.10
1037.15	27188.54
1038.28	27087.45
1039.42	27265.30
1040.55	26972.05
1041.68	27172.84
1042.81	27046.48
1043.95	27169.55
1045.08	26855.39
1046.21	26875.43
1047.34	26496.91
1048.47	26633.72
1049.60	26511.63
1050.73	26382.61
1051.86	26331.48
1052.99	26436.26
1054.12	26430.99
1055.25	26324.77
1056.38	26163.42
1057.51	25898.70
1058.64	26129.77
1059.76	26312.73
1060.89	26534.81
1062.02	26306.69
1063.15	26416.28
1064.27	26325.93
1065.40	26309.12
1066.53	26418.78
1067.65	26158.15
1068.78	26424.28
1069.90	26105.99
1071.03	26059.18
1072.16	26113.64
1073.28	25917.12
1074.41	26132.81
1075.53	25984.58
1076.65	26156.61
1077.78	26102.81
1078.90	25989.05
1080.02	25946.72
1081.15	25858.24
1082.27	26168.87
1083.39	25847.31
1084.51	25936.48
1085.64	25877.92
1086.76	26041.04
1087.88	26070.25
1089.00	26090.24
1090.12	26057.08
1091.24	26174.15
1092.36	26238.10
1093.48	26413.09
1094.60	26465.56
1095.72	26631.43
1096.84	26727.94
1097.96	26301.34
1099.08	26511.27
1100.20	26730.57
1101.32	26685.88
1102.44	26740.81
1103.55	26761.00
1104.67	26948.10
1105.79	26931.24
1106.91	27072.08
1108.02	26793.11
1109.14	26864.38
1110.25	27005.30
1111.37	26779.50
1112.49	26880.99
1113.60	26778.15
1114.72	26993.52
1115.83	27090.48
1116.95	27117.76
1118.06	27156.68
1119.17	27251.41
1120.29	27034.54
1121.40	27073.46
1122.52	27226.42
1123.63	27114.12
1124.74	26901.66
1125.85	27189.73
1126.97	27149.54
1128.08	27470.41
1129.19	27192.59
1130.30	27191.98
1131.41	27454.80
1132.52	27279.38
1133.64	27502.69
1134.75	27520.82
1135.86	27842.29
1136.97	27375.04
1138.08	27778.34
1139.19	27481.30
1140.29	27775.04
1141.40	27872.67
1142.51	27778.74
1143.62	27874.08
1144.73	28011.55
1145.84	27861.46
1146.94	27561.60
1148.05	27918.99
1149.16	27490.31
1150.27	27585.71
1151.37	27559.41
1152.48	27598.67
1153.58	27258.50
1154.69	27599.91
1155.80	27409.56
1156.90	27287.08
1158.01	27774.09
1159.11	27560.19
1160.21	27540.86
1161.32	27828.85
1162.42	27818.96
1163.53	27877.12
1164.63	28008.09
1165.73	28127.38
1166.84	28314.84
1167.94	28213.42
1169.04	28447.98
1170.14	28708.51
1171.25	28736.40
1172.35	28714.93
1173.45	28888.66
1174.55	29128.36
1175.65	29342.27
1176.75	29142.03
1177.85	29942.27
1178.95	30045.84
1180.05	30302.56
1181.15	30092.92
1182.25	30274.36
1183.35	30847.16
1184.45	30550.26
1185.55	30854.56
1186.65	30977.37
1187.74	30364.14
1188.84	30649.72
1189.94	30954.32
1191.04	31240.17
1192.13	30886.18
1193.23	30744.61
1194.33	31236.15
1195.42	30751.93
1196.52	30874.96
1197.61	30581.93
1198.71	30567.81
1199.80	30286.39
1200.90	30276.93
1202.00	30085.23
1203.09	30229.57
1204.18	30163.25
1205.28	30561.06
1206.37	30369.25
1207.46	30196.29
1208.56	30606.23
1209.65	30328.96
1210.74	30464.09
1211.84	30677.54
1212.93	30791.46
1214.02	30855.61
1215.11	30582.79
1216.20	30900.91
1217.29	31045.84
1218.38	31428.33
1219.47	31438.05
1220.57	31464.42
1221.66	31364.83
1222.75	31980.69
1223.83	31733.77
1224.92	32097.91
1226.01	32331.39
1227.10	32610.18
1228.19	32629.71
1229.28	32442.14
1230.37	32654.48
1231.46	32614.48
1232.54	32681.66
1233.63	32753.62
1234.72	32432.40
1235.80	32375.61
1236.89	32407.02
1237.98	32631.60
1239.06	32331.51
1240.15	32255.55
1241.23	32065.00
1242.32	31922.10
1243.40	31745.71
1244.49	31636.10
1245.57	31602.87
1246.66	31368.93
1247.74	31488.57
1248.83	31570.01
1249.91	30991.59
1250.99	31070.57
1252.08	30838.61
1253.16	30812.30
1254.24	30572.98
1255.32	30553.78
1256.40	30675.83
1257.49	31003.89
1258.57	31229.10
1259.65	31471.18
1260.73	31353.89
1261.81	31907.73
1262.89	32205.28
1263.97	32627.67
1265.05	33220.57
1266.13	33859.33
1267.21	33884.01
1268.29	34727.25
1269.37	34939.42
1270.45	35379.83
1271.53	35522.58
1272.60	35564.48
1273.68	35841.92
1274.76	35316.61
1275.84	35144.50
1276.92	34825.60
1277.99	34607.59
1279.07	34391.87
1280.14	34190.49
1281.22	33560.54
1282.30	33428.69
1283.37	33424.41
1284.45	33155.16
1285.52	33331.52
1286.60	33230.82
1287.67	33231.30
1288.75	33376.45
1289.82	33782.11
1290.90	33705.53
1291.97	34437.18
1293.04	34242.45
1294.12	34600.40
1295.19	34895.75
1296.26	35490.68
1297.33	35327.41
1298.41	35975.87
1299.48	36100.21
1300.55	36062.65
1301.62	36361.14
1302.69	36338.13
1303.76	36438.47
1304.83	36306.58
1305.91	36344.03
1306.98	36325.82
1308.04	36300.34
1309.12	36446.78
1310.18	36719.24
1311.25	36960.34
1312.32	37545.66
1313.39	37372.55
1314.46	37725.47
1315.53	38083.41
1316.60	38490.02
1317.66	38540.17
1318.73	38456.86
1319.80	39082.29
1320.87	38741.71
1321.93	38665.66
1323.00	38669.74
1324.07	38705.40
1325.13	38670.60
1326.20	38448.61
1327.26	38323.77
1328.33	38782.50
1329.39	39141.71
1330.46	39476.76
1331.52	39999.34
1332.59	40373.68
1333.65	41035.46
1334.71	41799.83
1335.78	42454.94
1336.84	43629.28
1337.90	43493.13
1338.97	44273.38
1340.03	44222.63
1341.09	44384.01
1342.15	44201.54
1343.22	43811.62
1344.28	43238.49
1345.34	42835.95
1346.40	42088.99
1347.46	41778.79
1348.52	40681.96
1349.58	40085.44
1350.64	38990.15
1351.70	38686.27
1352.76	38071.76
1353.82	37835.98
1354.88	37152.50
1355.94	36639.95
1357.00	36579.86
1358.06	36524.63
1359.12	35928.33
1360.17	36196.14
1361.23	36466.52
1362.29	36450.39
1363.35	36811.61
1364.40	37202.40
1365.46	37595.82
1366.52	37619.16
1367.57	38164.91
1368.63	38141.77
1369.68	38705.05
1370.74	39104.16
1371.79	39591.82
1372.85	39856.25
1373.90	39840.82
1374.96	40184.04
1376.01	40252.21
1377.07	40529.31
1378.12	40253.44
1379.17	40196.26
1380.23	39475.04
1381.28	39378.29
1382.33	38351.44
1383.39	37205.98
1384.44	36505.55
1385.49	36289.84
1386.54	35909.02
1387.59	35478.77
1388.65	34713.22
1389.70	34585.61
1390.75	34544.21
1391.80	35087.12
1392.85	35573.55
1393.90	36109.54
1394.95	36939.37
1396.00	37855.95
1397.05	38089.21
1398.10	38347.25
1399.15	38415.27
1400.20	38582.11
1401.25	38212.90
1402.29	37769.39
1403.34	37172.42
1404.39	36327.94
1405.44	35243.21
1406.48	34442.43
1407.53	33715.50
1408.58	32391.87
1409.63	31983.42
1410.67	31458.43
1411.72	31168.43
1412.76	30687.59
1413.81	30848.17
1414.85	30540.48
1415.90	30175.65
1416.94	30147.80
1417.99	30303.43
1419.03	30101.98
1420.08	30220.45
1421.12	30453.11
1422.17	30239.14
1423.21	30735.04
1424.25	30615.39
1425.30	30972.52
1426.34	31009.35
1427.38	31463.63
1428.42	31353.96
1429.47	31962.63
1430.51	32089.22
1431.55	32148.72
1432.59	32389.83
1433.63	32718.13
1434.67	32693.19
1435.71	32949.51
1436.75	33701.41
1437.79	33831.06
1438.83	34302.02
1439.88	34710.90
1440.91	34761.12
1441.95	34943.46
1442.99	35300.40
1444.03	35642.54
1445.07	36117.02
1446.11	36234.95
1447.15	36739.72
1448.18	36705.59
1449.22	38024.55
1450.26	37750.97
1451.30	38286.49
1452.33	38614.90
1453.37	38786.04
1454.41	38769.79
1455.44	38341.05
1456.48	38439.71
1457.52	37955.68
1458.55	37846.65
1459.59	37099.53
1460.62	36659.90
1461.66	36352.74
1462.69	35955.30
1463.73	35515.11
1464.76	35350.26
1465.79	35190.34
1466.83	35000.27
1467.86	34351.40
1468.89	34183.62
1469.93	33777.52
1470.96	32964.88
1471.99	32784.12
1473.02	32272.02
1474.06	32331.98
1475.09	32017.88
1476.12	31683.55
1477.15	31587.68
1478.18	31351.08
1479.21	31076.67
1480.24	31345.04
1481.27	30909.61
1482.30	30567.01
1483.33	30397.81
1484.36	30530.41
1485.39	30605.19
1486.42	30370.43
1487.45	30611.35
1488.48	30605.62
1489.51	30305.21
1490.54	30032.38
1491.57	30207.91
1492.59	30005.50
1493.62	30244.12
1494.65	30117.25
1495.68	30466.96
1496.70	30541.88
1497.73	30589.08
1498.76	30797.80
1499.78	30458.87
1500.81	30526.27
1501.83	30639.14
1502.86	31226.93
1503.89	30963.57
1504.91	31448.08
1505.94	30957.17
1506.96	31146.10
1507.99	30788.92
1509.01	30813.49
1510.03	31197.29
1511.06	31105.56
1512.08	31287.13
1513.10	31342.20
1514.13	31009.88
1515.15	30918.02
1516.17	31069.29
1517.20	30850.70
1518.22	31037.50
1519.24	31161.01
1520.26	30868.76
1521.28	30784.33
1522.30	31103.17
1523.33	30912.19
1524.35	31294.63
1525.37	31029.99
1526.39	30915.02
1527.41	31109.80
1528.43	31121.79
1529.45	31011.83
1530.47	31150.85
1531.49	31020.52
1532.50	30905.37
1533.52	30991.05
1534.54	31048.79
1535.56	31353.30
1536.58	31350.08
1537.60	31547.90
1538.61	31572.71
1539.63	31653.54
1540.65	32027.27
1541.67	32113.32
1542.68	32237.63
1543.70	32237.12
1544.72	32652.08
1545.73	32723.04
1546.75	32837.38
1547.76	32798.73
1548.78	33107.02
1549.79	32626.95
1550.81	32733.70
1551.82	32917.08
1552.84	32265.56
1553.85	32650.68
1554.87	32341.12
1555.88	32286.93
1556.89	31923.47
1557.91	32370.20
1558.92	31963.13
1559.93	31734.89
1560.95	31872.35
1561.96	31789.82
1562.97	31666.31
1563.98	32000.92
1565.00	31951.65
1566.01	31879.30
1567.02	32093.79
1568.03	32146.97
1569.04	32456.41
1570.05	32168.80
1571.06	31911.83
1572.07	32049.62
1573.08	32482.41
1574.09	32212.50
1575.10	32158.00
1576.11	32478.17
1577.12	32123.36
1578.13	32055.95
1579.14	32201.67
1580.15	32442.49
1581.16	31419.34
1582.16	31428.80
1583.17	31556.51
1584.18	31278.05
1585.19	31428.92
1586.19	31253.19
1587.20	31455.56
1588.21	31068.75
1589.21	31430.74
1590.22	30997.42
1591.23	31040.25
1592.23	31433.37
1593.24	31231.59
1594.24	31418.79
1595.25	31340.62
1596.25	31100.01
1597.26	31055.25
1598.26	30829.94
1599.27	31386.10
1600.27	31013.70
1601.27	30937.90
1602.28	30970.47
1603.28	31256.06
1604.29	31376.50
1605.29	31055.34
1606.29	30917.45
1607.29	30709.73
1608.30	30682.84
1609.30	30601.64
1610.30	30701.39
1611.30	30330.51
1612.30	30538.89
1613.30	30840.49
1614.30	30805.81
1615.31	30525.21
1616.31	30366.16
1617.31	30434.92
1618.31	30410.47
1619.31	30554.39
1620.31	30540.31
1621.31	30184.11
1622.31	30302.15
1623.30	30425.42
1624.30	30157.13
1625.30	29917.25
1626.30	29734.34
1627.30	29533.19
1628.30	29318.97
1629.29	29452.56
1630.29	29170.70
1631.29	29231.58
1632.29	28765.09
1633.28	28560.85
1634.28	28684.01
1635.28	28339.28
1636.27	28467.63
1637.27	28086.29
1638.26	28014.34
1639.26	27838.27
1640.26	27745.41
1641.25	27811.29
1642.25	27676.72
1643.24	27594.18
1644.24	27503.78
1645.23	27171.04
1646.22	26872.03
1647.22	26810.08
1648.21	26834.13
1649.21	26587.00
1650.20	26676.21
1651.19	26444.59
1652.18	26293.75
1653.18	26458.63
1654.17	25965.76
1655.16	26159.36
1656.15	25812.46
1657.15	25528.09
1658.14	25583.24
1659.13	25144.52
1660.12	25071.53
1661.11	24917.47
1662.10	24595.98
1663.09	24705.91
1664.08	24339.76
1665.07	24491.54
1666.06	24106.86
1667.05	23949.76
1668.04	24284.82
1669.03	23999.36
1670.02	24290.05
1671.01	23506.67
1672.00	24046.32
1672.98	23514.17
1673.97	23416.99
1674.96	23398.43
1675.95	23421.82
1676.94	23563.28
1677.92	23353.19
1678.91	23140.37
1679.90	23218.85
1680.88	23166.08
1681.87	23058.13
1682.86	22616.54
1683.84	22886.76
1684.83	22670.93
1685.81	22886.08
1686.80	23177.56
1687.78	22464.66
1688.77	22545.76
1689.75	22650.56
1690.74	22784.36
1691.72	22673.45
1692.71	22499.31
1693.69	22330.36
1694.67	22493.16
1695.66	22553.30
1696.64	22397.42
1697.62	22560.34
1698.61	22425.47
1699.59	22269.46
1700.57	22208.31
1701.55	22107.56
1702.54	22151.87
1703.52	21924.41
1704.50	22187.75
1705.48	22044.67
1706.46	22107.48
1707.44	21990.73
1708.42	21929.40
1709.40	21934.09
1710.38	21936.14
1711.36	22072.99
1712.34	21646.78
1713.32	21601.17
1714.30	21730.09
1715.28	21634.21
1716.26	21532.99
1717.24	21407.91
1718.22	21343.66
1719.20	21695.06
1720.18	21593.77
1721.15	21359.98
1722.13	21279.76
1723.11	21419.45
1724.09	21280.90
1725.06	21264.23
1726.04	21308.54
1727.02	21228.21
1727.99	21009.91
1728.97	21093.99
1729.95	20965.79
1730.92	21259.60
1731.90	21001.28
1732.87	20952.64
1733.85	20797.74
1734.82	20836.71
1735.80	20774.71
1736.77	20593.09
1737.75	20624.05
1738.72	20607.17
1739.70	20369.54
1740.67	20376.54
1741.64	20412.80
1742.62	20278.76
1743.59	20107.39
1744.56	20287.39
1745.54	20297.03
1746.51	20280.04
1747.48	20393.58
1748.45	20238.03
1749.42	20173.04
1750.40	20177.33
1751.37	20157.62
1752.34	20428.59
1753.31	20291.55
1754.28	20325.21
1755.25	19910.56
1756.22	19962.83
1757.19	19932.36
1758.16	19920.57
1759.13	19783.24
1760.10	19961.09
1761.07	19957.31
1762.04	19897.40
1763.01	20094.09
1763.98	19625.10
1764.95	19987.62
1765.92	19801.94
1766.89	19886.40
1767.85	19807.66
1768.82	19651.27
1769.79	19430.56
1770.76	19737.25
1771.72	19655.73
1772.69	19734.90
1773.66	19631.91
1774.62	19587.83
1775.59	19377.54
1776.56	19622.94
1777.52	19543.96
1778.49	19534.69
1779.46	19308.11
1780.42	19341.71
1781.38	19192.82
1782.35	19263.99
1783.32	19289.55
1784.28	19425.23
1785.24	19620.06
1786.21	19264.18
1787.17	19249.45
1788.14	19361.03
1789.10	19338.24
1790.06	18952.42
1791.03	18929.53
1791.99	19388.17
1792.95	19185.08
1793.91	18806.97
1794.88	19144.74
1795.84	19329.18
1796.80	19020.87
1797.76	19024.89
1798.72	18896.90
1799.69	18838.91
1800.65	18942.62
1801.61	19108.37
1802.57	18991.06
1803.53	19000.47
1804.49	18969.41
1805.45	18908.66
1806.41	18885.66
1807.37	19216.27
1808.33	18853.14
1809.29	18627.58
1810.25	18672.03
1811.21	18716.49
1812.16	18431.31
1813.12	18948.71
1814.08	18712.12
1815.04	18699.84
1816.00	18657.81
1816.96	18780.77
1817.91	18570.99
1818.87	18761.63
1819.83	18592.35
1820.78	18623.35
1821.74	18792.45
1822.70	18582.45
1823.65	18426.53
1824.61	18720.34
1825.56	18678.21
1826.52	18926.11
1827.48	18721.33
1828.43	18516.46
1829.39	18596.31
1830.34	18543.26
1831.30	18406.06
1832.25	18708.49
1833.21	18519.69
1834.16	18241.20
1835.11	18288.50
1836.07	18376.56
1837.02	18309.79
1837.97	18335.38
1838.93	18524.08
1839.88	18381.17
1840.83	18360.56
1841.78	18456.90
1842.74	18477.11
1843.69	18456.51
1844.64	18386.91
1845.59	18309.12
1846.54	18321.14
1847.49	18286.87
1848.45	18026.51
1849.40	18065.72
1850.35	18238.47
1851.30	18144.19
1852.25	18374.28
1853.20	18151.82
1854.15	18210.19
1855.10	17843.03
1856.05	17985.93
1857.00	18104.34
1857.95	18236.44
1858.89	18188.40
1859.84	17919.15
1860.79	17939.31
1861.74	17997.72
1862.69	18225.57
1863.64	17874.10
1864.58	17981.74
1865.53	17892.56
1866.48	17937.35
1867.42	17973.94
1868.37	17925.74
1869.32	17759.85
1870.26	18048.24
1871.21	17843.97
1872.16	17861.41
1873.10	18029.50
1874.05	17630.60
1874.99	17787.75
1875.94	17777.78
1876.88	17734.92
1877.83	17859.29
1878.77	17876.75
1879.72	17603.48
1880.66	17384.97
1881.61	17550.52
1882.55	17581.66
1883.49	17648.49
1884.44	17641.22
1885.38	17710.84
1886.32	17626.66
1887.27	17270.45
1888.21	17128.44
1889.15	17357.43
1890.09	17292.35
1891.04	17359.23
1891.98	17368.38
1892.92	17284.00
1893.86	17240.86
1894.80	17343.56
1895.74	17071.94
1896.69	17086.54
1897.63	17227.83
1898.57	17157.08
1899.51	17441.70
1900.45	17442.61
1901.39	17369.11
1902.33	17160.49
1903.27	17566.66
1904.21	17239.41
1905.14	17320.28
1906.08	17326.68
1907.02	17498.66
1907.96	17146.28
1908.90	17050.49
1909.84	17029.23
1910.78	17148.81
1911.71	16851.30
1912.65	17214.05
1913.59	16844.58
1914.53	17149.42
1915.46	17075.62
1916.40	16857.98
1917.33	17063.44
1918.27	16754.41
1919.21	16840.95
1920.14	16819.58
1921.08	17130.41
1922.02	16857.12
1922.95	17054.53
1923.89	17024.88
1924.82	17006.30
1925.76	16599.73
1926.69	16741.82
1927.63	16969.91
1928.56	16698.96
1929.49	16835.60
1930.43	16839.15
1931.36	16720.61
1932.29	16466.02
1933.23	16638.82
1934.16	16922.75
1935.09	16676.38
1936.03	16768.78
1936.96	16638.95
1937.89	16514.63
1938.82	16579.26
1939.75	16463.21
1940.69	16605.71
1941.62	16489.62
1942.55	16270.55
1943.48	16223.90
1944.41	16488.91
1945.34	16492.39
1946.27	16584.96
1947.20	16610.73
1948.13	16513.96
1949.06	16305.72
1949.99	16481.92
1950.92	16268.01
1951.85	16363.43
1952.78	16378.03
1953.71	16339.66
1954.64	16649.94
1955.57	16505.58
1956.49	16299.77
1957.42	16250.18
1958.35	16295.49
1959.28	16377.11
1960.21	16199.03
1961.13	16283.46
1962.06	16119.25
1962.99	16153.40
1963.91	16229.49
1964.84	16053.98
1965.77	15721.79
1966.69	16211.80
1967.62	15983.02
1968.54	15773.73
1969.47	16062.55
1970.39	15973.56
1971.32	16021.74
1972.25	16075.54
1973.17	16070.54
1974.09	16124.37
1975.02	15853.14
1975.94	16145.20
1976.87	15859.85
1977.79	15986.59
1978.71	15751.57
1979.64	15984.94
1980.56	15842.42
1981.48	16070.29
1982.41	16003.52
1983.33	15888.98
1984.25	16080.50
1985.17	16086.72
1986.10	15691.18
1987.02	15818.15
1987.94	15773.72
1988.86	15920.44
1989.78	15625.75
1990.70	15780.94
1991.63	15592.99
1992.55	15644.13
1993.47	15534.88
1994.39	15571.95
1995.31	15611.86
1996.23	15612.36
1997.15	15669.19
1998.07	15768.30
1998.98	15526.49
1999.90	15337.70
