398.66	27417.31
399.93	27212.45
401.21	27113.29
402.48	27038.50
403.75	27346.36
405.03	27135.17
406.30	26999.24
407.57	26624.91
408.84	26643.63
410.11	26898.78
411.38	26701.50
412.65	26489.85
413.92	26677.84
415.19	26572.16
416.46	26654.16
417.73	26621.90
419.00	26528.38
420.27	26428.69
421.54	26655.73
422.81	26678.60
424.08	26703.52
425.34	26456.61
426.61	26471.27
427.88	26479.79
429.14	26566.05
430.41	26464.12
431.68	26478.79
432.94	26704.29
434.21	26508.14
435.47	26520.79
436.74	26601.02
438.00	26478.47
439.26	26696.04
440.53	26743.58
441.79	26612.77
443.06	26682.87
444.32	26910.95
445.58	26661.08
446.84	26589.63
448.11	26553.05
449.37	26524.66
450.63	26783.78
451.89	26780.08
453.15	26630.49
454.41	26501.39
455.67	26384.55
456.93	26574.03
458.19	26286.45
459.45	26488.34
460.71	26315.83
461.97	26188.51
463.23	26234.06
464.48	26275.52
465.74	26366.42
467.00	26156.58
468.26	26158.89
469.51	26262.20
470.77	26390.30
472.03	26093.64
473.28	25963.92
474.54	26193.14
475.79	25966.38
477.05	26274.15
478.30	25937.87
479.56	25824.47
480.81	26060.12
482.06	26031.41
483.32	25855.95
484.57	25891.26
485.82	25825.26
487.08	25912.28
488.33	25978.66
489.58	25908.49
490.83	25993.53
492.08	26134.49
493.34	25759.92
494.59	25832.54
495.84	25884.49
497.09	26100.16
498.34	25913.83
499.59	25681.79
500.84	25818.77
502.08	25856.24
503.33	25962.20
504.58	25815.04
505.83	25815.17
507.08	25686.58
508.33	26043.88
509.57	26212.33
510.82	26295.67
512.07	26352.03
513.31	26065.42
514.56	26123.83
515.80	26171.87
517.05	26065.99
518.29	26567.63
519.54	26053.87
520.78	26487.05
522.03	26803.84
523.27	26312.67
524.51	26094.17
525.76	25929.73
527.00	26046.60
528.24	25840.38
529.49	25948.93
530.73	25876.07
531.97	26095.26
533.21	26130.92
534.45	26212.51
535.69	26269.08
536.93	26269.30
538.17	26361.42
539.41	26739.83
540.65	26501.91
541.89	26633.87
543.13	26682.26
544.37	27029.73
545.61	27042.68
546.85	27193.72
548.08	26972.30
549.32	27326.46
550.56	27452.55
551.80	27419.53
553.03	27373.91
554.27	27315.71
555.51	27297.29
556.74	27006.33
557.98	27306.57
559.21	27082.58
560.45	26600.44
561.68	26881.90
562.92	26647.15
564.15	26672.62
565.38	26435.61
566.62	26332.90
567.85	26362.51
569.08	25879.37
570.31	26293.55
571.55	26043.53
572.78	26098.33
574.01	25852.34
575.24	25959.72
576.47	25841.96
577.70	25827.29
578.93	25755.76
580.16	25696.83
581.39	25646.29
582.62	25532.52
583.85	25433.44
585.08	25517.72
586.31	25547.22
587.54	25684.29
588.77	25857.30
589.99	25458.53
591.22	25713.88
592.45	25958.79
593.67	26106.69
594.90	25737.15
596.13	25895.62
597.35	25944.28
598.58	25859.79
599.80	25635.71
601.03	25906.39
602.25	25933.94
603.48	25830.31
604.70	25914.99
605.93	26058.98
607.15	26194.57
608.37	26217.98
609.59	26457.47
610.82	26402.54
612.04	26885.93
613.26	27019.75
614.48	27221.49
615.71	27501.81
616.93	28007.13
618.15	28011.91
619.37	29334.76
620.59	29435.40
621.81	30207.11
623.03	30284.64
624.25	30891.21
625.47	31189.94
626.68	31563.21
627.90	31611.37
629.12	31685.06
630.34	31082.36
631.56	30598.51
632.77	29888.84
633.99	29617.33
635.21	29060.38
636.42	28775.76
637.64	28177.85
638.86	27824.69
640.07	27616.28
641.29	27382.19
642.50	27177.83
643.72	27003.23
644.93	27018.41
646.15	27005.86
647.36	27003.97
648.57	26918.82
649.79	27015.13
651.00	26474.99
652.21	26633.19
653.42	26535.04
654.64	26353.47
655.85	26421.96
657.06	26362.17
658.27	26454.22
659.48	26405.10
660.69	26274.63
661.90	26353.88
663.11	26227.61
664.32	26135.55
665.53	26084.15
666.74	26101.28
667.95	26133.41
669.16	26499.98
670.37	26315.66
671.57	26270.66
672.78	26191.31
673.99	26272.85
675.20	26654.90
676.40	26556.26
677.61	26940.71
678.81	27269.50
680.02	27209.60
681.23	27349.51
682.43	27543.22
683.64	27414.54
684.84	27668.56
686.05	27711.92
687.25	26918.38
688.45	27015.38
689.66	26991.87
690.86	27002.80
692.06	26759.62
693.27	26923.43
694.47	26729.66
695.67	26440.98
696.87	26669.49
698.07	26083.11
699.28	26063.63
700.48	25940.59
701.68	25828.29
702.88	25841.10
704.08	26039.56
705.28	25566.60
706.48	25933.55
707.68	25849.18
708.87	26222.85
710.07	26088.79
711.27	26028.17
712.47	25980.49
713.67	26332.92
714.86	26588.16
716.06	26590.35
717.26	26670.45
718.46	27144.61
719.65	27619.00
720.85	28110.94
722.04	28642.11
723.24	29435.75
724.43	30932.05
725.63	32871.36
726.82	35451.34
728.02	39429.47
729.21	44344.63
730.41	50366.76
731.60	57353.40
732.79	63900.46
733.99	68839.23
735.18	71666.77
736.37	71725.38
737.56	67702.56
738.75	61999.62
739.95	54647.95
741.14	47856.04
742.33	42244.27
743.52	38129.01
744.71	34725.63
745.90	32827.07
747.09	31117.03
748.28	30050.86
749.47	29363.23
750.66	28520.56
751.84	28340.07
753.03	27913.14
754.22	27832.71
755.41	27403.27
756.60	27237.60
757.78	27004.20
758.97	26844.90
760.16	26537.06
761.34	26449.63
762.53	26519.41
763.71	26379.50
764.90	26471.15
766.08	26453.55
767.27	26099.25
768.46	26169.03
769.64	25956.66
770.82	26127.07
772.01	25811.73
773.19	26205.47
774.37	25791.46
775.56	25926.95
776.74	26025.27
777.92	26132.39
779.10	26026.97
780.29	26151.68
781.47	26193.12
782.65	26399.06
783.83	26642.40
785.01	26486.50
786.19	26486.35
787.37	26264.48
788.55	26382.85
789.73	26127.89
790.91	25978.27
792.09	26032.92
793.27	25762.30
794.45	25968.62
795.62	25867.17
796.80	25860.25
797.98	26130.53
799.16	26242.49
800.33	26202.63
801.51	26215.59
802.69	26149.28
803.86	26259.14
805.04	26142.13
806.21	26020.66
807.39	26086.47
808.56	25753.27
809.74	25757.31
810.91	25763.55
812.09	25860.24
813.26	25996.71
814.43	25775.65
815.61	26210.21
816.78	25668.88
817.95	25725.89
819.13	25972.95
820.30	26251.05
821.47	26065.09
822.64	26024.96
823.81	26272.31
824.99	26108.33
826.16	26203.14
827.33	26335.62
828.50	26324.27
829.67	26171.21
830.84	26062.37
832.01	26214.86
833.18	26272.15
834.34	26149.95
835.51	26236.06
836.68	26317.78
837.85	26423.93
839.02	26259.49
840.18	26392.29
841.35	26625.04
842.52	26278.48
843.69	26677.83
844.85	26393.31
846.02	26672.91
847.18	26757.11
848.35	26796.89
849.52	26689.96
850.68	26749.75
851.84	26882.96
853.01	26664.74
854.17	26651.12
855.34	26860.07
856.50	26746.31
857.67	26612.46
858.83	26634.44
859.99	26625.25
861.15	26667.30
862.32	26863.15
863.48	27014.51
864.64	26793.55
865.80	26655.00
866.96	26378.07
868.12	26636.56
869.28	26587.15
870.44	26577.90
871.60	26640.10
872.76	26907.81
873.92	26686.38
875.08	26627.98
876.24	26842.23
877.40	26721.22
878.56	26942.30
879.72	27089.67
880.88	27044.70
882.03	26883.33
883.19	27075.55
884.35	26958.89
885.50	26893.68
886.66	27038.98
887.82	27072.33
888.97	27125.87
890.13	27244.42
891.28	26995.34
892.44	26914.33
893.59	27014.97
894.75	27061.81
895.90	26518.46
897.06	26688.65
898.21	26834.22
899.37	26580.13
900.52	27004.27
901.67	26435.54
902.82	26707.03
903.98	26713.40
905.13	26668.05
906.28	26750.87
907.43	26815.73
908.58	26864.87
909.74	26880.27
910.89	26857.41
912.04	26834.53
913.19	26780.12
914.34	27056.80
915.49	27045.21
916.64	26995.30
917.79	27078.36
918.94	27134.40
920.08	27321.27
921.23	27501.45
922.38	27555.36
923.53	27471.64
924.68	27737.75
925.82	27631.44
926.97	27791.57
928.12	27594.87
929.26	28125.59
930.41	27684.79
931.56	27689.10
932.70	27478.61
933.85	27607.25
934.99	27545.93
936.14	27468.74
937.28	27332.68
938.43	27388.95
939.57	27264.12
940.72	27569.51
941.86	27861.45
943.00	27820.46
944.15	27806.64
945.29	27817.75
946.43	28116.81
947.57	28080.37
948.72	28025.76
949.86	28161.71
951.00	28697.13
952.14	28653.96
953.28	28971.78
954.42	28930.93
955.56	29469.28
956.70	29603.46
957.17	30575.72
958.32	30773.99
959.47	31777.77
960.63	31755.89
961.78	32569.04
962.93	32819.74
964.08	32795.84
965.23	32708.85
966.38	32840.36
967.53	32784.89
968.68	32736.15
969.83	32410.10
970.98	32275.56
972.12	32010.15
973.27	31595.71
974.42	31052.46
975.57	30822.69
976.71	30547.65
977.86	29947.32
979.01	29633.56
980.16	29644.97
981.30	29150.22
982.45	29077.90
983.59	28793.03
984.74	29283.65
985.89	28743.11
987.03	29066.53
988.18	29052.94
989.32	28894.48
990.46	29200.05
991.61	29136.66
992.75	29222.72
993.90	29437.96
995.04	29222.75
996.18	29490.22
997.32	29608.19
998.47	29674.05
999.61	29733.14
1000.75	29676.56
1001.89	29647.17
1003.03	29438.47
1004.17	29449.88
1005.32	29574.84
1006.46	29861.12
1007.60	29697.70
1008.74	29804.62
1009.88	29988.87
1011.02	30068.63
1012.16	30318.97
1013.29	30144.09
1014.43	30048.76
1015.57	29734.92
1016.71	30276.76
1017.85	30381.73
1018.99	30122.41
1020.12	29944.96
1021.26	29831.21
1022.40	29854.14
1023.53	30043.47
1024.67	29922.83
1025.81	29945.79
1026.94	29863.84
1028.08	30051.06
1029.21	29772.85
1030.35	29982.96
1031.48	29919.20
1032.62	29768.64
1033.75	29478.68
1034.88	29350.79
1036.02	29213.69
1037.15	28959.96
1038.28	29069.63
1039.42	29126.74
1040.55	28852.23
1041.68	28778.91
1042.81	28815.40
1043.95	28796.98
1045.08	28707.57
1046.21	28602.09
1047.34	28441.58
1048.47	28601.75
1049.60	28624.49
1050.73	28227.79
1051.86	28225.23
1052.99	28360.27
1054.12	28337.10
1055.25	27894.06
1056.38	28065.83
1057.51	27987.49
1058.64	28143.29
1059.76	27752.60
1060.89	28124.33
1062.02	27869.01
1063.15	28059.39
1064.27	28114.25
1065.40	28318.57
1066.53	28244.73
1067.65	28046.63
1068.78	28274.09
1069.90	28319.85
1071.03	28296.57
1072.16	28121.32
1073.28	28289.13
1074.41	27984.80
1075.53	28230.99
1076.65	28030.20
1077.78	28267.29
1078.90	28119.45
1080.02	28437.39
1081.15	27998.87
1082.27	28113.88
1083.39	27868.94
1084.51	28214.80
1085.64	28498.50
1086.76	28258.08
1087.88	28170.01
1089.00	28262.11
1090.12	28215.60
1091.24	28139.00
1092.36	28184.92
1093.48	28284.05
1094.60	28471.12
1095.72	28123.80
1096.84	28234.55
1097.96	28058.31
1099.08	28194.56
1100.20	28254.46
1101.32	28432.51
1102.44	28427.61
1103.55	28260.47
1104.67	28607.87
1105.79	28549.67
1106.91	28649.14
1108.02	28113.05
1109.14	28481.62
1110.25	28467.43
1111.37	28708.57
1112.49	28752.47
1113.60	28657.04
1114.72	28526.71
1115.83	28758.80
1116.95	28872.47
1118.06	28886.22
1119.17	28809.30
1120.29	28960.27
1121.40	28648.37
1122.52	28852.88
1123.63	28924.83
1124.74	28933.95
1125.85	28961.71
1126.97	29022.08
1128.08	29247.88
1129.19	29052.03
1130.30	28846.76
1131.41	28960.78
1132.52	29196.09
1133.64	29042.02
1134.75	29107.16
1135.86	29307.68
1136.97	28929.46
1138.08	29202.39
1139.19	29237.27
1140.29	29423.98
1141.40	29465.93
1142.51	29384.06
1143.62	29563.92
1144.73	29252.92
1145.84	29285.51
1146.94	29301.75
1148.05	29310.97
1149.16	29140.01
1150.27	28784.07
1151.37	29020.26
1152.48	29045.80
1153.58	28537.34
1154.69	29026.65
1155.80	28942.08
1156.90	29019.19
1158.01	29126.81
1159.11	29328.28
1160.21	29400.84
1161.32	29238.82
1162.42	29325.47
1163.53	29560.03
1164.63	29719.57
1165.73	29625.57
1166.84	29486.90
1167.94	29731.10
1169.04	29709.88
1170.14	29918.99
1171.25	30393.87
1172.35	30382.19
1173.45	30513.98
1174.55	30537.60
1175.65	30624.78
1176.75	30606.07
1177.85	31055.86
1178.95	30926.57
1180.05	31338.95
1181.15	31334.52
1182.25	31617.59
1183.35	31863.07
1184.45	31667.78
1185.55	31920.46
1186.65	31675.56
1187.74	32152.49
1188.84	32542.32
1189.94	32346.95
1191.04	32368.70
1192.13	32458.94
1193.23	32433.48
1194.33	32209.54
1195.42	32332.89
1196.52	32456.29
1197.61	31806.63
1198.71	32185.36
1199.80	31956.36
1200.90	31909.43
1202.00	31722.85
1203.09	31775.25
1204.18	31526.99
1205.28	31792.51
1206.37	31676.78
1207.46	31655.76
1208.56	31805.37
1209.65	31751.18
1210.74	32173.53
1211.84	32233.23
1212.93	31949.01
1214.02	31937.51
1215.11	32329.43
1216.20	32427.20
1217.29	32484.65
1218.38	32582.49
1219.47	32516.47
1220.57	32704.65
1221.66	33273.15
1222.75	33345.11
1223.83	33493.19
1224.92	33365.46
1226.01	33442.25
1227.10	33519.06
1228.19	33748.22
1229.28	33741.83
1230.37	33954.47
1231.46	33602.80
1232.54	33927.46
1233.63	33818.64
1234.72	33883.74
1235.80	33953.63
1236.89	33592.00
1237.98	33695.24
1239.06	33493.19
1240.15	33732.45
1241.23	33205.75
1242.32	33273.18
1243.40	32977.71
1244.49	33080.94
1245.57	32727.96
1246.66	32754.71
1247.74	32336.96
1248.83	32674.38
1249.91	32493.12
1250.99	32204.14
1252.08	32202.09
1253.16	32140.21
1254.24	31987.36
1255.32	32583.68
1256.40	32715.78
1257.49	32625.21
1258.57	33258.02
1259.65	32841.68
1260.73	33405.33
1261.81	33616.86
1262.89	34037.09
1263.97	34335.20
1265.05	34772.57
1266.13	35534.06
1267.21	35746.32
1268.29	35901.07
1269.37	36281.58
1270.45	37229.04
1271.53	37122.39
1272.60	36929.21
1273.68	36685.46
1274.76	36802.16
1275.84	36594.33
1276.92	36239.70
1277.99	35798.29
1279.07	35780.15
1280.14	35145.91
1281.22	34894.10
1282.30	34668.66
1283.37	34859.75
1284.45	34882.30
1285.52	34716.92
1286.60	34700.89
1287.67	34581.19
1288.75	35013.56
1289.82	35176.04
1290.90	35321.70
1291.97	35597.71
1293.04	35753.18
1294.12	36198.38
1295.19	36380.62
1296.26	36937.26
1297.33	36617.31
1298.41	37229.83
1299.48	37361.71
1300.55	37500.90
1301.62	37427.39
1302.69	37564.23
1303.76	37437.48
1304.83	37755.84
1305.91	37406.43
1306.98	37061.68
1308.04	37334.17
1309.12	37485.70
1310.18	37455.61
1311.25	37919.78
1312.32	38059.41
1313.39	38393.03
1314.46	38755.89
1315.53	38806.08
1316.60	39326.87
1317.66	39083.64
1318.73	39713.92
1319.80	39939.14
1320.87	39807.55
1321.93	39729.32
1323.00	40071.28
1324.07	39475.57
1325.13	39438.52
1326.20	39539.99
1327.26	39313.29
1328.33	39888.98
1329.39	39963.86
1330.46	40586.18
1331.52	41084.68
1332.59	41921.73
1333.65	42233.30
1334.71	43302.34
1335.78	43840.88
1336.84	44584.31
1337.90	44986.93
1338.97	45175.23
1340.03	45622.04
1341.09	45291.15
1342.15	45738.18
1343.22	45211.99
1344.28	44836.84
1345.34	44424.91
1346.40	43607.51
1347.46	43080.33
1348.52	42289.11
1349.58	41734.49
1350.64	40908.38
1351.70	40507.17
1352.76	39780.62
1353.82	39312.93
1354.88	38796.11
1355.94	38266.82
1357.00	38224.23
1358.06	37983.36
1359.12	37977.39
1360.17	37721.66
1361.23	38261.80
1362.29	38123.60
1363.35	38588.12
1364.40	38672.95
1365.46	38949.04
1366.52	39092.83
1367.57	39403.47
1368.63	39760.85
1369.68	40471.73
1370.74	40461.38
1371.79	40743.14
1372.85	40720.55
1373.90	41100.74
1374.96	40975.04
1376.01	41583.96
1377.07	41136.36
1378.12	41600.54
1379.17	40892.10
1380.23	40330.89
1381.28	39990.81
1382.33	39264.27
1383.39	38283.92
1384.44	37984.97
1385.49	37186.07
1386.54	36583.81
1387.59	35929.55
1388.65	35809.64
1389.70	36012.51
1390.75	35702.75
1391.80	36120.18
1392.85	36301.05
1393.90	36585.61
1394.95	37553.71
1396.00	37870.75
1397.05	38627.31
1398.10	39048.43
1399.15	39052.39
1400.20	39325.59
1401.25	38963.96
1402.29	38253.73
1403.34	38173.47
1404.39	37269.89
1405.44	36553.83
1406.48	35508.48
1407.53	34603.66
1408.58	33592.02
1409.63	33238.30
1410.67	32735.88
1411.72	32621.99
1412.76	31821.97
1413.81	31576.51
1414.85	31734.85
1415.90	31355.42
1416.94	31647.63
1417.99	31334.95
1419.03	31285.03
1420.08	31311.98
1421.12	31301.72
1422.17	31418.03
1423.21	31593.97
1424.25	31668.18
1425.30	31816.93
1426.34	31876.31
1427.38	32052.50
1428.42	32179.06
1429.47	32347.93
1430.51	32777.95
1431.55	33116.14
1432.59	33414.68
1433.63	33887.52
1434.67	34251.07
1435.71	34492.81
1436.75	34498.13
1437.79	34941.75
1438.83	35119.03
1439.88	35577.93
1440.91	35658.25
1441.95	35818.36
1442.99	36190.45
1444.03	36482.92
1445.07	36755.55
1446.11	37290.27
1447.15	37490.84
1448.18	37963.55
1449.22	38511.38
1450.26	38939.58
1451.30	39567.79
1452.33	39084.57
1453.37	39915.48
1454.41	39772.03
1455.44	39323.51
1456.48	39312.38
1457.52	38851.04
1458.55	38236.90
1459.59	38265.54
1460.62	37590.91
1461.66	37561.83
1462.69	36831.65
1463.73	36469.29
1464.76	36211.97
1465.79	35967.06
1466.83	35704.49
1467.86	35141.00
1468.89	34832.99
1469.93	34620.14
1470.96	34284.27
1471.99	34056.14
1473.02	33017.34
1474.06	32894.23
1475.09	32931.75
1476.12	32670.44
1477.15	32243.25
1478.18	32170.09
1479.21	32054.18
1480.24	31805.00
1481.27	31475.26
1482.30	31839.38
1483.33	31720.76
1484.36	31833.53
1485.39	31385.22
1486.42	31581.02
1487.45	31205.45
1488.48	31131.87
1489.51	31282.39
1490.54	31420.38
1491.57	31142.70
1492.59	30819.52
1493.62	31373.42
1494.65	30906.43
1495.68	31152.92
1496.70	31195.20
1497.73	31202.17
1498.76	31040.06
1499.78	31200.97
1500.81	31255.91
1501.83	31270.46
1502.86	31466.88
1503.89	31658.33
1504.91	31609.80
1505.94	31700.27
1506.96	31654.25
1507.99	31727.05
1509.01	31764.47
1510.03	31695.66
1511.06	31821.65
1512.08	31803.43
1513.10	31985.19
1514.13	31934.08
1515.15	31690.46
1516.17	31732.98
1517.20	31669.10
1518.22	31645.73
1519.24	31333.38
1520.26	31718.13
1521.28	31661.78
1522.30	31344.14
1523.33	31105.01
1524.35	31398.68
1525.37	31443.73
1526.39	31262.84
1527.41	31132.66
1528.43	31164.97
1529.45	31359.88
1530.47	31150.85
1531.49	31203.51
1532.50	31151.96
1533.52	31174.13
1534.54	31147.98
1535.56	31249.01
1536.58	31268.65
1537.60	31217.05
1538.61	31638.89
1539.63	31449.85
1540.65	31917.76
1541.67	31721.05
1542.68	31789.21
1543.70	32140.28
1544.72	32244.25
1545.73	32460.44
1546.75	32309.52
1547.76	32558.97
1548.78	32313.60
1549.79	32254.39
1550.81	32909.81
1551.82	32465.22
1552.84	31857.00
1553.85	32032.60
1554.87	31968.15
1555.88	31732.46
1556.89	31440.44
1557.91	31710.68
1558.92	31594.94
1559.93	31512.40
1560.95	31777.70
1561.96	31902.40
1562.97	31881.28
1563.98	31555.54
1565.00	31967.01
1566.01	32068.80
1567.02	32298.70
1568.03	32262.25
1569.04	32266.79
1570.05	32502.00
1571.06	32393.79
1572.07	32665.02
1573.08	32941.50
1574.09	32979.52
1575.10	32812.29
1576.11	33255.80
1577.12	33175.82
1578.13	32487.30
1579.14	32771.79
1580.15	32617.16
1581.16	32441.90
1582.16	32243.43
1583.17	32412.44
1584.18	32329.57
1585.19	32197.79
1586.19	32438.91
1587.20	32039.55
1588.21	31928.20
1589.21	31742.17
1590.22	31975.66
1591.23	31967.21
1592.23	31806.81
1593.24	31574.20
1594.24	31465.16
1595.25	31835.43
1596.25	31357.78
1597.26	31617.31
1598.26	31497.86
1599.27	31424.79
1600.27	31243.32
1601.27	31203.70
1602.28	30823.35
1603.28	31090.83
1604.29	31082.13
1605.29	31414.34
1606.29	30956.20
1607.29	31130.91
1608.30	30967.13
1609.30	31278.92
1610.30	30988.39
1611.30	30938.26
1612.30	30678.57
1613.30	30861.19
1614.30	30720.41
1615.31	30517.44
1616.31	30500.79
1617.31	30209.63
1618.31	30420.83
1619.31	30839.37
1620.31	30540.31
1621.31	30158.19
1622.31	30271.04
1623.30	30319.11
1624.30	30066.35
1625.30	30104.02
1626.30	30071.64
1627.30	30080.77
1628.30	29575.95
1629.29	29520.06
1630.29	29687.48
1631.29	29465.35
1632.29	29217.14
1633.28	29085.76
1634.28	29242.82
1635.28	29012.60
1636.27	29198.31
1637.27	28884.74
1638.26	28721.91
1639.26	28996.14
1640.26	28666.70
1641.25	28472.48
1642.25	28593.21
1643.24	27844.18
1644.24	27816.35
1645.23	27824.97
1646.22	27669.43
1647.22	27341.79
1648.21	27319.04
1649.21	27158.06
1650.20	26869.21
1651.19	26799.37
1652.18	26502.49
1653.18	26753.54
1654.17	26654.91
1655.16	26459.63
1656.15	26201.58
1657.15	26160.22
1658.14	25839.29
1659.13	25494.69
1660.12	25576.00
1661.11	25453.41
1662.10	25037.90
1663.09	24831.45
1664.08	24910.06
1665.07	25020.09
1666.06	24973.14
1667.05	24784.82
1668.04	24654.01
1669.03	24648.84
1670.02	24635.82
1671.01	24389.61
1672.00	24481.34
1672.98	24371.28
1673.97	24219.23
1674.96	24135.28
1675.95	24166.71
1676.94	23725.93
1677.92	23820.25
1678.91	23940.85
1679.90	23883.00
1680.88	23704.34
1681.87	23659.54
1682.86	23386.18
1683.84	23727.51
1684.83	23661.65
1685.81	23553.71
1686.80	23261.69
1687.78	23329.80
1688.77	23424.23
1689.75	23103.05
1690.74	23329.04
1691.72	23128.76
1692.71	23052.12
1693.69	22862.22
1694.67	22996.17
1695.66	23035.34
1696.64	23013.94
1697.62	22913.46
1698.61	23031.71
1699.59	23068.28
1700.57	23062.68
1701.55	23051.79
1702.54	22911.63
1703.52	22697.54
1704.50	22844.91
1705.48	22810.21
1706.46	22862.61
1707.44	22743.38
1708.42	22750.89
1709.40	22671.21
1710.38	22496.37
1711.36	22255.36
1712.34	22677.83
1713.32	22484.36
1714.30	22457.42
1715.28	22136.84
1716.26	22292.39
1717.24	22170.12
1718.22	22275.44
1719.20	22002.19
1720.18	21983.06
1721.15	22011.59
1722.13	21907.67
1723.11	22010.39
1724.09	22179.42
1725.06	22192.10
1726.04	21714.24
1727.02	21838.22
1727.99	21670.45
1728.97	21839.57
1729.95	21685.00
1730.92	21686.96
1731.90	21667.69
1732.87	21693.55
1733.85	21395.37
1734.82	21272.41
1735.80	21585.19
1736.77	21475.49
1737.75	21291.32
1738.72	21144.29
1739.70	21225.92
1740.67	20873.98
1741.64	21072.65
1742.62	21242.13
1743.59	21395.71
1744.56	20913.05
1745.54	20984.07
1746.51	21177.64
1747.48	20929.06
1748.45	20914.85
1749.42	20839.34
1750.40	20854.44
1751.37	20965.52
1752.34	20961.97
1753.31	20739.69
1754.28	20690.74
1755.25	20844.57
1756.22	20950.43
1757.19	20682.56
1758.16	20724.34
1759.13	20627.24
1760.10	20559.49
1761.07	20400.86
1762.04	20437.26
1763.01	20291.90
1763.98	20373.74
1764.95	20554.57
1765.92	20347.61
1766.89	20303.77
1767.85	20407.09
1768.82	20392.68
1769.79	20388.97
1770.76	20358.48
1771.72	20477.96
1772.69	20262.63
1773.66	20202.62
1774.62	20021.98
1775.59	20224.58
1776.56	20220.82
1777.52	20176.84
1778.49	20076.50
1779.46	20005.63
1780.42	20012.55
1781.38	19799.39
1782.35	20029.08
1783.32	19874.90
1784.28	20118.12
1785.24	20377.57
1786.21	19906.32
1787.17	19942.78
1788.14	19890.55
1789.10	19779.15
1790.06	19726.87
1791.03	19790.21
1791.99	19729.83
1792.95	19672.11
1793.91	19528.25
1794.88	19812.33
1795.84	19619.97
1796.80	19753.38
1797.76	19515.13
1798.72	19659.35
1799.69	19280.85
1800.65	19557.14
1801.61	19480.40
1802.57	19570.80
1803.53	19604.60
1804.49	19759.80
1805.45	19467.18
1806.41	19646.70
1807.37	19529.38
1808.33	19525.40
1809.29	19653.75
1810.25	19676.80
1811.21	19124.43
1812.16	19190.61
1813.12	19300.07
1814.08	19431.19
1815.04	19351.47
1816.00	19531.34
1816.96	19110.78
1817.91	19217.62
1818.87	19329.91
1819.83	19263.62
1820.78	19435.53
1821.74	19277.15
1822.70	19294.76
1823.65	19185.05
1824.61	19311.02
1825.56	19323.22
1826.52	19186.34
1827.48	19079.22
1828.43	19292.05
1829.39	19146.94
1830.34	18944.78
1831.30	18956.91
1832.25	18860.48
1833.21	19190.22
1834.16	18952.60
1835.11	19116.83
1836.07	19017.63
1837.02	19230.85
1837.97	18846.28
1838.93	18872.00
1839.88	18903.16
1840.83	19141.00
1841.78	19180.38
1842.74	19260.59
1843.69	19144.92
1844.64	18792.43
1845.59	18758.27
1846.54	18666.93
1847.49	18741.66
1848.45	18879.07
1849.40	18809.49
1850.35	18625.42
1851.30	18558.47
1852.25	18815.91
1853.20	18601.73
1854.15	18638.38
1855.10	18609.56
1856.05	18864.49
1857.00	18884.84
1857.95	18512.13
1858.89	18723.51
1859.84	18667.38
1860.79	18600.29
1861.74	18596.00
1862.69	18455.09
1863.64	18366.05
1864.58	18279.71
1865.53	18515.96
1866.48	18322.95
1867.42	18641.37
1868.37	18410.00
1869.32	18422.08
1870.26	18488.90
1871.21	18413.40
1872.16	18493.94
1873.10	18454.01
1874.05	18422.28
1874.99	18428.89
1875.94	18432.77
1876.88	18398.27
1877.83	18544.71
1878.77	18200.34
1879.72	18456.51
1880.66	18361.62
1881.61	18231.03
1882.55	18072.93
1883.49	18301.83
1884.44	18190.36
1885.38	18051.38
1886.32	18222.73
1887.27	18080.95
1888.21	17853.92
1889.15	18091.30
1890.09	17875.17
1891.04	17903.68
1891.98	17830.44
1892.92	17952.47
1893.86	17846.19
1894.80	17993.05
1895.74	18007.84
1896.69	17915.27
1897.63	17866.71
1898.57	17895.26
1899.51	18102.89
1900.45	18101.18
1901.39	17901.04
1902.33	17670.48
1903.27	17624.57
1904.21	17735.83
1905.14	17723.01
1906.08	17770.88
1907.02	17813.25
1907.96	17466.46
1908.90	17909.09
1909.84	17697.47
1910.78	17695.67
1911.71	17577.84
1912.65	17658.91
1913.59	17914.12
1914.53	17834.96
1915.46	17717.06
1916.40	17662.71
1917.33	17608.34
1918.27	17587.15
1919.21	17529.97
1920.14	17450.63
1921.08	17739.44
1922.02	17596.42
1922.95	17611.20
1923.89	17304.66
1924.82	17372.03
1925.76	17655.58
1926.69	17337.76
1927.63	17374.68
1928.56	17175.91
1929.49	17251.64
1930.43	17557.66
1931.36	17206.19
1932.29	17395.76
1933.23	17252.30
1934.16	17400.31
1935.09	17151.26
1936.03	17007.65
1936.96	17208.49
1937.89	17042.61
1938.82	17249.10
1939.75	17144.31
1940.69	17261.93
1941.62	16940.17
1942.55	17227.48
1943.48	17370.23
1944.41	17209.70
1945.34	16904.35
1946.27	17175.19
1947.20	16674.78
1948.13	16820.35
1949.06	16893.54
1949.99	17050.36
1950.92	17028.87
1951.85	17046.40
1952.78	16729.35
1953.71	17087.06
1954.64	16836.83
1955.57	16801.32
1956.49	16955.56
1957.42	17037.29
1958.35	16948.76
1959.28	16974.67
1960.21	17145.83
1961.13	16923.18
1962.06	16569.10
1962.99	16773.82
1963.91	16682.32
1964.84	16685.85
1965.77	16759.29
1966.69	16729.26
1967.62	16657.26
1968.54	16635.60
1969.47	16577.54
1970.39	16760.21
1971.32	16713.35
1972.25	16884.92
1973.17	16658.79
1974.09	16609.08
1975.02	16562.15
1975.94	16386.26
1976.87	16616.82
1977.79	16653.98
1978.71	16626.65
1979.64	16697.50
1980.56	16614.05
1981.48	16308.85
1982.41	16491.96
1983.33	16349.45
1984.25	16431.55
1985.17	16286.15
1986.10	16286.79
1987.02	16436.37
1987.94	16293.70
1988.86	16322.45
1989.78	16269.67
1990.70	16301.25
1991.63	16116.23
1992.55	16288.47
1993.47	16252.52
1994.39	16101.15
1995.31	16022.92
1996.23	16223.45
1997.15	16294.49
1998.07	16106.37
1998.98	16160.52
1999.90	16397.22
