2000.091797	20791.123047
1999.172852	21194.095703
1998.252930	20969.839844
1997.333984	21213.265625
1996.414063	21231.294922
1995.494141	21249.314453
1994.574219	20968.937500
1993.654297	21141.796875
1992.733398	21216.099609
1991.812500	21408.525391
1990.891602	21387.111328
1989.970703	21160.427734
1989.049805	21175.623047
1988.127930	21556.218750
1987.207031	21318.404297
1986.285156	21030.113281
1985.362305	21191.392578
1984.440430	21568.853516
1983.518555	21609.212891
1982.595703	21475.503906
1981.672852	21490.603516
1980.750000	21300.855469
1979.826172	21571.283203
1978.903320	21448.914063
1977.979492	21405.115234
1977.055664	21355.728516
1976.131836	21746.449219
1975.208008	21761.466797
1974.283203	21919.376953
1973.358398	21771.875000
1972.433594	21823.285156
1971.508789	21824.273438
1970.583984	21489.314453
1969.658203	21778.662109
1968.733398	21790.851563
1967.807617	21752.673828
1966.880859	21669.757813
1965.955078	21653.994141
1965.029297	21811.587891
1964.102539	21608.507813
1963.175781	21900.197266
1962.249023	22035.283203
1961.321289	22008.283203
1960.394531	21961.742188
1959.466797	22155.371094
1958.539063	21927.345703
1957.611328	21970.169922
1956.682617	22026.929688
1955.754883	21905.097656
1954.826172	22140.375000
1953.897461	22185.906250
1952.968750	22217.474609
1952.040039	22324.298828
1951.110352	22283.357422
1950.180664	22529.451172
1949.250977	22198.740234
1948.321289	22726.072266
1947.391602	22367.609375
1946.460938	22234.820313
1945.531250	22608.708984
1944.600586	22080.730469
1943.668945	22382.148438
1942.738281	22605.546875
1941.806641	22709.253906
1940.875977	22384.687500
1939.944336	22649.644531
1939.012695	22911.708984
1938.080078	22406.671875
1937.148438	22696.458984
1936.215820	22447.234375
1935.283203	22975.728516
1934.350586	22848.718750
1933.416992	22949.398438
1932.484375	22730.857422
1931.550781	23036.855469
1930.617188	22815.611328
1929.683594	22918.982422
1928.749023	22720.041016
1927.815430	22820.615234
1926.880859	23090.234375
1925.946289	23243.341797
1925.011719	23033.412109
1924.076172	23092.279297
1923.141602	22979.406250
1922.206055	22974.570313
1921.270508	23041.716797
1920.334961	23172.494141
1919.398438	23198.058594
1918.462891	23472.613281
1917.526367	23448.314453
1916.589844	23271.917969
1915.653320	23361.031250
1914.715820	23068.623047
1913.779297	23254.472656
1912.841797	23622.613281
1911.904297	23208.777344
1910.966797	23317.140625
1910.028320	23588.382813
1909.090820	23271.443359
1908.152344	23506.695313
1907.213867	23338.929688
1906.275391	23358.853516
1905.335938	23367.734375
1904.397461	23668.957031
1903.458008	23311.033203
1902.518555	23661.761719
1901.578125	23687.105469
1900.638672	23855.732422
1899.698242	23704.697266
1898.757813	23790.611328
1897.817383	23680.960938
1896.876953	23725.542969
1895.936523	23503.085938
1894.995117	23905.468750
1894.053711	23619.779297
1893.112305	23821.140625
1892.170898	23865.642578
1891.228516	23879.875000
1890.287109	24303.744141
1889.344727	24271.148438
1888.402344	23892.298828
1887.459961	23901.013672
1886.516602	24362.976563
1885.573242	24346.869141
1884.629883	24407.652344
1883.686523	24361.341797
1882.743164	24463.263672
1881.799805	24438.912109
1880.855469	24428.287109
1879.911133	24749.562500
1878.966797	24774.525391
1878.022461	24651.419922
1877.077148	24596.896484
1876.131836	24665.722656
1875.186523	24726.298828
1874.241211	24532.076172
1873.295898	24683.037109
1872.349609	24549.146484
1871.404297	24642.542969
1870.458008	24900.132813
1869.511719	24684.177734
1868.564453	24364.345703
1867.618164	24490.523438
1866.670898	24622.119141
1865.723633	24510.304688
1864.776367	24617.232422
1863.828125	24639.388672
1862.880859	25016.767578
1861.932617	24486.962891
1860.984375	24711.251953
1860.036133	25183.955078
1859.087891	25145.896484
1858.138672	24968.636719
1857.189453	24753.240234
1856.240234	24909.019531
1855.291016	24898.324219
1854.341797	24786.718750
1853.391602	24876.943359
1852.441406	25441.500000
1851.491211	25068.179688
1850.541016	25109.232422
1849.589844	25090.326172
1848.639648	25349.273438
1847.688477	25055.259766
1846.737305	24998.253906
1845.786133	24995.714844
1844.833984	25159.199219
1843.882813	25396.083984
1842.930664	25235.667969
1841.978516	25477.873047
1841.025391	25336.541016
1840.073242	25573.181641
1839.120117	25399.267578
1838.166992	25062.365234
1837.213867	25320.646484
1836.260742	25608.701172
1835.306641	25269.246094
1834.353516	25622.357422
1833.399414	25535.517578
1832.445313	25578.996094
1831.490234	25606.171875
1830.536133	25570.935547
1829.581055	25608.949219
1828.625977	25714.744141
1827.670898	25457.169922
1826.715820	25763.548828
1825.759766	25552.142578
1824.803711	25671.404297
1823.847656	25747.267578
1822.891602	25470.988281
1821.935547	25758.080078
1820.978516	25836.580078
1820.021484	25944.820313
1819.064453	25703.908203
1818.107422	26307.265625
1817.150391	25730.941406
1816.192383	25582.175781
1815.234375	25833.658203
1814.276367	26030.964844
1813.318359	25930.876953
1812.359375	26228.058594
1811.401367	26398.136719
1810.442383	26397.968750
1809.483398	26408.603516
1808.523438	25976.435547
1807.564453	26456.847656
1806.604492	26467.457031
1805.644531	26642.654297
1804.684570	26550.705078
1803.724609	26442.609375
1802.763672	26337.253906
1801.803711	26434.142578
1800.842773	26067.375000
1799.880859	26414.894531
1798.919922	26552.113281
1797.958008	26681.191406
1796.997070	26274.277344
1796.035156	27049.572266
1795.072266	26844.648438
1794.110352	26755.542969
1793.147461	26564.218750
1792.185547	26943.316406
1791.222656	26598.716797
1790.258789	26977.644531
1789.295898	26947.744141
1788.332031	26839.900391
1787.368164	26753.601563
1786.404297	27250.392578
1785.440430	27529.378906
1784.476563	27244.238281
1783.511719	27276.066406
1782.546875	27050.158203
1781.582031	27197.423828
1780.616211	27419.763672
1779.651367	27167.134766
1778.685547	27504.722656
1777.719727	27649.080078
1776.753906	27498.441406
1775.788086	26940.408203
1774.821289	27352.792969
1773.854492	27427.384766
1772.887695	27140.287109
1771.920898	27493.439453
1770.954102	27254.646484
1769.986328	27795.025391
1769.018555	27307.335938
1768.050781	27585.214844
1767.083008	27475.021484
1766.114258	27562.820313
1765.146484	27484.767578
1764.177734	27580.544922
1763.208984	27630.833984
1762.239258	30356.466797
1761.270508	35162.531250
1760.300781	28366.632813
1759.331055	28392.666016
1758.361328	27999.429688
1757.391602	28081.591797
1756.420898	27691.251953
1755.450195	28197.767578
1754.479492	28106.400391
1753.508789	27860.347656
1752.538086	27961.111328
1751.566406	28096.494141
1750.594727	28546.392578
1749.623047	28265.798828
1748.651367	28299.763672
1747.678711	28184.515625
1746.707031	28282.406250
1745.734375	28244.435547
1744.761719	28520.654297
1743.788086	28448.041016
1742.815430	28457.958984
1741.841797	28675.412109
1740.868164	28536.298828
1739.894531	28737.681641
1738.919922	28997.474609
1737.946289	28664.302734
1736.971680	28868.179688
1735.997070	29215.468750
1735.022461	28978.101563
1734.046875	29327.871094
1733.072266	28981.693359
1732.096680	28978.173828
1731.121094	29165.783203
1730.144531	29324.115234
1729.168945	29439.923828
1728.192383	29367.326172
1727.215820	29358.412109
1726.239258	29243.429688
1725.262695	29383.007813
1724.285156	29472.162109
1723.307617	29431.423828
1722.330078	29594.710938
1721.352539	29781.765625
1720.375000	29701.253906
1719.396484	29554.580078
1718.417969	29921.529297
1717.439453	29242.888672
1716.460938	29887.580078
1715.481445	29944.687500
1714.501953	29684.375000
1713.523438	29826.117188
1712.542969	30055.042969
1711.563477	30363.166016
1710.583008	30100.332031
1709.603516	30363.394531
1708.623047	30272.369141
1707.641602	30709.582031
1706.661133	30774.304688
1705.679688	30440.375000
1704.698242	30713.626953
1703.716797	30738.716797
1702.735352	30995.953125
1701.753906	30991.955078
1700.771484	31167.273438
1699.789063	31305.603516
1698.806641	31385.880859
1697.823242	31284.283203
1696.840820	31193.265625
1695.857422	31220.824219
1694.874023	31143.021484
1693.890625	31423.351563
1692.906250	31453.466797
1691.922852	31709.916016
1690.938477	31708.375000
1689.954102	31867.314453
1688.968750	32168.216797
1687.984375	31900.970703
1686.999023	32107.082031
1686.013672	32068.644531
1685.028320	32264.113281
1684.041992	32569.849609
1683.056641	32200.341797
1682.070313	32382.515625
1681.083984	32656.511719
1680.097656	32536.607422
1679.110352	32849.816406
1678.123047	32598.714844
1677.135742	32746.488281
1676.148438	32508.625000
1675.161133	32992.011719
1674.172852	33060.945313
1673.185547	32922.765625
1672.197266	33217.054688
1671.208008	33453.574219
1670.219727	33469.945313
1669.230469	33661.777344
1668.241211	33596.917969
1667.251953	33694.390625
1666.262695	34009.054688
1665.272461	34143.027344
1664.283203	34172.289063
1663.292969	34196.308594
1662.301758	34500.121094
1661.311523	34639.085938
1660.320313	34861.636719
1659.329102	35086.699219
1658.337891	35165.343750
1657.346680	35351.054688
1656.355469	35552.351563
1655.363281	35980.722656
1654.371094	36072.148438
1653.378906	36103.503906
1652.385742	36348.812500
1651.393555	36494.875000
1650.400391	36633.046875
1649.407227	36484.308594
1648.414063	36992.628906
1647.419922	36872.542969
1646.425781	37041.773438
1645.431641	37195.292969
1644.437500	37304.460938
1643.443359	37061.996094
1642.448242	37316.945313
1641.454102	37202.132813
1640.458008	37810.894531
1639.462891	38252.855469
1638.467773	37974.011719
1637.471680	38275.289063
1636.475586	38558.230469
1635.479492	38508.269531
1634.483398	38429.738281
1633.486328	38689.062500
1632.489258	38652.089844
1631.492188	38796.953125
1630.495117	38876.828125
1629.498047	38972.242188
1628.500000	39176.640625
1627.501953	39002.031250
1626.503906	39387.953125
1625.504883	39644.000000
1624.506836	39822.121094
1623.507813	40197.234375
1622.508789	39968.132813
1621.509766	40400.062500
1620.509766	40225.425781
1619.510742	40675.242188
1618.510742	40718.195313
1617.510742	40595.386719
1616.509766	41070.707031
1615.509766	41072.117188
1614.508789	41301.261719
1613.507813	41297.437500
1612.506836	41464.343750
1611.504883	41644.101563
1610.502930	41901.351563
1609.500977	42132.632813
1608.499023	42177.718750
1607.497070	42344.230469
1606.494141	42717.343750
1605.491211	42553.046875
1604.488281	42641.886719
1603.485352	42741.007813
1602.482422	43193.710938
1601.478516	43158.468750
1600.474609	42963.273438
1599.470703	43206.675781
1598.465820	43390.652344
1597.461914	43932.941406
1596.457031	43982.625000
1595.452148	44563.195313
1594.447266	44829.148438
1593.441406	45061.496094
1592.435547	45386.457031
1591.429688	45510.421875
1590.423828	46110.597656
1589.417969	46131.386719
1588.411133	46368.316406
1587.404297	46834.113281
1586.397461	47358.863281
1585.390625	47415.343750
1584.382813	47443.515625
1583.375977	47893.226563
1582.368164	47875.015625
1581.359375	47651.253906
1580.351563	47918.230469
1579.342773	47989.894531
1578.333984	48397.890625
1577.325195	48705.582031
1576.316406	48797.546875
1575.306641	49002.371094
1574.296875	48978.777344
1573.287109	48765.390625
1572.277344	48962.378906
1571.267578	48608.074219
1570.256836	49445.789063
1569.246094	49168.402344
1568.235352	49506.023438
1567.223633	49474.636719
1566.212891	49617.402344
1565.201172	49176.339844
1564.189453	49157.832031
1563.176758	49218.664063
1562.165039	49384.367188
1561.152344	49583.250000
1560.139648	49081.277344
1559.126953	49057.671875
1558.113281	49954.375000
1557.100586	50002.140625
1556.086914	50075.433594
1555.073242	49660.746094
1554.058594	49979.269531
1553.044922	50254.234375
1552.030273	50240.585938
1551.015625	50219.281250
1550.000000	50157.152344
1548.985352	50957.390625
1547.969727	50841.546875
1546.954102	50840.511719
1545.938477	51071.484375
1544.921875	51399.214844
1543.906250	50959.699219
1542.889648	50843.960938
1541.873047	51500.121094
1540.855469	51827.449219
1539.838867	51586.812500
1538.821289	51875.781250
1537.803711	51877.015625
1536.786133	51911.328125
1535.767578	51976.144531
1534.749023	51974.800781
1533.730469	51007.164063
1532.711914	50945.007813
1531.693359	50011.062500
1530.673828	50111.781250
1529.654297	49442.644531
1528.634766	48913.507813
1527.615234	48498.871094
1526.594727	48224.058594
1525.574219	47591.453125
1524.553711	47928.558594
1523.533203	47448.527344
1522.511719	47265.488281
1521.490234	46930.363281
1520.468750	47064.457031
1519.447266	46524.183594
1518.425781	46627.882813
1517.403320	46556.699219
1516.380859	46586.871094
1515.358398	45971.187500
1514.335938	46069.835938
1513.312500	45824.140625
1512.289063	45824.058594
1511.265625	45803.730469
1510.242188	45401.390625
1509.217773	45307.804688
1508.193359	44847.585938
1507.168945	44582.238281
1506.144531	44607.683594
1505.119141	44590.152344
1504.094727	44549.886719
1503.069336	44461.640625
1502.043945	44668.898438
1501.017578	43934.304688
1499.991211	43654.398438
1498.965820	44109.007813
1497.938477	43955.335938
1496.912109	43799.203125
1495.884766	43789.414063
1494.858398	44125.062500
1493.830078	43734.542969
1492.802734	43896.144531
1491.775391	43851.046875
1490.747070	43982.308594
1489.718750	44269.664063
1488.690430	44239.609375
1487.661133	44856.558594
1486.631836	44597.335938
1485.602539	45135.914063
1484.573242	44982.402344
1483.543945	45125.750000
1482.513672	45832.316406
1481.483398	46166.472656
1480.453125	46161.144531
1479.422852	46854.425781
1478.391602	47190.628906
1477.360352	47406.105469
1476.329102	47799.781250
1475.297852	49483.789063
1474.265625	49989.769531
1473.233398	50706.324219
1472.201172	50980.960938
1471.168945	52025.570313
1470.135742	53027.074219
1469.103516	53566.765625
1468.070313	54788.058594
1467.036133	55763.183594
1466.002930	56777.957031
1464.968750	57311.289063
1463.934570	57819.332031
1462.900391	58890.531250
1461.866211	59007.453125
1460.831055	59219.417969
1459.795898	59658.992188
1458.760742	59527.972656
1457.725586	60097.324219
1456.689453	60826.453125
1455.653320	60397.738281
1454.617188	60214.160156
1453.581055	59693.308594
1452.543945	59457.492188
1451.506836	58854.609375
1450.469727	59555.523438
1449.432617	59257.464844
1448.394531	59016.949219
1447.357422	58796.496094
1446.319336	58892.992188
1445.280273	58754.972656
1444.242188	58574.609375
1443.203125	58556.386719
1442.164063	58807.375000
1441.125000	58951.082031
1440.084961	58464.355469
1439.045898	58458.605469
1438.005859	57974.691406
1436.965820	57366.492188
1435.924805	57378.402344
1434.884766	57547.093750
1433.843750	57128.488281
1432.801758	56446.382813
1431.760742	56202.304688
1430.718750	55799.191406
1429.677734	55756.714844
1428.634766	55294.230469
1427.592773	55269.269531
1426.550781	54839.386719
1425.507813	54491.652344
1424.464844	54253.332031
1423.420898	54188.886719
1422.377930	53563.542969
1421.333984	52965.769531
1420.290039	52737.910156
1419.246094	53080.617188
1418.201172	52158.503906
1417.156250	51921.050781
1416.111328	51976.175781
1415.066406	52095.699219
1414.020508	51729.578125
1412.975586	51301.695313
1411.929688	51555.000000
1410.882813	51360.066406
1409.836914	51836.000000
1408.790039	51799.457031
1407.743164	52005.390625
1406.696289	52030.652344
1405.649414	52557.914063
1404.601563	52951.417969
1403.553711	53216.203125
1402.505859	53307.875000
1401.457031	53831.871094
1400.409180	54113.550781
1399.360352	54214.816406
1398.310547	54834.527344
1397.261719	54412.257813
1396.211914	54910.703125
1395.163086	54885.839844
1394.112305	55951.292969
1393.062500	56222.140625
1392.011719	56004.656250
1390.960938	57076.507813
1389.910156	57620.453125
1388.859375	58141.972656
1387.807617	58751.929688
1386.755859	59708.859375
1385.704102	60020.234375
1384.652344	60853.339844
1383.599609	61811.582031
1382.546875	62673.414063
1381.494141	63057.601563
1380.441406	63667.878906
1379.387695	64240.988281
1378.334961	65089.160156
1377.280273	65907.445313
1376.226563	65921.843750
1375.171875	66149.953125
1374.118164	66628.476563
1373.063477	67023.289063
1372.007813	67260.796875
1370.953125	66499.250000
1369.897461	66341.687500
1368.841797	66586.523438
1367.785156	66372.585938
1366.729492	66043.492188
1365.672852	65942.546875
1364.616211	66329.382813
1363.559570	65605.984375
1362.501953	65549.281250
1361.444336	65837.953125
1360.386719	66388.500000
1359.329102	67024.484375
1358.270508	67890.242188
1357.212891	69122.656250
1356.154297	70337.375000
1355.094727	71275.140625
1354.036133	71630.460938
1352.976563	71425.742188
1351.916992	71216.226563
1350.857422	70730.656250
1349.796875	70318.601563
1348.736328	69105.562500
1347.675781	68110.414063
1346.615234	67394.046875
1345.553711	66870.828125
1344.492188	66364.929688
1343.430664	65605.523438
1342.369141	64556.187500
1341.307617	63838.988281
1340.245117	63636.554688
1339.182617	63490.265625
1338.119141	62822.531250
1337.056641	62873.835938
1335.993164	62720.500000
1334.929688	62326.136719
1333.866211	62126.730469
1332.801758	62000.429688
1331.737305	62110.242188
1330.672852	62254.062500
1329.608398	61823.746094
1328.542969	62524.460938
1327.478516	61885.175781
1326.412109	62850.496094
1325.346680	63032.835938
1324.281250	62879.789063
1323.214844	63086.316406
1322.148438	63695.878906
1321.081055	63579.187500
1320.014648	63205.238281
1318.947266	63833.750000
1317.879883	63680.695313
1316.811523	63391.867188
1315.744141	63226.847656
1314.675781	62560.003906
1313.607422	62647.347656
1312.539063	62121.496094
1311.469727	62058.667969
1310.400391	61235.234375
1309.331055	61184.734375
1308.261719	60688.742188
1307.191406	60301.906250
1306.121094	60120.953125
1305.050781	59378.742188
1303.980469	59256.132813
1302.909180	59201.292969
1301.837891	58595.195313
1300.766602	58298.789063
1299.695313	57407.992188
1298.623047	57600.062500
1297.550781	57224.363281
1296.478516	56399.625000
1295.405273	56118.535156
1294.333008	55748.250000
1293.259766	55182.648438
1292.186523	55010.597656
1291.112305	54570.859375
1290.039063	54427.964844
1288.964844	54364.695313
1287.889648	54026.644531
1286.815430	53428.460938
1285.740234	53435.332031
1284.665039	53627.683594
1283.589844	53403.289063
1282.514648	53275.312500
1281.438477	53185.902344
1280.362305	52858.265625
1279.286133	53156.375000
1278.208984	52857.757813
1277.131836	53340.906250
1276.054688	52991.882813
1274.977539	53037.253906
1273.899414	52767.765625
1272.822266	52644.964844
1271.744141	52724.003906
1270.665039	53259.320313
1269.586914	52759.503906
1268.507813	52283.921875
1267.428711	52341.355469
1266.349609	52029.246094
1265.269531	52182.656250
1264.189453	51587.718750
1263.109375	51347.917969
1262.029297	51599.652344
1260.948242	51235.332031
1259.867188	51705.011719
1258.786133	51561.210938
1257.705078	51637.812500
1256.623047	52016.070313
1255.541016	51465.332031
1254.458984	51494.023438
1253.376953	51563.375000
1252.293945	51998.691406
1251.210938	52407.492188
1250.127930	52395.273438
1249.043945	52586.246094
1247.960938	52858.386719
1246.876953	53491.191406
1245.791992	54004.257813
1244.708008	54462.148438
1243.623047	54308.562500
1242.538086	55589.730469
1241.453125	55894.175781
1240.367188	56675.679688
1239.281250	56972.566406
1238.195313	57517.339844
1237.109375	57177.250000
1236.023438	58024.457031
1234.936523	57455.605469
1233.849609	57080.019531
1232.761719	56061.417969
1231.674805	55419.585938
1230.586914	55256.632813
1229.499023	54539.101563
1228.410156	54385.941406
1227.322266	54023.464844
1226.233398	53470.851563
1225.144531	53470.242188
1224.054688	53193.820313
1222.964844	52846.207031
1221.875000	52289.613281
1220.785156	51830.691406
1219.695313	52125.007813
1218.604492	51545.214844
1217.513672	51414.437500
1216.422852	50854.062500
1215.331055	51027.281250
1214.239258	51107.878906
1213.147461	50844.472656
1212.055664	51074.476563
1210.963867	50723.468750
1209.871094	50951.015625
1208.778320	51126.312500
1207.684570	50924.796875
1206.591797	51090.535156
1205.498047	51362.765625
1204.404297	51715.367188
1203.309570	51561.230469
1202.215820	51667.484375
1201.121094	51811.542969
1200.025391	51797.042969
1198.930664	52551.148438
1197.834961	52080.152344
1196.739258	52141.230469
1195.643555	52152.644531
1194.547852	52357.796875
1193.451172	52683.320313
1192.354492	52493.851563
1191.256836	52261.972656
1190.160156	52854.015625
1189.062500	52692.949219
1187.964844	52303.097656
1186.867188	52514.925781
1185.768555	52573.363281
1184.669922	52358.273438
1183.571289	52072.566406
1182.472656	52206.468750
1181.373047	51108.074219
1180.273438	51649.636719
1179.173828	51258.375000
1178.073242	50707.191406
1176.973633	50384.589844
1175.873047	50208.039063
1174.771484	49605.718750
1173.670898	49848.121094
1172.569336	48978.070313
1171.467773	48418.773438
1170.366211	48529.640625
1169.263672	48257.406250
1168.161133	48166.203125
1167.058594	48164.296875
1165.956055	47828.921875
1164.852539	47611.089844
1163.749023	47862.808594
1162.645508	47516.000000
1161.541992	47279.617188
1160.437500	47425.675781
1159.333008	47466.136719
1158.228516	47764.468750
1157.123047	47957.179688
1156.018555	47022.621094
1154.913086	47384.097656
1153.806641	47712.605469
1152.701172	47605.394531
1151.594727	47966.468750
1150.488281	47615.812500
1149.380859	47826.941406
1148.274414	48066.042969
1147.166992	48061.773438
1146.059570	48057.503906
1144.951172	48268.320313
1143.843750	48121.421875
1142.735352	47668.464844
1141.626953	47545.128906
1140.517578	47893.664063
1139.408203	47525.136719
1138.298828	47282.847656
1137.189453	47491.148438
1136.079102	47281.644531
1134.969727	47293.871094
1133.859375	46967.886719
1132.748047	47283.316406
1131.637695	47393.437500
1130.526367	47421.929688
1129.415039	47855.867188
1128.302734	48042.648438
1127.190430	47996.425781
1126.078125	48050.355469
1124.965820	47678.222656
1123.853516	47930.027344
1122.740234	47499.921875
1121.626953	47507.375000
1120.513672	47275.261719
1119.399414	46966.515625
1118.285156	46483.558594
1117.170898	46542.367188
1116.056641	46668.531250
1114.941406	46629.691406
1113.826172	46270.351563
1112.710938	46236.261719
1111.595703	45946.824219
1110.479492	46045.117188
1109.363281	46178.167969
1108.247070	45443.527344
1107.129883	45857.285156
1106.012695	46094.621094
1104.895508	45409.195313
1103.778320	45565.402344
1102.660156	45603.359375
1101.542969	45622.765625
1100.423828	45600.472656
1099.305664	45464.726563
1098.186523	45500.347656
1097.067383	45540.578125
1095.948242	46050.503906
1094.829102	45942.531250
1093.708984	45721.277344
1092.588867	45715.167969
1091.468750	45857.003906
1090.347656	45880.902344
1089.226563	46205.167969
1088.105469	46205.871094
1086.984375	45841.664063
1085.862305	46276.535156
1084.740234	46607.320313
1083.618164	46591.761719
1082.496094	46945.386719
1081.373047	46542.210938
1080.250000	47052.500000
1079.126953	46792.437500
1078.002930	47021.195313
1076.879883	47249.843750
1075.754883	47192.671875
1074.630859	47206.933594
1073.506836	47460.703125
1072.381836	47440.359375
1071.256836	47641.003906
1070.130859	47346.753906
1069.004883	47011.222656
1067.878906	47037.000000
1066.752930	47421.527344
1065.626953	46835.593750
1064.500000	46767.140625
1063.373047	46147.156250
1062.246094	46062.808594
1061.118164	46306.984375
1059.990234	46071.062500
1058.862305	45646.976563
1057.734375	46155.050781
1056.605469	45439.683594
1055.476563	45165.175781
1054.347656	45629.414063
1053.217773	45444.425781
1052.088867	45442.945313
1050.958984	45503.355469
1049.828125	45627.898438
1048.698242	45284.988281
1047.567383	45125.484375
1046.436523	45341.632813
1045.305664	45388.246094
1044.173828	45599.648438
1043.041992	45982.585938
1041.910156	45628.625000
1040.777344	45668.261719
1039.645508	45943.425781
1038.512695	46268.757813
1037.378906	46555.082031
1036.246094	47220.621094
1035.112305	46882.851563
1033.978516	47248.769531
1032.844727	47237.710938
1031.709961	47502.914063
1030.575195	47736.035156
1029.440430	47973.609375
1028.304688	48368.500000
1027.169922	48954.804688
1026.034180	49087.023438
1024.897461	48902.265625
1023.761719	49262.371094
1022.625000	49745.367188
1021.488281	49993.464844
1020.351563	50394.058594
1019.213867	50641.886719
1018.076172	50671.031250
1016.938477	51068.906250
1015.800781	51712.363281
1014.662109	51666.152344
1013.523438	51497.136719
1012.384766	52397.011719
1011.245117	52784.914063
1010.105469	53770.441406
1008.965820	54437.359375
1007.826172	55301.621094
1006.685547	56469.851563
1005.544922	57971.355469
1004.404297	59735.519531
1003.263672	61557.875000
1002.122070	63538.226563
1000.980469	65449.593750
999.838867	67498.429688
998.696289	69108.640625
997.553711	70525.382813
996.411133	71424.671875
995.268555	72198.898438
994.125000	72442.609375
992.982422	71598.976563
991.837891	70352.640625
990.694336	69066.132813
989.549805	67071.757813
988.405273	65784.343750
987.260742	64160.433594
986.115234	62645.847656
984.970703	60980.453125
983.825195	59306.789063
982.678711	58040.761719
981.533203	56953.847656
980.386719	56226.664063
979.240234	55513.371094
978.092773	54622.007813
976.945313	54130.671875
975.797852	54156.457031
974.650391	53954.308594
973.502930	54226.039063
972.354492	54037.500000
971.206055	54178.289063
970.056641	54871.378906
968.908203	54667.042969
967.758789	54798.570313
966.609375	54878.222656
965.458984	54496.078125
964.308594	54469.917969
963.158203	54184.855469
962.007813	53938.191406
960.857422	53374.335938
959.706055	53442.953125
958.554688	52850.234375
957.402344	51969.941406
956.935547	51362.945313
955.795898	50464.425781
954.655273	49950.128906
953.514648	50067.277344
952.373047	49709.929688
951.232422	49631.894531
950.090820	49751.285156
948.949219	49507.667969
947.806641	49558.988281
946.665039	50063.753906
945.522461	49543.660156
944.379883	49606.250000
943.236328	49695.996094
942.092773	50279.527344
940.949219	50142.585938
939.805664	50750.636719
938.661133	50418.960938
937.516602	50746.019531
936.372070	50826.289063
935.227539	50795.675781
934.082031	51138.230469
932.936523	50845.261719
931.791016	51703.039063
930.644531	51448.484375
929.499023	51431.289063
928.351563	51978.832031
927.205078	51765.027344
926.058594	51546.796875
924.911133	51913.328125
923.762695	51837.335938
922.615234	51515.437500
921.466797	51232.027344
920.318359	51566.691406
919.169922	51229.281250
918.021484	51002.476563
916.872070	50485.046875
915.722656	49938.566406
914.572266	50212.292969
913.422852	49805.746094
912.272461	49167.472656
911.122070	49245.328125
909.970703	48816.773438
908.819336	47868.664063
907.667969	48160.453125
906.516602	48287.929688
905.365234	47938.671875
904.212891	48079.613281
903.060547	47683.367188
901.907227	47588.375000
900.754883	47641.679688
899.601563	47548.976563
898.447266	48058.042969
897.293945	47830.593750
896.139648	48238.355469
894.985352	47654.210938
893.831055	47723.097656
892.675781	47406.210938
891.520508	47517.714844
890.365234	47429.656250
889.209961	47552.292969
888.053711	47414.968750
886.897461	47546.500000
885.741211	47496.570313
884.583984	47681.746094
883.426758	47304.988281
882.269531	47452.066406
881.112305	47995.085938
879.954102	47600.609375
878.795898	47626.742188
877.637695	47503.054688
876.478516	47433.070313
875.320313	47347.468750
874.160156	47022.843750
873.000977	46890.460938
871.840820	46961.355469
870.681641	47601.531250
869.520508	47109.722656
868.360352	46964.035156
867.199219	47215.539063
866.038086	47085.500000
864.876953	46939.906250
863.714844	47097.585938
862.552734	47143.738281
861.390625	46757.546875
860.228516	46765.875000
859.065430	46584.863281
857.902344	46628.847656
856.739258	46815.289063
855.575195	46645.507813
854.411133	46458.003906
853.247070	46186.039063
852.083008	46588.140625
850.917969	46369.632813
849.752930	46506.933594
848.587891	46035.156250
847.421875	46554.664063
846.256836	46183.062500
845.090820	46340.246094
843.923828	46457.382813
842.757813	45890.691406
841.590820	45797.015625
840.422852	45605.742188
839.255859	45960.292969
838.087891	45780.156250
836.919922	45761.964844
835.751953	46419.921875
834.583008	46350.605469
833.414063	46910.605469
832.245117	46963.035156
831.075195	46561.410156
829.906250	46930.523438
828.736328	47463.269531
827.565430	47152.539063
826.395508	47021.171875
825.224609	46951.804688
824.052734	47280.554688
822.881836	47111.648438
821.709961	46741.660156
820.538086	46393.937500
819.366211	46645.156250
818.193359	46074.507813
817.020508	45535.042969
815.847656	45799.519531
814.674805	45935.835938
813.500977	45568.910156
812.327148	45413.968750
811.152344	45900.992188
809.978516	45706.339844
808.803711	45941.707031
807.628906	45927.875000
806.453125	46683.152344
805.277344	47268.417969
804.101563	47373.210938
802.925781	47449.324219
801.749023	48273.953125
800.573242	48318.988281
799.395508	48253.968750
798.218750	48419.980469
797.041016	49153.390625
795.863281	48591.226563
794.685547	48537.175781
793.506836	48450.175781
792.328125	48145.667969
791.149414	48184.015625
789.969727	47730.351563
788.791016	47498.679688
787.610352	47273.699219
786.430664	46798.613281
785.250000	46453.210938
784.070313	46358.062500
782.888672	45839.656250
781.708008	45788.542969
780.526367	45965.437500
779.344727	45473.781250
778.162109	45376.765625
776.980469	45439.707031
775.797852	45349.308594
774.615234	45508.558594
773.431641	44873.097656
772.248047	44951.398438
771.064453	45270.343750
769.880859	45403.195313
768.696289	45146.695313
767.511719	45727.726563
766.327148	45698.597656
765.141602	46001.660156
763.956055	45976.843750
762.770508	45812.234375
761.584961	45778.730469
760.398438	45673.187500
759.211914	46139.582031
758.025391	46372.246094
756.837891	46587.339844
755.650391	47365.082031
754.462891	47760.828125
753.274414	48114.953125
752.086914	49318.968750
750.897461	49685.617188
749.708984	50420.269531
748.519531	51631.566406
747.330078	52480.800781
746.140625	53416.707031
744.951172	54143.210938
743.760742	55152.242188
742.570313	56604.585938
741.378906	58256.316406
740.188477	60583.503906
738.997070	62911.742188
737.804688	65710.484375
736.613281	68084.164063
735.420898	69963.570313
734.228516	70434.734375
733.035156	68330.492188
731.842773	65306.839844
730.649414	61134.394531
729.455078	57055.082031
728.261719	53654.515625
727.067383	50637.273438
725.872070	48764.101563
724.677734	47312.355469
723.482422	47048.890625
722.287109	46731.382813
721.091797	46073.945313
719.895508	45990.699219
718.699219	45981.101563
717.502930	45644.656250
716.305664	45078.984375
715.108398	44461.660156
713.911133	44104.179688
712.713867	43922.031250
711.515625	43512.960938
710.317383	43207.832031
709.118164	43641.867188
707.919922	43332.527344
706.720703	43196.117188
705.521484	42871.906250
704.321289	43005.519531
703.121094	42966.398438
701.920898	42295.066406
700.720703	42238.867188
699.519531	42042.507813
698.318359	42236.511719
697.117188	42316.167969
695.915039	41861.296875
694.712891	41930.226563
693.510742	41880.636719
692.307617	42121.808594
691.105469	42231.519531
689.902344	42571.500000
688.698242	42429.253906
687.494141	42603.343750
686.291016	42512.777344
685.085938	42895.355469
683.881836	43236.898438
682.676758	43595.464844
681.471680	43451.007813
680.265625	43362.472656
679.059570	43447.957031
677.853516	43022.316406
676.647461	43255.968750
675.440430	43002.285156
674.233398	42875.320313
673.026367	42943.636719
671.819336	43162.054688
670.611328	43373.929688
669.403320	43047.617188
668.194336	42622.867188
666.985352	42725.429688
665.776367	43044.300781
664.567383	42968.941406
663.357422	42739.457031
662.147461	42978.878906
660.937500	42871.480469
659.727539	42918.179688
658.516602	42661.105469
657.305664	43159.070313
656.093750	42993.988281
654.881836	42895.246094
653.669922	43253.878906
652.458008	43293.988281
651.245117	43560.492188
650.032227	44136.511719
648.819336	43960.738281
647.606445	44335.734375
646.392578	44601.714844
645.178711	44955.035156
643.963867	44900.792969
642.749023	45637.691406
641.534180	45282.710938
640.319336	45776.179688
639.103516	46039.273438
637.887695	46562.136719
636.671875	47078.355469
635.455078	47110.968750
634.239258	47269.164063
633.021484	47852.929688
631.804688	47621.480469
630.586914	47945.347656
629.369141	48222.269531
628.151367	47903.714844
626.932617	48025.328125
625.713867	47428.570313
624.495117	48157.882813
623.275391	48183.750000
622.055664	47449.339844
620.835938	47441.386719
619.616211	46921.890625
618.395508	47026.531250
617.174805	46744.996094
615.953125	46353.296875
614.732422	46443.148438
613.510742	46208.585938
612.288086	45675.281250
611.066406	45521.535156
609.843750	45122.117188
608.621094	44633.933594
607.397461	44554.652344
606.173828	44549.500000
604.950195	43818.410156
603.726563	44099.082031
602.501953	43859.222656
601.277344	43885.957031
600.052734	43794.265625
598.827148	43892.867188
597.601563	43913.222656
596.375977	43887.082031
595.149414	43822.929688
593.923828	44010.113281
592.696289	43939.621094
591.469727	44211.113281
590.242188	43906.359375
589.014648	43973.070313
587.787109	44016.542969
586.558594	44386.855469
585.330078	44179.320313
584.101563	43978.207031
582.872070	44023.734375
581.642578	44593.808594
580.413086	44268.464844
579.182617	44494.968750
577.953125	44849.777344
576.721680	44953.953125
575.491211	45295.847656
574.259766	45969.953125
573.028320	45756.199219
571.796875	45868.453125
570.564453	46239.214844
569.332031	46403.832031
568.099609	47043.218750
566.866211	47094.125000
565.633789	47115.601563
564.399414	47397.410156
563.166016	47154.316406
561.931641	47618.550781
560.697266	47994.437500
559.462891	47906.585938
558.227539	48466.753906
556.992188	48649.273438
555.756836	48450.226563
554.520508	48741.625000
553.284180	48831.757813
552.047852	49229.734375
550.810547	49409.738281
549.573242	48865.312500
548.335938	49043.218750
547.098633	49172.914063
545.860352	49057.781250
544.622070	48829.761719
543.382813	48731.492188
542.144531	48409.589844
540.905273	47786.886719
539.665039	47993.988281
538.425781	47407.195313
537.185547	47244.636719
535.944336	46927.644531
534.704102	47251.636719
533.462891	46803.316406
532.221680	47193.941406
530.979492	46622.781250
529.738281	46660.828125
528.496094	46684.257813
527.252930	46788.964844
526.009766	47022.816406
524.766602	47056.554688
523.523438	46842.410156
522.279297	46872.003906
521.035156	46616.367188
519.791016	47018.554688
518.546875	47557.882813
517.301758	47337.621094
516.056641	47238.097656
514.810547	47325.757813
513.564453	47573.445313
512.318359	47180.886719
511.072266	47322.511719
509.825195	47096.386719
508.578125	47316.878906
507.331055	47543.492188
506.083008	47417.109375
504.834961	47006.464844
503.586914	47172.812500
502.337891	46982.300781
501.088867	47196.265625
499.839844	47335.488281
498.590820	47447.695313
497.340820	47362.980469
496.090820	47388.105469
494.839844	47566.492188
493.588867	47177.394531
492.337891	47475.820313
491.086914	47082.789063
489.834961	47354.187500
488.583008	47054.468750
487.331055	46969.996094
486.078125	46891.761719
484.826172	47299.378906
483.572266	47605.523438
482.319336	47390.812500
481.065430	47203.058594
479.811523	47416.058594
478.556641	46980.613281
477.302734	47296.777344
476.046875	47637.550781
474.791992	47332.347656
473.536133	47862.722656
472.280273	47805.085938
471.024414	47679.433594
469.767578	47755.847656
468.510742	47879.621094
467.253906	47879.718750
465.997070	47941.605469
464.739258	48114.664063
463.480469	47919.109375
462.222656	48174.421875
460.963867	48326.714844
459.705078	48723.753906
458.446289	48919.035156
457.186523	49147.117188
455.926758	48507.527344
454.666016	49173.382813
453.406250	49740.285156
452.145508	50122.023438
450.883789	50577.511719
449.623047	50915.738281
448.361328	51337.964844
447.099609	51125.808594
445.836914	51383.628906
444.574219	51323.363281
443.311523	51851.726563
442.047852	51598.632813
440.785156	51503.507813
439.521484	51873.636719
438.256836	51219.132813
436.992188	51404.792969
435.727539	51518.683594
434.462891	51587.476563
433.197266	51322.585938
431.931641	51788.398438
430.666016	51846.843750
429.399414	51551.394531
428.133789	51671.214844
426.866211	51835.953125
425.599609	52019.007813
424.332031	51809.625000
423.064453	52339.906250
421.795898	52093.777344
420.527344	52572.683594
419.258789	52106.128906
417.990234	52541.937500
416.720703	52457.195313
415.451172	52945.746094
414.181641	52306.183594
412.911133	52804.734375
411.640625	52887.167969
410.370117	53350.691406
409.098633	53324.960938
407.827148	53468.324219
406.555664	53794.914063
405.284180	54579.480469
404.011719	54531.085938
402.739258	54930.449219
401.465820	54778.222656
400.192383	54461.296875
398.918945	55244.757813
