-159.407803815973	985.599975585938
-154.947830007008	984.599975585938
-150.490968490979	984.900024414063
-146.037216117413	985.400024414063
-141.586569740106	985.099975585938
-137.139026217103	985.900024414063
-132.694582410678	986
-128.253235187354	985.599975585938
-123.814981417865	985.599975585938
-119.379817977176	987.599975585938
-114.947741744455	987.200012207031
-110.518749603085	987.700012207031
-106.092838440642	987.700012207031
-101.670005148889	991.200012207031
-97.2502466237804	988.799987792969
-92.8335597654442	988.400024414063
-88.4199414781749	989.799987792969
-84.0093886704365	990.299987792969
-79.6018982548449	988.200012207031
-75.1974671481675	991.200012207031
-70.7960922713078	991.200012207031
-66.3977705493088	993.5
-62.002498911343	994.599975585938
-57.6102742907014	997.599975585938
-53.2210936247867	999.700012207031
-48.8349538551175	1004.59997558594
-44.451851927303	1018.09997558594
-40.0717847910491	1043.69995117188
-35.6947494001532	1122.90002441406
-31.3207427124846	1361.90002441406
-26.9497616899924	1867.69995117188
-22.5818032986859	2673.10009765625
-18.2168645086443	4061.30004882813
-13.854942293982	4929
-9.49603363287376	9425.2998046875
-5.14013550753271	17301.5
-0.787244904192759	22738.900390625
3.56264118687236	19065.69921875
7.90952577138346	9148.900390625
12.2534118510368	2872.80004882813
16.5943024235328	1403
20.9322004825662	1099.59997558594
25.267109017844	1019
29.5990310150879	1005.79998779297
33.9279694560394	1006.79998779297
38.2539273184685	1012.59997558594
42.576907576176	1027
46.89691319901	1044.59997558594
51.2139471528627	1065
55.5280123996809	1085.40002441406
59.8391118974709	1099.69995117188
64.1472486003118	1108.40002441406
68.4524254583481	1121.40002441406
72.754645417812	1133.69995117188
77.0539114210196	1147.19995117188
81.3502264063804	1167.19995117188
85.6435933084041	1187
89.9340150577072	1211.09997558594
94.221494581019	1245.30004882813
98.5060348011868	1288.69995117188
102.787638637184	1340
107.06630900412	1398.80004882813
111.342048813235	1462.5
115.614860971923	1535.90002441406
119.88474838372	1627.80004882813
124.151713948329	1738
128.41576056161	1858.40002441406
132.6768911156	1986.80004882813
136.935108498506	2156.30004882813
141.190415594721	2340.10009765625
145.442815284827	2514.39990234375
149.692310445601	2685.30004882813
153.938903950025	2846.10009765625
158.182598667288	2960.69995117188
162.42339746279	3011
166.661303198153	3009.10009765625
170.896318731233	2952.5
175.128446916106	2890
179.357690603098	2895.30004882813
183.584052638779	2856.5
187.807535865965	2844.69995117188
192.028143123741	2883.80004882813
196.245877247442	2940.10009765625
200.460741068677	3019.39990234375
204.672737415346	3108.30004882813
208.881869111612	3273.5
213.088138977939	3425.89990234375
217.291549831076	3641
221.492104484081	3943.10009765625
225.689805746317	4267
229.884656423456	4505.7001953125
234.076659317495	4735.89990234375
238.265817226749	4859.7998046875
242.452132945872	4788.89990234375
246.635609265848	4544.60009765625
250.816248974007	4127.39990234375
254.994054854027	3651.19995117188
259.169029685945	3274.5
263.341176246156	2999
267.510497307418	2745.39990234375
271.676995638868	2570.39990234375
275.840674006018	2413.69995117188
280.001535170768	2304.10009765625
284.159581891407	2209.30004882813
288.314816922617	2120.60009765625
292.467243015492	2056.5
296.61686291752	2007
300.763679372619	1951.19995117188
304.907695121115	1918.40002441406
309.048912899766	1890.40002441406
313.187335441758	1878.09997558594
317.322965476721	1863.09997558594
321.455805730715	1854.90002441406
325.585858926265	1837.59997558594
329.713127782339	1836.19995117188
333.837615014372	1807.19995117188
337.959323334268	1797.09997558594
342.07825545039	1783.30004882813
346.194414067597	1794.5
350.307801887216	1790.5
354.418421607069	1777.59997558594
358.526275921479	1777.19995117188
362.631367521261	1761
366.733699093741	1749.40002441406
370.833273322758	1742.5
374.930092888661	1746.5
379.024160468332	1745.90002441406
383.115478735178	1744.5
387.204050359142	1754.90002441406
391.289878006702	1742.5
395.37296434089	1743.59997558594
399.453312021285	1737.19995117188
403.530923704019	1728.59997558594
407.605802041799	1732.30004882813
411.677949683886	1732.30004882813
415.747369276126	1733.19995117188
419.814063460936	1734.40002441406
423.87803487732	1733.80004882813
427.939286160879	1729.80004882813
431.997819943799	1730.90002441406
436.053638854881	1724.40002441406
440.106745519513	1720.90002441406
444.157142559716	1721.19995117188
448.204832594115	1716.69995117188
452.249818237968	1702.19995117188
456.292102103149	1706.09997558594
460.331686798183	1698.69995117188
464.368574928217	1711.69995117188
468.402769095058	1705.09997558594
472.434271897151	1679.09997558594
476.463085929604	1680.5
480.489213784189	1690.30004882813
484.512658049335	1673.09997558594
488.533421310149	1682.90002441406
492.551506148414	1687.90002441406
496.566915142599	1682.5
500.579650867849	1677.40002441406
504.589715896022	1672
508.597112795654	1656.90002441406
512.601844132	1675.80004882813
516.603912467011	1676.30004882813
520.603320359369	1673.80004882813
524.600070364458	1671.40002441406
528.5941650344	1680.30004882813
532.585606918042	1680.90002441406
536.574398560961	1678.59997558594
540.560542505487	1676.59997558594
544.544041290686	1676.09997558594
548.524897452379	1665.40002441406
552.50311352314	1672.5
556.478692032308	1681
560.45163550599	1654
564.421946467059	1653.90002441406
568.389627435166	1661
572.354680926751	1666.19995117188
576.317109455037	1658.09997558594
580.276915530032	1643.09997558594
584.234101658558	1643.30004882813
588.188670344219	1638.5
592.140624087445	1649.80004882813
596.089965385468	1645.80004882813
600.036696732344	1641.09997558594
603.980820618945	1635.30004882813
607.922339532976	1660.09997558594
611.861255958976	1654.59997558594
615.797572378321	1648.69995117188
619.731291269227	1640.5
623.662415106761	1642.40002441406
627.590946362839	1646.09997558594
631.516887506242	1642
635.440241002613	1653.09997558594
639.361009314457	1660.80004882813
643.27919490116	1652.69995117188
647.194800218976	1648.40002441406
651.107827721053	1646.30004882813
655.018279857421	1651.90002441406
658.926159075002	1643.09997558594
662.831467817618	1639.09997558594
666.734208525996	1647.30004882813
670.634383637767	1647.80004882813
674.531995587475	1651.5
678.42704680658	1649.5
682.319539723472	1640.09997558594
686.209476763458	1642.30004882813
690.096860348783	1639.80004882813
693.981692898628	1633.69995117188
697.863976829113	1629.09997558594
701.743714553311	1628.69995117188
705.62090848124	1629.59997558594
709.495561019875	1627
713.367674573156	1633.40002441406
717.237251541986	1626.40002441406
721.104294324238	1632.30004882813
724.968805314764	1634.90002441406
728.830786905391	1627
732.690241484933	1622
736.547171439196	1626.90002441406
740.401579150977	1630.30004882813
744.253467000077	1626.40002441406
748.102837363294	1621.69995117188
751.94969261444	1631.90002441406
755.794035124339	1637.30004882813
759.635867260831	1626.80004882813
763.475191388781	1627
767.312009870082	1623.90002441406
771.146325063657	1619.80004882813
774.978139325464	1633.69995117188
778.80745500851	1633.30004882813
782.63427446284	1624.80004882813
786.458600035548	1621.80004882813
790.280434070797	1626
794.099778909792	1616.80004882813
797.916636890816	1619.90002441406
801.731010349219	1624.40002441406
805.542901617415	1627.5
809.352313024909	1624.40002441406
813.159246898279	1604.90002441406
816.963705561198	1605.90002441406
820.765691334426	1610.80004882813
824.56520653582	1605.90002441406
828.362253480343	1616.40002441406
832.156834480058	1610.40002441406
835.94895184414	1585.40002441406
839.738607878876	1594.59997558594
843.52580488768	1616
847.310545171082	1601.59997558594
851.092831026744	1604.90002441406
854.872664749458	1608
858.650048631155	1601.90002441406
862.424984960907	1603.80004882813
866.197476024934	1608.59997558594
869.967524106601	1605.19995117188
873.735131486436	1603.80004882813
877.500300442118	1607.09997558594
881.263033248499	1601.40002441406
885.023332177587	1603.90002441406
888.781199498577	1599.90002441406
892.53663747783	1596.59997558594
896.28964837889	1599.09997558594
900.040234462493	1600.69995117188
903.788397986559	1599.80004882813
907.534141206205	1589.69995117188
911.277466373749	1604.40002441406
915.018375738706	1588.5
918.756871547803	1596.19995117188
922.492956044981	1593.69995117188
926.226631471392	1604.5
929.95790006541	1596.69995117188
933.686764062641	1585.80004882813
937.413225695909	1577.80004882813
941.137287195276	1589.30004882813
944.858950788045	1584.19995117188
948.578218698761	1571.30004882813
952.295093149208	1585.5
956.009576358427	1588.30004882813
959.721670542712	1583.59997558594
963.431377915619	1588.69995117188
967.138700687961	1571.59997558594
970.843641067824	1563.59997558594
974.546201260566	1571.40002441406
978.246383468816	1575.69995117188
981.944189892486	1579
985.639622728775	1580.5
989.332684172165	1562.40002441406
993.023376414439	1570.80004882813
996.711701644666	1573.19995117188
1000.39766204923	1564.30004882813
1004.0812598118	1582.90002441406
1007.76249711338	1587.30004882813
1011.44137613226	1563.69995117188
1015.11789904408	1571.30004882813
1018.79206802177	1577.5
1022.4638852356	1569.09997558594
1026.13335285318	1578.59997558594
1029.80047303944	1576.5
1033.46524795664	1564.90002441406
1037.12767976442	1567.40002441406
1040.78777061972	1568.80004882813
1044.44552267686	1551.40002441406
1048.1009380875	1555.09997558594
1051.75401900067	1554.90002441406
1055.40476756277	1562.30004882813
1059.05318591753	1565.19995117188
1062.6992762061	1554.09997558594
1066.34304056696	1548.80004882813
1069.984481136	1547.40002441406
1073.62360004648	1562.59997558594
1077.26039942905	1561.59997558594
1080.89488141175	1558.59997558594
1084.52704812002	1558.69995117188
1088.15690167668	1562.19995117188
1091.78444420198	1554.80004882813
1095.40967781355	1557.59997558594
1099.03260462646	1563.19995117188
1102.65322675317	1565.80004882813
1106.27154630357	1572.59997558594
1109.88756538497	1555.40002441406
1113.5012861021	1552.69995117188
1117.11271055714	1560
1120.72184084969	1557.80004882813
1124.32867907679	1547.5
1127.93322733291	1564.5
1131.53548771	1554.69995117188
1135.13546229742	1551.09997558594
1138.73315318201	1540.5
1142.32856244807	1545.40002441406
1145.92169217734	1554.59997558594
1149.51254444904	1547.09997558594
1153.10112133986	1545.19995117188
1156.68742492397	1555.09997558594
1160.27145727299	1554.90002441406
1163.85322045605	1545.59997558594
1167.43271653976	1538.30004882813
1171.0099475882	1548.69995117188
1174.58491566296	1538.69995117188
1178.15762282312	1538.30004882813
1181.72807112526	1547.69995117188
1185.29626262347	1535.59997558594
1188.86219936934	1531
1192.42588341198	1535
1195.98731679799	1542.19995117188
1199.54650157154	1545.40002441406
1203.10343977426	1533.5
1206.65813344536	1531.5
1210.21058462154	1537.5
1213.76079533707	1533.40002441406
1217.30876762372	1528.90002441406
1220.85450351084	1528.19995117188
1224.39800502529	1536.19995117188
1227.93927419151	1533.90002441406
1231.47831303147	1537.30004882813
1235.0151235647	1530.5
1238.5497078083	1532.5
1242.08206777692	1523
1245.6122054828	1531.59997558594
1249.14012293572	1538.09997558594
1252.66582214306	1536.90002441406
1256.18930510976	1535.5
1259.71057383837	1529.30004882813
1263.22963032898	1529.5
1266.74647657932	1522.5
1270.26111458467	1526.90002441406
1273.77354633794	1516.59997558594
1277.28377382961	1525.69995117188
1280.79179904779	1524.69995117188
1284.29762397819	1529.19995117188
1287.80125060412	1527.80004882813
1291.30268090652	1519.19995117188
1294.80191686393	1525.90002441406
1298.29896045253	1531.30004882813
1301.79381364611	1513.5
1305.28647841611	1517.5
1308.77695673158	1521.19995117188
1312.26525055921	1519
1315.75136186334	1516.80004882813
1319.23529260595	1509.5
1322.71704474666	1509.69995117188
1326.19662024275	1514.40002441406
1329.67402104914	1518.19995117188
1333.14924911842	1506.09997558594
1336.62230640084	1504.80004882813
1340.0931948443	1507.09997558594
1343.56191639439	1499.80004882813
1347.02847299435	1508.30004882813
1350.49286658511	1498.69995117188
1353.95509910526	1509.40002441406
1357.41517249111	1505.59997558594
1360.8730886766	1494.30004882813
1364.3288495934	1500
1367.78245717087	1502.19995117188
1371.23391333603	1514.5
1374.68322001365	1498.90002441406
1378.13037912617	1503
1381.57539259373	1502.30004882813
1385.0182623342	1505.30004882813
1388.45899026315	1504.40002441406
1391.89757829388	1504.69995117188
1395.33402833739	1505.69995117188
1398.76834230242	1506.5
1402.20052209542	1501.90002441406
1405.63056962059	1503.40002441406
1409.05848677984	1511.80004882813
1412.48427547283	1499.40002441406
1415.90793759696	1493.59997558594
1419.32947504738	1480.69995117188
1422.74888971697	1490.30004882813
1426.16618349636	1491.5
1429.58135827394	1490.90002441406
1432.99441593587	1492.19995117188
1436.40535836606	1489.40002441406
1439.81418744616	1485.90002441406
1443.22090505562	1481.30004882813
1446.62551307164	1484.30004882813
1450.0280133692	1489
1453.42840782107	1480.59997558594
1456.82669829777	1473.09997558594
1460.22288666762	1479.40002441406
1463.61697479673	1475.59997558594
1467.00896454899	1472
1470.3988577861	1472.90002441406
1473.78665636752	1484.5
1477.17236215056	1476
1480.55597699029	1472.09997558594
1483.9375027396	1467
1487.31694124921	1472.80004882813
1490.69429436761	1471.40002441406
1494.06956394113	1471.59997558594
1497.44275181394	1467.19995117188
1500.81385982799	1474.40002441406
1504.18288982308	1465.40002441406
1507.54984363684	1469.69995117188
1510.91472310471	1466.80004882813
1514.27753006	1466.90002441406
1517.63826633383	1460.59997558594
1520.99693375517	1464.5
1524.35353415083	1459.69995117188
1527.70806934547	1457.30004882813
1531.06054116162	1449.40002441406
1534.41095141963	1450.09997558594
1537.75930193773	1462.59997558594
1541.105594532	1463.5
1544.44983101639	1457.09997558594
1547.79201320272	1452.80004882813
1551.13214290067	1453.30004882813
1554.4702219178	1451.80004882813
1557.80625205954	1450.59997558594
1561.1402351292	1460.5
1564.47217292798	1449.80004882813
1567.80206725495	1454.80004882813
1571.12991990709	1455.80004882813
1574.45573267926	1459.09997558594
1577.7795073642	1449.59997558594
1581.10124575258	1449.09997558594
1584.42094963294	1458.40002441406
1587.73862079174	1456.59997558594
1591.05426101335	1448.30004882813
1594.36787208004	1446.19995117188
1597.679455772	1454
1600.98901386733	1455.5
1604.29654814206	1452.5
1607.60206037012	1453.59997558594
1610.90555232339	1452.59997558594
1614.20702577167	1443.09997558594
1617.50648248268	1453.19995117188
1620.8039242221	1450.90002441406
1624.09935275352	1453.19995117188
1627.39276983848	1461.59997558594
1630.68417723648	1461.69995117188
1633.97357670494	1458.80004882813
1637.26096999925	1458.09997558594
1640.54635887273	1451
1643.82974507668	1451.09997558594
1647.11113036035	1452.19995117188
1650.39051647094	1448.90002441406
1653.66790515363	1453.5
1656.94329815156	1444.40002441406
1660.21669720584	1437.80004882813
1663.48810405556	1429.59997558594
1666.75752043777	1425
1670.02494808751	1429.80004882813
1673.29038873781	1428.69995117188
1676.55384411968	1419.90002441406
1679.8153159621	1412.09997558594
1683.07480599207	1419.09997558594
1686.33231593455	1414.59997558594
1689.58784751254	1413.09997558594
1692.84140244701	1402.5
1696.09298245692	1397.69995117188
1699.34258925927	1397.90002441406
1702.59022456905	1396.59997558594
1705.83589009926	1399.40002441406
1709.07958756092	1400.69995117188
1712.32131866306	1397.09997558594
1715.56108511274	1388.09997558594
1718.79888861504	1392.90002441406
1722.03473087304	1396.09997558594
1725.2686135879	1386.30004882813
1728.50053845876	1390.30004882813
1731.73050718283	1380.80004882813
1734.95852145533	1378.40002441406
1738.18458296955	1380.09997558594
1741.40869341679	1384.5
1744.63085448642	1382.90002441406
1747.85106786585	1381.40002441406
1751.06933524054	1375.40002441406
1754.28565829399	1371.59997558594
1757.50003870779	1373.59997558594
1760.71247816157	1377.80004882813
1763.92297833301	1376.19995117188
1767.13154089788	1361.80004882813
1770.33816753	1377
1773.54285990127	1366.40002441406
1776.74561968166	1368.80004882813
1779.94644853921	1358.90002441406
1783.14534814006	1357.40002441406
1786.34232014841	1354.80004882813
1789.53736622656	1359.59997558594
1792.73048803488	1359.40002441406
1795.92168723184	1358.90002441406
1799.110965474	1356
1802.29832441604	1350.40002441406
1805.48376571069	1349.19995117188
1808.66729100882	1353.80004882813
1811.84890195939	1351.90002441406
1815.02860020947	1341.90002441406
1818.20638740424	1335.09997558594
1821.38226518699	1341.90002441406
1824.55623519911	1341.69995117188
1827.72829908013	1338.90002441406
1830.8984584677	1333.80004882813
1834.06671499758	1332.30004882813
1837.23307030365	1337
1840.39752601794	1334.90002441406
1843.56008377059	1325.19995117188
1846.72074518988	1320.59997558594
1849.87951190225	1324.5
1853.03638553223	1330.69995117188
1856.19136770254	1326.90002441406
1859.34446003401	1323.90002441406
1862.49566414563	1325.90002441406
1865.64498165455	1331.40002441406
1868.79241417605	1327.09997558594
1871.93796332358	1321.09997558594
1875.08163070875	1319.40002441406
1878.22341794132	1317.80004882813
1881.36332662922	1321.19995117188
1884.50135837853	1321.90002441406
1887.63751479352	1321.30004882813
1890.77179747661	1317.30004882813
1893.90420802842	1317.40002441406
1897.03474804772	1312.59997558594
1900.16341913147	1318.19995117188
1903.2902228748	1313.5
1906.41516087104	1320.59997558594
1909.5382347117	1319.69995117188
1912.65944598647	1315.59997558594
1915.77879628324	1311.80004882813
1918.89628718809	1310
1922.01192028531	1302.69995117188
1925.12569715736	1311.30004882813
1928.23761938494	1310.90002441406
1931.34768854691	1307.90002441406
1934.45590622038	1303.30004882813
1937.56227398063	1297.80004882813
1940.66679340119	1299.09997558594
1943.76946605377	1293.69995117188
1946.87029350832	1298.69995117188
1949.969277333	1304.09997558594
1953.06641909418	1291
1956.1617203565	1290.19995117188
1959.25518268276	1297.09997558594
1962.34680763404	1291.40002441406
1965.43659676964	1286.69995117188
1968.52455164708	1283.90002441406
1971.61067382213	1283.40002441406
1974.6949648488	1288.09997558594
1977.77742627934	1292.90002441406
1980.85805966424	1287.5
1983.93686655223	1284.5
1987.01384849032	1283.19995117188
1990.08900702374	1278.40002441406
1993.16234369599	1276.09997558594
1996.23386004882	1278.09997558594
1999.30355762223	1278.69995117188
2002.37143795452	1274.80004882813
2005.4375025822	1279.40002441406
2008.50175304009	1281.80004882813
2011.56419086127	1268.59997558594
2014.62481757707	1268.5
2017.68363471711	1274.80004882813
2020.74064380929	1270.09997558594
2023.79584637979	1273.80004882813
2026.84924395306	1267
2029.90083805184	1271.19995117188
2032.95063019715	1267.30004882813
2035.99862190831	1264.30004882813
2039.04481470292	1266.40002441406
2042.08921009688	1267.69995117188
2045.13180960439	1267.69995117188
2048.17261473794	1258.09997558594
2051.21162700831	1263
2054.24884792461	1268.69995117188
2057.28427899423	1260.59997558594
2060.31792172288	1255.69995117188
2063.34977761459	1257.30004882813
2066.37984817168	1257.30004882813
2069.4081348948	1256.40002441406
2072.4346392829	1250.40002441406
2075.45936283328	1249.09997558594
2078.48230704154	1247.30004882813
2081.5034734016	1250
2084.52286340572	1249.30004882813
2087.54047854449	1251.5
2090.55632030681	1248
2093.57039017994	1243.19995117188
2096.58268964947	1243.30004882813
2099.59322019931	1244.90002441406
2102.60198331172	1240
2105.60898046733	1239.19995117188
2108.61421314506	1241.40002441406
2111.61768282224	1237.19995117188
2114.6193909745	1243.90002441406
2117.61933907584	1237.90002441406
2120.61752859863	1230.90002441406
2123.61396101357	1230.90002441406
2126.60863778973	1231.90002441406
2129.60156039456	1232.30004882813
2132.59273029383	1233.5
2135.58214895173	1231.59997558594
2138.56981783077	1234.30004882813
2141.55573839186	1234.69995117188
2144.53991209427	1227.90002441406
2147.52234039565	1219.5
2150.50302475203	1221.80004882813
2153.48196661782	1221.40002441406
2156.45916744579	1224.69995117188
2159.43462868712	1227.59997558594
2162.40835179137	1227.69995117188
2165.38033820649	1226.19995117188
2168.3505893788	1219.90002441406
2171.31910675305	1221.09997558594
2174.28589177236	1220.69995117188
2177.25094587824	1218.09997558594
2180.21427051063	1221.40002441406
2183.17586710784	1222.69995117188
2186.13573710661	1215.90002441406
2189.09388194207	1217.30004882813
2192.05030304776	1214.30004882813
2195.00500185563	1221.5
2197.95797979607	1218.19995117188
2200.90923829783	1215.5
2203.85877878814	1214.69995117188
2206.8066026926	1212.59997558594
2209.75271143526	1203.80004882813
2212.69710643858	1201.5
2215.63978912345	1206.80004882813
2218.58076090919	1207.40002441406
2221.52002321356	1206.40002441406
2224.45757745274	1205.40002441406
2227.39342504133	1207.30004882813
2230.3275673924	1204.30004882813
2233.26000591745	1200.80004882813
2236.1907420264	1198.19995117188
2239.11977712763	1193.5
2242.04711262797	1195.5
2244.97274993269	1193.40002441406
2247.89669044551	1195.90002441406
2250.81893556861	1194.40002441406
2253.7394867026	1195.59997558594
2256.65834524659	1195.30004882813
2259.57551259811	1189.59997558594
2262.49099015316	1189.59997558594
2265.4047793062	1181.90002441406
2268.31688145018	1183.5
2271.22729797648	1183.5
2274.13603027498	1183.09997558594
2277.04307973401	1179.5
2279.94844774038	1187
2282.85213567938	1184.30004882813
2285.75414493477	1183.30004882813
2288.6544768888	1181.30004882813
2291.55313292218	1177.19995117188
2294.45011441414	1176.30004882813
2297.34542274236	1179.69995117188
2300.23905928303	1174.90002441406
2303.13102541082	1175.30004882813
2306.02132249888	1170.80004882813
2308.90995191889	1165.19995117188
2311.796915041	1173.40002441406
2314.68221323385	1178.30004882813
2317.56584786461	1177.40002441406
2320.44782029892	1174.90002441406
2323.32813190095	1167.30004882813
2326.20678403336	1163.09997558594
2329.08377805733	1164.59997558594
2331.95911533254	1162.69995117188
2334.83279721719	1163.40002441406
2337.704825068	1164.40002441406
2340.57520024018	1163.19995117188
2343.4439240875	1161.59997558594
2346.31099796222	1163.90002441406
2349.17642321512	1162.5
2352.04020119553	1163
2354.90233325129	1159.30004882813
2357.76282072877	1153.80004882813
2360.62166497286	1152.30004882813
2363.47886732702	1154.40002441406
2366.3344291332	1158.90002441406
2369.18835173191	1156.30004882813
2372.04063646221	1149.90002441406
2374.89128466166	1146.90002441406
2377.74029766641	1146.80004882813
2380.58767681113	1142.69995117188
2383.43342342903	1145.90002441406
2386.27753885189	1143.09997558594
2389.12002441002	1139.59997558594
2391.9608814323	1140.09997558594
2394.80011124616	1145.5
2397.63771517757	1142.80004882813
2400.47369455109	1143.5
2403.30805068981	1140
2406.14078491539	1137.69995117188
2408.97189854808	1134.40002441406
2411.80139290666	1136.5
2414.6292693085	1136.90002441406
2417.45552906953	1138.90002441406
2420.28017350426	1134
2423.10320392577	1133.40002441406
2425.92462164572	1130.90002441406
2428.74442797434	1131.69995117188
2431.56262422045	1134.09997558594
2434.37921169145	1129.30004882813
2437.19419169331	1126.90002441406
2440.0075655306	1126.5
2442.81933450648	1127
2445.62949992269	1127.69995117188
2448.43806307957	1119.59997558594
2451.24502527604	1122
2454.05038780962	1120.59997558594
2456.85415197645	1121.59997558594
2459.65631907123	1123.30004882813
2462.4568903873	1122.40002441406
2465.25586721656	1116
2468.05325084956	1116.5
2470.84904257543	1116.5
2473.64324368191	1113.09997558594
2476.43585545535	1109.59997558594
2479.22687918073	1110.09997558594
2482.01631614162	1113.19995117188
2484.80416762021	1116.5
2487.59043489733	1113.80004882813
2490.37511925241	1109.40002441406
2493.15822196351	1109.69995117188
2495.93974430729	1110
2498.71968755907	1109.30004882813
2501.49805299279	1107.09997558594
2504.27484188099	1101.80004882813
2507.05005549487	1103.09997558594
2509.82369510426	1102.5
2512.59576197762	1100.19995117188
2515.36625738204	1100.40002441406
2518.13518258325	1103.09997558594
2520.90253884563	1100.09997558594
2523.66832743219	1098.80004882813
2526.4325496046	1097.5
2529.19520662315	1093.09997558594
2531.95629974681	1092
2534.71583023316	1094.40002441406
2537.47379933848	1092.5
2540.23020831764	1088.5
2542.98505842423	1090.90002441406
2545.73835091045	1093.90002441406
2548.49008702718	1091.19995117188
2551.24026802396	1088.40002441406
2553.98889514897	1089.5
2556.73596964909	1086.80004882813
2559.48149276982	1084.90002441406
2562.22546575538	1087.5
2564.96788984861	1089.80004882813
2567.70876629106	1089.90002441406
2570.44809632291	1088
2573.18588118307	1086.09997558594
2575.92212210906	1086
2578.65682033715	1084.90002441406
2581.38997710222	1086.5
2584.12159363789	1085.90002441406
2586.85167117641	1084.40002441406
2589.58021094877	1081.90002441406
2592.3072141846	1084.19995117188
2595.03268211224	1081.40002441406
2597.75661595872	1081.69995117188
2600.47901694975	1083.80004882813
2603.19988630976	1083.80004882813
2605.91922526185	1078.40002441406
2608.63703502782	1078.40002441406
2611.35331682818	1074
2614.06807188212	1072.40002441406
2616.78130140757	1071.40002441406
2619.49300662113	1074
2622.20318873812	1076
2624.91184897255	1076
2627.61898853717	1073.40002441406
2630.32460864343	1077
2633.02871050146	1072
2635.73129532016	1068.40002441406
2638.4323643071	1068
2641.13191866859	1066.69995117188
2643.82995960966	1068.90002441406
2646.52648833405	1072.19995117188
2649.22150604423	1071.59997558594
2651.91501394139	1067.40002441406
2654.60701322546	1066.09997558594
2657.29750509509	1065.30004882813
2659.98649074764	1066.40002441406
2662.67397137923	1065.5
2665.35994818471	1064.30004882813
2668.04442235764	1065.19995117188
2670.72739509034	1063.30004882813
2673.40886757386	1065.19995117188
2676.088840998	1060.40002441406
2678.76731655128	1060.59997558594
2681.44429542098	1060.09997558594
2684.11977879312	1062.90002441406
2686.79376785247	1059.69995117188
2689.46626378254	1061.5
2692.13726776559	1061
2694.80678098265	1057.09997558594
2697.47480461347	1056.90002441406
2700.14133983659	1058.59997558594
2702.80638782928	1053.19995117188
2705.46994976757	1057.69995117188
2708.13202682628	1059.5
2710.79262017895	1056.30004882813
2713.4517309979	1056.69995117188
2716.10936045423	1057.90002441406
2718.76550971778	1059.40002441406
2721.42017995717	1058.59997558594
2724.07337233979	1054.09997558594
2726.72508803181	1056.90002441406
2729.37532819815	1054.59997558594
2732.02409400252	1055.30004882813
2734.6713866074	1057.09997558594
2737.31720717406	1054.59997558594
2739.96155686253	1056.19995117188
2742.60443683162	1058.09997558594
2745.24584823896	1055.90002441406
2747.88579224091	1052.5
2750.52426999266	1049.69995117188
2753.16128264815	1052.80004882813
2755.79683136014	1052.5
2758.43091728017	1052.5
2761.06354155856	1055
2763.69470534443	1050.09997558594
2766.32440978571	1048.19995117188
2768.9526560291	1047.09997558594
2771.57944522013	1042.59997558594
2774.2047785031	1049.09997558594
2776.82865702112	1047.09997558594
2779.45108191611	1044.90002441406
2782.0720543288	1044.19995117188
2784.69157539871	1045.19995117188
2787.30964626418	1042.40002441406
2789.92626806234	1045.69995117188
2792.54144192915	1042.69995117188
2795.15516899939	1039.69995117188
2797.76745040662	1038.69995117188
2800.37828728325	1039.5
2802.98768076049	1040.80004882813
2805.59563196837	1043.30004882813
2808.20214203574	1045.19995117188
2810.80721209028	1042.19995117188
2813.41084325847	1039.19995117188
2816.01303666564	1040.69995117188
2818.61379343595	1037.90002441406
2821.21311469235	1038.5
2823.81100155666	1035.40002441406
2826.40745514951	1035
2829.00247659037	1038.80004882813
2831.59606699754	1036.40002441406
2834.18822748815	1041.69995117188
2836.77895917817	1035.80004882813
2839.36826318243	1036.09997558594
2841.95614061456	1038.09997558594
2844.54259258707	1038.90002441406
2847.12762021128	1035.5
2849.71122459738	1036
2852.29340685439	1034.80004882813
2854.87416809019	1033.90002441406
2857.4535094115	1036.30004882813
2860.03143192389	1036.09997558594
2862.60793673178	1035.30004882813
2865.18302493845	1034.80004882813
2867.75669764604	1036.19995117188
2870.32895595553	1033.5
2872.89980096678	1033.59997558594
2875.46923377848	1033.90002441406
2878.0372554882	1032.40002441406
2880.60386719239	1033.5
2883.16906998631	1031.19995117188
2885.73286496415	1032.59997558594
2888.29525321891	1030.09997558594
2890.8562358425	1032.40002441406
2893.41581392567	1032.5
2895.97398855807	1031.40002441406
2898.5307608282	1030.09997558594
2901.08613182343	1029.80004882813
2903.64010263003	1031.09997558594
2906.19267433313	1027.69995117188
2908.74384801673	1028.69995117188
2911.29362476374	1027.69995117188
2913.84200565592	1023.90002441406
2916.38899177394	1027.90002441406
2918.93458419732	1028.09997558594
2921.4787840045	1028.69995117188
2924.02159227279	1027.69995117188
2926.56301007838	1026.80004882813
2929.10303849638	1024.30004882813
2931.64167860076	1025.90002441406
2934.1789314644	1023.40002441406
2936.71479815906	1025
2939.24927975542	1021.79998779297
2941.78237732303	1025.5
2944.31409193036	1024.19995117188
2946.84442464477	1023.5
2949.37337653251	1023.20001220703
2951.90094865876	1025.19995117188
2954.42714208758	1025.09997558594
2956.95195788195	1022.40002441406
2959.47539710375	1020.59997558594
2961.99746081377	1019.59997558594
2964.5181500717	1020.90002441406
2967.03746593617	1022.5
2969.5554094647	1020.09997558594
2972.07198171371	1022
2974.58718373858	1022.40002441406
2977.10101659355	1022.20001220703
2979.61348133184	1021.5
2982.12457900554	1022.70001220703
2984.63431066567	1019.90002441406
2987.1426773622	1020.09997558594
2989.649680144	1017.29998779297
2992.15532005887	1017.40002441406
2994.65959815353	1019.29998779297
2997.16251547364	1020.29998779297
2999.66407306379	1018.29998779297
3002.16427196748	1019.70001220703
3004.66311322716	1022.20001220703
3007.16059788422	1019.09997558594
3009.65672697897	1019.59997558594
3012.15150155066	1017.29998779297
3014.64492263748	1018.20001220703
3017.13699127655	1016.20001220703
3019.62770850394	1019.40002441406
3022.11707535466	1017.90002441406
3024.60509286267	1018.40002441406
3027.09176206085	1019.09997558594
3029.57708398106	1018.5
3032.06105965407	1018.20001220703
3034.54369010963	1017.09997558594
3037.02497637642	1016.40002441406
3039.50491948207	1015.70001220703
3041.98352045319	1014.90002441406
3044.4607803153	1016
3046.93670009292	1015.29998779297
3049.41128080949	1016.59997558594
3051.88452348743	1015.70001220703
3054.3564291481	1016.70001220703
3056.82699881185	1014.70001220703
3059.29623349795	1013.79998779297
3061.76413422468	1015.20001220703
3064.23070200924	1017
3066.69593786783	1014.5
3069.1598428156	1016.29998779297
3071.62241786667	1015.59997558594
3074.08366403413	1016.5
3076.54358233003	1016.59997558594
3079.00217376543	1018.5
3081.45943935031	1019.09997558594
3083.91538009367	1018.20001220703
3086.36999700346	1017
3088.82329108662	1016.79998779297
3091.27526334905	1016.09997558594
3093.72591479567	1016.5
3096.17524643033	1015.5
3098.6232592559	1016.90002441406
3101.06995427422	1015
3103.51533248612	1014.59997558594
3105.95939489141	1016.20001220703
3108.40214248889	1014.20001220703
3110.84357627634	1015.09997558594
3113.28369725056	1015.79998779297
3115.72250640732	1016.5
3118.16000474136	1014.90002441406
3120.59619324647	1016.5
3123.03107291538	1016.59997558594
3125.46464473985	1016.09997558594
3127.89690971063	1014.70001220703
3130.32786881747	1015.70001220703
3132.75752304911	1016
3135.18587339331	1017.59997558594
3137.61292083682	1014.5
3140.03866636539	1015.90002441406
3142.46311096378	1017.29998779297
3144.88625561578	1016.59997558594
3147.30810130414	1014.29998779297
3149.72864901067	1014.59997558594
3152.14789971616	1014.70001220703
3154.56585440041	1015
3156.98251404225	1013.29998779297
3159.39787961952	1015.70001220703
3161.81195210906	1013.79998779297
3164.22473248675	1013.5
3166.63622172746	1014
3169.04642080512	1015.29998779297
3171.45533069264	1015.20001220703
3173.86295236196	1015.40002441406
3176.26928678408	1015.5
3178.67433492896	1015.70001220703
3181.07809776564	1016.29998779297
3183.48057626216	1012.90002441406
3185.88177138561	1013.70001220703
3188.28168410206	1012.20001220703
3190.68031537668	1013.70001220703
3193.07766617362	1013.09997558594
