-159.407803815973	926.900024414063
-154.947830007008	927.299987792969
-150.490968490979	928.5
-146.037216117413	927.599975585938
-141.586569740106	927.900024414063
-137.139026217103	927.5
-132.694582410678	928.5
-128.253235187354	927.299987792969
-123.814981417865	928
-119.379817977176	928.299987792969
-114.947741744455	927.299987792969
-110.518749603085	927.299987792969
-106.092838440642	928.200012207031
-101.670005148889	927.900024414063
-97.2502466237804	927.799987792969
-92.8335597654442	926.799987792969
-88.4199414781749	927.599975585938
-84.0093886704365	928.099975585938
-79.6018982548449	927.799987792969
-75.1974671481675	928.099975585938
-70.7960922713078	927.599975585938
-66.3977705493088	927.799987792969
-62.002498911343	928
-57.6102742907014	928.5
-53.2210936247867	927.5
-48.8349538551175	927.900024414063
-44.451851927303	927.599975585938
-40.0717847910491	928.299987792969
-35.6947494001532	927.799987792969
-31.3207427124846	928.400024414063
-26.9497616899924	929
-22.5818032986859	930.900024414063
-18.2168645086443	932.200012207031
-13.854942293982	933.299987792969
-9.49603363287376	941.599975585938
-5.14013550753271	949.099975585938
-0.787244904192759	954.599975585938
3.56264118687236	949.5
7.90952577138346	937.700012207031
12.2534118510368	929.5
16.5943024235328	928.299987792969
20.9322004825662	928.299987792969
25.267109017844	928.099975585938
29.5990310150879	929.299987792969
33.9279694560394	931.099975585938
38.2539273184685	933
42.576907576176	940.200012207031
46.89691319901	947.099975585938
51.2139471528627	952.5
55.5280123996809	959.200012207031
59.8391118974709	964.5
64.1472486003118	969
68.4524254583481	972.799987792969
72.754645417812	978.099975585938
77.0539114210196	981.099975585938
81.3502264063804	986.799987792969
85.6435933084041	993.099975585938
89.9340150577072	1002
94.221494581019	1011.59997558594
98.5060348011868	1022.09997558594
102.787638637184	1033.90002441406
107.06630900412	1054.09997558594
111.342048813235	1070.90002441406
115.614860971923	1098.09997558594
119.88474838372	1121.69995117188
124.151713948329	1152.69995117188
128.41576056161	1188.80004882813
132.6768911156	1214.5
136.935108498506	1256.59997558594
141.190415594721	1288.09997558594
145.442815284827	1314.80004882813
149.692310445601	1347.80004882813
153.938903950025	1360.19995117188
158.182598667288	1377.90002441406
162.42339746279	1389.5
166.661303198153	1409.59997558594
170.896318731233	1429
175.128446916106	1436.80004882813
179.357690603098	1428.80004882813
183.584052638779	1406.09997558594
187.807535865965	1393.59997558594
192.028143123741	1370.90002441406
196.245877247442	1347.5
200.460741068677	1325.09997558594
204.672737415346	1306.30004882813
208.881869111612	1301.19995117188
213.088138977939	1294.90002441406
217.291549831076	1292.69995117188
221.492104484081	1283.80004882813
225.689805746317	1289
229.884656423456	1274.09997558594
234.076659317495	1272.40002441406
238.265817226749	1276.30004882813
242.452132945872	1279.30004882813
246.635609265848	1268.5
250.816248974007	1255
254.994054854027	1234.30004882813
259.169029685945	1234.09997558594
263.341176246156	1229.09997558594
267.510497307418	1231
271.676995638868	1217.69995117188
275.840674006018	1201.59997558594
280.001535170768	1194.90002441406
284.159581891407	1176.80004882813
288.314816922617	1175.59997558594
292.467243015492	1169.69995117188
296.61686291752	1158.69995117188
300.763679372619	1155.5
304.907695121115	1151.69995117188
309.048912899766	1135.19995117188
313.187335441758	1135.69995117188
317.322965476721	1131.69995117188
321.455805730715	1130
325.585858926265	1118.09997558594
329.713127782339	1113
333.837615014372	1110.59997558594
337.959323334268	1101.09997558594
342.07825545039	1095.80004882813
346.194414067597	1090.80004882813
350.307801887216	1086.5
354.418421607069	1077.40002441406
358.526275921479	1083.69995117188
362.631367521261	1081.59997558594
366.733699093741	1083
370.833273322758	1083.80004882813
374.930092888661	1084.09997558594
379.024160468332	1077.5
383.115478735178	1072.30004882813
387.204050359142	1073.09997558594
391.289878006702	1069.30004882813
395.37296434089	1072.40002441406
399.453312021285	1067.90002441406
403.530923704019	1061.80004882813
407.605802041799	1061
411.677949683886	1054.30004882813
415.747369276126	1062.30004882813
419.814063460936	1052.09997558594
423.87803487732	1051.90002441406
427.939286160879	1054.5
431.997819943799	1049.19995117188
436.053638854881	1050.90002441406
440.106745519513	1044
444.157142559716	1041.90002441406
448.204832594115	1045
452.249818237968	1047.59997558594
456.292102103149	1043.09997558594
460.331686798183	1040.69995117188
464.368574928217	1042
468.402769095058	1041.5
472.434271897151	1040.09997558594
476.463085929604	1038.30004882813
480.489213784189	1036.80004882813
484.512658049335	1035.5
488.533421310149	1033.40002441406
492.551506148414	1033.5
496.566915142599	1033.09997558594
500.579650867849	1031.59997558594
504.589715896022	1036.30004882813
508.597112795654	1039.90002441406
512.601844132	1040.40002441406
516.603912467011	1037.40002441406
520.603320359369	1042.19995117188
524.600070364458	1042
528.5941650344	1042.19995117188
532.585606918042	1047.69995117188
536.574398560961	1050.5
540.560542505487	1051.80004882813
544.544041290686	1056.59997558594
548.524897452379	1053.59997558594
552.50311352314	1052.30004882813
556.478692032308	1047.5
560.45163550599	1050.90002441406
564.421946467059	1047.59997558594
568.389627435166	1044.59997558594
572.354680926751	1042
576.317109455037	1043.09997558594
580.276915530032	1042.30004882813
584.234101658558	1040.80004882813
588.188670344219	1041
592.140624087445	1046.30004882813
596.089965385468	1046.30004882813
600.036696732344	1046
603.980820618945	1050.5
607.922339532976	1050.30004882813
611.861255958976	1056.19995117188
615.797572378321	1055.30004882813
619.731291269227	1054.40002441406
623.662415106761	1058.19995117188
627.590946362839	1060.80004882813
631.516887506242	1057.5
635.440241002613	1055.5
639.361009314457	1058.80004882813
643.27919490116	1053.59997558594
647.194800218976	1056.30004882813
651.107827721053	1057.80004882813
655.018279857421	1055.19995117188
658.926159075002	1054.90002441406
662.831467817618	1061.90002441406
666.734208525996	1057
670.634383637767	1059.09997558594
674.531995587475	1059.69995117188
678.42704680658	1053.09997558594
682.319539723472	1050.80004882813
686.209476763458	1052.5
690.096860348783	1048.30004882813
693.981692898628	1046.90002441406
697.863976829113	1044.30004882813
701.743714553311	1041.19995117188
705.62090848124	1046.09997558594
709.495561019875	1044.80004882813
713.367674573156	1051.80004882813
717.237251541986	1060.19995117188
721.104294324238	1078.19995117188
724.968805314764	1111.09997558594
728.830786905391	1152.40002441406
732.690241484933	1187.40002441406
736.547171439196	1184.5
740.401579150977	1164
744.253467000077	1144.59997558594
748.102837363294	1123
751.94969261444	1111.80004882813
755.794035124339	1098.80004882813
759.635867260831	1087.19995117188
763.475191388781	1073.5
767.312009870082	1070.30004882813
771.146325063657	1061.30004882813
774.978139325464	1063.5
778.80745500851	1055.19995117188
782.63427446284	1050.80004882813
786.458600035548	1041.09997558594
790.280434070797	1045
794.099778909792	1044.69995117188
797.916636890816	1048.09997558594
801.731010349219	1040.80004882813
805.542901617415	1044
809.352313024909	1047.5
813.159246898279	1047.59997558594
816.963705561198	1046.09997558594
820.765691334426	1044.30004882813
824.56520653582	1050.40002441406
828.362253480343	1041.90002441406
832.156834480058	1041.40002441406
835.94895184414	1043.40002441406
839.738607878876	1042.40002441406
843.52580488768	1042.30004882813
847.310545171082	1042.30004882813
851.092831026744	1043.09997558594
854.872664749458	1044
858.650048631155	1050.09997558594
862.424984960907	1048.59997558594
866.197476024934	1052.40002441406
869.967524106601	1051.90002441406
873.735131486436	1053
877.500300442118	1053.5
881.263033248499	1050.69995117188
885.023332177587	1048.40002441406
888.781199498577	1048.40002441406
892.53663747783	1047.80004882813
896.28964837889	1047.90002441406
900.040234462493	1046.90002441406
903.788397986559	1049.30004882813
907.534141206205	1054.5
911.277466373749	1055.30004882813
915.018375738706	1059.80004882813
918.756871547803	1058.69995117188
922.492956044981	1062.30004882813
926.226631471392	1060.30004882813
929.95790006541	1060.69995117188
933.686764062641	1061.5
937.413225695909	1060.19995117188
941.137287195276	1057.90002441406
944.858950788045	1056
948.578218698761	1065.5
952.295093149208	1076.80004882813
956.009576358427	1074.19995117188
959.721670542712	1083.80004882813
963.431377915619	1078.80004882813
967.138700687961	1074.19995117188
970.843641067824	1072.19995117188
974.546201260566	1063.09997558594
978.246383468816	1056.5
981.944189892486	1054.69995117188
985.639622728775	1050.59997558594
989.332684172165	1051
993.023376414439	1052
996.711701644666	1048.30004882813
1000.39766204923	1046.09997558594
1004.0812598118	1049
1007.76249711338	1047.19995117188
1011.44137613226	1046.5
1015.11789904408	1047.19995117188
1018.79206802177	1048.40002441406
1022.4638852356	1049.5
1026.13335285318	1046.30004882813
1029.80047303944	1042.80004882813
1033.46524795664	1039.69995117188
1037.12767976442	1037
1040.78777061972	1032.5
1044.44552267686	1033.69995117188
1048.1009380875	1032.19995117188
1051.75401900067	1030.59997558594
1055.40476756277	1034.80004882813
1059.05318591753	1036.19995117188
1062.6992762061	1038.5
1066.34304056696	1038.09997558594
1069.984481136	1035.69995117188
1073.62360004648	1035.69995117188
1077.26039942905	1040.40002441406
1080.89488141175	1044.5
1084.52704812002	1039.80004882813
1088.15690167668	1039.69995117188
1091.78444420198	1042
1095.40967781355	1042.19995117188
1099.03260462646	1041.30004882813
1102.65322675317	1041.5
1106.27154630357	1042.69995117188
1109.88756538497	1043.30004882813
1113.5012861021	1046.30004882813
1117.11271055714	1044.09997558594
1120.72184084969	1043.40002441406
1124.32867907679	1047.90002441406
1127.93322733291	1050
1131.53548771	1046.90002441406
1135.13546229742	1063.69995117188
1138.73315318201	1066.30004882813
1142.32856244807	1063.5
1145.92169217734	1065.40002441406
1149.51254444904	1060.59997558594
1153.10112133986	1065.69995117188
1156.68742492397	1071.69995117188
1160.27145727299	1074.80004882813
1163.85322045605	1078.40002441406
1167.43271653976	1079.5
1171.0099475882	1084.80004882813
1174.58491566296	1083.09997558594
1178.15762282312	1079.19995117188
1181.72807112526	1074.40002441406
1185.29626262347	1070.90002441406
1188.86219936934	1067.59997558594
1192.42588341198	1065.90002441406
1195.98731679799	1064.40002441406
1199.54650157154	1068.5
1203.10343977426	1066.90002441406
1206.65813344536	1073.19995117188
1210.21058462154	1066.90002441406
1213.76079533707	1063.30004882813
1217.30876762372	1071
1220.85450351084	1068.19995117188
1224.39800502529	1076.5
1227.93927419151	1088.09997558594
1231.47831303147	1086.59997558594
1235.0151235647	1086.69995117188
1238.5497078083	1084.80004882813
1242.08206777692	1083.40002441406
1245.6122054828	1080.80004882813
1249.14012293572	1076.40002441406
1252.66582214306	1073.90002441406
1256.18930510976	1069.09997558594
1259.71057383837	1075.09997558594
1263.22963032898	1071
1266.74647657932	1070.09997558594
1270.26111458467	1079.59997558594
1273.77354633794	1078.30004882813
1277.28377382961	1082.5
1280.79179904779	1081.90002441406
1284.29762397819	1082.80004882813
1287.80125060412	1080
1291.30268090652	1080.19995117188
1294.80191686393	1087.19995117188
1298.29896045253	1091.69995117188
1301.79381364611	1093.80004882813
1305.28647841611	1092.19995117188
1308.77695673158	1097.09997558594
1312.26525055921	1104.19995117188
1315.75136186334	1098.59997558594
1319.23529260595	1096.80004882813
1322.71704474666	1094.59997558594
1326.19662024275	1095.59997558594
1329.67402104914	1096.40002441406
1333.14924911842	1087.40002441406
1336.62230640084	1087.80004882813
1340.0931948443	1090.90002441406
1343.56191639439	1092.59997558594
1347.02847299435	1090.90002441406
1350.49286658511	1085
1353.95509910526	1088.40002441406
1357.41517249111	1092.69995117188
1360.8730886766	1102.5
1364.3288495934	1099.80004882813
1367.78245717087	1097.80004882813
1371.23391333603	1094.59997558594
1374.68322001365	1091.90002441406
1378.13037912617	1086.09997558594
1381.57539259373	1078.69995117188
1385.0182623342	1077
1388.45899026315	1077
1391.89757829388	1068.19995117188
1395.33402833739	1068.59997558594
1398.76834230242	1068.90002441406
1402.20052209542	1071.19995117188
1405.63056962059	1066.5
1409.05848677984	1059.69995117188
1412.48427547283	1064.59997558594
1415.90793759696	1066
1419.32947504738	1062.80004882813
1422.74888971697	1063
1426.16618349636	1073.59997558594
1429.58135827394	1077.59997558594
1432.99441593587	1078.5
1436.40535836606	1086
1439.81418744616	1098
1443.22090505562	1101.80004882813
1446.62551307164	1117.59997558594
1450.0280133692	1116.5
1453.42840782107	1109.09997558594
1456.82669829777	1108.80004882813
1460.22288666762	1101.69995117188
1463.61697479673	1091.90002441406
1467.00896454899	1086
1470.3988577861	1075.5
1473.78665636752	1061.19995117188
1477.17236215056	1061
1480.55597699029	1065.5
1483.9375027396	1062.5
1487.31694124921	1066
1490.69429436761	1075.59997558594
1494.06956394113	1074.09997558594
1497.44275181394	1083.5
1500.81385982799	1076.40002441406
1504.18288982308	1071.5
1507.54984363684	1079.30004882813
1510.91472310471	1081.09997558594
1514.27753006	1083.69995117188
1517.63826633383	1092.09997558594
1520.99693375517	1093.5
1524.35353415083	1095.40002441406
1527.70806934547	1100.59997558594
1531.06054116162	1106.19995117188
1534.41095141963	1106.30004882813
1537.75930193773	1115.30004882813
1541.105594532	1109.90002441406
1544.44983101639	1107.30004882813
1547.79201320272	1101.09997558594
1551.13214290067	1105.40002441406
1554.4702219178	1096.40002441406
1557.80625205954	1091.40002441406
1561.1402351292	1092.59997558594
1564.47217292798	1088.30004882813
1567.80206725495	1086
1571.12991990709	1087.30004882813
1574.45573267926	1087.30004882813
1577.7795073642	1095.90002441406
1581.10124575258	1093.80004882813
1584.42094963294	1097.59997558594
1587.73862079174	1101.5
1591.05426101335	1091.59997558594
1594.36787208004	1086.69995117188
1597.679455772	1071.19995117188
1600.98901386733	1064.30004882813
1604.29654814206	1067.09997558594
1607.60206037012	1055.69995117188
1610.90555232339	1050.59997558594
1614.20702577167	1050.5
1617.50648248268	1046.5
1620.8039242221	1042.80004882813
1624.09935275352	1039.90002441406
1627.39276983848	1041.5
1630.68417723648	1039.80004882813
1633.97357670494	1032.90002441406
1637.26096999925	1035.30004882813
1640.54635887273	1030.69995117188
1643.82974507668	1029.69995117188
1647.11113036035	1026.5
1650.39051647094	1027.59997558594
1653.66790515363	1025.90002441406
1656.94329815156	1021.09997558594
1660.21669720584	1022.20001220703
1663.48810405556	1017.20001220703
1666.75752043777	1013.09997558594
1670.02494808751	1011
1673.29038873781	1011.5
1676.55384411968	1009.70001220703
1679.8153159621	1012.79998779297
1683.07480599207	1014.29998779297
1686.33231593455	1011.79998779297
1689.58784751254	1005.59997558594
1692.84140244701	1003.59997558594
1696.09298245692	1004.90002441406
1699.34258925927	1002.90002441406
1702.59022456905	1005.70001220703
1705.83589009926	1002
1709.07958756092	1003.40002441406
1712.32131866306	1001
1715.56108511274	1002.20001220703
1718.79888861504	1002.20001220703
1722.03473087304	999.799987792969
1725.2686135879	1000.59997558594
1728.50053845876	1002.20001220703
1731.73050718283	998
1734.95852145533	997.299987792969
1738.18458296955	996.900024414063
1741.40869341679	997.700012207031
1744.63085448642	999.299987792969
1747.85106786585	995.299987792969
1751.06933524054	996.400024414063
1754.28565829399	996
1757.50003870779	994.299987792969
1760.71247816157	992.400024414063
1763.92297833301	997.5
1767.13154089788	996.599975585938
1770.33816753	996.200012207031
1773.54285990127	991
1776.74561968166	995.900024414063
1779.94644853921	993.900024414063
1783.14534814006	994.099975585938
1786.34232014841	993.099975585938
1789.53736622656	993
1792.73048803488	992.099975585938
1795.92168723184	992.700012207031
1799.110965474	992.099975585938
1802.29832441604	990.799987792969
1805.48376571069	990.700012207031
1808.66729100882	991.599975585938
1811.84890195939	991.400024414063
1815.02860020947	993.599975585938
1818.20638740424	990.799987792969
1821.38226518699	991.299987792969
1824.55623519911	990.099975585938
1827.72829908013	986.299987792969
1830.8984584677	988.700012207031
1834.06671499758	988.599975585938
1837.23307030365	990
1840.39752601794	987.799987792969
1843.56008377059	987.200012207031
1846.72074518988	985.799987792969
1849.87951190225	988.099975585938
1853.03638553223	987.599975585938
1856.19136770254	987.099975585938
1859.34446003401	988
1862.49566414563	986.400024414063
1865.64498165455	989.5
1868.79241417605	988.799987792969
1871.93796332358	988.299987792969
1875.08163070875	986.900024414063
1878.22341794132	988.099975585938
1881.36332662922	987.400024414063
1884.50135837853	989.5
1887.63751479352	988.799987792969
1890.77179747661	984.599975585938
1893.90420802842	985.200012207031
1897.03474804772	986.900024414063
1900.16341913147	986.799987792969
1903.2902228748	983.400024414063
1906.41516087104	986.5
1909.5382347117	988.099975585938
1912.65944598647	987.5
1915.77879628324	986
1918.89628718809	986
1922.01192028531	985.5
1925.12569715736	986.700012207031
1928.23761938494	985.099975585938
1931.34768854691	984
1934.45590622038	982.400024414063
1937.56227398063	983.5
1940.66679340119	983.700012207031
1943.76946605377	986.799987792969
1946.87029350832	982.200012207031
1949.969277333	982.799987792969
1953.06641909418	982.5
1956.1617203565	984.200012207031
1959.25518268276	984.599975585938
1962.34680763404	980.200012207031
1965.43659676964	980.099975585938
1968.52455164708	982.799987792969
1971.61067382213	980.400024414063
1974.6949648488	981.299987792969
1977.77742627934	981.900024414063
1980.85805966424	981
1983.93686655223	981
1987.01384849032	980.700012207031
1990.08900702374	981.799987792969
1993.16234369599	984.299987792969
1996.23386004882	982
1999.30355762223	980.5
2002.37143795452	977.799987792969
2005.4375025822	980
2008.50175304009	979.5
2011.56419086127	979.700012207031
2014.62481757707	980.700012207031
2017.68363471711	978.799987792969
2020.74064380929	980.900024414063
2023.79584637979	981.299987792969
2026.84924395306	978.099975585938
2029.90083805184	978.299987792969
2032.95063019715	979.5
2035.99862190831	978.400024414063
2039.04481470292	980
2042.08921009688	977.5
2045.13180960439	977.099975585938
2048.17261473794	979.599975585938
2051.21162700831	978.200012207031
2054.24884792461	978.599975585938
2057.28427899423	977.299987792969
2060.31792172288	975.700012207031
2063.34977761459	974.700012207031
2066.37984817168	976.299987792969
2069.4081348948	980.5
2072.4346392829	977
2075.45936283328	975.5
2078.48230704154	976.099975585938
2081.5034734016	976
2084.52286340572	975.299987792969
2087.54047854449	975.599975585938
2090.55632030681	976.400024414063
2093.57039017994	976.099975585938
2096.58268964947	974.299987792969
2099.59322019931	977.099975585938
2102.60198331172	979.900024414063
2105.60898046733	981.299987792969
2108.61421314506	981.5
2111.61768282224	980.599975585938
2114.6193909745	977.099975585938
2117.61933907584	981
2120.61752859863	979.799987792969
2123.61396101357	982.099975585938
2126.60863778973	980.200012207031
2129.60156039456	981.799987792969
2132.59273029383	981.099975585938
2135.58214895173	976.799987792969
2138.56981783077	979.799987792969
2141.55573839186	979.200012207031
2144.53991209427	976.299987792969
2147.52234039565	977.299987792969
2150.50302475203	975.200012207031
2153.48196661782	978.400024414063
2156.45916744579	977.400024414063
2159.43462868712	977.400024414063
2162.40835179137	977.799987792969
2165.38033820649	977.700012207031
2168.3505893788	979.400024414063
2171.31910675305	976.900024414063
2174.28589177236	975
2177.25094587824	973.400024414063
2180.21427051063	973.299987792969
2183.17586710784	973
2186.13573710661	973.900024414063
2189.09388194207	974.599975585938
2192.05030304776	975.5
2195.00500185563	974.900024414063
2197.95797979607	973.400024414063
2200.90923829783	971.200012207031
2203.85877878814	970.799987792969
2206.8066026926	971.700012207031
2209.75271143526	971
2212.69710643858	970.099975585938
2215.63978912345	969.700012207031
2218.58076090919	970.299987792969
2221.52002321356	969.299987792969
2224.45757745274	967.200012207031
2227.39342504133	967.900024414063
2230.3275673924	968.700012207031
2233.26000591745	971.400024414063
2236.1907420264	967.400024414063
2239.11977712763	966.799987792969
2242.04711262797	968.200012207031
2244.97274993269	967
2247.89669044551	967.099975585938
2250.81893556861	970.099975585938
2253.7394867026	967.799987792969
2256.65834524659	966
2259.57551259811	965.5
2262.49099015316	965
2265.4047793062	967.5
2268.31688145018	964.799987792969
2271.22729797648	965.200012207031
2274.13603027498	965.5
2277.04307973401	965.700012207031
2279.94844774038	966
2282.85213567938	964.299987792969
2285.75414493477	965.299987792969
2288.6544768888	965.200012207031
2291.55313292218	965.099975585938
2294.45011441414	964
2297.34542274236	962.599975585938
2300.23905928303	963.299987792969
2303.13102541082	963
2306.02132249888	963.700012207031
2308.90995191889	965.400024414063
2311.796915041	966.400024414063
2314.68221323385	962
2317.56584786461	962.700012207031
2320.44782029892	963.400024414063
2323.32813190095	962.099975585938
2326.20678403336	962.5
2329.08377805733	962.299987792969
2331.95911533254	962
2334.83279721719	961.700012207031
2337.704825068	962.299987792969
2340.57520024018	962.799987792969
2343.4439240875	962.200012207031
2346.31099796222	962.599975585938
2349.17642321512	963
2352.04020119553	962.299987792969
2354.90233325129	959.299987792969
2357.76282072877	960.700012207031
2360.62166497286	960
2363.47886732702	961.799987792969
2366.3344291332	961.099975585938
2369.18835173191	959.599975585938
2372.04063646221	959.700012207031
2374.89128466166	958.200012207031
2377.74029766641	959.099975585938
2380.58767681113	960.400024414063
2383.43342342903	959.200012207031
2386.27753885189	957.700012207031
2389.12002441002	957.5
2391.9608814323	957.799987792969
2394.80011124616	958.599975585938
2397.63771517757	958.900024414063
2400.47369455109	957.200012207031
2403.30805068981	957.099975585938
2406.14078491539	958.200012207031
2408.97189854808	958.299987792969
2411.80139290666	956.799987792969
2414.6292693085	955.099975585938
2417.45552906953	956.700012207031
2420.28017350426	955.200012207031
2423.10320392577	958.200012207031
2425.92462164572	958.200012207031
2428.74442797434	956
2431.56262422045	954.900024414063
2434.37921169145	956.5
2437.19419169331	957.400024414063
2440.0075655306	955.299987792969
2442.81933450648	956.5
2445.62949992269	955.799987792969
2448.43806307957	954.400024414063
2451.24502527604	954.799987792969
2454.05038780962	953.799987792969
2456.85415197645	951.299987792969
2459.65631907123	954.200012207031
2462.4568903873	955.5
2465.25586721656	954.700012207031
2468.05325084956	953.200012207031
2470.84904257543	953.200012207031
2473.64324368191	954
2476.43585545535	952.599975585938
2479.22687918073	953.599975585938
2482.01631614162	954.200012207031
2484.80416762021	952.900024414063
2487.59043489733	952.200012207031
2490.37511925241	953.099975585938
2493.15822196351	952.400024414063
2495.93974430729	952.599975585938
2498.71968755907	951.5
2501.49805299279	952
2504.27484188099	951.5
2507.05005549487	951
2509.82369510426	951.200012207031
2512.59576197762	951.299987792969
2515.36625738204	952.599975585938
2518.13518258325	951.099975585938
2520.90253884563	951.099975585938
2523.66832743219	950.400024414063
2526.4325496046	948.599975585938
2529.19520662315	949.5
2531.95629974681	950.5
2534.71583023316	950.5
2537.47379933848	950.700012207031
2540.23020831764	949.299987792969
2542.98505842423	947.900024414063
2545.73835091045	950.200012207031
2548.49008702718	949.700012207031
2551.24026802396	948.900024414063
2553.98889514897	947.299987792969
2556.73596964909	947.700012207031
2559.48149276982	948.599975585938
2562.22546575538	948.599975585938
2564.96788984861	946.599975585938
2567.70876629106	949.700012207031
2570.44809632291	950.900024414063
2573.18588118307	950.299987792969
2575.92212210906	946.400024414063
2578.65682033715	948
2581.38997710222	948.900024414063
2584.12159363789	949.200012207031
2586.85167117641	948.700012207031
2589.58021094877	950.299987792969
2592.3072141846	948.099975585938
2595.03268211224	947.5
2597.75661595872	947.299987792969
2600.47901694975	946.799987792969
2603.19988630976	946.900024414063
2605.91922526185	946.200012207031
2608.63703502782	946.700012207031
2611.35331682818	946
2614.06807188212	946.099975585938
2616.78130140757	945.5
2619.49300662113	946.799987792969
2622.20318873812	946.900024414063
2624.91184897255	948.700012207031
2627.61898853717	946.700012207031
2630.32460864343	946.400024414063
2633.02871050146	946
2635.73129532016	945.599975585938
2638.4323643071	946.400024414063
2641.13191866859	947.599975585938
2643.82995960966	945.200012207031
2646.52648833405	944.799987792969
2649.22150604423	946.599975585938
2651.91501394139	946.900024414063
2654.60701322546	945.900024414063
2657.29750509509	943.799987792969
2659.98649074764	944.900024414063
2662.67397137923	945.900024414063
2665.35994818471	946.200012207031
2668.04442235764	946.599975585938
2670.72739509034	944
2673.40886757386	944.299987792969
2676.088840998	945.5
2678.76731655128	944.299987792969
2681.44429542098	944.599975585938
2684.11977879312	944.400024414063
2686.79376785247	944.200012207031
2689.46626378254	943.299987792969
2692.13726776559	944.799987792969
2694.80678098265	943.900024414063
2697.47480461347	945.299987792969
2700.14133983659	944.400024414063
2702.80638782928	943.200012207031
2705.46994976757	943.700012207031
2708.13202682628	944.599975585938
2710.79262017895	943.400024414063
2713.4517309979	946.299987792969
2716.10936045423	945.200012207031
2718.76550971778	943.200012207031
2721.42017995717	943
2724.07337233979	943.200012207031
2726.72508803181	943.200012207031
2729.37532819815	944.799987792969
2732.02409400252	943.900024414063
2734.6713866074	943.700012207031
2737.31720717406	942.299987792969
2739.96155686253	942.700012207031
2742.60443683162	944.799987792969
2745.24584823896	944
2747.88579224091	941.099975585938
2750.52426999266	941.900024414063
2753.16128264815	942.700012207031
2755.79683136014	942.299987792969
2758.43091728017	942.700012207031
2761.06354155856	941.900024414063
2763.69470534443	942.400024414063
2766.32440978571	942.299987792969
2768.9526560291	941.900024414063
2771.57944522013	942.099975585938
2774.2047785031	941.400024414063
2776.82865702112	942.200012207031
2779.45108191611	941.799987792969
2782.0720543288	942.200012207031
2784.69157539871	944
2787.30964626418	941.799987792969
2789.92626806234	941.900024414063
2792.54144192915	941.900024414063
2795.15516899939	940.700012207031
2797.76745040662	940.700012207031
2800.37828728325	941
2802.98768076049	941.400024414063
2805.59563196837	941.700012207031
2808.20214203574	942.299987792969
2810.80721209028	942.900024414063
2813.41084325847	941.700012207031
2816.01303666564	942.599975585938
2818.61379343595	941.099975585938
2821.21311469235	940.599975585938
2823.81100155666	941.700012207031
2826.40745514951	942.099975585938
2829.00247659037	942.400024414063
2831.59606699754	943.299987792969
2834.18822748815	942.200012207031
2836.77895917817	942.599975585938
2839.36826318243	943.200012207031
2841.95614061456	944.400024414063
2844.54259258707	943.900024414063
2847.12762021128	943.599975585938
2849.71122459738	943.200012207031
2852.29340685439	943
2854.87416809019	942.299987792969
2857.4535094115	943
2860.03143192389	942.5
2862.60793673178	943.599975585938
2865.18302493845	945.200012207031
2867.75669764604	944.299987792969
2870.32895595553	941.700012207031
2872.89980096678	944.299987792969
2875.46923377848	943.299987792969
2878.0372554882	943.299987792969
2880.60386719239	940.799987792969
2883.16906998631	941.200012207031
2885.73286496415	941.400024414063
2888.29525321891	942
2890.8562358425	942.099975585938
2893.41581392567	942.400024414063
2895.97398855807	942
2898.5307608282	942.299987792969
2901.08613182343	941.700012207031
2903.64010263003	941.200012207031
2906.19267433313	941.5
2908.74384801673	940.700012207031
2911.29362476374	940.799987792969
2913.84200565592	939.599975585938
2916.38899177394	940.099975585938
2918.93458419732	940.700012207031
2921.4787840045	939.599975585938
2924.02159227279	941.400024414063
2926.56301007838	939.200012207031
2929.10303849638	939.700012207031
2931.64167860076	940
2934.1789314644	939
2936.71479815906	938.700012207031
2939.24927975542	938.200012207031
2941.78237732303	937.5
2944.31409193036	938.099975585938
2946.84442464477	938.299987792969
2949.37337653251	938.200012207031
2951.90094865876	937.200012207031
2954.42714208758	936.900024414063
2956.95195788195	936.200012207031
2959.47539710375	936.700012207031
2961.99746081377	935.400024414063
2964.5181500717	936.200012207031
2967.03746593617	936
2969.5554094647	934.900024414063
2972.07198171371	936
2974.58718373858	936
2977.10101659355	935.900024414063
2979.61348133184	935.5
2982.12457900554	934.400024414063
2984.63431066567	933.900024414063
2987.1426773622	934.5
2989.649680144	934.599975585938
2992.15532005887	933.700012207031
2994.65959815353	935.099975585938
2997.16251547364	935
2999.66407306379	934.700012207031
3002.16427196748	934.299987792969
3004.66311322716	934.799987792969
3007.16059788422	934.299987792969
3009.65672697897	933
3012.15150155066	933.200012207031
3014.64492263748	934.099975585938
3017.13699127655	933.799987792969
3019.62770850394	932.799987792969
3022.11707535466	933.099975585938
3024.60509286267	932.900024414063
3027.09176206085	933.200012207031
3029.57708398106	933.299987792969
3032.06105965407	933.799987792969
3034.54369010963	932.200012207031
3037.02497637642	931.700012207031
3039.50491948207	933.200012207031
3041.98352045319	932.299987792969
3044.4607803153	933.099975585938
3046.93670009292	932.200012207031
3049.41128080949	931.900024414063
3051.88452348743	932.400024414063
3054.3564291481	932.5
3056.82699881185	931.799987792969
3059.29623349795	931.700012207031
3061.76413422468	931.900024414063
3064.23070200924	932.099975585938
3066.69593786783	932.200012207031
3069.1598428156	933.099975585938
3071.62241786667	932.700012207031
3074.08366403413	932.799987792969
3076.54358233003	932.5
3079.00217376543	932
3081.45943935031	931.700012207031
3083.91538009367	931.799987792969
3086.36999700346	932.5
3088.82329108662	933
3091.27526334905	931.799987792969
3093.72591479567	931.099975585938
3096.17524643033	930.900024414063
3098.6232592559	931.299987792969
3101.06995427422	931.5
3103.51533248612	930.700012207031
3105.95939489141	931
3108.40214248889	931.099975585938
3110.84357627634	931.400024414063
3113.28369725056	930.599975585938
3115.72250640732	931.599975585938
3118.16000474136	930.900024414063
3120.59619324647	930.599975585938
3123.03107291538	930.700012207031
3125.46464473985	931
3127.89690971063	929.799987792969
3130.32786881747	931.200012207031
3132.75752304911	932.200012207031
3135.18587339331	931
3137.61292083682	931.700012207031
3140.03866636539	930.5
3142.46311096378	931.200012207031
3144.88625561578	930.200012207031
3147.30810130414	930.400024414063
3149.72864901067	930.900024414063
3152.14789971616	930.299987792969
3154.56585440041	929.900024414063
3156.98251404225	930.400024414063
3159.39787961952	929.400024414063
3161.81195210906	930
3164.22473248675	930.299987792969
3166.63622172746	930
3169.04642080512	930.200012207031
3171.45533069264	929.700012207031
3173.86295236196	929.5
3176.26928678408	929.5
3178.67433492896	929.299987792969
3181.07809776564	929.599975585938
3183.48057626216	929.799987792969
3185.88177138561	929.299987792969
3188.28168410206	929
3190.68031537668	929.400024414063
3193.07766617362	929.5
