-159.407803815971	926.200012207031
-154.947830007006	926.799987792969
-150.490968490973	926.299987792969
-146.037216117407	926.799987792969
-141.586569740104	926.599975585938
-137.139026217099	926.400024414062
-132.694582410679	926.599975585938
-128.253235187352	926.099975585938
-123.814981417861	926.400024414062
-119.379817977173	926.099975585938
-114.947741744454	926.799987792969
-110.518749603081	926.299987792969
-106.092838440638	927.5
-101.670005148888	926.5
-97.2502466237784	925.599975585938
-92.8335597654423	926.400024414062
-88.4199414781706	925.599975585938
-84.0093886704344	927.400024414062
-79.6018982548412	926.200012207031
-75.1974671481621	926.099975585938
-70.7960922713046	926.700012207031
-66.3977705493053	926.900024414062
-62.002498911339	926.700012207031
-57.6102742906951	926.299987792969
-53.2210936247848	925.700012207031
-48.8349538551138	926
-44.451851927297	926.799987792969
-40.0717847910455	926.099975585938
-35.694749400147	926.700012207031
-31.3207427124835	926.099975585938
-26.949761689988	927.400024414062
-22.5818032986863	928.700012207031
-18.2168645086385	930.799987792969
-13.8549422939777	932.599975585938
-9.49603363287133	938.599975585938
-5.14013550752861	952.099975585938
-0.78724490418972	958.799987792969
3.56264118687614	954.900024414062
7.90952577138523	939.599975585938
12.253411851043	928.5
16.5943024235348	926.900024414062
20.9322004825681	926.700012207031
25.2671090178483	927.299987792969
29.5990310150901	927.700012207031
33.9279694560428	927.799987792969
38.2539273184702	930.5
42.5769075761782	934.200012207031
46.8969131990125	937.599975585938
51.2139471528644	943.299987792969
55.5280123996818	948.200012207031
59.8391118974723	951.099975585938
64.1472486003131	953.700012207031
68.4524254583503	957
72.7546454178137	959.799987792969
77.0539114210205	963.200012207031
81.3502264063827	966.700012207031
85.6435933084049	973.5
89.9340150577082	976
94.2214945810192	983.5
98.5060348011884	991.700012207031
102.787638637186	1001.70001220703
107.06630900412	1010.20001220703
111.342048813238	1022.20001220703
115.614860971926	1039.90002441406
119.884748383723	1055.40002441406
124.151713948333	1079.69995117188
128.415760561615	1100.59997558594
132.676891115605	1125.80004882812
136.935108498512	1148.80004882812
141.190415594725	1168.19995117188
145.442815284829	1180.80004882812
149.692310445607	1197
153.938903950031	1212.5
158.182598667288	1222.69995117188
162.423397462791	1223.59997558594
166.661303198158	1234.09997558594
170.896318731235	1241.59997558594
175.128446916109	1235
179.357690603099	1234.40002441406
183.584052638778	1225.5
187.80753586597	1212.40002441406
192.028143123742	1198.19995117188
196.245877247442	1195.40002441406
200.460741068682	1193.19995117188
204.672737415349	1182.80004882812
208.881869111614	1185.40002441406
213.088138977941	1183.90002441406
217.291549831078	1189.69995117188
221.492104484085	1198.30004882812
225.689805746317	1194.59997558594
229.884656423459	1192.69995117188
234.076659317498	1197.30004882812
238.265817226751	1192.19995117188
242.452132945873	1191.30004882812
246.635609265852	1193.30004882812
250.816248974008	1189.40002441406
254.994054854033	1179.80004882812
259.169029685949	1172.30004882812
263.341176246158	1161.5
267.510497307421	1161.90002441406
271.676995638869	1153.59997558594
275.840674006022	1145.09997558594
280.001535170772	1138.80004882812
284.159581891408	1132.19995117188
288.314816922621	1117.59997558594
292.467243015493	1108.90002441406
296.616862917524	1103.90002441406
300.763679372622	1093.30004882812
304.907695121121	1092.69995117188
309.048912899769	1082.69995117188
313.187335441762	1081.19995117188
317.32296547672	1069.5
321.455805730717	1065.40002441406
325.585858926264	1063.19995117188
329.713127782341	1059.09997558594
333.837615014376	1059.19995117188
337.959323334268	1053.59997558594
342.078255450393	1047.40002441406
346.194414067599	1044.90002441406
350.307801887218	1041.80004882812
354.418421607073	1036.5
358.526275921484	1040.40002441406
362.631367521266	1035.5
366.733699093746	1037.59997558594
370.83327332276	1038.30004882812
374.930092888664	1036.40002441406
379.024160468334	1031.5
383.115478735179	1034.80004882812
387.204050359142	1032.19995117188
391.289878006704	1028.09997558594
395.372964340891	1026.30004882812
399.453312021285	1025.40002441406
403.530923704024	1025.5
407.605802041802	1024.80004882812
411.677949683892	1027.40002441406
415.747369276127	1027.30004882812
419.814063460935	1023.79998779297
423.878034877325	1016.20001220703
427.939286160883	1014.29998779297
431.997819943805	1018.09997558594
436.053638854881	1019.20001220703
440.106745519517	1019.90002441406
444.157142559719	1014.09997558594
448.204832594118	1012.90002441406
452.24981823797	1013.20001220703
456.292102103154	1013.59997558594
460.331686798185	1012.70001220703
464.368574928219	1013.90002441406
468.402769095057	1015.59997558594
472.434271897155	1014.40002441406
476.463085929609	1012.79998779297
480.489213784189	1016.20001220703
484.512658049338	1015.90002441406
488.533421310152	1019.5
492.551506148417	1025.19995117188
496.566915142601	1032.19995117188
500.579650867854	1027.69995117188
504.589715896023	1021.59997558594
508.597112795656	1015.40002441406
512.601844132001	1012.90002441406
516.603912467017	1012.59997558594
520.603320359372	1010.09997558594
524.600070364462	1012.29998779297
528.594165034403	1012.79998779297
532.585606918043	1015.20001220703
536.574398560964	1018.59997558594
540.560542505489	1023.20001220703
544.544041290688	1022.90002441406
548.52489745238	1023.90002441406
552.503113523144	1022.29998779297
556.478692032311	1021.29998779297
560.45163550599	1019.59997558594
564.42194646706	1013.70001220703
568.389627435168	1010.5
572.354680926755	1013.90002441406
576.317109455036	1013.70001220703
580.276915530036	1012.5
584.234101658558	1009.70001220703
588.18867034422	1012.40002441406
592.140624087448	1010.79998779297
596.08996538547	1012.70001220703
600.036696732344	1012.59997558594
603.980820618945	1015.59997558594
607.922339532981	1016.79998779297
611.86125595898	1020.70001220703
615.797572378322	1022.09997558594
619.731291269227	1018.5
623.662415106761	1018.90002441406
627.590946362841	1021.90002441406
631.516887506246	1020.5
635.440241002616	1018.09997558594
639.361009314462	1018.09997558594
643.279194901161	1017.40002441406
647.19480021898	1015.20001220703
651.107827721058	1017.79998779297
655.018279857422	1018.70001220703
658.926159075003	1018.5
662.831467817623	1018.90002441406
666.734208525999	1022.90002441406
670.634383637769	1025.19995117188
674.531995587477	1024.69995117188
678.427046806584	1023.20001220703
682.319539723472	1019.59997558594
686.209476763457	1018
690.096860348784	1011.70001220703
693.981692898627	1011.70001220703
697.863976829116	1013.70001220703
701.743714553313	1013.20001220703
705.62090848124	1012
709.495561019876	1009.59997558594
713.367674573157	1015.09997558594
717.237251541988	1022.20001220703
721.104294324243	1031.40002441406
724.968805314766	1050.19995117188
728.830786905393	1073.09997558594
732.690241484936	1104.5
736.547171439197	1113.30004882812
740.401579150979	1097.80004882812
744.253467000081	1085.09997558594
748.102837363296	1067.30004882812
751.949692614442	1051.80004882812
755.79403512434	1045.80004882812
759.635867260833	1040.30004882812
763.475191388785	1035.40002441406
767.312009870084	1028.19995117188
771.146325063661	1024.5
774.978139325469	1017.20001220703
778.807455008511	1018.70001220703
782.63427446284	1015.5
786.458600035552	1014.79998779297
790.280434070799	1012
794.099778909795	1006.5
797.916636890821	1006.70001220703
801.731010349218	1008.20001220703
805.542901617417	1008.79998779297
809.352313024912	1009
813.15924689828	1008.29998779297
816.963705561198	1007.70001220703
820.765691334429	1009.29998779297
824.565206535825	1009.40002441406
828.362253480344	1009.40002441406
832.15683448006	1005.20001220703
835.948951844141	1004.59997558594
839.73860787888	1008.5
843.525804887684	1008
847.310545171084	1008
851.092831026746	1011.5
854.872664749462	1009.40002441406
858.65004863116	1007.40002441406
862.42498496091	1005.70001220703
866.197476024936	1008.79998779297
869.967524106603	1008
873.735131486439	1003.5
877.500300442121	1005.79998779297
881.263033248502	1010.09997558594
885.02333217759	1008.29998779297
888.781199498582	1005.59997558594
892.53663747783	1007.40002441406
896.289648378894	1006.29998779297
900.040234462496	1010.29998779297
903.788397986562	1011
907.534141206208	1012.40002441406
911.277466373751	1011.90002441406
915.018375738708	1012.5
918.756871547806	1011.70001220703
922.49295604498	1014.70001220703
926.226631471394	1017.90002441406
929.957900065414	1012.79998779297
933.686764062642	1013.29998779297
937.413225695909	1013
941.137287195279	1011.5
944.85895078805	1012.70001220703
948.578218698762	1017.59997558594
952.295093149207	1019.90002441406
956.009576358427	1022.09997558594
959.721670542713	1023
963.43137791562	1027.80004882812
967.138700687963	1023.5
970.843641067828	1020.79998779297
974.546201260568	1015.59997558594
978.246383468819	1015.29998779297
981.944189892489	1016.40002441406
985.639622728777	1013.20001220703
989.33268417217	1012.90002441406
993.023376414441	1012.20001220703
996.711701644666	1009.29998779297
1000.39766204923	1014.09997558594
1004.0812598118	1012.20001220703
1007.76249711338	1011.90002441406
1011.44137613226	1012.79998779297
1015.11789904408	1016.90002441406
1018.79206802177	1012.20001220703
1022.4638852356	1007.29998779297
1026.13335285318	1010.70001220703
1029.80047303944	1010.90002441406
1033.46524795665	1008.5
1037.12767976442	1008.79998779297
1040.78777061972	1009
1044.44552267686	1005.20001220703
1048.1009380875	1005.20001220703
1051.75401900067	1000.70001220703
1055.40476756277	1001.70001220703
1059.05318591753	1006.5
1062.6992762061	1007.29998779297
1066.34304056696	1007
1069.984481136	1007.09997558594
1073.62360004648	1010
1077.26039942905	1012.59997558594
1080.89488141175	1013.40002441406
1084.52704812002	1009.70001220703
1088.15690167668	1008.29998779297
1091.78444420198	1008.09997558594
1095.40967781356	1007.79998779297
1099.03260462646	1008.90002441406
1102.65322675317	1007
1106.27154630357	1007.20001220703
1109.88756538497	1007.20001220703
1113.50128610211	1009.09997558594
1117.11271055715	1012.29998779297
1120.7218408497	1010.79998779297
1124.32867907679	1012.20001220703
1127.93322733291	1014.20001220703
1131.53548771	1016.09997558594
1135.13546229742	1020.70001220703
1138.73315318201	1021.90002441406
1142.32856244807	1028.59997558594
1145.92169217734	1033.90002441406
1149.51254444904	1038.69995117188
1153.10112133987	1032.19995117188
1156.68742492397	1023.59997558594
1160.27145727299	1023.79998779297
1163.85322045606	1019
1167.43271653976	1017.29998779297
1171.0099475882	1018.59997558594
1174.58491566296	1018.59997558594
1178.15762282312	1021.20001220703
1181.72807112526	1019.59997558594
1185.29626262347	1017.59997558594
1188.86219936934	1023.09997558594
1192.42588341198	1024.5
1195.987316798	1025.40002441406
1199.54650157154	1026.90002441406
1203.10343977426	1031.40002441406
1206.65813344536	1025.09997558594
1210.21058462154	1030
1213.76079533707	1030.69995117188
1217.30876762372	1030.90002441406
1220.85450351084	1033.59997558594
1224.3980050253	1034.69995117188
1227.93927419151	1037.80004882812
1231.47831303147	1036.30004882812
1235.0151235647	1032
1238.5497078083	1031.19995117188
1242.08206777693	1028.80004882812
1245.6122054828	1025.30004882812
1249.14012293572	1023.09997558594
1252.66582214306	1025
1256.18930510976	1025.59997558594
1259.71057383837	1027.69995117188
1263.22963032898	1029
1266.74647657932	1034.5
1270.26111458467	1032.90002441406
1273.77354633794	1034.69995117188
1277.28377382961	1031.59997558594
1280.7917990478	1031.40002441406
1284.29762397819	1037.30004882812
1287.80125060412	1034.80004882812
1291.30268090652	1038.80004882812
1294.80191686393	1044
1298.29896045253	1044
1301.79381364611	1043.59997558594
1305.28647841611	1046.5
1308.77695673158	1046.90002441406
1312.26525055921	1055.09997558594
1315.75136186334	1054.09997558594
1319.23529260595	1047.80004882812
1322.71704474666	1045.59997558594
1326.19662024275	1042.80004882812
1329.67402104914	1041.19995117188
1333.14924911842	1045.5
1336.62230640084	1046.59997558594
1340.0931948443	1047
1343.56191639439	1049.09997558594
1347.02847299435	1044.90002441406
1350.49286658511	1045.59997558594
1353.95509910527	1044.5
1357.41517249111	1044.30004882812
1360.8730886766	1049.5
1364.3288495934	1051.69995117188
1367.78245717087	1053.09997558594
1371.23391333604	1052.69995117188
1374.68322001366	1048.59997558594
1378.13037912617	1045.30004882812
1381.57539259373	1038.40002441406
1385.0182623342	1040.19995117188
1388.45899026315	1035.90002441406
1391.89757829388	1032.19995117188
1395.33402833739	1029.09997558594
1398.76834230242	1028.40002441406
1402.20052209542	1027.40002441406
1405.63056962059	1025.30004882812
1409.05848677984	1026.19995117188
1412.48427547283	1023.70001220703
1415.90793759697	1024.80004882812
1419.32947504738	1025.30004882812
1422.74888971697	1025.5
1426.16618349636	1026.59997558594
1429.58135827395	1031.69995117188
1432.99441593588	1035.19995117188
1436.40535836606	1040.30004882812
1439.81418744616	1044.80004882812
1443.22090505562	1052.59997558594
1446.62551307164	1057
1450.0280133692	1059.69995117188
1453.42840782107	1062.80004882812
1456.82669829777	1062
1460.22288666762	1063.59997558594
1463.61697479673	1051
1467.00896454899	1046.69995117188
1470.3988577861	1041.09997558594
1473.78665636753	1032.09997558594
1477.17236215056	1029.69995117188
1480.55597699029	1024.80004882812
1483.93750273961	1024.09997558594
1487.31694124921	1022.70001220703
1490.69429436761	1023
1494.06956394114	1020.5
1497.44275181394	1019.59997558594
1500.81385982799	1021.70001220703
1504.18288982308	1027
1507.54984363684	1024.59997558594
1510.91472310471	1028.69995117188
1514.27753006	1028.80004882812
1517.63826633383	1029.80004882812
1520.99693375517	1031.19995117188
1524.35353415083	1030
1527.70806934547	1032.69995117188
1531.06054116162	1034.69995117188
1534.41095141963	1039.09997558594
1537.75930193773	1040
1541.105594532	1045.69995117188
1544.44983101639	1046.19995117188
1547.79201320272	1045
1551.13214290068	1041.59997558594
1554.4702219178	1036.59997558594
1557.80625205954	1036.90002441406
1561.1402351292	1034.30004882812
1564.47217292798	1031.5
1567.80206725496	1031.40002441406
1571.12991990709	1027.30004882812
1574.45573267926	1032.80004882812
1577.7795073642	1028.5
1581.10124575258	1027.19995117188
1584.42094963294	1027.09997558594
1587.73862079175	1024
1591.05426101335	1022.09997558594
1594.36787208005	1023.5
1597.67945577201	1023.09997558594
1600.98901386733	1024.19995117188
1604.29654814206	1019.5
1607.60206037012	1018.29998779297
1610.90555232339	1016.20001220703
1614.20702577167	1015
1617.50648248269	1015.70001220703
1620.8039242221	1012
1624.09935275352	1007.79998779297
1627.39276983849	1006.5
1630.68417723648	1007.5
1633.97357670495	1005.5
1637.26096999925	1004.29998779297
1640.54635887273	1004
1643.82974507668	1003.59997558594
1647.11113036035	1002.40002441406
1650.39051647094	997.700012207031
1653.66790515364	996.799987792969
1656.94329815157	997.099975585938
1660.21669720584	991.400024414062
1663.48810405556	990.700012207031
1666.75752043777	991.200012207031
1670.02494808752	990
1673.29038873781	989.799987792969
1676.55384411968	987.5
1679.8153159621	985.599975585938
1683.07480599207	987.599975585938
1686.33231593456	985.900024414062
1689.58784751255	987.400024414062
1692.84140244701	987.299987792969
1696.09298245692	985.799987792969
1699.34258925927	984.700012207031
1702.59022456905	983.799987792969
1705.83589009926	981.400024414062
1709.07958756092	984.099975585938
1712.32131866307	983.799987792969
1715.56108511275	983.5
1718.79888861504	983.400024414062
1722.03473087305	983.099975585938
1725.2686135879	982.900024414062
1728.50053845876	979.200012207031
1731.73050718283	978.799987792969
1734.95852145534	980.400024414062
1738.18458296955	979.900024414062
1741.40869341679	982
1744.63085448642	980
1747.85106786585	979.700012207031
1751.06933524053	978.099975585938
1754.28565829399	978.400024414062
1757.50003870779	977.799987792969
1760.71247816157	976.299987792969
1763.92297833301	978.099975585938
1767.13154089788	975.900024414062
1770.33816753	977.799987792969
1773.54285990127	977.400024414062
1776.74561968166	976.5
1779.94644853922	976.799987792969
1783.14534814007	975.200012207031
1786.34232014841	976.200012207031
1789.53736622656	975.5
1792.73048803488	975.799987792969
1795.92168723184	977.5
1799.110965474	976.200012207031
1802.29832441604	973.200012207031
1805.48376571069	974.900024414062
1808.66729100882	974.099975585938
1811.84890195939	973.299987792969
1815.02860020948	974.700012207031
1818.20638740424	973.299987792969
1821.38226518699	973.700012207031
1824.55623519911	974.400024414062
1827.72829908013	974.400024414062
1830.89845846771	973.599975585938
1834.06671499758	975.200012207031
1837.23307030365	972.400024414062
1840.39752601794	970.900024414062
1843.56008377059	972.700012207031
1846.72074518989	970.799987792969
1849.87951190225	972.700012207031
1853.03638553223	975.400024414062
1856.19136770254	974.900024414062
1859.34446003401	972.5
1862.49566414563	971
1865.64498165455	972.799987792969
1868.79241417605	971
1871.93796332359	972.099975585938
1875.08163070875	972.5
1878.22341794132	972.200012207031
1881.36332662922	970.5
1884.50135837853	969.400024414062
1887.63751479352	971
1890.77179747662	972
1893.90420802842	971.099975585938
1897.03474804772	971.400024414062
1900.16341913147	972.599975585938
1903.2902228748	973.599975585938
1906.41516087104	971.400024414062
1909.5382347117	971.200012207031
1912.65944598647	971.799987792969
1915.77879628324	970.400024414062
1918.89628718809	969.599975585938
1922.01192028531	970.299987792969
1925.12569715736	971.299987792969
1928.23761938494	971.5
1931.34768854691	970.700012207031
1934.45590622038	971.5
1937.56227398063	969.599975585938
1940.66679340119	968.599975585938
1943.76946605377	968.200012207031
1946.87029350832	970.299987792969
1949.969277333	969.099975585938
1953.06641909419	969.599975585938
1956.1617203565	970
1959.25518268276	970.200012207031
1962.34680763404	968.299987792969
1965.43659676964	968.5
1968.52455164708	968.799987792969
1971.61067382213	969.200012207031
1974.6949648488	968.5
1977.77742627934	969.700012207031
1980.85805966424	969.599975585938
1983.93686655224	971.299987792969
1987.01384849032	968.099975585938
1990.08900702375	967.599975585938
1993.16234369599	966
1996.23386004881	966.5
1999.30355762224	968.200012207031
2002.37143795452	967.700012207031
2005.4375025822	968.400024414062
2008.5017530401	967.099975585938
2011.56419086127	964.099975585938
2014.62481757707	965.599975585938
2017.68363471711	965.5
2020.7406438093	966.400024414062
2023.79584637979	966.900024414062
2026.84924395306	966.400024414062
2029.90083805184	965.700012207031
2032.95063019715	966
2035.99862190831	964.799987792969
2039.04481470292	965.799987792969
2042.08921009688	967.099975585938
2045.13180960439	966.200012207031
2048.17261473794	966.200012207031
2051.21162700831	965.299987792969
2054.24884792461	964.299987792969
2057.28427899423	965.099975585938
2060.31792172289	965.799987792969
2063.34977761459	965.700012207031
2066.37984817168	964.299987792969
2069.4081348948	965.099975585938
2072.43463928291	963.900024414062
2075.45936283328	965.099975585938
2078.48230704154	963.599975585938
2081.5034734016	965.400024414062
2084.52286340572	964.299987792969
2087.54047854449	965.700012207031
2090.55632030681	963.799987792969
2093.57039017994	963.400024414062
2096.58268964947	964.200012207031
2099.59322019931	964.5
2102.60198331173	963.599975585938
2105.60898046733	962.599975585938
2108.61421314507	966.400024414062
2111.61768282224	964.200012207031
2114.6193909745	964.700012207031
2117.61933907584	966.900024414062
2120.61752859863	964.700012207031
2123.61396101357	965.299987792969
2126.60863778974	966.799987792969
2129.60156039456	968.700012207031
2132.59273029384	965.099975585938
2135.58214895173	965.799987792969
2138.56981783077	966.099975585938
2141.55573839186	964.799987792969
2144.53991209428	964.099975585938
2147.52234039566	964.599975585938
2150.50302475204	964.700012207031
2153.48196661782	966.200012207031
2156.45916744579	967.700012207031
2159.43462868712	967
2162.40835179137	965.900024414062
2165.38033820649	965.099975585938
2168.3505893788	966.700012207031
2171.31910675305	966.799987792969
2174.28589177236	964.799987792969
2177.25094587824	965.599975585938
2180.21427051063	961.799987792969
2183.17586710784	965.299987792969
2186.13573710661	965
2189.09388194207	965
2192.05030304776	963.400024414062
2195.00500185563	963.200012207031
2197.95797979607	961.200012207031
2200.90923829784	963.099975585938
2203.85877878814	962.099975585938
2206.8066026926	959.700012207031
2209.75271143526	957.799987792969
2212.69710643858	959.099975585938
2215.63978912345	960.599975585938
2218.5807609092	961.700012207031
2221.52002321356	961.200012207031
2224.45757745274	959.700012207031
2227.39342504133	958.400024414062
2230.32756739241	959.900024414062
2233.26000591745	958.599975585938
2236.1907420264	957.799987792969
2239.11977712763	956.400024414062
2242.04711262797	957.099975585938
2244.97274993269	957.400024414062
2247.89669044551	958
2250.81893556861	958.299987792969
2253.73948670261	957
2256.65834524659	958.5
2259.57551259811	958.700012207031
2262.49099015316	957.599975585938
2265.4047793062	956.200012207031
2268.31688145018	955.400024414062
2271.22729797649	956.200012207031
2274.13603027498	957.299987792969
2277.04307973401	955.599975585938
2279.94844774038	956.299987792969
2282.85213567938	958.200012207031
2285.75414493477	955.299987792969
2288.6544768888	956.200012207031
2291.55313292219	956.799987792969
2294.45011441414	955.200012207031
2297.34542274236	954.5
2300.23905928303	954.5
2303.13102541082	954.599975585938
2306.02132249889	954.900024414062
2308.9099519189	955
2311.796915041	955.700012207031
2314.68221323385	955
2317.56584786461	956.5
2320.44782029892	955.400024414062
2323.32813190095	955.599975585938
2326.20678403336	954
2329.08377805733	953.5
2331.95911533254	955.099975585938
2334.83279721719	955.299987792969
2337.704825068	955.099975585938
2340.57520024019	955.200012207031
2343.4439240875	954.200012207031
2346.31099796222	954.400024414062
2349.17642321512	953.700012207031
2352.04020119553	953.099975585938
2354.90233325129	953.599975585938
2357.76282072877	954.099975585938
2360.62166497287	951.5
2363.47886732702	953.700012207031
2366.3344291332	951.799987792969
2369.18835173192	950.799987792969
2372.04063646221	952
2374.89128466167	952.700012207031
2377.74029766641	953.099975585938
2380.58767681113	951.400024414062
2383.43342342903	950.299987792969
2386.27753885189	952.900024414062
2389.12002441002	949.5
2391.9608814323	950.5
2394.80011124616	951.700012207031
2397.63771517757	951.900024414062
2400.47369455109	952
2403.30805068981	951
2406.1407849154	950.700012207031
2408.97189854808	950.099975585938
2411.80139290666	949.599975585938
2414.6292693085	949.200012207031
2417.45552906953	949.099975585938
2420.28017350426	950
2423.10320392577	950.599975585938
2425.92462164572	948.200012207031
2428.74442797434	948.299987792969
2431.56262422045	949.799987792969
2434.37921169145	948.900024414062
2437.19419169331	947.900024414062
2440.0075655306	948.900024414062
2442.81933450648	948.299987792969
2445.62949992269	949.5
2448.43806307957	948.5
2451.24502527604	948.5
2454.05038780963	946.900024414062
2456.85415197645	948.299987792969
2459.65631907123	948.700012207031
2462.4568903873	949.099975585938
2465.25586721657	947.799987792969
2468.05325084957	945.799987792969
2470.84904257543	946.200012207031
2473.64324368191	946.5
2476.43585545536	946.900024414062
2479.22687918073	946.400024414062
2482.01631614162	946.400024414062
2484.80416762022	946.700012207031
2487.59043489734	948.5
2490.37511925241	948
2493.15822196351	945.900024414062
2495.93974430729	946.400024414062
2498.71968755907	947.200012207031
2501.49805299279	946
2504.27484188099	944.799987792969
2507.05005549487	945.400024414062
2509.82369510426	945.700012207031
2512.59576197762	944.599975585938
2515.36625738204	947.299987792969
2518.13518258325	944.900024414062
2520.90253884563	945.099975585938
2523.66832743219	945.200012207031
2526.4325496046	944.900024414062
2529.19520662315	943.599975585938
2531.95629974681	944.5
2534.71583023317	944.799987792969
2537.47379933848	943.299987792969
2540.23020831765	944.400024414062
2542.98505842423	944.299987792969
2545.73835091045	943.799987792969
2548.49008702719	942.700012207031
2551.24026802396	944.099975585938
2553.98889514897	944.200012207031
2556.73596964909	943.599975585938
2559.48149276983	943.700012207031
2562.22546575538	942.900024414062
2564.96788984861	944
2567.70876629106	943
2570.44809632291	944.200012207031
2573.18588118307	944.200012207031
2575.92212210907	942.599975585938
2578.65682033715	943.400024414062
2581.38997710223	943.200012207031
2584.12159363789	942.599975585938
2586.85167117642	942.599975585938
2589.58021094877	942.099975585938
2592.3072141846	942.099975585938
2595.03268211224	943
2597.75661595872	943.900024414062
2600.47901694976	943.299987792969
2603.19988630976	940.400024414062
2605.91922526185	941.200012207031
2608.63703502782	942.700012207031
2611.35331682818	942.5
2614.06807188213	940.599975585938
2616.78130140757	940.299987792969
2619.49300662113	941.900024414062
2622.20318873812	941.200012207031
2624.91184897256	941.5
2627.61898853718	942.099975585938
2630.32460864343	941.400024414062
2633.02871050146	939.799987792969
2635.73129532016	939.799987792969
2638.4323643071	940.599975585938
2641.13191866859	941.400024414062
2643.82995960966	940.200012207031
2646.52648833405	940.400024414062
2649.22150604423	940.400024414062
2651.9150139414	941.299987792969
2654.60701322547	941.5
2657.29750509509	940.099975585938
2659.98649074764	939.099975585938
2662.67397137924	940
2665.35994818471	940.200012207031
2668.04442235764	939.5
2670.72739509034	939.5
2673.40886757387	940.599975585938
2676.088840998	939.5
2678.76731655128	940.5
2681.44429542098	939.599975585938
2684.11977879312	940.200012207031
2686.79376785247	939.299987792969
2689.46626378254	939.400024414062
2692.13726776559	940.099975585938
2694.80678098265	941
2697.47480461347	938.200012207031
2700.14133983659	939.5
2702.80638782928	939.099975585938
2705.46994976758	938.900024414062
2708.13202682628	939.099975585938
2710.79262017895	939.599975585938
2713.4517309979	941.099975585938
2716.10936045423	940.5
2718.76550971778	939.900024414062
2721.42017995717	939.900024414062
2724.0733723398	938.900024414062
2726.72508803181	938.900024414062
2729.37532819815	939
2732.02409400252	939.200012207031
2734.6713866074	939.599975585938
2737.31720717406	939.400024414062
2739.96155686253	939.799987792969
2742.60443683163	939.200012207031
2745.24584823896	939.400024414062
2747.88579224091	938.799987792969
2750.52426999266	938.099975585938
2753.16128264815	939.200012207031
2755.79683136014	938.299987792969
2758.43091728017	937.900024414062
2761.06354155856	938.400024414062
2763.69470534443	938.799987792969
2766.32440978571	937.099975585938
2768.9526560291	936.599975585938
2771.57944522013	937
2774.2047785031	937.799987792969
2776.82865702112	938.799987792969
2779.45108191612	937.900024414062
2782.07205432881	937.599975585938
2784.69157539872	937.400024414062
2787.30964626418	938
2789.92626806234	937.900024414062
2792.54144192916	937
2795.15516899939	937
2797.76745040663	937.900024414062
2800.37828728325	937.099975585938
2802.98768076049	936.799987792969
2805.59563196837	937
2808.20214203574	937.400024414062
2810.80721209028	938
2813.41084325847	937.099975585938
2816.01303666564	938.299987792969
2818.61379343595	938.5
2821.21311469235	938.900024414062
2823.81100155666	937.599975585938
2826.40745514951	937.5
2829.00247659037	938.299987792969
2831.59606699754	939.400024414062
2834.18822748815	936.900024414062
2836.77895917817	939.400024414062
2839.36826318243	939.299987792969
2841.95614061457	940.099975585938
2844.54259258707	939.700012207031
2847.12762021128	939.700012207031
2849.71122459738	939.700012207031
2852.2934068544	940.599975585938
2854.87416809019	939.200012207031
2857.4535094115	939.5
2860.03143192389	940.299987792969
2862.60793673178	940.299987792969
2865.18302493845	940.5
2867.75669764604	940
2870.32895595553	937.799987792969
2872.89980096678	938.400024414062
2875.46923377848	939.900024414062
2878.03725548821	939.099975585938
2880.60386719239	939.700012207031
2883.16906998632	938.099975585938
2885.73286496415	939.700012207031
2888.29525321891	938.900024414062
2890.8562358425	939.299987792969
2893.41581392568	937.700012207031
2895.97398855807	938.200012207031
2898.5307608282	937.900024414062
2901.08613182343	937.799987792969
2903.64010263003	937
2906.19267433313	937.299987792969
2908.74384801673	936.799987792969
2911.29362476374	936.900024414062
2913.84200565593	938.299987792969
2916.38899177394	937.400024414062
2918.93458419732	936.599975585938
2921.4787840045	937.099975585938
2924.02159227279	937.599975585938
2926.56301007839	937
2929.10303849638	936.700012207031
2931.64167860076	936.200012207031
2934.1789314644	936.900024414062
2936.71479815906	936.299987792969
2939.24927975542	934.900024414062
2941.78237732303	933.400024414062
2944.31409193036	934.700012207031
2946.84442464477	934
2949.37337653251	933.700012207031
2951.90094865876	933.299987792969
2954.42714208758	933.700012207031
2956.95195788195	933.599975585938
2959.47539710375	933.400024414062
2961.99746081377	933
2964.5181500717	932.799987792969
2967.03746593617	932.299987792969
2969.5554094647	931.900024414062
2972.07198171371	933.299987792969
2974.58718373857	932.099975585938
2977.10101659356	932.099975585938
2979.61348133184	932.599975585938
2982.12457900554	931.5
2984.63431066567	931.599975585938
2987.1426773622	932.299987792969
2989.649680144	932.200012207031
2992.15532005887	931.700012207031
2994.65959815353	931.700012207031
2997.16251547364	931
2999.66407306379	931.299987792969
3002.16427196748	932
3004.66311322716	930.799987792969
3007.16059788423	932.099975585938
3009.65672697897	931.799987792969
3012.15150155066	931.599975585938
3014.64492263748	930.400024414062
3017.13699127655	931.099975585938
3019.62770850395	930.599975585938
3022.11707535467	931.700012207031
3024.60509286267	931.700012207031
3027.09176206086	930.700012207031
3029.57708398106	930.900024414062
3032.06105965407	930.5
3034.54369010963	930.200012207031
3037.02497637642	929.900024414062
3039.50491948207	931
3041.98352045319	929.799987792969
3044.4607803153	930.799987792969
3046.93670009292	930.099975585938
3049.41128080949	930.400024414062
3051.88452348743	929.5
3054.3564291481	929.900024414062
3056.82699881185	930.799987792969
3059.29623349795	930.099975585938
3061.76413422468	930.299987792969
3064.23070200925	930.299987792969
3066.69593786783	930.900024414062
3069.1598428156	930
3071.62241786667	929.400024414062
3074.08366403413	929.900024414062
3076.54358233003	929.700012207031
3079.00217376543	930.700012207031
3081.45943935031	929.200012207031
3083.91538009367	930.299987792969
3086.36999700346	930
3088.82329108662	930.099975585938
3091.27526334905	930
3093.72591479567	929.5
3096.17524643033	929.299987792969
3098.6232592559	930.099975585938
3101.06995427423	929.400024414062
3103.51533248612	929.200012207031
3105.95939489141	928.900024414062
3108.40214248889	928.599975585938
3110.84357627635	929
3113.28369725056	928.900024414062
3115.72250640732	928.599975585938
3118.16000474136	928.299987792969
3120.59619324647	929.299987792969
3123.03107291538	929.5
3125.46464473985	928.900024414062
3127.89690971063	928.5
3130.32786881747	928.700012207031
3132.75752304912	929.200012207031
3135.18587339332	929.299987792969
3137.61292083682	928.700012207031
3140.03866636539	928.5
3142.46311096378	928.099975585938
3144.88625561578	928.700012207031
3147.30810130414	929.5
3149.72864901067	928.5
3152.14789971616	927.700012207031
3154.56585440041	928.200012207031
3156.98251404225	927.599975585938
3159.39787961952	927.5
3161.81195210906	927.700012207031
3164.22473248675	928.299987792969
3166.63622172746	927.200012207031
3169.04642080512	928.099975585938
3171.45533069264	927.599975585938
3173.86295236197	927.400024414062
3176.26928678408	927.200012207031
3178.67433492896	927
3181.07809776564	927.299987792969
3183.48057626217	927.299987792969
3185.88177138561	928
3188.28168410207	927.5
3190.68031537668	927.099975585938
3193.07766617361	927.299987792969
