-159.407803815973	983.599975585938
-154.947830007008	984.700012207031
-150.490968490979	985.099975585938
-146.037216117413	985.900024414063
-141.586569740106	984.599975585938
-137.139026217103	987
-132.694582410678	985.700012207031
-128.253235187354	987
-123.814981417865	985.799987792969
-119.379817977176	988.200012207031
-114.947741744455	986.400024414063
-110.518749603085	986.400024414063
-106.092838440642	985.200012207031
-101.670005148889	988.099975585938
-97.2502466237804	987.700012207031
-92.8335597654442	988.599975585938
-88.4199414781749	988.5
-84.0093886704365	990.299987792969
-79.6018982548449	989.700012207031
-75.1974671481675	992
-70.7960922713078	991.299987792969
-66.3977705493088	995.299987792969
-62.002498911343	994.400024414063
-57.6102742907014	997.700012207031
-53.2210936247867	998.5
-48.8349538551175	1003.40002441406
-44.451851927303	1012.5
-40.0717847910491	1028.19995117188
-35.6947494001532	1086.09997558594
-31.3207427124846	1245.19995117188
-26.9497616899924	1606
-22.5818032986859	2484.5
-18.2168645086443	3751.5
-13.854942293982	5521.7001953125
-9.49603363287376	8629.900390625
-5.14013550753271	17211.19921875
-0.787244904192759	19073.19921875
3.56264118687236	18296.400390625
7.90952577138346	9762.400390625
12.2534118510368	2527.80004882813
16.5943024235328	1354.19995117188
20.9322004825662	1072.90002441406
25.267109017844	1018.29998779297
29.5990310150879	1007
33.9279694560394	1009.79998779297
38.2539273184685	1015.70001220703
42.576907576176	1030.19995117188
46.89691319901	1052
51.2139471528627	1074.59997558594
55.5280123996809	1094.59997558594
59.8391118974709	1110.30004882813
64.1472486003118	1122.59997558594
68.4524254583481	1135.80004882813
72.754645417812	1144.19995117188
77.0539114210196	1158.59997558594
81.3502264063804	1179.19995117188
85.6435933084041	1200.80004882813
89.9340150577072	1230.30004882813
94.221494581019	1266.59997558594
98.5060348011868	1308.09997558594
102.787638637184	1364.5
107.06630900412	1430.69995117188
111.342048813235	1487.90002441406
115.614860971923	1580.69995117188
119.88474838372	1672.09997558594
124.151713948329	1783.40002441406
128.41576056161	1915.69995117188
132.6768911156	2070.80004882813
136.935108498506	2223.60009765625
141.190415594721	2405.60009765625
145.442815284827	2600.89990234375
149.692310445601	2792
153.938903950025	2986.30004882813
158.182598667288	3100.89990234375
162.42339746279	3094
166.661303198153	3106.30004882813
170.896318731233	3047.69995117188
175.128446916106	2966.69995117188
179.357690603098	2968.39990234375
183.584052638779	2973.39990234375
187.807535865965	2946.10009765625
192.028143123741	2987.80004882813
196.245877247442	3053.69995117188
200.460741068677	3131
204.672737415346	3232.5
208.881869111612	3401.5
213.088138977939	3569
217.291549831076	3793.39990234375
221.492104484081	4019.60009765625
225.689805746317	4339
229.884656423456	4606.10009765625
234.076659317495	4916.2001953125
238.265817226749	5064
242.452132945872	5004.5
246.635609265848	4797.7001953125
250.816248974007	4363.2001953125
254.994054854027	3895
259.169029685945	3427
263.341176246156	3041.39990234375
267.510497307418	2763.60009765625
271.676995638868	2609.10009765625
275.840674006018	2452.89990234375
280.001535170768	2317.80004882813
284.159581891407	2200.80004882813
288.314816922617	2126.80004882813
292.467243015492	2076.89990234375
296.61686291752	2016.69995117188
300.763679372619	1998.19995117188
304.907695121115	1941.40002441406
309.048912899766	1914.90002441406
313.187335441758	1910.30004882813
317.322965476721	1912.90002441406
321.455805730715	1895.90002441406
325.585858926265	1868.80004882813
329.713127782339	1849.80004882813
333.837615014372	1858.59997558594
337.959323334268	1831.30004882813
342.07825545039	1809.19995117188
346.194414067597	1796.80004882813
350.307801887216	1800.90002441406
354.418421607069	1794.80004882813
358.526275921479	1789.59997558594
362.631367521261	1782.80004882813
366.733699093741	1768.40002441406
370.833273322758	1772
374.930092888661	1757.09997558594
379.024160468332	1756.5
383.115478735178	1771.90002441406
387.204050359142	1767.30004882813
391.289878006702	1765.80004882813
395.37296434089	1755.30004882813
399.453312021285	1749.30004882813
403.530923704019	1749.30004882813
407.605802041799	1757.69995117188
411.677949683886	1772.09997558594
415.747369276126	1754.80004882813
419.814063460936	1756.19995117188
423.87803487732	1749.40002441406
427.939286160879	1754.90002441406
431.997819943799	1740
436.053638854881	1741.30004882813
440.106745519513	1744.80004882813
444.157142559716	1739
448.204832594115	1729.69995117188
452.249818237968	1727.09997558594
456.292102103149	1718.19995117188
460.331686798183	1722
464.368574928217	1709.19995117188
468.402769095058	1722.80004882813
472.434271897151	1713
476.463085929604	1707.5
480.489213784189	1703
484.512658049335	1701.30004882813
488.533421310149	1697.19995117188
492.551506148414	1699.09997558594
496.566915142599	1698.90002441406
500.579650867849	1698.5
504.589715896022	1689
508.597112795654	1681.30004882813
512.601844132	1682.80004882813
516.603912467011	1697
520.603320359369	1700.69995117188
524.600070364458	1691.59997558594
528.5941650344	1700.19995117188
532.585606918042	1695.5
536.574398560961	1688.80004882813
540.560542505487	1692.59997558594
544.544041290686	1694.40002441406
548.524897452379	1701.90002441406
552.50311352314	1692
556.478692032308	1687.40002441406
560.45163550599	1685.30004882813
564.421946467059	1679.80004882813
568.389627435166	1675.5
572.354680926751	1666.19995117188
576.317109455037	1663
580.276915530032	1667.69995117188
584.234101658558	1678.30004882813
588.188670344219	1662.19995117188
592.140624087445	1660.90002441406
596.089965385468	1665.40002441406
600.036696732344	1652.5
603.980820618945	1654.09997558594
607.922339532976	1671.40002441406
611.861255958976	1683.40002441406
615.797572378321	1670
619.731291269227	1656.59997558594
623.662415106761	1658.40002441406
627.590946362839	1661.80004882813
631.516887506242	1667.5
635.440241002613	1674.40002441406
639.361009314457	1673.09997558594
643.27919490116	1675.80004882813
647.194800218976	1668.69995117188
651.107827721053	1661.19995117188
655.018279857421	1666.90002441406
658.926159075002	1659.80004882813
662.831467817618	1662.40002441406
666.734208525996	1668.09997558594
670.634383637767	1670
674.531995587475	1668.90002441406
678.42704680658	1655.40002441406
682.319539723472	1657.19995117188
686.209476763458	1657
690.096860348783	1657.59997558594
693.981692898628	1652.40002441406
697.863976829113	1652.80004882813
701.743714553311	1648.80004882813
705.62090848124	1629.30004882813
709.495561019875	1638
713.367674573156	1652.19995117188
717.237251541986	1661
721.104294324238	1671.09997558594
724.968805314764	1691.90002441406
728.830786905391	1694.80004882813
732.690241484933	1690.5
736.547171439196	1673.5
740.401579150977	1648.80004882813
744.253467000077	1644.40002441406
748.102837363294	1645.90002441406
751.94969261444	1647.19995117188
755.794035124339	1648.09997558594
759.635867260831	1643.19995117188
763.475191388781	1634.90002441406
767.312009870082	1645.40002441406
771.146325063657	1640.5
774.978139325464	1641.09997558594
778.80745500851	1641.30004882813
782.63427446284	1641
786.458600035548	1636.19995117188
790.280434070797	1636.59997558594
794.099778909792	1644.80004882813
797.916636890816	1637.69995117188
801.731010349219	1639
805.542901617415	1626.5
809.352313024909	1635.30004882813
813.159246898279	1623.69995117188
816.963705561198	1627.30004882813
820.765691334426	1617.30004882813
824.56520653582	1618.40002441406
828.362253480343	1628.5
832.156834480058	1607.09997558594
835.94895184414	1610.30004882813
839.738607878876	1610.40002441406
843.52580488768	1607.40002441406
847.310545171082	1611.5
851.092831026744	1620.09997558594
854.872664749458	1625.90002441406
858.650048631155	1617.19995117188
862.424984960907	1616.19995117188
866.197476024934	1608.69995117188
869.967524106601	1614.19995117188
873.735131486436	1617.59997558594
877.500300442118	1635.09997558594
881.263033248499	1634.30004882813
885.023332177587	1608.40002441406
888.781199498577	1605
892.53663747783	1620.90002441406
896.28964837889	1619.80004882813
900.040234462493	1611.90002441406
903.788397986559	1614
907.534141206205	1606.40002441406
911.277466373749	1600
915.018375738706	1610.40002441406
918.756871547803	1605.5
922.492956044981	1598
926.226631471392	1600.30004882813
929.95790006541	1607.5
933.686764062641	1604.90002441406
937.413225695909	1601.19995117188
941.137287195276	1605.09997558594
944.858950788045	1598.30004882813
948.578218698761	1598.19995117188
952.295093149208	1597.90002441406
956.009576358427	1602.80004882813
959.721670542712	1595.90002441406
963.431377915619	1590.09997558594
967.138700687961	1592.30004882813
970.843641067824	1580.19995117188
974.546201260566	1582.40002441406
978.246383468816	1586.59997558594
981.944189892486	1585
985.639622728775	1586.5
989.332684172165	1583.09997558594
993.023376414439	1581
996.711701644666	1597.30004882813
1000.39766204923	1587.5
1004.0812598118	1575.30004882813
1007.76249711338	1589.59997558594
1011.44137613226	1593.19995117188
1015.11789904408	1589
1018.79206802177	1573.90002441406
1022.4638852356	1587.80004882813
1026.13335285318	1595.19995117188
1029.80047303944	1586.40002441406
1033.46524795664	1584.19995117188
1037.12767976442	1576.90002441406
1040.78777061972	1578.40002441406
1044.44552267686	1571.30004882813
1048.1009380875	1564.19995117188
1051.75401900067	1566.09997558594
1055.40476756277	1557.09997558594
1059.05318591753	1572.09997558594
1062.6992762061	1576.30004882813
1066.34304056696	1584.5
1069.984481136	1562.59997558594
1073.62360004648	1563.19995117188
1077.26039942905	1562.80004882813
1080.89488141175	1581.30004882813
1084.52704812002	1574.69995117188
1088.15690167668	1574
1091.78444420198	1573.5
1095.40967781355	1576.30004882813
1099.03260462646	1559.40002441406
1102.65322675317	1572.19995117188
1106.27154630357	1578.90002441406
1109.88756538497	1570.80004882813
1113.5012861021	1570.5
1117.11271055714	1568.59997558594
1120.72184084969	1568
1124.32867907679	1582
1127.93322733291	1588.5
1131.53548771	1575.69995117188
1135.13546229742	1567
1138.73315318201	1564
1142.32856244807	1564
1145.92169217734	1564.80004882813
1149.51254444904	1569.40002441406
1153.10112133986	1558.90002441406
1156.68742492397	1564
1160.27145727299	1564.59997558594
1163.85322045605	1565.69995117188
1167.43271653976	1554.40002441406
1171.0099475882	1552.5
1174.58491566296	1562.30004882813
1178.15762282312	1557.59997558594
1181.72807112526	1569.69995117188
1185.29626262347	1553.69995117188
1188.86219936934	1554
1192.42588341198	1551.80004882813
1195.98731679799	1553.59997558594
1199.54650157154	1556.09997558594
1203.10343977426	1562.90002441406
1206.65813344536	1551.30004882813
1210.21058462154	1555.19995117188
1213.76079533707	1545.30004882813
1217.30876762372	1550.90002441406
1220.85450351084	1554.5
1224.39800502529	1552.90002441406
1227.93927419151	1547.80004882813
1231.47831303147	1549.30004882813
1235.0151235647	1556
1238.5497078083	1554.80004882813
1242.08206777692	1563.40002441406
1245.6122054828	1559.69995117188
1249.14012293572	1544.5
1252.66582214306	1561.59997558594
1256.18930510976	1560.30004882813
1259.71057383837	1555.90002441406
1263.22963032898	1542.59997558594
1266.74647657932	1547.5
1270.26111458467	1549.80004882813
1273.77354633794	1540.69995117188
1277.28377382961	1555.19995117188
1280.79179904779	1558.59997558594
1284.29762397819	1547.80004882813
1287.80125060412	1549.59997558594
1291.30268090652	1534.90002441406
1294.80191686393	1543
1298.29896045253	1548.59997558594
1301.79381364611	1530.40002441406
1305.28647841611	1548.90002441406
1308.77695673158	1565.5
1312.26525055921	1548.30004882813
1315.75136186334	1548
1319.23529260595	1551.30004882813
1322.71704474666	1554.5
1326.19662024275	1560.80004882813
1329.67402104914	1553.30004882813
1333.14924911842	1547.69995117188
1336.62230640084	1547.90002441406
1340.0931948443	1544
1343.56191639439	1542.09997558594
1347.02847299435	1532.40002441406
1350.49286658511	1538.90002441406
1353.95509910526	1530.19995117188
1357.41517249111	1540
1360.8730886766	1543.90002441406
1364.3288495934	1541.09997558594
1367.78245717087	1535.40002441406
1371.23391333603	1531.5
1374.68322001365	1534.59997558594
1378.13037912617	1540.90002441406
1381.57539259373	1534.19995117188
1385.0182623342	1528.69995117188
1388.45899026315	1536
1391.89757829388	1534.19995117188
1395.33402833739	1529
1398.76834230242	1532.19995117188
1402.20052209542	1532
1405.63056962059	1537.30004882813
1409.05848677984	1533
1412.48427547283	1516.59997558594
1415.90793759696	1507.30004882813
1419.32947504738	1518.90002441406
1422.74888971697	1516.5
1426.16618349636	1528.59997558594
1429.58135827394	1514
1432.99441593587	1519.80004882813
1436.40535836606	1512.5
1439.81418744616	1506.69995117188
1443.22090505562	1511
1446.62551307164	1515.59997558594
1450.0280133692	1519.80004882813
1453.42840782107	1519.59997558594
1456.82669829777	1514.09997558594
1460.22288666762	1510.30004882813
1463.61697479673	1505.59997558594
1467.00896454899	1502.19995117188
1470.3988577861	1499
1473.78665636752	1503.80004882813
1477.17236215056	1508.59997558594
1480.55597699029	1509
1483.9375027396	1509.59997558594
1487.31694124921	1500.09997558594
1490.69429436761	1491.09997558594
1494.06956394113	1496.19995117188
1497.44275181394	1496.90002441406
1500.81385982799	1502.19995117188
1504.18288982308	1484.5
1507.54984363684	1483.09997558594
1510.91472310471	1494
1514.27753006	1500.09997558594
1517.63826633383	1494.90002441406
1520.99693375517	1484.80004882813
1524.35353415083	1486.59997558594
1527.70806934547	1484.59997558594
1531.06054116162	1481.69995117188
1534.41095141963	1486.80004882813
1537.75930193773	1495.09997558594
1541.105594532	1480.40002441406
1544.44983101639	1482.40002441406
1547.79201320272	1482.19995117188
1551.13214290067	1488.90002441406
1554.4702219178	1491.40002441406
1557.80625205954	1473.80004882813
1561.1402351292	1480.30004882813
1564.47217292798	1482.90002441406
1567.80206725495	1483.69995117188
1571.12991990709	1481.5
1574.45573267926	1484.40002441406
1577.7795073642	1476.59997558594
1581.10124575258	1478.69995117188
1584.42094963294	1483.90002441406
1587.73862079174	1472.59997558594
1591.05426101335	1474.69995117188
1594.36787208004	1480.09997558594
1597.679455772	1481.5
1600.98901386733	1470.5
1604.29654814206	1485.19995117188
1607.60206037012	1482.30004882813
1610.90555232339	1483.90002441406
1614.20702577167	1481.30004882813
1617.50648248268	1478.19995117188
1620.8039242221	1474.19995117188
1624.09935275352	1483.59997558594
1627.39276983848	1493.90002441406
1630.68417723648	1491.69995117188
1633.97357670494	1492.69995117188
1637.26096999925	1483.09997558594
1640.54635887273	1481.80004882813
1643.82974507668	1478.69995117188
1647.11113036035	1474.19995117188
1650.39051647094	1471.19995117188
1653.66790515363	1473.09997558594
1656.94329815156	1471.09997558594
1660.21669720584	1455.80004882813
1663.48810405556	1459
1666.75752043777	1455.5
1670.02494808751	1464
1673.29038873781	1461.90002441406
1676.55384411968	1458.09997558594
1679.8153159621	1443.40002441406
1683.07480599207	1451
1686.33231593455	1434
1689.58784751254	1433.59997558594
1692.84140244701	1438.09997558594
1696.09298245692	1429.59997558594
1699.34258925927	1428
1702.59022456905	1430.59997558594
1705.83589009926	1433.09997558594
1709.07958756092	1426
1712.32131866306	1415.40002441406
1715.56108511274	1413.40002441406
1718.79888861504	1410.09997558594
1722.03473087304	1408.40002441406
1725.2686135879	1419.09997558594
1728.50053845876	1419
1731.73050718283	1423.30004882813
1734.95852145533	1412.40002441406
1738.18458296955	1409.09997558594
1741.40869341679	1405.40002441406
1744.63085448642	1407
1747.85106786585	1400.09997558594
1751.06933524054	1395.09997558594
1754.28565829399	1401.59997558594
1757.50003870779	1398
1760.71247816157	1399.40002441406
1763.92297833301	1403.59997558594
1767.13154089788	1397.90002441406
1770.33816753	1399.80004882813
1773.54285990127	1393.40002441406
1776.74561968166	1393.90002441406
1779.94644853921	1384.5
1783.14534814006	1384.19995117188
1786.34232014841	1384.09997558594
1789.53736622656	1379.90002441406
1792.73048803488	1380.90002441406
1795.92168723184	1385.19995117188
1799.110965474	1385.59997558594
1802.29832441604	1381.30004882813
1805.48376571069	1378.40002441406
1808.66729100882	1382.19995117188
1811.84890195939	1371.5
1815.02860020947	1366.09997558594
1818.20638740424	1366.30004882813
1821.38226518699	1359.30004882813
1824.55623519911	1367.69995117188
1827.72829908013	1368.59997558594
1830.8984584677	1367.90002441406
1834.06671499758	1362.90002441406
1837.23307030365	1357.40002441406
1840.39752601794	1348.80004882813
1843.56008377059	1353.09997558594
1846.72074518988	1351.80004882813
1849.87951190225	1363.19995117188
1853.03638553223	1352
1856.19136770254	1352.19995117188
1859.34446003401	1348
1862.49566414563	1349.30004882813
1865.64498165455	1355.40002441406
1868.79241417605	1347
1871.93796332358	1348.40002441406
1875.08163070875	1353.30004882813
1878.22341794132	1347.09997558594
1881.36332662922	1344.19995117188
1884.50135837853	1344.5
1887.63751479352	1340.90002441406
1890.77179747661	1346.90002441406
1893.90420802842	1339.5
1897.03474804772	1346.09997558594
1900.16341913147	1338.59997558594
1903.2902228748	1344.40002441406
1906.41516087104	1344.59997558594
1909.5382347117	1339.09997558594
1912.65944598647	1330.30004882813
1915.77879628324	1326.69995117188
1918.89628718809	1336.19995117188
1922.01192028531	1335.80004882813
1925.12569715736	1333.19995117188
1928.23761938494	1334.80004882813
1931.34768854691	1327.5
1934.45590622038	1323.09997558594
1937.56227398063	1322.5
1940.66679340119	1323.30004882813
1943.76946605377	1317.90002441406
1946.87029350832	1317.30004882813
1949.969277333	1312.19995117188
1953.06641909418	1315.19995117188
1956.1617203565	1317.69995117188
1959.25518268276	1314.90002441406
1962.34680763404	1313.90002441406
1965.43659676964	1309.09997558594
1968.52455164708	1311.19995117188
1971.61067382213	1307.90002441406
1974.6949648488	1303.5
1977.77742627934	1309.5
1980.85805966424	1311.80004882813
1983.93686655223	1303.30004882813
1987.01384849032	1301.30004882813
1990.08900702374	1298.5
1993.16234369599	1304.19995117188
1996.23386004882	1301.09997558594
1999.30355762223	1299.80004882813
2002.37143795452	1289.59997558594
2005.4375025822	1293.19995117188
2008.50175304009	1297.59997558594
2011.56419086127	1291.5
2014.62481757707	1295.90002441406
2017.68363471711	1289.5
2020.74064380929	1289.09997558594
2023.79584637979	1289.69995117188
2026.84924395306	1295.40002441406
2029.90083805184	1301.59997558594
2032.95063019715	1285.59997558594
2035.99862190831	1278
2039.04481470292	1283.69995117188
2042.08921009688	1291.30004882813
2045.13180960439	1289.19995117188
2048.17261473794	1283.19995117188
2051.21162700831	1283.69995117188
2054.24884792461	1278.30004882813
2057.28427899423	1275.09997558594
2060.31792172288	1271.5
2063.34977761459	1277.30004882813
2066.37984817168	1270.19995117188
2069.4081348948	1266.30004882813
2072.4346392829	1271.90002441406
2075.45936283328	1278.09997558594
2078.48230704154	1269.5
2081.5034734016	1268.40002441406
2084.52286340572	1269.19995117188
2087.54047854449	1263.69995117188
2090.55632030681	1259.19995117188
2093.57039017994	1265.69995117188
2096.58268964947	1257.69995117188
2099.59322019931	1257.40002441406
2102.60198331172	1255.69995117188
2105.60898046733	1255
2108.61421314506	1259.69995117188
2111.61768282224	1256.80004882813
2114.6193909745	1258.80004882813
2117.61933907584	1260.5
2120.61752859863	1252.69995117188
2123.61396101357	1248.09997558594
2126.60863778973	1248.40002441406
2129.60156039456	1240.5
2132.59273029383	1242.5
2135.58214895173	1245.09997558594
2138.56981783077	1240.69995117188
2141.55573839186	1242.09997558594
2144.53991209427	1242.09997558594
2147.52234039565	1240.30004882813
2150.50302475203	1239.90002441406
2153.48196661782	1244.90002441406
2156.45916744579	1247.40002441406
2159.43462868712	1245.09997558594
2162.40835179137	1239.80004882813
2165.38033820649	1238.5
2168.3505893788	1243.09997558594
2171.31910675305	1240
2174.28589177236	1231.09997558594
2177.25094587824	1225
2180.21427051063	1231
2183.17586710784	1233
2186.13573710661	1234
2189.09388194207	1234.30004882813
2192.05030304776	1231.5
2195.00500185563	1230.59997558594
2197.95797979607	1227
2200.90923829783	1228.69995117188
2203.85877878814	1228.09997558594
2206.8066026926	1223.5
2209.75271143526	1222.80004882813
2212.69710643858	1216.19995117188
2215.63978912345	1219.30004882813
2218.58076090919	1225.19995117188
2221.52002321356	1220.30004882813
2224.45757745274	1218.40002441406
2227.39342504133	1216
2230.3275673924	1215.09997558594
2233.26000591745	1217.69995117188
2236.1907420264	1214.90002441406
2239.11977712763	1203.09997558594
2242.04711262797	1199.09997558594
2244.97274993269	1202.40002441406
2247.89669044551	1208.09997558594
2250.81893556861	1208
2253.7394867026	1208.5
2256.65834524659	1208.40002441406
2259.57551259811	1208.09997558594
2262.49099015316	1200.80004882813
2265.4047793062	1197.30004882813
2268.31688145018	1193.09997558594
2271.22729797648	1199.40002441406
2274.13603027498	1204.30004882813
2277.04307973401	1192
2279.94844774038	1187.40002441406
2282.85213567938	1189.90002441406
2285.75414493477	1199.69995117188
2288.6544768888	1196.90002441406
2291.55313292218	1195.09997558594
2294.45011441414	1186.5
2297.34542274236	1184.40002441406
2300.23905928303	1183.30004882813
2303.13102541082	1182.19995117188
2306.02132249888	1184.40002441406
2308.90995191889	1188.69995117188
2311.796915041	1184.90002441406
2314.68221323385	1184.40002441406
2317.56584786461	1184.80004882813
2320.44782029892	1178.30004882813
2323.32813190095	1180.19995117188
2326.20678403336	1176.59997558594
2329.08377805733	1178.5
2331.95911533254	1177.5
2334.83279721719	1176.69995117188
2337.704825068	1178.19995117188
2340.57520024018	1173.5
2343.4439240875	1175.59997558594
2346.31099796222	1170.90002441406
2349.17642321512	1168.59997558594
2352.04020119553	1171
2354.90233325129	1169
2357.76282072877	1166.19995117188
2360.62166497286	1164.30004882813
2363.47886732702	1165.69995117188
2366.3344291332	1165.80004882813
2369.18835173191	1165.30004882813
2372.04063646221	1160.09997558594
2374.89128466166	1154.90002441406
2377.74029766641	1151.30004882813
2380.58767681113	1155.40002441406
2383.43342342903	1155.59997558594
2386.27753885189	1153.90002441406
2389.12002441002	1150.90002441406
2391.9608814323	1151
2394.80011124616	1151.19995117188
2397.63771517757	1153.59997558594
2400.47369455109	1150.30004882813
2403.30805068981	1152.90002441406
2406.14078491539	1146
2408.97189854808	1145.40002441406
2411.80139290666	1145.09997558594
2414.6292693085	1146.30004882813
2417.45552906953	1143.5
2420.28017350426	1139.69995117188
2423.10320392577	1143.80004882813
2425.92462164572	1142
2428.74442797434	1139.69995117188
2431.56262422045	1139
2434.37921169145	1143.5
2437.19419169331	1136.80004882813
2440.0075655306	1137.19995117188
2442.81933450648	1135.09997558594
2445.62949992269	1133.40002441406
2448.43806307957	1128.80004882813
2451.24502527604	1132.40002441406
2454.05038780962	1128.5
2456.85415197645	1129.40002441406
2459.65631907123	1127
2462.4568903873	1129.09997558594
2465.25586721656	1131.80004882813
2468.05325084956	1124.69995117188
2470.84904257543	1117.90002441406
2473.64324368191	1119.80004882813
2476.43585545535	1120.59997558594
2479.22687918073	1117.80004882813
2482.01631614162	1120.90002441406
2484.80416762021	1121.19995117188
2487.59043489733	1119.30004882813
2490.37511925241	1119.09997558594
2493.15822196351	1118.09997558594
2495.93974430729	1116.90002441406
2498.71968755907	1111.09997558594
2501.49805299279	1111.69995117188
2504.27484188099	1109.59997558594
2507.05005549487	1110
2509.82369510426	1109.69995117188
2512.59576197762	1109.59997558594
2515.36625738204	1108.5
2518.13518258325	1108.80004882813
2520.90253884563	1107.09997558594
2523.66832743219	1104.40002441406
2526.4325496046	1104.59997558594
2529.19520662315	1099.80004882813
2531.95629974681	1102.30004882813
2534.71583023316	1096.09997558594
2537.47379933848	1102.59997558594
2540.23020831764	1099.09997558594
2542.98505842423	1101.59997558594
2545.73835091045	1098.5
2548.49008702718	1097.5
2551.24026802396	1099.80004882813
2553.98889514897	1093.09997558594
2556.73596964909	1095.09997558594
2559.48149276982	1092.69995117188
2562.22546575538	1094.19995117188
2564.96788984861	1098.69995117188
2567.70876629106	1096.69995117188
2570.44809632291	1093.5
2573.18588118307	1091.90002441406
2575.92212210906	1090.09997558594
2578.65682033715	1091
2581.38997710222	1089.80004882813
2584.12159363789	1087.80004882813
2586.85167117641	1091.69995117188
2589.58021094877	1090
2592.3072141846	1091.69995117188
2595.03268211224	1092.19995117188
2597.75661595872	1089.30004882813
2600.47901694975	1084.90002441406
2603.19988630976	1086.69995117188
2605.91922526185	1082.30004882813
2608.63703502782	1084.69995117188
2611.35331682818	1083.69995117188
2614.06807188212	1081.40002441406
2616.78130140757	1077.80004882813
2619.49300662113	1079.59997558594
2622.20318873812	1080.59997558594
2624.91184897255	1082.80004882813
2627.61898853717	1079.09997558594
2630.32460864343	1078.69995117188
2633.02871050146	1076.09997558594
2635.73129532016	1075.5
2638.4323643071	1074.40002441406
2641.13191866859	1073.5
2643.82995960966	1074.09997558594
2646.52648833405	1077.09997558594
2649.22150604423	1071.80004882813
2651.91501394139	1074.80004882813
2654.60701322546	1069.69995117188
2657.29750509509	1066.40002441406
2659.98649074764	1071.59997558594
2662.67397137923	1071.5
2665.35994818471	1071.90002441406
2668.04442235764	1071.90002441406
2670.72739509034	1070.80004882813
2673.40886757386	1071.59997558594
2676.088840998	1068
2678.76731655128	1063.40002441406
2681.44429542098	1067.90002441406
2684.11977879312	1064.59997558594
2686.79376785247	1065.5
2689.46626378254	1065.80004882813
2692.13726776559	1067.09997558594
2694.80678098265	1065.19995117188
2697.47480461347	1065
2700.14133983659	1063.90002441406
2702.80638782928	1062.09997558594
2705.46994976757	1062.40002441406
2708.13202682628	1062.69995117188
2710.79262017895	1061.40002441406
2713.4517309979	1063
2716.10936045423	1064.5
2718.76550971778	1064.59997558594
2721.42017995717	1062.59997558594
2724.07337233979	1060.90002441406
2726.72508803181	1059.80004882813
2729.37532819815	1062.5
2732.02409400252	1060.90002441406
2734.6713866074	1061.5
2737.31720717406	1061.19995117188
2739.96155686253	1060.5
2742.60443683162	1060.40002441406
2745.24584823896	1060.40002441406
2747.88579224091	1060
2750.52426999266	1058.09997558594
2753.16128264815	1056.69995117188
2755.79683136014	1058.30004882813
2758.43091728017	1059.19995117188
2761.06354155856	1057.5
2763.69470534443	1057.19995117188
2766.32440978571	1051
2768.9526560291	1052.30004882813
2771.57944522013	1047.59997558594
2774.2047785031	1050.90002441406
2776.82865702112	1049.59997558594
2779.45108191611	1049.30004882813
2782.0720543288	1052.19995117188
2784.69157539871	1049.40002441406
2787.30964626418	1048.5
2789.92626806234	1046.59997558594
2792.54144192915	1046.80004882813
2795.15516899939	1045.19995117188
2797.76745040662	1044.19995117188
2800.37828728325	1043.09997558594
2802.98768076049	1045.40002441406
2805.59563196837	1046.09997558594
2808.20214203574	1045.40002441406
2810.80721209028	1044.30004882813
2813.41084325847	1044.59997558594
2816.01303666564	1043.40002441406
2818.61379343595	1044.59997558594
2821.21311469235	1043.5
2823.81100155666	1042
2826.40745514951	1040.30004882813
2829.00247659037	1040.80004882813
2831.59606699754	1040.30004882813
2834.18822748815	1043.30004882813
2836.77895917817	1043.09997558594
2839.36826318243	1041.09997558594
2841.95614061456	1042.40002441406
2844.54259258707	1044.30004882813
2847.12762021128	1041.80004882813
2849.71122459738	1042
2852.29340685439	1040.30004882813
2854.87416809019	1040.30004882813
2857.4535094115	1040.90002441406
2860.03143192389	1041
2862.60793673178	1039.69995117188
2865.18302493845	1038.80004882813
2867.75669764604	1040.69995117188
2870.32895595553	1038.40002441406
2872.89980096678	1037.59997558594
2875.46923377848	1037.69995117188
2878.0372554882	1036.90002441406
2880.60386719239	1036
2883.16906998631	1035.40002441406
2885.73286496415	1036.40002441406
2888.29525321891	1037.59997558594
2890.8562358425	1036.69995117188
2893.41581392567	1035.09997558594
2895.97398855807	1037.5
2898.5307608282	1034.40002441406
2901.08613182343	1035.09997558594
2903.64010263003	1034.09997558594
2906.19267433313	1030.69995117188
2908.74384801673	1031.90002441406
2911.29362476374	1030.09997558594
2913.84200565592	1029.80004882813
2916.38899177394	1030.30004882813
2918.93458419732	1033.5
2921.4787840045	1032.40002441406
2924.02159227279	1030.59997558594
2926.56301007838	1029.59997558594
2929.10303849638	1029.19995117188
2931.64167860076	1029.40002441406
2934.1789314644	1027.40002441406
2936.71479815906	1026.19995117188
2939.24927975542	1026.69995117188
2941.78237732303	1027.80004882813
2944.31409193036	1028.09997558594
2946.84442464477	1025.40002441406
2949.37337653251	1028.19995117188
2951.90094865876	1027.69995117188
2954.42714208758	1024.69995117188
2956.95195788195	1025.19995117188
2959.47539710375	1028.19995117188
2961.99746081377	1027.59997558594
2964.5181500717	1027.59997558594
2967.03746593617	1027.80004882813
2969.5554094647	1026.5
2972.07198171371	1023.5
2974.58718373858	1024.80004882813
2977.10101659355	1024.59997558594
2979.61348133184	1026.30004882813
2982.12457900554	1024.59997558594
2984.63431066567	1025
2987.1426773622	1022.5
2989.649680144	1022.09997558594
2992.15532005887	1019.70001220703
2994.65959815353	1022
2997.16251547364	1023.70001220703
2999.66407306379	1023.09997558594
3002.16427196748	1022.59997558594
3004.66311322716	1022.90002441406
3007.16059788422	1023.20001220703
3009.65672697897	1022.40002441406
3012.15150155066	1021.20001220703
3014.64492263748	1021.70001220703
3017.13699127655	1020.70001220703
3019.62770850394	1019.70001220703
3022.11707535466	1020.09997558594
3024.60509286267	1022.70001220703
3027.09176206085	1019.5
3029.57708398106	1022.59997558594
3032.06105965407	1021.59997558594
3034.54369010963	1021.5
3037.02497637642	1018.5
3039.50491948207	1020.09997558594
3041.98352045319	1020.40002441406
3044.4607803153	1019.20001220703
3046.93670009292	1017.40002441406
3049.41128080949	1019.29998779297
3051.88452348743	1016.79998779297
3054.3564291481	1020.29998779297
3056.82699881185	1019.09997558594
3059.29623349795	1020.5
3061.76413422468	1019.29998779297
3064.23070200924	1017.70001220703
3066.69593786783	1018.5
3069.1598428156	1019.90002441406
3071.62241786667	1020
3074.08366403413	1021.5
3076.54358233003	1017.79998779297
3079.00217376543	1020.09997558594
3081.45943935031	1019.90002441406
3083.91538009367	1018.90002441406
3086.36999700346	1021.70001220703
3088.82329108662	1021.20001220703
3091.27526334905	1020.09997558594
3093.72591479567	1017.90002441406
3096.17524643033	1016.59997558594
3098.6232592559	1020.40002441406
3101.06995427422	1018.59997558594
3103.51533248612	1020.59997558594
3105.95939489141	1017.29998779297
3108.40214248889	1017.79998779297
3110.84357627634	1019.09997558594
3113.28369725056	1017.5
3115.72250640732	1020.09997558594
3118.16000474136	1017.90002441406
3120.59619324647	1019.29998779297
3123.03107291538	1017.90002441406
3125.46464473985	1018.79998779297
3127.89690971063	1018.40002441406
3130.32786881747	1020.70001220703
3132.75752304911	1017.70001220703
3135.18587339331	1017.29998779297
3137.61292083682	1019.29998779297
3140.03866636539	1016.40002441406
3142.46311096378	1020.29998779297
3144.88625561578	1019
3147.30810130414	1015.70001220703
3149.72864901067	1018.20001220703
3152.14789971616	1019.20001220703
3154.56585440041	1017.79998779297
3156.98251404225	1016.90002441406
3159.39787961952	1017.79998779297
3161.81195210906	1018.59997558594
3164.22473248675	1017.70001220703
3166.63622172746	1017.5
3169.04642080512	1017.90002441406
3171.45533069264	1017.09997558594
3173.86295236196	1016.70001220703
3176.26928678408	1016.40002441406
3178.67433492896	1016
3181.07809776564	1016
3183.48057626216	1014.29998779297
3185.88177138561	1014.5
3188.28168410206	1015
3190.68031537668	1016.70001220703
3193.07766617362	1013.5
