-159.407803815973	924.400024414063
-154.947830007008	924.900024414063
-150.490968490979	925.900024414063
-146.037216117413	925.200012207031
-141.586569740106	925
-137.139026217103	926.599975585938
-132.694582410678	925.299987792969
-128.253235187354	925.799987792969
-123.814981417865	926.200012207031
-119.379817977176	925.599975585938
-114.947741744455	925.400024414063
-110.518749603085	925.5
-106.092838440642	926.299987792969
-101.670005148889	925.900024414063
-97.2502466237804	925.599975585938
-92.8335597654442	926.299987792969
-88.4199414781749	925.700012207031
-84.0093886704365	925.700012207031
-79.6018982548449	925.200012207031
-75.1974671481675	925.700012207031
-70.7960922713078	926
-66.3977705493088	925.5
-62.002498911343	926
-57.6102742907014	926.200012207031
-53.2210936247867	926.099975585938
-48.8349538551175	926.099975585938
-44.451851927303	925.900024414063
-40.0717847910491	925.299987792969
-35.6947494001532	926.400024414063
-31.3207427124846	926.900024414063
-26.9497616899924	926.599975585938
-22.5818032986859	926.599975585938
-18.2168645086443	929.200012207031
-13.854942293982	931.799987792969
-9.49603363287376	934.099975585938
-5.14013550753271	947.900024414063
-0.787244904192759	955
3.56264118687236	947.5
7.90952577138346	939.099975585938
12.2534118510368	929.400024414063
16.5943024235328	926.599975585938
20.9322004825662	926.900024414063
25.267109017844	927.200012207031
29.5990310150879	928.400024414063
33.9279694560394	931.599975585938
38.2539273184685	939.400024414063
42.576907576176	949.799987792969
46.89691319901	967.5
51.2139471528627	982.400024414063
55.5280123996809	999.900024414063
59.8391118974709	1015.29998779297
64.1472486003118	1026.09997558594
68.4524254583481	1035.5
72.754645417812	1050.09997558594
77.0539114210196	1061.09997558594
81.3502264063804	1074.5
85.6435933084041	1092.30004882813
89.9340150577072	1117.80004882813
94.221494581019	1137.30004882813
98.5060348011868	1168.59997558594
102.787638637184	1195.5
107.06630900412	1239.30004882813
111.342048813235	1297
115.614860971923	1355.69995117188
119.88474838372	1418.30004882813
124.151713948329	1487.69995117188
128.41576056161	1581.30004882813
132.6768911156	1691
136.935108498506	1767.69995117188
141.190415594721	1856.5
145.442815284827	1891.40002441406
149.692310445601	1935.5
153.938903950025	2022.40002441406
158.182598667288	2060.39990234375
162.42339746279	2040.90002441406
166.661303198153	2106.80004882813
170.896318731233	2177.30004882813
175.128446916106	2190.89990234375
179.357690603098	2165.80004882813
183.584052638779	2146.19995117188
187.807535865965	2099.30004882813
192.028143123741	2006.40002441406
196.245877247442	1918.09997558594
200.460741068677	1866
204.672737415346	1855.69995117188
208.881869111612	1834.5
213.088138977939	1803.59997558594
217.291549831076	1817.30004882813
221.492104484081	1840.30004882813
225.689805746317	1851.30004882813
229.884656423456	1841.40002441406
234.076659317495	1844.09997558594
238.265817226749	1830.69995117188
242.452132945872	1835.19995117188
246.635609265848	1806.90002441406
250.816248974007	1827.19995117188
254.994054854027	1776.90002441406
259.169029685945	1774.90002441406
263.341176246156	1775.90002441406
267.510497307418	1745.69995117188
271.676995638868	1716.69995117188
275.840674006018	1692.90002441406
280.001535170768	1665.30004882813
284.159581891407	1646.40002441406
288.314816922617	1606.40002441406
292.467243015492	1584.40002441406
296.61686291752	1606.40002441406
300.763679372619	1610.90002441406
304.907695121115	1595.19995117188
309.048912899766	1549.19995117188
313.187335441758	1499.09997558594
317.322965476721	1473.80004882813
321.455805730715	1461.09997558594
325.585858926265	1455.90002441406
329.713127782339	1426.80004882813
333.837615014372	1400.59997558594
337.959323334268	1377.90002441406
342.07825545039	1355.59997558594
346.194414067597	1334.80004882813
350.307801887216	1317.90002441406
354.418421607069	1312.80004882813
358.526275921479	1308.69995117188
362.631367521261	1313.19995117188
366.733699093741	1307.40002441406
370.833273322758	1306.40002441406
374.930092888661	1294.90002441406
379.024160468332	1298.5
383.115478735178	1300.59997558594
387.204050359142	1296.5
391.289878006702	1283.69995117188
395.37296434089	1285.90002441406
399.453312021285	1282
403.530923704019	1272.5
407.605802041799	1275.40002441406
411.677949683886	1274.30004882813
415.747369276126	1255.40002441406
419.814063460936	1248.80004882813
423.87803487732	1248.5
427.939286160879	1256.80004882813
431.997819943799	1242.19995117188
436.053638854881	1237.19995117188
440.106745519513	1229
444.157142559716	1227.30004882813
448.204832594115	1234.69995117188
452.249818237968	1231.80004882813
456.292102103149	1233.30004882813
460.331686798183	1233.40002441406
464.368574928217	1232.30004882813
468.402769095058	1222.90002441406
472.434271897151	1219.90002441406
476.463085929604	1219.80004882813
480.489213784189	1211.40002441406
484.512658049335	1205.80004882813
488.533421310149	1216.69995117188
492.551506148414	1229.30004882813
496.566915142599	1230.5
500.579650867849	1232.59997558594
504.589715896022	1226.40002441406
508.597112795654	1215.90002441406
512.601844132	1217.30004882813
516.603912467011	1215.5
520.603320359369	1221.5
524.600070364458	1221.5
528.5941650344	1225.40002441406
532.585606918042	1233.5
536.574398560961	1247.69995117188
540.560542505487	1260.40002441406
544.544041290686	1271.40002441406
548.524897452379	1271.90002441406
552.50311352314	1269
556.478692032308	1259.5
560.45163550599	1247.40002441406
564.421946467059	1224.5
568.389627435166	1229.59997558594
572.354680926751	1222.69995117188
576.317109455037	1217.09997558594
580.276915530032	1226.80004882813
584.234101658558	1218.59997558594
588.188670344219	1222.30004882813
592.140624087445	1229.80004882813
596.089965385468	1226.69995117188
600.036696732344	1227.40002441406
603.980820618945	1241.90002441406
607.922339532976	1248.5
611.861255958976	1253.80004882813
615.797572378321	1257
619.731291269227	1261.40002441406
623.662415106761	1266.40002441406
627.590946362839	1263.69995117188
631.516887506242	1282.30004882813
635.440241002613	1288.5
639.361009314457	1290.59997558594
643.27919490116	1281.69995117188
647.194800218976	1286.30004882813
651.107827721053	1286.5
655.018279857421	1278.90002441406
658.926159075002	1263.90002441406
662.831467817618	1260.40002441406
666.734208525996	1263
670.634383637767	1277.19995117188
674.531995587475	1282.19995117188
678.42704680658	1268.90002441406
682.319539723472	1249.69995117188
686.209476763458	1247.09997558594
690.096860348783	1237.69995117188
693.981692898628	1228.5
697.863976829113	1234.90002441406
701.743714553311	1230.5
705.62090848124	1224.40002441406
709.495561019875	1230.5
713.367674573156	1252
717.237251541986	1274.5
721.104294324238	1336
724.968805314764	1410.59997558594
728.830786905391	1513.19995117188
732.690241484933	1569.90002441406
736.547171439196	1549.5
740.401579150977	1490.59997558594
744.253467000077	1424.40002441406
748.102837363294	1384.59997558594
751.94969261444	1355.19995117188
755.794035124339	1321.19995117188
759.635867260831	1296.19995117188
763.475191388781	1282.59997558594
767.312009870082	1268.90002441406
771.146325063657	1259.59997558594
774.978139325464	1257.59997558594
778.80745500851	1245.69995117188
782.63427446284	1238.19995117188
786.458600035548	1232.69995117188
790.280434070797	1233.5
794.099778909792	1224.5
797.916636890816	1224.09997558594
801.731010349219	1223.80004882813
805.542901617415	1230.80004882813
809.352313024909	1235.09997558594
813.159246898279	1235.09997558594
816.963705561198	1239
820.765691334426	1234.80004882813
824.56520653582	1233.40002441406
828.362253480343	1235.90002441406
832.156834480058	1231.19995117188
835.94895184414	1235.80004882813
839.738607878876	1245.5
843.52580488768	1265.30004882813
847.310545171082	1263.30004882813
851.092831026744	1263.09997558594
854.872664749458	1248.5
858.650048631155	1245
862.424984960907	1241
866.197476024934	1241.30004882813
869.967524106601	1247.19995117188
873.735131486436	1242.40002441406
877.500300442118	1242.69995117188
881.263033248499	1240.59997558594
885.023332177587	1242.59997558594
888.781199498577	1242
892.53663747783	1243.69995117188
896.28964837889	1244.90002441406
900.040234462493	1240.5
903.788397986559	1245.69995117188
907.534141206205	1249.90002441406
911.277466373749	1250.40002441406
915.018375738706	1259.59997558594
918.756871547803	1268.40002441406
922.492956044981	1279.59997558594
926.226631471392	1289.40002441406
929.95790006541	1280.40002441406
933.686764062641	1278
937.413225695909	1278.09997558594
941.137287195276	1267.80004882813
944.858950788045	1270.19995117188
948.578218698761	1290.90002441406
952.295093149208	1287.90002441406
956.009576358427	1296.69995117188
959.721670542712	1307.80004882813
963.431377915619	1305.69995117188
967.138700687961	1313.09997558594
970.843641067824	1304.90002441406
974.546201260566	1290.40002441406
978.246383468816	1280.5
981.944189892486	1272.19995117188
985.639622728775	1258.90002441406
989.332684172165	1247.80004882813
993.023376414439	1248.30004882813
996.711701644666	1259.09997558594
1000.39766204923	1258.09997558594
1004.0812598118	1254.5
1007.76249711338	1252.19995117188
1011.44137613226	1248.30004882813
1015.11789904408	1253.69995117188
1018.79206802177	1237.90002441406
1022.4638852356	1242.59997558594
1026.13335285318	1240
1029.80047303944	1224.19995117188
1033.46524795664	1217.80004882813
1037.12767976442	1216
1040.78777061972	1235.30004882813
1044.44552267686	1221.5
1048.1009380875	1213.69995117188
1051.75401900067	1214.69995117188
1055.40476756277	1217.09997558594
1059.05318591753	1226.19995117188
1062.6992762061	1230.40002441406
1066.34304056696	1223.5
1069.984481136	1230.90002441406
1073.62360004648	1230.5
1077.26039942905	1231
1080.89488141175	1229.30004882813
1084.52704812002	1224.80004882813
1088.15690167668	1227.90002441406
1091.78444420198	1232.69995117188
1095.40967781355	1233.09997558594
1099.03260462646	1234.69995117188
1102.65322675317	1237
1106.27154630357	1238.30004882813
1109.88756538497	1240.09997558594
1113.5012861021	1243.59997558594
1117.11271055714	1256.90002441406
1120.72184084969	1252.90002441406
1124.32867907679	1255.90002441406
1127.93322733291	1266.40002441406
1131.53548771	1278.19995117188
1135.13546229742	1303.19995117188
1138.73315318201	1314.30004882813
1142.32856244807	1325.40002441406
1145.92169217734	1332.5
1149.51254444904	1319.5
1153.10112133986	1324.90002441406
1156.68742492397	1324
1160.27145727299	1311.40002441406
1163.85322045605	1314.19995117188
1167.43271653976	1317
1171.0099475882	1316.69995117188
1174.58491566296	1308.59997558594
1178.15762282312	1303.19995117188
1181.72807112526	1295.90002441406
1185.29626262347	1302.30004882813
1188.86219936934	1303.09997558594
1192.42588341198	1315
1195.98731679799	1298.30004882813
1199.54650157154	1295.5
1203.10343977426	1314.09997558594
1206.65813344536	1323.80004882813
1210.21058462154	1320.5
1213.76079533707	1318.19995117188
1217.30876762372	1304.69995117188
1220.85450351084	1325.69995117188
1224.39800502529	1330.09997558594
1227.93927419151	1324
1231.47831303147	1323.5
1235.0151235647	1323.80004882813
1238.5497078083	1317.5
1242.08206777692	1303.80004882813
1245.6122054828	1304.30004882813
1249.14012293572	1304.30004882813
1252.66582214306	1302.19995117188
1256.18930510976	1284.59997558594
1259.71057383837	1305.19995117188
1263.22963032898	1327.5
1266.74647657932	1312.09997558594
1270.26111458467	1325.40002441406
1273.77354633794	1313.19995117188
1277.28377382961	1317.90002441406
1280.79179904779	1323.30004882813
1284.29762397819	1327.80004882813
1287.80125060412	1317.80004882813
1291.30268090652	1336.09997558594
1294.80191686393	1355
1298.29896045253	1367.5
1301.79381364611	1377.59997558594
1305.28647841611	1389.19995117188
1308.77695673158	1393.30004882813
1312.26525055921	1396
1315.75136186334	1405.80004882813
1319.23529260595	1390.59997558594
1322.71704474666	1381.90002441406
1326.19662024275	1378.30004882813
1329.67402104914	1357.69995117188
1333.14924911842	1358.19995117188
1336.62230640084	1380.80004882813
1340.0931948443	1349.09997558594
1343.56191639439	1347
1347.02847299435	1361.90002441406
1350.49286658511	1353.59997558594
1353.95509910526	1351.19995117188
1357.41517249111	1349
1360.8730886766	1358.40002441406
1364.3288495934	1359.09997558594
1367.78245717087	1367.5
1371.23391333603	1351.09997558594
1374.68322001365	1328.19995117188
1378.13037912617	1343.09997558594
1381.57539259373	1333.19995117188
1385.0182623342	1312.09997558594
1388.45899026315	1317.80004882813
1391.89757829388	1328.5
1395.33402833739	1325.80004882813
1398.76834230242	1333.30004882813
1402.20052209542	1328.5
1405.63056962059	1312
1409.05848677984	1306.40002441406
1412.48427547283	1293.40002441406
1415.90793759696	1284
1419.32947504738	1286.40002441406
1422.74888971697	1297.59997558594
1426.16618349636	1302.19995117188
1429.58135827394	1318.09997558594
1432.99441593587	1338
1436.40535836606	1351.59997558594
1439.81418744616	1373.30004882813
1443.22090505562	1388.59997558594
1446.62551307164	1407
1450.0280133692	1424.80004882813
1453.42840782107	1431
1456.82669829777	1426.40002441406
1460.22288666762	1413
1463.61697479673	1393.90002441406
1467.00896454899	1371.90002441406
1470.3988577861	1344
1473.78665636752	1323.90002441406
1477.17236215056	1317.59997558594
1480.55597699029	1314.40002441406
1483.9375027396	1320.59997558594
1487.31694124921	1320.19995117188
1490.69429436761	1324.40002441406
1494.06956394113	1319.30004882813
1497.44275181394	1320.80004882813
1500.81385982799	1336.19995117188
1504.18288982308	1347.30004882813
1507.54984363684	1348
1510.91472310471	1351.40002441406
1514.27753006	1367.40002441406
1517.63826633383	1358.80004882813
1520.99693375517	1375.30004882813
1524.35353415083	1374.09997558594
1527.70806934547	1398.5
1531.06054116162	1405.40002441406
1534.41095141963	1419
1537.75930193773	1406.40002441406
1541.105594532	1415.19995117188
1544.44983101639	1423.59997558594
1547.79201320272	1389.40002441406
1551.13214290067	1381
1554.4702219178	1378
1557.80625205954	1379.19995117188
1561.1402351292	1355.40002441406
1564.47217292798	1362
1567.80206725495	1364.5
1571.12991990709	1370.19995117188
1574.45573267926	1361.69995117188
1577.7795073642	1356.19995117188
1581.10124575258	1349
1584.42094963294	1333.80004882813
1587.73862079174	1325
1591.05426101335	1313.59997558594
1594.36787208004	1296.19995117188
1597.679455772	1277.40002441406
1600.98901386733	1276.69995117188
1604.29654814206	1283.40002441406
1607.60206037012	1285.40002441406
1610.90555232339	1263.80004882813
1614.20702577167	1254.09997558594
1617.50648248268	1250.09997558594
1620.8039242221	1237
1624.09935275352	1240.40002441406
1627.39276983848	1242.90002441406
1630.68417723648	1226.40002441406
1633.97357670494	1227.5
1637.26096999925	1227
1640.54635887273	1213.90002441406
1643.82974507668	1208.5
1647.11113036035	1196.80004882813
1650.39051647094	1191.59997558594
1653.66790515363	1186.59997558594
1656.94329815156	1175
1660.21669720584	1162.59997558594
1663.48810405556	1169.19995117188
1666.75752043777	1161.30004882813
1670.02494808751	1156.5
1673.29038873781	1155.19995117188
1676.55384411968	1149.09997558594
1679.8153159621	1146.40002441406
1683.07480599207	1134
1686.33231593455	1137.69995117188
1689.58784751254	1144.19995117188
1692.84140244701	1132.59997558594
1696.09298245692	1131.59997558594
1699.34258925927	1140.59997558594
1702.59022456905	1137.5
1705.83589009926	1131.09997558594
1709.07958756092	1128.90002441406
1712.32131866306	1132
1715.56108511274	1127.80004882813
1718.79888861504	1128.59997558594
1722.03473087304	1124.59997558594
1725.2686135879	1127.09997558594
1728.50053845876	1127.30004882813
1731.73050718283	1120.59997558594
1734.95852145533	1117.80004882813
1738.18458296955	1123.19995117188
1741.40869341679	1119.40002441406
1744.63085448642	1115.5
1747.85106786585	1114.59997558594
1751.06933524054	1121.09997558594
1754.28565829399	1114.40002441406
1757.50003870779	1112
1760.71247816157	1107
1763.92297833301	1108.59997558594
1767.13154089788	1112.19995117188
1770.33816753	1114.80004882813
1773.54285990127	1113.80004882813
1776.74561968166	1113.80004882813
1779.94644853921	1107.69995117188
1783.14534814006	1106.90002441406
1786.34232014841	1108
1789.53736622656	1099.30004882813
1792.73048803488	1107.09997558594
1795.92168723184	1103.90002441406
1799.110965474	1108
1802.29832441604	1103.90002441406
1805.48376571069	1100.19995117188
1808.66729100882	1093
1811.84890195939	1099.59997558594
1815.02860020947	1104.59997558594
1818.20638740424	1093.40002441406
1821.38226518699	1088.30004882813
1824.55623519911	1101.5
1827.72829908013	1102.30004882813
1830.8984584677	1097.30004882813
1834.06671499758	1089.80004882813
1837.23307030365	1088.59997558594
1840.39752601794	1093
1843.56008377059	1091.19995117188
1846.72074518988	1092.40002441406
1849.87951190225	1084.5
1853.03638553223	1084.80004882813
1856.19136770254	1093
1859.34446003401	1092.19995117188
1862.49566414563	1088.09997558594
1865.64498165455	1083.59997558594
1868.79241417605	1085.80004882813
1871.93796332358	1083.80004882813
1875.08163070875	1092.69995117188
1878.22341794132	1085.5
1881.36332662922	1082.59997558594
1884.50135837853	1086.30004882813
1887.63751479352	1086.5
1890.77179747661	1085
1893.90420802842	1084.09997558594
1897.03474804772	1090.30004882813
1900.16341913147	1084.30004882813
1903.2902228748	1083.5
1906.41516087104	1083.69995117188
1909.5382347117	1087.09997558594
1912.65944598647	1082.90002441406
1915.77879628324	1081.59997558594
1918.89628718809	1084.30004882813
1922.01192028531	1079.90002441406
1925.12569715736	1076.90002441406
1928.23761938494	1079
1931.34768854691	1080.69995117188
1934.45590622038	1079.69995117188
1937.56227398063	1074.09997558594
1940.66679340119	1076.80004882813
1943.76946605377	1072.59997558594
1946.87029350832	1073.90002441406
1949.969277333	1071.30004882813
1953.06641909418	1069.59997558594
1956.1617203565	1073.19995117188
1959.25518268276	1076.40002441406
1962.34680763404	1075.19995117188
1965.43659676964	1069.69995117188
1968.52455164708	1067.69995117188
1971.61067382213	1068.69995117188
1974.6949648488	1069.40002441406
1977.77742627934	1067.5
1980.85805966424	1068.5
1983.93686655223	1073.69995117188
1987.01384849032	1070.40002441406
1990.08900702374	1065.30004882813
1993.16234369599	1064.19995117188
1996.23386004882	1067.09997558594
1999.30355762223	1062.5
2002.37143795452	1066.40002441406
2005.4375025822	1066.19995117188
2008.50175304009	1065.19995117188
2011.56419086127	1062.09997558594
2014.62481757707	1061
2017.68363471711	1063.69995117188
2020.74064380929	1063.69995117188
2023.79584637979	1068.19995117188
2026.84924395306	1066.09997558594
2029.90083805184	1063.5
2032.95063019715	1058.30004882813
2035.99862190831	1061.09997558594
2039.04481470292	1059.09997558594
2042.08921009688	1059
2045.13180960439	1054.40002441406
2048.17261473794	1058
2051.21162700831	1058
2054.24884792461	1060.5
2057.28427899423	1062.59997558594
2060.31792172288	1060.59997558594
2063.34977761459	1057.59997558594
2066.37984817168	1056.09997558594
2069.4081348948	1056.30004882813
2072.4346392829	1055.40002441406
2075.45936283328	1051.90002441406
2078.48230704154	1056.30004882813
2081.5034734016	1052.30004882813
2084.52286340572	1051.09997558594
2087.54047854449	1059.90002441406
2090.55632030681	1058.90002441406
2093.57039017994	1053.59997558594
2096.58268964947	1057.09997558594
2099.59322019931	1057.5
2102.60198331172	1058.40002441406
2105.60898046733	1062.30004882813
2108.61421314506	1063.59997558594
2111.61768282224	1066.59997558594
2114.6193909745	1068.69995117188
2117.61933907584	1063.19995117188
2120.61752859863	1066.40002441406
2123.61396101357	1073.09997558594
2126.60863778973	1066.30004882813
2129.60156039456	1070
2132.59273029383	1067
2135.58214895173	1062
2138.56981783077	1060.59997558594
2141.55573839186	1062.90002441406
2144.53991209427	1060.40002441406
2147.52234039565	1060.19995117188
2150.50302475203	1055.5
2153.48196661782	1056.19995117188
2156.45916744579	1054.59997558594
2159.43462868712	1056.40002441406
2162.40835179137	1052.90002441406
2165.38033820649	1054.90002441406
2168.3505893788	1056.90002441406
2171.31910675305	1059.69995117188
2174.28589177236	1049.09997558594
2177.25094587824	1051
2180.21427051063	1053.69995117188
2183.17586710784	1050.09997558594
2186.13573710661	1050.59997558594
2189.09388194207	1047.19995117188
2192.05030304776	1045.59997558594
2195.00500185563	1046.19995117188
2197.95797979607	1045.69995117188
2200.90923829783	1041.80004882813
2203.85877878814	1044.80004882813
2206.8066026926	1038.5
2209.75271143526	1042.59997558594
2212.69710643858	1039.69995117188
2215.63978912345	1036.30004882813
2218.58076090919	1037.59997558594
2221.52002321356	1039.69995117188
2224.45757745274	1038.30004882813
2227.39342504133	1039.09997558594
2230.3275673924	1034.19995117188
2233.26000591745	1035
2236.1907420264	1032.5
2239.11977712763	1034.80004882813
2242.04711262797	1033.09997558594
2244.97274993269	1031
2247.89669044551	1038.09997558594
2250.81893556861	1034.30004882813
2253.7394867026	1028.59997558594
2256.65834524659	1030.40002441406
2259.57551259811	1028.90002441406
2262.49099015316	1030.30004882813
2265.4047793062	1029.09997558594
2268.31688145018	1028.09997558594
2271.22729797648	1026.5
2274.13603027498	1027.90002441406
2277.04307973401	1031.80004882813
2279.94844774038	1026.09997558594
2282.85213567938	1026.09997558594
2285.75414493477	1030.59997558594
2288.6544768888	1028.5
2291.55313292218	1027.19995117188
2294.45011441414	1026.30004882813
2297.34542274236	1025.5
2300.23905928303	1024.40002441406
2303.13102541082	1023
2306.02132249888	1024.90002441406
2308.90995191889	1025.19995117188
2311.796915041	1021.40002441406
2314.68221323385	1023.40002441406
2317.56584786461	1025
2320.44782029892	1019.09997558594
2323.32813190095	1022.20001220703
2326.20678403336	1021.5
2329.08377805733	1020.59997558594
2331.95911533254	1021.59997558594
2334.83279721719	1020.79998779297
2337.704825068	1020
2340.57520024018	1020.5
2343.4439240875	1018.79998779297
2346.31099796222	1017.20001220703
2349.17642321512	1017.29998779297
2352.04020119553	1014.90002441406
2354.90233325129	1015.90002441406
2357.76282072877	1019.40002441406
2360.62166497286	1015.29998779297
2363.47886732702	1013.29998779297
2366.3344291332	1017.59997558594
2369.18835173191	1016.70001220703
2372.04063646221	1014.20001220703
2374.89128466166	1011
2377.74029766641	1009.70001220703
2380.58767681113	1002.09997558594
2383.43342342903	1009.20001220703
2386.27753885189	1016.20001220703
2389.12002441002	1013.20001220703
2391.9608814323	1011.5
2394.80011124616	1010.5
2397.63771517757	1009.59997558594
2400.47369455109	1010.59997558594
2403.30805068981	1009.09997558594
2406.14078491539	1007.70001220703
2408.97189854808	1007.20001220703
2411.80139290666	1008
2414.6292693085	1001.5
2417.45552906953	1004.59997558594
2420.28017350426	1002.79998779297
2423.10320392577	1003.90002441406
2425.92462164572	1002.20001220703
2428.74442797434	1008.79998779297
2431.56262422045	1006.40002441406
2434.37921169145	1005.29998779297
2437.19419169331	1003.59997558594
2440.0075655306	1001
2442.81933450648	1001.59997558594
2445.62949992269	1003.5
2448.43806307957	998.200012207031
2451.24502527604	997.799987792969
2454.05038780962	1000.90002441406
2456.85415197645	999.799987792969
2459.65631907123	1001.29998779297
2462.4568903873	998.400024414063
2465.25586721656	997.900024414063
2468.05325084956	996.700012207031
2470.84904257543	998
2473.64324368191	998.299987792969
2476.43585545535	995.200012207031
2479.22687918073	995.799987792969
2482.01631614162	998.400024414063
2484.80416762021	994.700012207031
2487.59043489733	994.700012207031
2490.37511925241	993.700012207031
2493.15822196351	993.099975585938
2495.93974430729	993.900024414063
2498.71968755907	993
2501.49805299279	992
2504.27484188099	987.400024414063
2507.05005549487	989.299987792969
2509.82369510426	992.599975585938
2512.59576197762	990.5
2515.36625738204	992.299987792969
2518.13518258325	992.400024414063
2520.90253884563	987.599975585938
2523.66832743219	988.5
2526.4325496046	987.799987792969
2529.19520662315	984.900024414063
2531.95629974681	986.099975585938
2534.71583023316	983.599975585938
2537.47379933848	987.599975585938
2540.23020831764	989.5
2542.98505842423	984.200012207031
2545.73835091045	982.299987792969
2548.49008702718	986.799987792969
2551.24026802396	984.799987792969
2553.98889514897	982.099975585938
2556.73596964909	983
2559.48149276982	982.5
2562.22546575538	983.799987792969
2564.96788984861	984.5
2567.70876629106	983.900024414063
2570.44809632291	984.400024414063
2573.18588118307	988
2575.92212210906	983.200012207031
2578.65682033715	983.700012207031
2581.38997710222	981.200012207031
2584.12159363789	980.200012207031
2586.85167117641	980.799987792969
2589.58021094877	979.099975585938
2592.3072141846	981.299987792969
2595.03268211224	979.5
2597.75661595872	982.599975585938
2600.47901694975	981.599975585938
2603.19988630976	978.900024414063
2605.91922526185	978.5
2608.63703502782	975.700012207031
2611.35331682818	975.400024414063
2614.06807188212	975.799987792969
2616.78130140757	979.200012207031
2619.49300662113	977.700012207031
2622.20318873812	976.900024414063
2624.91184897255	976.099975585938
2627.61898853717	974.700012207031
2630.32460864343	978.200012207031
2633.02871050146	976.400024414063
2635.73129532016	973.200012207031
2638.4323643071	974.599975585938
2641.13191866859	975.799987792969
2643.82995960966	974
2646.52648833405	973.099975585938
2649.22150604423	973.700012207031
2651.91501394139	974.599975585938
2654.60701322546	973.799987792969
2657.29750509509	971.099975585938
2659.98649074764	970.799987792969
2662.67397137923	970.799987792969
2665.35994818471	971.900024414063
2668.04442235764	971.400024414063
2670.72739509034	969.900024414063
2673.40886757386	972
2676.088840998	970.099975585938
2678.76731655128	969
2681.44429542098	968.299987792969
2684.11977879312	972.200012207031
2686.79376785247	971.799987792969
2689.46626378254	972.200012207031
2692.13726776559	970
2694.80678098265	967.599975585938
2697.47480461347	969.099975585938
2700.14133983659	969.700012207031
2702.80638782928	969
2705.46994976757	967.900024414063
2708.13202682628	966.799987792969
2710.79262017895	967.900024414063
2713.4517309979	971.5
2716.10936045423	970.099975585938
2718.76550971778	967.700012207031
2721.42017995717	968.5
2724.07337233979	966.700012207031
2726.72508803181	966.599975585938
2729.37532819815	968.099975585938
2732.02409400252	967.200012207031
2734.6713866074	967.799987792969
2737.31720717406	968.799987792969
2739.96155686253	967.299987792969
2742.60443683162	967.799987792969
2745.24584823896	964.799987792969
2747.88579224091	964.900024414063
2750.52426999266	962.900024414063
2753.16128264815	963.700012207031
2755.79683136014	965.5
2758.43091728017	965.799987792969
2761.06354155856	965.799987792969
2763.69470534443	963.599975585938
2766.32440978571	963.599975585938
2768.9526560291	964.5
2771.57944522013	962.5
2774.2047785031	961.900024414063
2776.82865702112	962.599975585938
2779.45108191611	961.700012207031
2782.0720543288	962.5
2784.69157539871	964.799987792969
2787.30964626418	962.599975585938
2789.92626806234	962
2792.54144192915	961.900024414063
2795.15516899939	961.299987792969
2797.76745040662	959.599975585938
2800.37828728325	958.400024414063
2802.98768076049	958.799987792969
2805.59563196837	961
2808.20214203574	961.299987792969
2810.80721209028	961.400024414063
2813.41084325847	961.299987792969
2816.01303666564	962.099975585938
2818.61379343595	959.700012207031
2821.21311469235	958.299987792969
2823.81100155666	960.900024414063
2826.40745514951	960.599975585938
2829.00247659037	962.200012207031
2831.59606699754	962.099975585938
2834.18822748815	962.099975585938
2836.77895917817	962.299987792969
2839.36826318243	962.799987792969
2841.95614061456	964.099975585938
2844.54259258707	964.900024414063
2847.12762021128	964.400024414063
2849.71122459738	962.099975585938
2852.29340685439	962
2854.87416809019	963
2857.4535094115	963.200012207031
2860.03143192389	964.299987792969
2862.60793673178	963.599975585938
2865.18302493845	963.700012207031
2867.75669764604	961.700012207031
2870.32895595553	960.5
2872.89980096678	959.400024414063
2875.46923377848	963.200012207031
2878.0372554882	962.299987792969
2880.60386719239	960.5
2883.16906998631	960.900024414063
2885.73286496415	962
2888.29525321891	961.299987792969
2890.8562358425	961.900024414063
2893.41581392567	961
2895.97398855807	961.700012207031
2898.5307608282	959.200012207031
2901.08613182343	959.200012207031
2903.64010263003	957.900024414063
2906.19267433313	960.400024414063
2908.74384801673	959
2911.29362476374	956.900024414063
2913.84200565592	956.599975585938
2916.38899177394	958
2918.93458419732	957.099975585938
2921.4787840045	956.099975585938
2924.02159227279	955.299987792969
2926.56301007838	955.099975585938
2929.10303849638	954.400024414063
2931.64167860076	954
2934.1789314644	953.099975585938
2936.71479815906	952.900024414063
2939.24927975542	951.5
2941.78237732303	949.700012207031
2944.31409193036	950.5
2946.84442464477	949.599975585938
2949.37337653251	948.400024414063
2951.90094865876	950.200012207031
2954.42714208758	946.5
2956.95195788195	946
2959.47539710375	945.900024414063
2961.99746081377	945.599975585938
2964.5181500717	945.5
2967.03746593617	945
2969.5554094647	944.900024414063
2972.07198171371	946.299987792969
2974.58718373858	946.599975585938
2977.10101659355	944.900024414063
2979.61348133184	944.5
2982.12457900554	943.5
2984.63431066567	942.900024414063
2987.1426773622	943.400024414063
2989.649680144	943.900024414063
2992.15532005887	942.5
2994.65959815353	941.5
2997.16251547364	942.200012207031
2999.66407306379	941.599975585938
3002.16427196748	942.400024414063
3004.66311322716	942
3007.16059788422	941
3009.65672697897	941
3012.15150155066	940.5
3014.64492263748	940.599975585938
3017.13699127655	940.900024414063
3019.62770850394	939.5
3022.11707535466	940.099975585938
3024.60509286267	938.700012207031
3027.09176206085	938.900024414063
3029.57708398106	938.700012207031
3032.06105965407	940.200012207031
3034.54369010963	940.099975585938
3037.02497637642	939.200012207031
3039.50491948207	938.400024414063
3041.98352045319	938.299987792969
3044.4607803153	938.599975585938
3046.93670009292	937.900024414063
3049.41128080949	936.400024414063
3051.88452348743	937.200012207031
3054.3564291481	937.599975585938
3056.82699881185	937.200012207031
3059.29623349795	937.400024414063
3061.76413422468	937.599975585938
3064.23070200924	937
3066.69593786783	937.700012207031
3069.1598428156	937.200012207031
3071.62241786667	936.900024414063
3074.08366403413	936
3076.54358233003	935.400024414063
3079.00217376543	936.599975585938
3081.45943935031	936.400024414063
3083.91538009367	936
3086.36999700346	935.799987792969
3088.82329108662	936.099975585938
3091.27526334905	934.900024414063
3093.72591479567	935.099975585938
3096.17524643033	934.700012207031
3098.6232592559	935.400024414063
3101.06995427422	935.099975585938
3103.51533248612	935
3105.95939489141	934
3108.40214248889	935.400024414063
3110.84357627634	933.400024414063
3113.28369725056	935
3115.72250640732	933.599975585938
3118.16000474136	933.299987792969
3120.59619324647	934
3123.03107291538	932.5
3125.46464473985	932.299987792969
3127.89690971063	933
3130.32786881747	932.099975585938
3132.75752304911	933.700012207031
3135.18587339331	932.700012207031
3137.61292083682	933.5
3140.03866636539	932.599975585938
3142.46311096378	932.700012207031
3144.88625561578	932.5
3147.30810130414	931.200012207031
3149.72864901067	932.299987792969
3152.14789971616	931.799987792969
3154.56585440041	931.599975585938
3156.98251404225	930.799987792969
3159.39787961952	932.200012207031
3161.81195210906	931.900024414063
3164.22473248675	931.700012207031
3166.63622172746	932.900024414063
3169.04642080512	931
3171.45533069264	930.599975585938
3173.86295236196	930.599975585938
3176.26928678408	930.5
3178.67433492896	930.5
3181.07809776564	931
3183.48057626216	930.5
3185.88177138561	930.700012207031
3188.28168410206	930.700012207031
3190.68031537668	930
3193.07766617362	931.799987792969
