-159.407803815973	926.400024414063
-154.947830007008	927.799987792969
-150.490968490979	926.700012207031
-146.037216117413	926.700012207031
-141.586569740106	925.400024414063
-137.139026217103	926.700012207031
-132.694582410678	926.700012207031
-128.253235187354	926.599975585938
-123.814981417865	926.900024414063
-119.379817977176	926.700012207031
-114.947741744455	926.200012207031
-110.518749603085	926.900024414063
-106.092838440642	926.799987792969
-101.670005148889	927.5
-97.2502466237804	927.099975585938
-92.8335597654442	927.200012207031
-88.4199414781749	926.900024414063
-84.0093886704365	927.299987792969
-79.6018982548449	927
-75.1974671481675	927.5
-70.7960922713078	926.599975585938
-66.3977705493088	927
-62.002498911343	927.299987792969
-57.6102742907014	927
-53.2210936247867	926.700012207031
-48.8349538551175	927.599975585938
-44.451851927303	927.200012207031
-40.0717847910491	926.299987792969
-35.6947494001532	926.700012207031
-31.3207427124846	927.299987792969
-26.9497616899924	927.400024414063
-22.5818032986859	929
-18.2168645086443	930.900024414063
-13.854942293982	932.200012207031
-9.49603363287376	936.400024414063
-5.14013550753271	947.799987792969
-0.787244904192759	953
3.56264118687236	952.200012207031
7.90952577138346	939
12.2534118510368	930.099975585938
16.5943024235328	928.200012207031
20.9322004825662	927.900024414063
25.267109017844	928.200012207031
29.5990310150879	929.200012207031
33.9279694560394	931.799987792969
38.2539273184685	938.5
42.576907576176	949.5
46.89691319901	963.099975585938
51.2139471528627	977
55.5280123996809	991.099975585938
59.8391118974709	1000.29998779297
64.1472486003118	1011.79998779297
68.4524254583481	1019.29998779297
72.754645417812	1029
77.0539114210196	1041.5
81.3502264063804	1051.19995117188
85.6435933084041	1066.80004882813
89.9340150577072	1083.5
94.221494581019	1099.5
98.5060348011868	1125.80004882813
102.787638637184	1155.09997558594
107.06630900412	1182.80004882813
111.342048813235	1221
115.614860971923	1264.59997558594
119.88474838372	1321.40002441406
124.151713948329	1380.30004882813
128.41576056161	1471.09997558594
132.6768911156	1556.19995117188
136.935108498506	1618.40002441406
141.190415594721	1644.5
145.442815284827	1643.80004882813
149.692310445601	1638.30004882813
153.938903950025	1604.80004882813
158.182598667288	1575.09997558594
162.42339746279	1529.5
166.661303198153	1521.5
170.896318731233	1513.59997558594
175.128446916106	1520
179.357690603098	1512
183.584052638779	1513
187.807535865965	1545.40002441406
192.028143123741	1568.19995117188
196.245877247442	1599.90002441406
200.460741068677	1653
204.672737415346	1708.09997558594
208.881869111612	1777.30004882813
213.088138977939	1847.40002441406
217.291549831076	1883.90002441406
221.492104484081	1946
225.689805746317	2065.69995117188
229.884656423456	2140.39990234375
234.076659317495	2224.19995117188
238.265817226749	2293.19995117188
242.452132945872	2328.80004882813
246.635609265848	2443.69995117188
250.816248974007	2531.39990234375
254.994054854027	2632.69995117188
259.169029685945	2802.30004882813
263.341176246156	2976
267.510497307418	3198
271.676995638868	3374.5
275.840674006018	3565.19995117188
280.001535170768	3771.69995117188
284.159581891407	3745.89990234375
288.314816922617	3560
292.467243015492	3249.5
296.61686291752	2892.30004882813
300.763679372619	2450.89990234375
304.907695121115	2135.69995117188
309.048912899766	1882
313.187335441758	1698.69995117188
317.322965476721	1581.80004882813
321.455805730715	1476.09997558594
325.585858926265	1412.30004882813
329.713127782339	1374
333.837615014372	1339.09997558594
337.959323334268	1311.19995117188
342.07825545039	1287.09997558594
346.194414067597	1267.5
350.307801887216	1250.5
354.418421607069	1239.30004882813
358.526275921479	1240.69995117188
362.631367521261	1228.80004882813
366.733699093741	1210
370.833273322758	1201.5
374.930092888661	1208.40002441406
379.024160468332	1205.09997558594
383.115478735178	1207.5
387.204050359142	1199.19995117188
391.289878006702	1191.59997558594
395.37296434089	1195.69995117188
399.453312021285	1185.90002441406
403.530923704019	1185.69995117188
407.605802041799	1183.5
411.677949683886	1174.30004882813
415.747369276126	1176.40002441406
419.814063460936	1173.90002441406
423.87803487732	1169.5
427.939286160879	1171.69995117188
431.997819943799	1170.09997558594
436.053638854881	1167.19995117188
440.106745519513	1163.09997558594
444.157142559716	1158.5
448.204832594115	1158
452.249818237968	1154.69995117188
456.292102103149	1151.09997558594
460.331686798183	1149.90002441406
464.368574928217	1155.80004882813
468.402769095058	1150.30004882813
472.434271897151	1160.59997558594
476.463085929604	1155.80004882813
480.489213784189	1154.5
484.512658049335	1156
488.533421310149	1155.19995117188
492.551506148414	1153.09997558594
496.566915142599	1155
500.579650867849	1158.90002441406
504.589715896022	1153.90002441406
508.597112795654	1150.30004882813
512.601844132	1158.30004882813
516.603912467011	1154.09997558594
520.603320359369	1151
524.600070364458	1153.40002441406
528.5941650344	1151
532.585606918042	1151.59997558594
536.574398560961	1156.30004882813
540.560542505487	1148.90002441406
544.544041290686	1150.90002441406
548.524897452379	1155.19995117188
552.50311352314	1152.09997558594
556.478692032308	1156.09997558594
560.45163550599	1147.69995117188
564.421946467059	1144.40002441406
568.389627435166	1148.69995117188
572.354680926751	1149.19995117188
576.317109455037	1149.80004882813
580.276915530032	1145.09997558594
584.234101658558	1152.69995117188
588.188670344219	1146.59997558594
592.140624087445	1146.59997558594
596.089965385468	1147.19995117188
600.036696732344	1145.59997558594
603.980820618945	1146.19995117188
607.922339532976	1150.80004882813
611.861255958976	1155.09997558594
615.797572378321	1159.19995117188
619.731291269227	1152.09997558594
623.662415106761	1151.30004882813
627.590946362839	1155.09997558594
631.516887506242	1154.09997558594
635.440241002613	1157.59997558594
639.361009314457	1158.80004882813
643.27919490116	1157.90002441406
647.194800218976	1160.69995117188
651.107827721053	1158.40002441406
655.018279857421	1153.19995117188
658.926159075002	1152.09997558594
662.831467817618	1158.5
666.734208525996	1153.5
670.634383637767	1149.59997558594
674.531995587475	1150.30004882813
678.42704680658	1152.19995117188
682.319539723472	1157.30004882813
686.209476763458	1153.09997558594
690.096860348783	1152.09997558594
693.981692898628	1152.40002441406
697.863976829113	1148.19995117188
701.743714553311	1150.40002441406
705.62090848124	1146.80004882813
709.495561019875	1157
713.367674573156	1148.30004882813
717.237251541986	1151.09997558594
721.104294324238	1150.30004882813
724.968805314764	1154.30004882813
728.830786905391	1147.69995117188
732.690241484933	1151
736.547171439196	1151.30004882813
740.401579150977	1153.09997558594
744.253467000077	1156.59997558594
748.102837363294	1155
751.94969261444	1154.5
755.794035124339	1153.40002441406
759.635867260831	1149.59997558594
763.475191388781	1154.90002441406
767.312009870082	1157.80004882813
771.146325063657	1157.80004882813
774.978139325464	1159.40002441406
778.80745500851	1160.59997558594
782.63427446284	1160.19995117188
786.458600035548	1153.90002441406
790.280434070797	1151.19995117188
794.099778909792	1158.59997558594
797.916636890816	1157.69995117188
801.731010349219	1157.69995117188
805.542901617415	1156.80004882813
809.352313024909	1149.69995117188
813.159246898279	1150.90002441406
816.963705561198	1163.5
820.765691334426	1160
824.56520653582	1149.40002441406
828.362253480343	1153.19995117188
832.156834480058	1158.80004882813
835.94895184414	1151.19995117188
839.738607878876	1156.80004882813
843.52580488768	1156.40002441406
847.310545171082	1157.59997558594
851.092831026744	1162
854.872664749458	1162.80004882813
858.650048631155	1155.69995117188
862.424984960907	1155.69995117188
866.197476024934	1167.90002441406
869.967524106601	1159
873.735131486436	1163.69995117188
877.500300442118	1154.5
881.263033248499	1155.09997558594
885.023332177587	1165
888.781199498577	1157.69995117188
892.53663747783	1160.90002441406
896.28964837889	1155.90002441406
900.040234462493	1149.59997558594
903.788397986559	1152.69995117188
907.534141206205	1159.09997558594
911.277466373749	1158.59997558594
915.018375738706	1154.90002441406
918.756871547803	1153.09997558594
922.492956044981	1162.69995117188
926.226631471392	1166
929.95790006541	1164.90002441406
933.686764062641	1162.19995117188
937.413225695909	1158.5
941.137287195276	1157.30004882813
944.858950788045	1159.19995117188
948.578218698761	1157.59997558594
952.295093149208	1160.5
956.009576358427	1160.90002441406
959.721670542712	1161.19995117188
963.431377915619	1166.09997558594
967.138700687961	1158.5
970.843641067824	1153.69995117188
974.546201260566	1159.80004882813
978.246383468816	1155.09997558594
981.944189892486	1157.59997558594
985.639622728775	1157.09997558594
989.332684172165	1155.59997558594
993.023376414439	1154.30004882813
996.711701644666	1159.40002441406
1000.39766204923	1158.19995117188
1004.0812598118	1160.69995117188
1007.76249711338	1163.30004882813
1011.44137613226	1159.69995117188
1015.11789904408	1153.19995117188
1018.79206802177	1152
1022.4638852356	1165.40002441406
1026.13335285318	1172.30004882813
1029.80047303944	1161.09997558594
1033.46524795664	1156.19995117188
1037.12767976442	1156.30004882813
1040.78777061972	1154.30004882813
1044.44552267686	1153.59997558594
1048.1009380875	1151.5
1051.75401900067	1152.80004882813
1055.40476756277	1153.80004882813
1059.05318591753	1149.59997558594
1062.6992762061	1147.30004882813
1066.34304056696	1154.19995117188
1069.984481136	1155.19995117188
1073.62360004648	1156.80004882813
1077.26039942905	1159.90002441406
1080.89488141175	1155.5
1084.52704812002	1155
1088.15690167668	1151.90002441406
1091.78444420198	1157.90002441406
1095.40967781355	1154.69995117188
1099.03260462646	1157.5
1102.65322675317	1159.19995117188
1106.27154630357	1156.30004882813
1109.88756538497	1163.40002441406
1113.5012861021	1160
1117.11271055714	1159.09997558594
1120.72184084969	1157.5
1124.32867907679	1161.80004882813
1127.93322733291	1172.40002441406
1131.53548771	1165.69995117188
1135.13546229742	1159.09997558594
1138.73315318201	1155.09997558594
1142.32856244807	1156.40002441406
1145.92169217734	1169.90002441406
1149.51254444904	1165.59997558594
1153.10112133986	1168.30004882813
1156.68742492397	1170.30004882813
1160.27145727299	1161
1163.85322045605	1157.19995117188
1167.43271653976	1164.09997558594
1171.0099475882	1162.80004882813
1174.58491566296	1170.19995117188
1178.15762282312	1172.30004882813
1181.72807112526	1168.80004882813
1185.29626262347	1162.19995117188
1188.86219936934	1163.90002441406
1192.42588341198	1159.30004882813
1195.98731679799	1168.90002441406
1199.54650157154	1163.40002441406
1203.10343977426	1163.19995117188
1206.65813344536	1157
1210.21058462154	1160.90002441406
1213.76079533707	1166.80004882813
1217.30876762372	1165.5
1220.85450351084	1160.5
1224.39800502529	1169.80004882813
1227.93927419151	1165.30004882813
1231.47831303147	1160
1235.0151235647	1160.69995117188
1238.5497078083	1160.40002441406
1242.08206777692	1165.90002441406
1245.6122054828	1172.40002441406
1249.14012293572	1165.59997558594
1252.66582214306	1165.09997558594
1256.18930510976	1173.19995117188
1259.71057383837	1169.59997558594
1263.22963032898	1170.5
1266.74647657932	1168.40002441406
1270.26111458467	1173.19995117188
1273.77354633794	1166.5
1277.28377382961	1164.59997558594
1280.79179904779	1169.5
1284.29762397819	1169.59997558594
1287.80125060412	1173.90002441406
1291.30268090652	1175.69995117188
1294.80191686393	1160.30004882813
1298.29896045253	1166.19995117188
1301.79381364611	1161.40002441406
1305.28647841611	1163.09997558594
1308.77695673158	1177.19995117188
1312.26525055921	1165.19995117188
1315.75136186334	1171
1319.23529260595	1163
1322.71704474666	1171.5
1326.19662024275	1175.69995117188
1329.67402104914	1169.19995117188
1333.14924911842	1165.09997558594
1336.62230640084	1177.59997558594
1340.0931948443	1178.90002441406
1343.56191639439	1166.69995117188
1347.02847299435	1165.90002441406
1350.49286658511	1166.69995117188
1353.95509910526	1166.09997558594
1357.41517249111	1169.09997558594
1360.8730886766	1158.59997558594
1364.3288495934	1161.40002441406
1367.78245717087	1174.80004882813
1371.23391333603	1167.30004882813
1374.68322001365	1160.30004882813
1378.13037912617	1162.40002441406
1381.57539259373	1172.09997558594
1385.0182623342	1167.90002441406
1388.45899026315	1167.69995117188
1391.89757829388	1168.19995117188
1395.33402833739	1175.90002441406
1398.76834230242	1174.30004882813
1402.20052209542	1164.09997558594
1405.63056962059	1165
1409.05848677984	1166
1412.48427547283	1161.40002441406
1415.90793759696	1167.40002441406
1419.32947504738	1163.5
1422.74888971697	1172.59997558594
1426.16618349636	1168.5
1429.58135827394	1166.69995117188
1432.99441593587	1178.30004882813
1436.40535836606	1179.40002441406
1439.81418744616	1164.80004882813
1443.22090505562	1163.59997558594
1446.62551307164	1170.80004882813
1450.0280133692	1170.5
1453.42840782107	1165.59997558594
1456.82669829777	1167.59997558594
1460.22288666762	1161.90002441406
1463.61697479673	1158.19995117188
1467.00896454899	1171.69995117188
1470.3988577861	1170.90002441406
1473.78665636752	1164.59997558594
1477.17236215056	1159.90002441406
1480.55597699029	1165.30004882813
1483.9375027396	1174.40002441406
1487.31694124921	1173.69995117188
1490.69429436761	1172.69995117188
1494.06956394113	1165.5
1497.44275181394	1174.69995117188
1500.81385982799	1177.40002441406
1504.18288982308	1175.69995117188
1507.54984363684	1165.40002441406
1510.91472310471	1179.80004882813
1514.27753006	1184.69995117188
1517.63826633383	1179.40002441406
1520.99693375517	1163.09997558594
1524.35353415083	1166.40002441406
1527.70806934547	1182.90002441406
1531.06054116162	1180.19995117188
1534.41095141963	1178.19995117188
1537.75930193773	1176.5
1541.105594532	1172.59997558594
1544.44983101639	1174.90002441406
1547.79201320272	1169.59997558594
1551.13214290067	1176.90002441406
1554.4702219178	1180.90002441406
1557.80625205954	1181
1561.1402351292	1174.80004882813
1564.47217292798	1170.69995117188
1567.80206725495	1168.40002441406
1571.12991990709	1175.5
1574.45573267926	1176
1577.7795073642	1173.30004882813
1581.10124575258	1183.80004882813
1584.42094963294	1176.69995117188
1587.73862079174	1165.69995117188
1591.05426101335	1169.40002441406
1594.36787208004	1175
1597.679455772	1181.90002441406
1600.98901386733	1173
1604.29654814206	1170.30004882813
1607.60206037012	1165.5
1610.90555232339	1173.19995117188
1614.20702577167	1167.40002441406
1617.50648248268	1162.09997558594
1620.8039242221	1156.5
1624.09935275352	1152.69995117188
1627.39276983848	1157.19995117188
1630.68417723648	1154.19995117188
1633.97357670494	1154.90002441406
1637.26096999925	1156.09997558594
1640.54635887273	1156.80004882813
1643.82974507668	1146
1647.11113036035	1148.5
1650.39051647094	1145
1653.66790515363	1143.59997558594
1656.94329815156	1140.5
1660.21669720584	1148.09997558594
1663.48810405556	1144.5
1666.75752043777	1138.40002441406
1670.02494808751	1134.59997558594
1673.29038873781	1138.90002441406
1676.55384411968	1139.19995117188
1679.8153159621	1137.80004882813
1683.07480599207	1141.69995117188
1686.33231593455	1139.09997558594
1689.58784751254	1136.19995117188
1692.84140244701	1130.80004882813
1696.09298245692	1136
1699.34258925927	1133.5
1702.59022456905	1132.80004882813
1705.83589009926	1133.90002441406
1709.07958756092	1134.80004882813
1712.32131866306	1129.40002441406
1715.56108511274	1130.59997558594
1718.79888861504	1132.5
1722.03473087304	1130
1725.2686135879	1128.30004882813
1728.50053845876	1129.40002441406
1731.73050718283	1134.5
1734.95852145533	1127.90002441406
1738.18458296955	1132.59997558594
1741.40869341679	1127.90002441406
1744.63085448642	1129.40002441406
1747.85106786585	1125
1751.06933524054	1127.80004882813
1754.28565829399	1134.09997558594
1757.50003870779	1129.09997558594
1760.71247816157	1119.5
1763.92297833301	1121.69995117188
1767.13154089788	1123.69995117188
1770.33816753	1122.40002441406
1773.54285990127	1123.40002441406
1776.74561968166	1120.90002441406
1779.94644853921	1120.69995117188
1783.14534814006	1120.80004882813
1786.34232014841	1119.19995117188
1789.53736622656	1120.90002441406
1792.73048803488	1124.40002441406
1795.92168723184	1117.5
1799.110965474	1118.80004882813
1802.29832441604	1118.40002441406
1805.48376571069	1117.90002441406
1808.66729100882	1118
1811.84890195939	1114.30004882813
1815.02860020947	1111.90002441406
1818.20638740424	1114.30004882813
1821.38226518699	1109.59997558594
1824.55623519911	1111.69995117188
1827.72829908013	1109.90002441406
1830.8984584677	1115.5
1834.06671499758	1114.5
1837.23307030365	1105.30004882813
1840.39752601794	1105.80004882813
1843.56008377059	1109.09997558594
1846.72074518988	1111.90002441406
1849.87951190225	1111.5
1853.03638553223	1112.59997558594
1856.19136770254	1108
1859.34446003401	1109
1862.49566414563	1106.19995117188
1865.64498165455	1105.19995117188
1868.79241417605	1107.40002441406
1871.93796332358	1106.90002441406
1875.08163070875	1112.19995117188
1878.22341794132	1108.09997558594
1881.36332662922	1107
1884.50135837853	1104
1887.63751479352	1104
1890.77179747661	1113.40002441406
1893.90420802842	1107.30004882813
1897.03474804772	1101.09997558594
1900.16341913147	1103.19995117188
1903.2902228748	1107.69995117188
1906.41516087104	1106.59997558594
1909.5382347117	1104.80004882813
1912.65944598647	1102.40002441406
1915.77879628324	1103
1918.89628718809	1101.90002441406
1922.01192028531	1100.59997558594
1925.12569715736	1098.90002441406
1928.23761938494	1097.19995117188
1931.34768854691	1098.19995117188
1934.45590622038	1097.40002441406
1937.56227398063	1100
1940.66679340119	1097
1943.76946605377	1090.09997558594
1946.87029350832	1090.5
1949.969277333	1096.09997558594
1953.06641909418	1096.09997558594
1956.1617203565	1091
1959.25518268276	1093.80004882813
1962.34680763404	1087.80004882813
1965.43659676964	1088.5
1968.52455164708	1085.40002441406
1971.61067382213	1087
1974.6949648488	1090.90002441406
1977.77742627934	1090
1980.85805966424	1090.59997558594
1983.93686655223	1089.80004882813
1987.01384849032	1082.90002441406
1990.08900702374	1089.09997558594
1993.16234369599	1094.80004882813
1996.23386004882	1092.5
1999.30355762223	1085.5
2002.37143795452	1082.80004882813
2005.4375025822	1077.30004882813
2008.50175304009	1083.69995117188
2011.56419086127	1084.30004882813
2014.62481757707	1080.09997558594
2017.68363471711	1077.40002441406
2020.74064380929	1085.40002441406
2023.79584637979	1083.40002441406
2026.84924395306	1076
2029.90083805184	1081.69995117188
2032.95063019715	1078.19995117188
2035.99862190831	1073.30004882813
2039.04481470292	1078.80004882813
2042.08921009688	1082.5
2045.13180960439	1077
2048.17261473794	1077.09997558594
2051.21162700831	1080.5
2054.24884792461	1075
2057.28427899423	1069.59997558594
2060.31792172288	1067.90002441406
2063.34977761459	1069
2066.37984817168	1073
2069.4081348948	1077.5
2072.4346392829	1072.80004882813
2075.45936283328	1073
2078.48230704154	1069.80004882813
2081.5034734016	1072.19995117188
2084.52286340572	1072.19995117188
2087.54047854449	1070.59997558594
2090.55632030681	1073.09997558594
2093.57039017994	1063.5
2096.58268964947	1066.5
2099.59322019931	1065.90002441406
2102.60198331172	1062.09997558594
2105.60898046733	1059.19995117188
2108.61421314506	1064.59997558594
2111.61768282224	1064.30004882813
2114.6193909745	1067.90002441406
2117.61933907584	1064.30004882813
2120.61752859863	1060.90002441406
2123.61396101357	1066.90002441406
2126.60863778973	1068.19995117188
2129.60156039456	1066.5
2132.59273029383	1065.69995117188
2135.58214895173	1065.19995117188
2138.56981783077	1069.09997558594
2141.55573839186	1061.30004882813
2144.53991209427	1063.80004882813
2147.52234039565	1057.59997558594
2150.50302475203	1061.19995117188
2153.48196661782	1052.30004882813
2156.45916744579	1056.90002441406
2159.43462868712	1060.80004882813
2162.40835179137	1056.5
2165.38033820649	1056.80004882813
2168.3505893788	1058.5
2171.31910675305	1059.09997558594
2174.28589177236	1061.19995117188
2177.25094587824	1054.40002441406
2180.21427051063	1052.80004882813
2183.17586710784	1058.80004882813
2186.13573710661	1055.80004882813
2189.09388194207	1056.19995117188
2192.05030304776	1056.59997558594
2195.00500185563	1051.90002441406
2197.95797979607	1058.30004882813
2200.90923829783	1054.09997558594
2203.85877878814	1052.80004882813
2206.8066026926	1054.5
2209.75271143526	1052.69995117188
2212.69710643858	1047.40002441406
2215.63978912345	1048.59997558594
2218.58076090919	1050.59997558594
2221.52002321356	1048
2224.45757745274	1053.40002441406
2227.39342504133	1055.90002441406
2230.3275673924	1046.5
2233.26000591745	1050.5
2236.1907420264	1055.69995117188
2239.11977712763	1046.90002441406
2242.04711262797	1045.69995117188
2244.97274993269	1046.40002441406
2247.89669044551	1046
2250.81893556861	1042.90002441406
2253.7394867026	1046.59997558594
2256.65834524659	1047
2259.57551259811	1044
2262.49099015316	1036.90002441406
2265.4047793062	1036.59997558594
2268.31688145018	1040.09997558594
2271.22729797648	1044.69995117188
2274.13603027498	1047.19995117188
2277.04307973401	1043.19995117188
2279.94844774038	1034.90002441406
2282.85213567938	1040.59997558594
2285.75414493477	1043.19995117188
2288.6544768888	1044.80004882813
2291.55313292218	1042.19995117188
2294.45011441414	1034.19995117188
2297.34542274236	1036.40002441406
2300.23905928303	1035
2303.13102541082	1037.90002441406
2306.02132249888	1036.69995117188
2308.90995191889	1039
2311.796915041	1035.40002441406
2314.68221323385	1039.5
2317.56584786461	1042.09997558594
2320.44782029892	1036.80004882813
2323.32813190095	1035.09997558594
2326.20678403336	1034
2329.08377805733	1030.80004882813
2331.95911533254	1031.59997558594
2334.83279721719	1032.59997558594
2337.704825068	1034.90002441406
2340.57520024018	1036.19995117188
2343.4439240875	1036.59997558594
2346.31099796222	1030.59997558594
2349.17642321512	1032.5
2352.04020119553	1033.69995117188
2354.90233325129	1031.30004882813
2357.76282072877	1027.09997558594
2360.62166497286	1025.69995117188
2363.47886732702	1031
2366.3344291332	1030.80004882813
2369.18835173191	1031.19995117188
2372.04063646221	1026.19995117188
2374.89128466166	1024.19995117188
2377.74029766641	1023.59997558594
2380.58767681113	1023.5
2383.43342342903	1022.90002441406
2386.27753885189	1027.09997558594
2389.12002441002	1025.19995117188
2391.9608814323	1024.90002441406
2394.80011124616	1023.79998779297
2397.63771517757	1024.19995117188
2400.47369455109	1023
2403.30805068981	1020.20001220703
2406.14078491539	1023.09997558594
2408.97189854808	1021
2411.80139290666	1020.70001220703
2414.6292693085	1020.40002441406
2417.45552906953	1022
2420.28017350426	1022.40002441406
2423.10320392577	1019.40002441406
2425.92462164572	1018.09997558594
2428.74442797434	1017.90002441406
2431.56262422045	1020.70001220703
2434.37921169145	1016.79998779297
2437.19419169331	1019.79998779297
2440.0075655306	1017
2442.81933450648	1017.09997558594
2445.62949992269	1017.70001220703
2448.43806307957	1018.09997558594
2451.24502527604	1014.70001220703
2454.05038780962	1012.5
2456.85415197645	1012.79998779297
2459.65631907123	1016.59997558594
2462.4568903873	1013.70001220703
2465.25586721656	1014.59997558594
2468.05325084956	1014.5
2470.84904257543	1012.70001220703
2473.64324368191	1011.09997558594
2476.43585545535	1009.5
2479.22687918073	1010.59997558594
2482.01631614162	1011.59997558594
2484.80416762021	1005.79998779297
2487.59043489733	1009.29998779297
2490.37511925241	1010.5
2493.15822196351	1012.5
2495.93974430729	1009.20001220703
2498.71968755907	1006.70001220703
2501.49805299279	1005.5
2504.27484188099	1005.09997558594
2507.05005549487	1002.90002441406
2509.82369510426	1006.79998779297
2512.59576197762	1007.40002441406
2515.36625738204	1005.5
2518.13518258325	1002.29998779297
2520.90253884563	1005
2523.66832743219	1001.20001220703
2526.4325496046	1000.40002441406
2529.19520662315	1000.20001220703
2531.95629974681	1000.70001220703
2534.71583023316	1001.59997558594
2537.47379933848	997.400024414063
2540.23020831764	999.299987792969
2542.98505842423	998
2545.73835091045	999.299987792969
2548.49008702718	998.099975585938
2551.24026802396	999.200012207031
2553.98889514897	997.900024414063
2556.73596964909	1000.59997558594
2559.48149276982	996.200012207031
2562.22546575538	1000.40002441406
2564.96788984861	998.099975585938
2567.70876629106	996.099975585938
2570.44809632291	997.099975585938
2573.18588118307	999.200012207031
2575.92212210906	995.400024414063
2578.65682033715	996.400024414063
2581.38997710222	998.599975585938
2584.12159363789	995.400024414063
2586.85167117641	995.099975585938
2589.58021094877	995.599975585938
2592.3072141846	996.400024414063
2595.03268211224	992.599975585938
2597.75661595872	992.5
2600.47901694975	995.900024414063
2603.19988630976	993.299987792969
2605.91922526185	991.5
2608.63703502782	992.099975585938
2611.35331682818	991
2614.06807188212	992.900024414063
2616.78130140757	990.200012207031
2619.49300662113	988.5
2622.20318873812	988.900024414063
2624.91184897255	992.200012207031
2627.61898853717	991.900024414063
2630.32460864343	990.200012207031
2633.02871050146	990.400024414063
2635.73129532016	986.5
2638.4323643071	985.099975585938
2641.13191866859	984.299987792969
2643.82995960966	984.5
2646.52648833405	989.400024414063
2649.22150604423	991.900024414063
2651.91501394139	990.299987792969
2654.60701322546	985.400024414063
2657.29750509509	983.599975585938
2659.98649074764	983.200012207031
2662.67397137923	984.200012207031
2665.35994818471	984.299987792969
2668.04442235764	985
2670.72739509034	984.900024414063
2673.40886757386	984.400024414063
2676.088840998	983.700012207031
2678.76731655128	983.400024414063
2681.44429542098	980.700012207031
2684.11977879312	981.900024414063
2686.79376785247	985.400024414063
2689.46626378254	984.400024414063
2692.13726776559	982.900024414063
2694.80678098265	978.299987792969
2697.47480461347	981
2700.14133983659	980.299987792969
2702.80638782928	977.400024414063
2705.46994976757	981.200012207031
2708.13202682628	981.299987792969
2710.79262017895	982.700012207031
2713.4517309979	982.900024414063
2716.10936045423	982
2718.76550971778	981.700012207031
2721.42017995717	981.099975585938
2724.07337233979	979.299987792969
2726.72508803181	979.200012207031
2729.37532819815	978.099975585938
2732.02409400252	978.599975585938
2734.6713866074	980
2737.31720717406	978.799987792969
2739.96155686253	980.299987792969
2742.60443683162	977.5
2745.24584823896	976.099975585938
2747.88579224091	978.299987792969
2750.52426999266	978.5
2753.16128264815	975.200012207031
2755.79683136014	977.5
2758.43091728017	978.5
2761.06354155856	975.799987792969
2763.69470534443	974.900024414063
2766.32440978571	974.200012207031
2768.9526560291	974.099975585938
2771.57944522013	971.299987792969
2774.2047785031	972.099975585938
2776.82865702112	972.900024414063
2779.45108191611	975.200012207031
2782.0720543288	972.099975585938
2784.69157539871	971.900024414063
2787.30964626418	973.200012207031
2789.92626806234	971.5
2792.54144192915	972.299987792969
2795.15516899939	971.900024414063
2797.76745040662	969.400024414063
2800.37828728325	970.599975585938
2802.98768076049	967.099975585938
2805.59563196837	968.700012207031
2808.20214203574	969.099975585938
2810.80721209028	969.5
2813.41084325847	969
2816.01303666564	968.700012207031
2818.61379343595	970.900024414063
2821.21311469235	970.200012207031
2823.81100155666	968.400024414063
2826.40745514951	969.799987792969
2829.00247659037	968.700012207031
2831.59606699754	968.099975585938
2834.18822748815	969.099975585938
2836.77895917817	968.5
2839.36826318243	967.799987792969
2841.95614061456	971.099975585938
2844.54259258707	971.700012207031
2847.12762021128	968.799987792969
2849.71122459738	968.099975585938
2852.29340685439	969
2854.87416809019	969
2857.4535094115	967.400024414063
2860.03143192389	966.599975585938
2862.60793673178	967.200012207031
2865.18302493845	967.599975585938
2867.75669764604	968
2870.32895595553	967.400024414063
2872.89980096678	967.099975585938
2875.46923377848	965.599975585938
2878.0372554882	965
2880.60386719239	964.799987792969
2883.16906998631	965.599975585938
2885.73286496415	966.799987792969
2888.29525321891	964.900024414063
2890.8562358425	966.400024414063
2893.41581392567	967
2895.97398855807	966.900024414063
2898.5307608282	964.299987792969
2901.08613182343	963
2903.64010263003	963.200012207031
2906.19267433313	959.799987792969
2908.74384801673	959.599975585938
2911.29362476374	962.299987792969
2913.84200565592	961.400024414063
2916.38899177394	959.5
2918.93458419732	959.900024414063
2921.4787840045	958.799987792969
2924.02159227279	961.599975585938
2926.56301007838	959.299987792969
2929.10303849638	962
2931.64167860076	961.299987792969
2934.1789314644	959.299987792969
2936.71479815906	956.799987792969
2939.24927975542	956.299987792969
2941.78237732303	956
2944.31409193036	957.299987792969
2946.84442464477	956.5
2949.37337653251	954.5
2951.90094865876	956.200012207031
2954.42714208758	955.299987792969
2956.95195788195	952.700012207031
2959.47539710375	954.299987792969
2961.99746081377	954
2964.5181500717	953.400024414063
2967.03746593617	953.099975585938
2969.5554094647	953.700012207031
2972.07198171371	953.299987792969
2974.58718373858	952.400024414063
2977.10101659355	952
2979.61348133184	953.599975585938
2982.12457900554	952.099975585938
2984.63431066567	950.5
2987.1426773622	950.200012207031
2989.649680144	949.299987792969
2992.15532005887	949.599975585938
2994.65959815353	950.700012207031
2997.16251547364	950.5
2999.66407306379	949.400024414063
3002.16427196748	950.599975585938
3004.66311322716	950.400024414063
3007.16059788422	948.099975585938
3009.65672697897	950.200012207031
3012.15150155066	949.5
3014.64492263748	949.400024414063
3017.13699127655	947.400024414063
3019.62770850394	947.700012207031
3022.11707535466	945.400024414063
3024.60509286267	948.900024414063
3027.09176206085	947
3029.57708398106	947
3032.06105965407	946.400024414063
3034.54369010963	944.900024414063
3037.02497637642	946.599975585938
3039.50491948207	946.700012207031
3041.98352045319	945.099975585938
3044.4607803153	945
3046.93670009292	944.599975585938
3049.41128080949	944
3051.88452348743	944.099975585938
3054.3564291481	945.700012207031
3056.82699881185	944
3059.29623349795	943.299987792969
3061.76413422468	944.099975585938
3064.23070200924	943.700012207031
3066.69593786783	942.299987792969
3069.1598428156	943.700012207031
3071.62241786667	943.299987792969
3074.08366403413	942.900024414063
3076.54358233003	941.099975585938
3079.00217376543	943.700012207031
3081.45943935031	943.599975585938
3083.91538009367	942.099975585938
3086.36999700346	940.700012207031
3088.82329108662	942.799987792969
3091.27526334905	941.700012207031
3093.72591479567	941.799987792969
3096.17524643033	940.200012207031
3098.6232592559	940.5
3101.06995427422	939.799987792969
3103.51533248612	940.299987792969
3105.95939489141	940.700012207031
3108.40214248889	939.099975585938
3110.84357627634	940.900024414063
3113.28369725056	939.599975585938
3115.72250640732	939.900024414063
3118.16000474136	939
3120.59619324647	939
3123.03107291538	939.400024414063
3125.46464473985	938.700012207031
3127.89690971063	938.900024414063
3130.32786881747	938.799987792969
3132.75752304911	939
3135.18587339331	938.599975585938
3137.61292083682	939
3140.03866636539	938.099975585938
3142.46311096378	938
3144.88625561578	937.099975585938
3147.30810130414	937.5
3149.72864901067	937.200012207031
3152.14789971616	936.900024414063
3154.56585440041	936.299987792969
3156.98251404225	936.400024414063
3159.39787961952	936.799987792969
3161.81195210906	936.799987792969
3164.22473248675	936.299987792969
3166.63622172746	936.5
3169.04642080512	935.400024414063
3171.45533069264	935.200012207031
3173.86295236196	935.5
3176.26928678408	935.599975585938
3178.67433492896	935.900024414063
3181.07809776564	936.5
3183.48057626216	935.400024414063
3185.88177138561	935.900024414063
3188.28168410206	934.099975585938
3190.68031537668	935
3193.07766617362	935.400024414063
