-159.407803815973	983
-154.947830007008	985.299987792969
-150.490968490979	985.200012207031
-146.037216117413	986
-141.586569740106	984
-137.139026217103	986.099975585938
-132.694582410678	986.900024414063
-128.253235187354	987.299987792969
-123.814981417865	986.200012207031
-119.379817977176	987.299987792969
-114.947741744455	985.700012207031
-110.518749603085	986.200012207031
-106.092838440642	987.299987792969
-101.670005148889	988
-97.2502466237804	987.599975585938
-92.8335597654442	988.599975585938
-88.4199414781749	989.700012207031
-84.0093886704365	989.099975585938
-79.6018982548449	989
-75.1974671481675	991.700012207031
-70.7960922713078	993.599975585938
-66.3977705493088	993.599975585938
-62.002498911343	996.900024414063
-57.6102742907014	999.599975585938
-53.2210936247867	1001.40002441406
-48.8349538551175	1007.29998779297
-44.451851927303	1015.20001220703
-40.0717847910491	1039.59997558594
-35.6947494001532	1102.5
-31.3207427124846	1288.80004882813
-26.9497616899924	1766.09997558594
-22.5818032986859	2862.89990234375
-18.2168645086443	4296.2998046875
-13.854942293982	4958.2998046875
-9.49603363287376	9477.7998046875
-5.14013550753271	16892
-0.787244904192759	20444.80078125
3.56264118687236	19767.30078125
7.90952577138346	9314
12.2534118510368	2489.80004882813
16.5943024235328	1338.19995117188
20.9322004825662	1077.5
25.267109017844	1016.09997558594
29.5990310150879	1006.59997558594
33.9279694560394	1009.40002441406
38.2539273184685	1026
42.576907576176	1048.90002441406
46.89691319901	1080.90002441406
51.2139471528627	1117.30004882813
55.5280123996809	1144.40002441406
59.8391118974709	1167.40002441406
64.1472486003118	1185.5
68.4524254583481	1207.59997558594
72.754645417812	1220.69995117188
77.0539114210196	1243.59997558594
81.3502264063804	1273.90002441406
85.6435933084041	1310.69995117188
89.9340150577072	1346.59997558594
94.221494581019	1406.80004882813
98.5060348011868	1474
102.787638637184	1553.90002441406
107.06630900412	1643.19995117188
111.342048813235	1748
115.614860971923	1877.69995117188
119.88474838372	2014.69995117188
124.151713948329	2173.10009765625
128.41576056161	2359.39990234375
132.6768911156	2564.80004882813
136.935108498506	2835.89990234375
141.190415594721	3127.89990234375
145.442815284827	3369.80004882813
149.692310445601	3665
153.938903950025	3894.60009765625
158.182598667288	4053.69995117188
162.42339746279	4113.39990234375
166.661303198153	4106.7998046875
170.896318731233	4037.19995117188
175.128446916106	3955.69995117188
179.357690603098	3938.19995117188
183.584052638779	3965.19995117188
187.807535865965	3937.10009765625
192.028143123741	4002.10009765625
196.245877247442	4145.39990234375
200.460741068677	4342.2998046875
204.672737415346	4527.60009765625
208.881869111612	4809.5
213.088138977939	5195.60009765625
217.291549831076	5569.5
221.492104484081	5959.5
225.689805746317	6559.39990234375
229.884656423456	6976.7998046875
234.076659317495	7440.2001953125
238.265817226749	7740.60009765625
242.452132945872	7599.2001953125
246.635609265848	7211.10009765625
250.816248974007	6459.2998046875
254.994054854027	5705
259.169029685945	4942.89990234375
263.341176246156	4316.60009765625
267.510497307418	3797
271.676995638868	3431
275.840674006018	3191.60009765625
280.001535170768	2982.30004882813
284.159581891407	2817.19995117188
288.314816922617	2706.60009765625
292.467243015492	2619.69995117188
296.61686291752	2538.10009765625
300.763679372619	2461.60009765625
304.907695121115	2413.80004882813
309.048912899766	2372.39990234375
313.187335441758	2386.69995117188
317.322965476721	2355.39990234375
321.455805730715	2353.10009765625
325.585858926265	2339.39990234375
329.713127782339	2320.89990234375
333.837615014372	2271.60009765625
337.959323334268	2260.69995117188
342.07825545039	2222.60009765625
346.194414067597	2220.69995117188
350.307801887216	2209.80004882813
354.418421607069	2185
358.526275921479	2190.69995117188
362.631367521261	2170.60009765625
366.733699093741	2167.19995117188
370.833273322758	2173.10009765625
374.930092888661	2151.5
379.024160468332	2152.30004882813
383.115478735178	2126.39990234375
387.204050359142	2157.5
391.289878006702	2154.60009765625
395.37296434089	2139.30004882813
399.453312021285	2139.69995117188
403.530923704019	2130.39990234375
407.605802041799	2122.80004882813
411.677949683886	2144.80004882813
415.747369276126	2137.60009765625
419.814063460936	2121.69995117188
423.87803487732	2119
427.939286160879	2121.80004882813
431.997819943799	2126.30004882813
436.053638854881	2126.80004882813
440.106745519513	2111
444.157142559716	2111
448.204832594115	2103
452.249818237968	2102.19995117188
456.292102103149	2072.69995117188
460.331686798183	2063.5
464.368574928217	2074.69995117188
468.402769095058	2073.5
472.434271897151	2067.80004882813
476.463085929604	2072.5
480.489213784189	2047.90002441406
484.512658049335	2051.80004882813
488.533421310149	2061
492.551506148414	2060.39990234375
496.566915142599	2047.30004882813
500.579650867849	2056.19995117188
504.589715896022	2040.69995117188
508.597112795654	2042.59997558594
512.601844132	2053.89990234375
516.603912467011	2028.30004882813
520.603320359369	2047.80004882813
524.600070364458	2042
528.5941650344	2045.19995117188
532.585606918042	2046.30004882813
536.574398560961	2058.10009765625
540.560542505487	2051.80004882813
544.544041290686	2056.80004882813
548.524897452379	2057.5
552.50311352314	2062.10009765625
556.478692032308	2065.30004882813
560.45163550599	2027.59997558594
564.421946467059	2025.19995117188
568.389627435166	2023.30004882813
572.354680926751	2048.80004882813
576.317109455037	2048.5
580.276915530032	2036.90002441406
584.234101658558	2022.59997558594
588.188670344219	2010.09997558594
592.140624087445	1993.40002441406
596.089965385468	2005.5
600.036696732344	2012.19995117188
603.980820618945	2008.90002441406
607.922339532976	2026.90002441406
611.861255958976	2018.30004882813
615.797572378321	2026.40002441406
619.731291269227	2006.80004882813
623.662415106761	2040.09997558594
627.590946362839	2049.10009765625
631.516887506242	2043.09997558594
635.440241002613	2043.59997558594
639.361009314457	2035.09997558594
643.27919490116	2045.59997558594
647.194800218976	2048.60009765625
651.107827721053	2043.69995117188
655.018279857421	2039.5
658.926159075002	2038.90002441406
662.831467817618	2011.80004882813
666.734208525996	2012.19995117188
670.634383637767	2035.69995117188
674.531995587475	2033.59997558594
678.42704680658	2036.09997558594
682.319539723472	2040.59997558594
686.209476763458	2029.40002441406
690.096860348783	2020.69995117188
693.981692898628	2016.80004882813
697.863976829113	2013.5
701.743714553311	1998.19995117188
705.62090848124	2009.09997558594
709.495561019875	2017
713.367674573156	2036
717.237251541986	2043.09997558594
721.104294324238	2079
724.968805314764	2131.19995117188
728.830786905391	2148.19995117188
732.690241484933	2173.69995117188
736.547171439196	2131
740.401579150977	2057.30004882813
744.253467000077	2035.69995117188
748.102837363294	2042.90002441406
751.94969261444	2018.40002441406
755.794035124339	2018
759.635867260831	2010.40002441406
763.475191388781	2003.69995117188
767.312009870082	2005.09997558594
771.146325063657	2024.09997558594
774.978139325464	2019.69995117188
778.80745500851	1999.5
782.63427446284	2023.80004882813
786.458600035548	2015.19995117188
790.280434070797	2009.19995117188
794.099778909792	1986
797.916636890816	2001.80004882813
801.731010349219	2009.69995117188
805.542901617415	2004.59997558594
809.352313024909	2014.69995117188
813.159246898279	1985.30004882813
816.963705561198	1983.5
820.765691334426	1999.40002441406
824.56520653582	1980.09997558594
828.362253480343	1997.19995117188
832.156834480058	1979
835.94895184414	1958.69995117188
839.738607878876	1969.5
843.52580488768	1986
847.310545171082	1980.90002441406
851.092831026744	1989.80004882813
854.872664749458	1986.40002441406
858.650048631155	1984.59997558594
862.424984960907	1997.69995117188
866.197476024934	1974.90002441406
869.967524106601	2004
873.735131486436	1990.40002441406
877.500300442118	1999.40002441406
881.263033248499	1987.69995117188
885.023332177587	1988.30004882813
888.781199498577	1988.59997558594
892.53663747783	1970.80004882813
896.28964837889	1971
900.040234462493	1986.59997558594
903.788397986559	1997.40002441406
907.534141206205	1975.69995117188
911.277466373749	1991.40002441406
915.018375738706	1995.30004882813
918.756871547803	1994.5
922.492956044981	1968.09997558594
926.226631471392	1979.69995117188
929.95790006541	1984.90002441406
933.686764062641	1978
937.413225695909	1974.69995117188
941.137287195276	1973.69995117188
944.858950788045	1967.69995117188
948.578218698761	1962.90002441406
952.295093149208	1974
956.009576358427	1977.5
959.721670542712	1961.80004882813
963.431377915619	1968.30004882813
967.138700687961	1965.30004882813
970.843641067824	1961.19995117188
974.546201260566	1956.40002441406
978.246383468816	1967.30004882813
981.944189892486	1958.69995117188
985.639622728775	1953.40002441406
989.332684172165	1953.40002441406
993.023376414439	1949.59997558594
996.711701644666	1949.90002441406
1000.39766204923	1945.5
1004.0812598118	1952.90002441406
1007.76249711338	1969.40002441406
1011.44137613226	1948.19995117188
1015.11789904408	1943.5
1018.79206802177	1948.69995117188
1022.4638852356	1959.69995117188
1026.13335285318	1970.19995117188
1029.80047303944	1960.59997558594
1033.46524795664	1957.40002441406
1037.12767976442	1941.59997558594
1040.78777061972	1939
1044.44552267686	1923.09997558594
1048.1009380875	1929.09997558594
1051.75401900067	1916.40002441406
1055.40476756277	1913.69995117188
1059.05318591753	1940.09997558594
1062.6992762061	1955
1066.34304056696	1922.40002441406
1069.984481136	1920.5
1073.62360004648	1919.80004882813
1077.26039942905	1928
1080.89488141175	1926.40002441406
1084.52704812002	1915
1088.15690167668	1936
1091.78444420198	1937
1095.40967781355	1938.5
1099.03260462646	1914.09997558594
1102.65322675317	1912.80004882813
1106.27154630357	1945
1109.88756538497	1939.69995117188
1113.5012861021	1927.90002441406
1117.11271055714	1929
1120.72184084969	1930.90002441406
1124.32867907679	1938.69995117188
1127.93322733291	1936.69995117188
1131.53548771	1910.40002441406
1135.13546229742	1918.09997558594
1138.73315318201	1915.30004882813
1142.32856244807	1920.80004882813
1145.92169217734	1925.59997558594
1149.51254444904	1912.69995117188
1153.10112133986	1914.80004882813
1156.68742492397	1934.09997558594
1160.27145727299	1911.40002441406
1163.85322045605	1928
1167.43271653976	1930.80004882813
1171.0099475882	1909
1174.58491566296	1904.40002441406
1178.15762282312	1909.09997558594
1181.72807112526	1912.80004882813
1185.29626262347	1897.09997558594
1188.86219936934	1892.69995117188
1192.42588341198	1896.09997558594
1195.98731679799	1902
1199.54650157154	1911.30004882813
1203.10343977426	1917.09997558594
1206.65813344536	1902.69995117188
1210.21058462154	1897.80004882813
1213.76079533707	1901.59997558594
1217.30876762372	1888.30004882813
1220.85450351084	1885.59997558594
1224.39800502529	1907.80004882813
1227.93927419151	1903.80004882813
1231.47831303147	1906.90002441406
1235.0151235647	1897.19995117188
1238.5497078083	1903
1242.08206777692	1902.69995117188
1245.6122054828	1910
1249.14012293572	1887.40002441406
1252.66582214306	1898.5
1256.18930510976	1904.90002441406
1259.71057383837	1901.80004882813
1263.22963032898	1886.40002441406
1266.74647657932	1909.09997558594
1270.26111458467	1911.09997558594
1273.77354633794	1893
1277.28377382961	1890.19995117188
1280.79179904779	1883.40002441406
1284.29762397819	1892
1287.80125060412	1886.80004882813
1291.30268090652	1878.69995117188
1294.80191686393	1890.90002441406
1298.29896045253	1886
1301.79381364611	1888.19995117188
1305.28647841611	1883.59997558594
1308.77695673158	1893.40002441406
1312.26525055921	1912.09997558594
1315.75136186334	1933.69995117188
1319.23529260595	1927.5
1322.71704474666	1934.59997558594
1326.19662024275	1940.80004882813
1329.67402104914	1916.5
1333.14924911842	1906.69995117188
1336.62230640084	1927.19995117188
1340.0931948443	1910.5
1343.56191639439	1888.09997558594
1347.02847299435	1870.30004882813
1350.49286658511	1862.19995117188
1353.95509910526	1890.90002441406
1357.41517249111	1871.59997558594
1360.8730886766	1870.19995117188
1364.3288495934	1874
1367.78245717087	1864.90002441406
1371.23391333603	1880.80004882813
1374.68322001365	1879.30004882813
1378.13037912617	1874.5
1381.57539259373	1862.90002441406
1385.0182623342	1878
1388.45899026315	1867.40002441406
1391.89757829388	1849.30004882813
1395.33402833739	1859.40002441406
1398.76834230242	1866.90002441406
1402.20052209542	1860.90002441406
1405.63056962059	1861
1409.05848677984	1845.19995117188
1412.48427547283	1829.40002441406
1415.90793759696	1837.90002441406
1419.32947504738	1821
1422.74888971697	1823
1426.16618349636	1835.69995117188
1429.58135827394	1830.09997558594
1432.99441593587	1832.09997558594
1436.40535836606	1822.69995117188
1439.81418744616	1832.69995117188
1443.22090505562	1826.09997558594
1446.62551307164	1825
1450.0280133692	1846
1453.42840782107	1835.90002441406
1456.82669829777	1830.19995117188
1460.22288666762	1827.40002441406
1463.61697479673	1810.5
1467.00896454899	1811.5
1470.3988577861	1813
1473.78665636752	1826.59997558594
1477.17236215056	1819.90002441406
1480.55597699029	1802.69995117188
1483.9375027396	1807.30004882813
1487.31694124921	1794.59997558594
1490.69429436761	1795.90002441406
1494.06956394113	1791.19995117188
1497.44275181394	1791.80004882813
1500.81385982799	1771.90002441406
1504.18288982308	1774.5
1507.54984363684	1789.69995117188
1510.91472310471	1798.40002441406
1514.27753006	1783.30004882813
1517.63826633383	1774.59997558594
1520.99693375517	1764.19995117188
1524.35353415083	1779.09997558594
1527.70806934547	1777.5
1531.06054116162	1776.5
1534.41095141963	1770.59997558594
1537.75930193773	1788.59997558594
1541.105594532	1774.69995117188
1544.44983101639	1762.59997558594
1547.79201320272	1760.80004882813
1551.13214290067	1752.69995117188
1554.4702219178	1764.90002441406
1557.80625205954	1775
1561.1402351292	1771.5
1564.47217292798	1765.5
1567.80206725495	1755
1571.12991990709	1736.80004882813
1574.45573267926	1745.19995117188
1577.7795073642	1759.19995117188
1581.10124575258	1760.59997558594
1584.42094963294	1759.59997558594
1587.73862079174	1762.80004882813
1591.05426101335	1754.40002441406
1594.36787208004	1738.40002441406
1597.679455772	1750.30004882813
1600.98901386733	1752.19995117188
1604.29654814206	1736.40002441406
1607.60206037012	1731.40002441406
1610.90555232339	1743
1614.20702577167	1740.80004882813
1617.50648248268	1751.09997558594
1620.8039242221	1753
1624.09935275352	1745.80004882813
1627.39276983848	1752.5
1630.68417723648	1759.5
1633.97357670494	1750.90002441406
1637.26096999925	1759.5
1640.54635887273	1732.30004882813
1643.82974507668	1737.40002441406
1647.11113036035	1754.09997558594
1650.39051647094	1734.69995117188
1653.66790515363	1739.5
1656.94329815156	1717.5
1660.21669720584	1729.19995117188
1663.48810405556	1716.59997558594
1666.75752043777	1699.30004882813
1670.02494808751	1701
1673.29038873781	1706.59997558594
1676.55384411968	1697.80004882813
1679.8153159621	1685.30004882813
1683.07480599207	1688.09997558594
1686.33231593455	1680.90002441406
1689.58784751254	1683.30004882813
1692.84140244701	1662.40002441406
1696.09298245692	1670.69995117188
1699.34258925927	1664.30004882813
1702.59022456905	1668.59997558594
1705.83589009926	1661.90002441406
1709.07958756092	1665.30004882813
1712.32131866306	1655.19995117188
1715.56108511274	1658.19995117188
1718.79888861504	1649.59997558594
1722.03473087304	1668.19995117188
1725.2686135879	1647.59997558594
1728.50053845876	1651.80004882813
1731.73050718283	1649.19995117188
1734.95852145533	1643.69995117188
1738.18458296955	1646.40002441406
1741.40869341679	1646.09997558594
1744.63085448642	1648.5
1747.85106786585	1629.30004882813
1751.06933524054	1631.40002441406
1754.28565829399	1627
1757.50003870779	1632.59997558594
1760.71247816157	1635.30004882813
1763.92297833301	1629.19995117188
1767.13154089788	1624.59997558594
1770.33816753	1626.5
1773.54285990127	1612.09997558594
1776.74561968166	1619.80004882813
1779.94644853921	1626.19995117188
1783.14534814006	1617.90002441406
1786.34232014841	1604
1789.53736622656	1592.59997558594
1792.73048803488	1616.80004882813
1795.92168723184	1612
1799.110965474	1601.5
1802.29832441604	1604.80004882813
1805.48376571069	1595.90002441406
1808.66729100882	1581.09997558594
1811.84890195939	1585
1815.02860020947	1589.80004882813
1818.20638740424	1582.09997558594
1821.38226518699	1585.09997558594
1824.55623519911	1580.59997558594
1827.72829908013	1578.19995117188
1830.8984584677	1574.5
1834.06671499758	1567.19995117188
1837.23307030365	1570.59997558594
1840.39752601794	1573.19995117188
1843.56008377059	1562.90002441406
1846.72074518988	1546.59997558594
1849.87951190225	1561.09997558594
1853.03638553223	1553.90002441406
1856.19136770254	1549.90002441406
1859.34446003401	1549.69995117188
1862.49566414563	1552.69995117188
1865.64498165455	1561.69995117188
1868.79241417605	1558.90002441406
1871.93796332358	1553.80004882813
1875.08163070875	1557.40002441406
1878.22341794132	1544.40002441406
1881.36332662922	1540
1884.50135837853	1541.69995117188
1887.63751479352	1552.90002441406
1890.77179747661	1551
1893.90420802842	1528.40002441406
1897.03474804772	1536.69995117188
1900.16341913147	1549.90002441406
1903.2902228748	1554
1906.41516087104	1554.90002441406
1909.5382347117	1542.69995117188
1912.65944598647	1525.69995117188
1915.77879628324	1526.5
1918.89628718809	1528.09997558594
1922.01192028531	1520.90002441406
1925.12569715736	1523
1928.23761938494	1518.59997558594
1931.34768854691	1520.5
1934.45590622038	1519.80004882813
1937.56227398063	1514.19995117188
1940.66679340119	1517.80004882813
1943.76946605377	1511.30004882813
1946.87029350832	1515.69995117188
1949.969277333	1520
1953.06641909418	1496.19995117188
1956.1617203565	1490.69995117188
1959.25518268276	1500.69995117188
1962.34680763404	1503.30004882813
1965.43659676964	1490.69995117188
1968.52455164708	1486.19995117188
1971.61067382213	1476.59997558594
1974.6949648488	1478.80004882813
1977.77742627934	1484.5
1980.85805966424	1489.90002441406
1983.93686655223	1490.40002441406
1987.01384849032	1488.5
1990.08900702374	1475.40002441406
1993.16234369599	1475.19995117188
1996.23386004882	1468.19995117188
1999.30355762223	1474.30004882813
2002.37143795452	1464.80004882813
2005.4375025822	1466
2008.50175304009	1465.69995117188
2011.56419086127	1459.19995117188
2014.62481757707	1460
2017.68363471711	1476.80004882813
2020.74064380929	1475.19995117188
2023.79584637979	1455.5
2026.84924395306	1454.19995117188
2029.90083805184	1460
2032.95063019715	1453.30004882813
2035.99862190831	1450.19995117188
2039.04481470292	1447.69995117188
2042.08921009688	1448
2045.13180960439	1447.5
2048.17261473794	1441.5
2051.21162700831	1447.80004882813
2054.24884792461	1444.09997558594
2057.28427899423	1445.69995117188
2060.31792172288	1429.80004882813
2063.34977761459	1437.30004882813
2066.37984817168	1435.19995117188
2069.4081348948	1428
2072.4346392829	1424
2075.45936283328	1427.09997558594
2078.48230704154	1429.69995117188
2081.5034734016	1431.69995117188
2084.52286340572	1422.5
2087.54047854449	1422
2090.55632030681	1418.59997558594
2093.57039017994	1413.40002441406
2096.58268964947	1417.40002441406
2099.59322019931	1404.30004882813
2102.60198331172	1405.69995117188
2105.60898046733	1414.19995117188
2108.61421314506	1411.30004882813
2111.61768282224	1400.69995117188
2114.6193909745	1411.09997558594
2117.61933907584	1399.40002441406
2120.61752859863	1399
2123.61396101357	1388.40002441406
2126.60863778973	1390
2129.60156039456	1394.5
2132.59273029383	1389.90002441406
2135.58214895173	1388.09997558594
2138.56981783077	1392
2141.55573839186	1381.40002441406
2144.53991209427	1386.19995117188
2147.52234039565	1378.40002441406
2150.50302475203	1385.59997558594
2153.48196661782	1383.19995117188
2156.45916744579	1386.90002441406
2159.43462868712	1385.5
2162.40835179137	1384.30004882813
2165.38033820649	1376.19995117188
2168.3505893788	1370.30004882813
2171.31910675305	1378.69995117188
2174.28589177236	1375.59997558594
2177.25094587824	1369.40002441406
2180.21427051063	1370.30004882813
2183.17586710784	1371.09997558594
2186.13573710661	1372.59997558594
2189.09388194207	1372.69995117188
2192.05030304776	1363.5
2195.00500185563	1360.40002441406
2197.95797979607	1369.40002441406
2200.90923829783	1363.30004882813
2203.85877878814	1364.80004882813
2206.8066026926	1355.09997558594
2209.75271143526	1350.19995117188
2212.69710643858	1347.19995117188
2215.63978912345	1350.80004882813
2218.58076090919	1353.69995117188
2221.52002321356	1347.19995117188
2224.45757745274	1347.80004882813
2227.39342504133	1355
2230.3275673924	1349.40002441406
2233.26000591745	1342.09997558594
2236.1907420264	1338.30004882813
2239.11977712763	1328.19995117188
2242.04711262797	1329
2244.97274993269	1328.09997558594
2247.89669044551	1325
2250.81893556861	1322.69995117188
2253.7394867026	1333.59997558594
2256.65834524659	1333
2259.57551259811	1332.90002441406
2262.49099015316	1321.80004882813
2265.4047793062	1313.90002441406
2268.31688145018	1316.5
2271.22729797648	1314.80004882813
2274.13603027498	1307.40002441406
2277.04307973401	1309.80004882813
2279.94844774038	1316.09997558594
2282.85213567938	1321.5
2285.75414493477	1314.09997558594
2288.6544768888	1310.30004882813
2291.55313292218	1301.59997558594
2294.45011441414	1300.30004882813
2297.34542274236	1303.69995117188
2300.23905928303	1304
2303.13102541082	1294
2306.02132249888	1300.80004882813
2308.90995191889	1294.90002441406
2311.796915041	1294.5
2314.68221323385	1301.19995117188
2317.56584786461	1300.09997558594
2320.44782029892	1295
2323.32813190095	1291.59997558594
2326.20678403336	1285.80004882813
2329.08377805733	1285.40002441406
2331.95911533254	1285.5
2334.83279721719	1280.69995117188
2337.704825068	1281.69995117188
2340.57520024018	1285.40002441406
2343.4439240875	1275.90002441406
2346.31099796222	1278.40002441406
2349.17642321512	1276.40002441406
2352.04020119553	1273.19995117188
2354.90233325129	1274.80004882813
2357.76282072877	1268.09997558594
2360.62166497286	1263.09997558594
2363.47886732702	1263.59997558594
2366.3344291332	1265.59997558594
2369.18835173191	1265.19995117188
2372.04063646221	1257.19995117188
2374.89128466166	1256.90002441406
2377.74029766641	1258.69995117188
2380.58767681113	1258.69995117188
2383.43342342903	1246.59997558594
2386.27753885189	1248.59997558594
2389.12002441002	1247.90002441406
2391.9608814323	1244.90002441406
2394.80011124616	1248.5
2397.63771517757	1250.30004882813
2400.47369455109	1248.40002441406
2403.30805068981	1242.09997558594
2406.14078491539	1236
2408.97189854808	1237.09997558594
2411.80139290666	1237.59997558594
2414.6292693085	1236.90002441406
2417.45552906953	1233.30004882813
2420.28017350426	1230.09997558594
2423.10320392577	1227.59997558594
2425.92462164572	1230.90002441406
2428.74442797434	1229.69995117188
2431.56262422045	1230.69995117188
2434.37921169145	1222.09997558594
2437.19419169331	1217.30004882813
2440.0075655306	1215.19995117188
2442.81933450648	1220.69995117188
2445.62949992269	1219.30004882813
2448.43806307957	1210.69995117188
2451.24502527604	1210.40002441406
2454.05038780962	1205.40002441406
2456.85415197645	1205.80004882813
2459.65631907123	1210.09997558594
2462.4568903873	1207.5
2465.25586721656	1212.19995117188
2468.05325084956	1202.40002441406
2470.84904257543	1201.69995117188
2473.64324368191	1203.19995117188
2476.43585545535	1196.80004882813
2479.22687918073	1190.30004882813
2482.01631614162	1195.90002441406
2484.80416762021	1199
2487.59043489733	1194.5
2490.37511925241	1197.69995117188
2493.15822196351	1191
2495.93974430729	1186.80004882813
2498.71968755907	1186.59997558594
2501.49805299279	1187.40002441406
2504.27484188099	1182.40002441406
2507.05005549487	1179.90002441406
2509.82369510426	1179.5
2512.59576197762	1176.19995117188
2515.36625738204	1176.30004882813
2518.13518258325	1175.59997558594
2520.90253884563	1169.80004882813
2523.66832743219	1169.5
2526.4325496046	1172.30004882813
2529.19520662315	1167.30004882813
2531.95629974681	1169.09997558594
2534.71583023316	1169.59997558594
2537.47379933848	1166.40002441406
2540.23020831764	1164.30004882813
2542.98505842423	1161.5
2545.73835091045	1167.5
2548.49008702718	1160
2551.24026802396	1155.30004882813
2553.98889514897	1156.90002441406
2556.73596964909	1150
2559.48149276982	1151.90002441406
2562.22546575538	1154
2564.96788984861	1156.5
2567.70876629106	1157.09997558594
2570.44809632291	1153.90002441406
2573.18588118307	1155.19995117188
2575.92212210906	1152.59997558594
2578.65682033715	1144.69995117188
2581.38997710222	1141.30004882813
2584.12159363789	1141.69995117188
2586.85167117641	1147.80004882813
2589.58021094877	1148.80004882813
2592.3072141846	1149.30004882813
2595.03268211224	1147.59997558594
2597.75661595872	1143.80004882813
2600.47901694975	1144.19995117188
2603.19988630976	1145.90002441406
2605.91922526185	1138.40002441406
2608.63703502782	1136.90002441406
2611.35331682818	1133.5
2614.06807188212	1129.80004882813
2616.78130140757	1130
2619.49300662113	1131.59997558594
2622.20318873812	1136
2624.91184897255	1133.5
2627.61898853717	1129.09997558594
2630.32460864343	1130.30004882813
2633.02871050146	1128.09997558594
2635.73129532016	1123.59997558594
2638.4323643071	1122.09997558594
2641.13191866859	1124.90002441406
2643.82995960966	1124
2646.52648833405	1123.90002441406
2649.22150604423	1122.30004882813
2651.91501394139	1120.30004882813
2654.60701322546	1119.80004882813
2657.29750509509	1113.09997558594
2659.98649074764	1115.69995117188
2662.67397137923	1118
2665.35994818471	1116.90002441406
2668.04442235764	1118.80004882813
2670.72739509034	1113.5
2673.40886757386	1113.19995117188
2676.088840998	1106.5
2678.76731655128	1109.69995117188
2681.44429542098	1109.5
2684.11977879312	1111.90002441406
2686.79376785247	1110.40002441406
2689.46626378254	1109.90002441406
2692.13726776559	1109.09997558594
2694.80678098265	1108
2697.47480461347	1104.09997558594
2700.14133983659	1103.90002441406
2702.80638782928	1098.5
2705.46994976757	1102.90002441406
2708.13202682628	1102.80004882813
2710.79262017895	1100.19995117188
2713.4517309979	1101.40002441406
2716.10936045423	1103.30004882813
2718.76550971778	1101.90002441406
2721.42017995717	1101.80004882813
2724.07337233979	1097.90002441406
2726.72508803181	1099.19995117188
2729.37532819815	1098
2732.02409400252	1099.40002441406
2734.6713866074	1100.69995117188
2737.31720717406	1098.59997558594
2739.96155686253	1099.5
2742.60443683162	1101.09997558594
2745.24584823896	1094.59997558594
2747.88579224091	1094.30004882813
2750.52426999266	1091.5
2753.16128264815	1092.19995117188
2755.79683136014	1093.5
2758.43091728017	1093
2761.06354155856	1090.40002441406
2763.69470534443	1087.69995117188
2766.32440978571	1085.5
2768.9526560291	1087.19995117188
2771.57944522013	1081.5
2774.2047785031	1084.5
2776.82865702112	1083.19995117188
2779.45108191611	1083.40002441406
2782.0720543288	1086.19995117188
2784.69157539871	1084.09997558594
2787.30964626418	1078
2789.92626806234	1074.90002441406
2792.54144192915	1077.19995117188
2795.15516899939	1076.5
2797.76745040662	1070.90002441406
2800.37828728325	1073.09997558594
2802.98768076049	1075.80004882813
2805.59563196837	1077.30004882813
2808.20214203574	1078
2810.80721209028	1076.5
2813.41084325847	1071.09997558594
2816.01303666564	1070.09997558594
2818.61379343595	1070.90002441406
2821.21311469235	1072.19995117188
2823.81100155666	1069
2826.40745514951	1068.5
2829.00247659037	1068
2831.59606699754	1068.09997558594
2834.18822748815	1069.69995117188
2836.77895917817	1068.19995117188
2839.36826318243	1069.09997558594
2841.95614061456	1067.59997558594
2844.54259258707	1068.80004882813
2847.12762021128	1065.30004882813
2849.71122459738	1061.90002441406
2852.29340685439	1062.80004882813
2854.87416809019	1061.19995117188
2857.4535094115	1065.40002441406
2860.03143192389	1066.09997558594
2862.60793673178	1065.30004882813
2865.18302493845	1064.40002441406
2867.75669764604	1064.59997558594
2870.32895595553	1060.69995117188
2872.89980096678	1060.69995117188
2875.46923377848	1061.30004882813
2878.0372554882	1058.40002441406
2880.60386719239	1059.40002441406
2883.16906998631	1058.90002441406
2885.73286496415	1057.69995117188
2888.29525321891	1056.30004882813
2890.8562358425	1058.19995117188
2893.41581392567	1057.09997558594
2895.97398855807	1056.80004882813
2898.5307608282	1054.09997558594
2901.08613182343	1052.90002441406
2903.64010263003	1054.5
2906.19267433313	1049.40002441406
2908.74384801673	1048.90002441406
2911.29362476374	1051.80004882813
2913.84200565592	1045
2916.38899177394	1048.69995117188
2918.93458419732	1050.19995117188
2921.4787840045	1049.80004882813
2924.02159227279	1049.40002441406
2926.56301007838	1050.80004882813
2929.10303849638	1049.40002441406
2931.64167860076	1044
2934.1789314644	1047.40002441406
2936.71479815906	1044.09997558594
2939.24927975542	1044.69995117188
2941.78237732303	1043.19995117188
2944.31409193036	1041
2946.84442464477	1041.69995117188
2949.37337653251	1042.69995117188
2951.90094865876	1043.5
2954.42714208758	1044.19995117188
2956.95195788195	1042.09997558594
2959.47539710375	1041
2961.99746081377	1042.40002441406
2964.5181500717	1039.90002441406
2967.03746593617	1039.40002441406
2969.5554094647	1039.30004882813
2972.07198171371	1038.30004882813
2974.58718373858	1038.90002441406
2977.10101659355	1042.09997558594
2979.61348133184	1040.80004882813
2982.12457900554	1038.30004882813
2984.63431066567	1038.30004882813
2987.1426773622	1035.5
2989.649680144	1033.59997558594
2992.15532005887	1032.19995117188
2994.65959815353	1035.59997558594
2997.16251547364	1036.09997558594
2999.66407306379	1033.90002441406
3002.16427196748	1034
3004.66311322716	1033.59997558594
3007.16059788422	1034.90002441406
3009.65672697897	1036.69995117188
3012.15150155066	1035.09997558594
3014.64492263748	1032.80004882813
3017.13699127655	1031.30004882813
3019.62770850394	1034.19995117188
3022.11707535466	1033.90002441406
3024.60509286267	1031.5
3027.09176206085	1030.40002441406
3029.57708398106	1032.19995117188
3032.06105965407	1031.09997558594
3034.54369010963	1030
3037.02497637642	1029.19995117188
3039.50491948207	1031.69995117188
3041.98352045319	1028.09997558594
3044.4607803153	1031.59997558594
3046.93670009292	1028.30004882813
3049.41128080949	1028.59997558594
3051.88452348743	1026.5
3054.3564291481	1029.80004882813
3056.82699881185	1029.5
3059.29623349795	1027.40002441406
3061.76413422468	1027.5
3064.23070200924	1027
3066.69593786783	1027.30004882813
3069.1598428156	1026.80004882813
3071.62241786667	1023.90002441406
3074.08366403413	1025.90002441406
3076.54358233003	1025.90002441406
3079.00217376543	1026.90002441406
3081.45943935031	1026.5
3083.91538009367	1027.90002441406
3086.36999700346	1025.30004882813
3088.82329108662	1026.80004882813
3091.27526334905	1025.69995117188
3093.72591479567	1024.59997558594
3096.17524643033	1025.90002441406
3098.6232592559	1027
3101.06995427422	1024.5
3103.51533248612	1025.40002441406
3105.95939489141	1024.30004882813
3108.40214248889	1025.40002441406
3110.84357627634	1025.09997558594
3113.28369725056	1025
3115.72250640732	1026.19995117188
3118.16000474136	1024.69995117188
3120.59619324647	1025.09997558594
3123.03107291538	1024.40002441406
3125.46464473985	1023
3127.89690971063	1023.40002441406
3130.32786881747	1023.5
3132.75752304911	1023.70001220703
3135.18587339331	1022.59997558594
3137.61292083682	1023.29998779297
3140.03866636539	1023.59997558594
3142.46311096378	1022.70001220703
3144.88625561578	1024.5
3147.30810130414	1023.70001220703
3149.72864901067	1023.5
3152.14789971616	1020.59997558594
3154.56585440041	1021.79998779297
3156.98251404225	1023.09997558594
3159.39787961952	1021.59997558594
3161.81195210906	1020.59997558594
3164.22473248675	1022.5
3166.63622172746	1023.59997558594
3169.04642080512	1022.29998779297
3171.45533069264	1021.70001220703
3173.86295236196	1021.59997558594
3176.26928678408	1021.29998779297
3178.67433492896	1021.20001220703
3181.07809776564	1021.40002441406
3183.48057626216	1019.79998779297
3185.88177138561	1019.29998779297
3188.28168410206	1020.09997558594
3190.68031537668	1019.09997558594
3193.07766617362	1020.29998779297
