-159.407803815973	983.099975585938
-154.947830007008	985.599975585938
-150.490968490979	986.599975585938
-146.037216117413	985.599975585938
-141.586569740106	986.200012207031
-137.139026217103	986.900024414063
-132.694582410678	984.700012207031
-128.253235187354	987.200012207031
-123.814981417865	986.200012207031
-119.379817977176	987.799987792969
-114.947741744455	984.599975585938
-110.518749603085	986.799987792969
-106.092838440642	987
-101.670005148889	987.599975585938
-97.2502466237804	989.599975585938
-92.8335597654442	989
-88.4199414781749	990.5
-84.0093886704365	991.200012207031
-79.6018982548449	989.799987792969
-75.1974671481675	991.200012207031
-70.7960922713078	990.799987792969
-66.3977705493088	994.5
-62.002498911343	994.900024414063
-57.6102742907014	997.700012207031
-53.2210936247867	1002.79998779297
-48.8349538551175	1008.40002441406
-44.451851927303	1016.5
-40.0717847910491	1041.80004882813
-35.6947494001532	1107.40002441406
-31.3207427124846	1320.69995117188
-26.9497616899924	1933
-22.5818032986859	2902.5
-18.2168645086443	4314.7998046875
-13.854942293982	5860.10009765625
-9.49603363287376	10649.900390625
-5.14013550753271	18042.599609375
-0.787244904192759	20890
3.56264118687236	17912.599609375
7.90952577138346	10546.7001953125
12.2534118510368	2672.60009765625
16.5943024235328	1464
20.9322004825662	1093.5
25.267109017844	1021.40002441406
29.5990310150879	1007.40002441406
33.9279694560394	1009.59997558594
38.2539273184685	1021.09997558594
42.576907576176	1040.09997558594
46.89691319901	1067
51.2139471528627	1098
55.5280123996809	1124.90002441406
59.8391118974709	1138.90002441406
64.1472486003118	1155.69995117188
68.4524254583481	1170.80004882813
72.754645417812	1190.09997558594
77.0539114210196	1205.5
81.3502264063804	1228.5
85.6435933084041	1257.69995117188
89.9340150577072	1296.69995117188
94.221494581019	1342.19995117188
98.5060348011868	1397.30004882813
102.787638637184	1463.69995117188
107.06630900412	1534.69995117188
111.342048813235	1620.5
115.614860971923	1722.19995117188
119.88474838372	1832.19995117188
124.151713948329	1983.90002441406
128.41576056161	2129.39990234375
132.6768911156	2304
136.935108498506	2500.5
141.190415594721	2728.89990234375
145.442815284827	2963.19995117188
149.692310445601	3167
153.938903950025	3339.19995117188
158.182598667288	3479.89990234375
162.42339746279	3523
166.661303198153	3523.80004882813
170.896318731233	3465.5
175.128446916106	3430.39990234375
179.357690603098	3439.39990234375
183.584052638779	3440.19995117188
187.807535865965	3429.10009765625
192.028143123741	3520.30004882813
196.245877247442	3623.19995117188
200.460741068677	3716.60009765625
204.672737415346	3857.10009765625
208.881869111612	4106.5
213.088138977939	4290.7998046875
217.291549831076	4605.89990234375
221.492104484081	4980.89990234375
225.689805746317	5416
229.884656423456	5711.7001953125
234.076659317495	5948.5
238.265817226749	6119.2001953125
242.452132945872	6072.89990234375
246.635609265848	5776.60009765625
250.816248974007	5243.5
254.994054854027	4610.60009765625
259.169029685945	4076.19995117188
263.341176246156	3644.30004882813
267.510497307418	3254.19995117188
271.676995638868	2996.10009765625
275.840674006018	2753.69995117188
280.001535170768	2592.30004882813
284.159581891407	2466.30004882813
288.314816922617	2360.69995117188
292.467243015492	2268.5
296.61686291752	2213.30004882813
300.763679372619	2155.10009765625
304.907695121115	2118.89990234375
309.048912899766	2081.89990234375
313.187335441758	2084.69995117188
317.322965476721	2063
321.455805730715	2063.80004882813
325.585858926265	2048.80004882813
329.713127782339	2025.80004882813
333.837615014372	1994.80004882813
337.959323334268	1976.40002441406
342.07825545039	1964.5
346.194414067597	1951.19995117188
350.307801887216	1935.5
354.418421607069	1914.5
358.526275921479	1915.40002441406
362.631367521261	1889.80004882813
366.733699093741	1889.90002441406
370.833273322758	1877.59997558594
374.930092888661	1877.5
379.024160468332	1876.59997558594
383.115478735178	1880.90002441406
387.204050359142	1893.5
391.289878006702	1877.09997558594
395.37296434089	1867.40002441406
399.453312021285	1858.19995117188
403.530923704019	1861.30004882813
407.605802041799	1862.5
411.677949683886	1862.40002441406
415.747369276126	1868.80004882813
419.814063460936	1857
423.87803487732	1867
427.939286160879	1862.80004882813
431.997819943799	1865.80004882813
436.053638854881	1846.09997558594
440.106745519513	1844.30004882813
444.157142559716	1844.09997558594
448.204832594115	1844.69995117188
452.249818237968	1833.80004882813
456.292102103149	1822.19995117188
460.331686798183	1820.40002441406
464.368574928217	1830
468.402769095058	1823.80004882813
472.434271897151	1798.5
476.463085929604	1807.30004882813
480.489213784189	1808
484.512658049335	1791.69995117188
488.533421310149	1793.80004882813
492.551506148414	1806.59997558594
496.566915142599	1802.19995117188
500.579650867849	1793.59997558594
504.589715896022	1781
508.597112795654	1779.40002441406
512.601844132	1794.19995117188
516.603912467011	1792.80004882813
520.603320359369	1789.09997558594
524.600070364458	1790.59997558594
528.5941650344	1808
532.585606918042	1805.69995117188
536.574398560961	1799.80004882813
540.560542505487	1799
544.544041290686	1803.30004882813
548.524897452379	1793.40002441406
552.50311352314	1805.09997558594
556.478692032308	1808.19995117188
560.45163550599	1778.40002441406
564.421946467059	1783.40002441406
568.389627435166	1786.30004882813
572.354680926751	1787
576.317109455037	1757.80004882813
580.276915530032	1758.80004882813
584.234101658558	1749
588.188670344219	1746.59997558594
592.140624087445	1761.90002441406
596.089965385468	1760.30004882813
600.036696732344	1750.5
603.980820618945	1746.90002441406
607.922339532976	1774.59997558594
611.861255958976	1768.59997558594
615.797572378321	1772.19995117188
619.731291269227	1760
623.662415106761	1774.90002441406
627.590946362839	1786.09997558594
631.516887506242	1779
635.440241002613	1792.90002441406
639.361009314457	1793.59997558594
643.27919490116	1783.59997558594
647.194800218976	1766.30004882813
651.107827721053	1761.69995117188
655.018279857421	1762.80004882813
658.926159075002	1756.80004882813
662.831467817618	1758.09997558594
666.734208525996	1767.09997558594
670.634383637767	1768
674.531995587475	1767.80004882813
678.42704680658	1771.09997558594
682.319539723472	1766
686.209476763458	1766.80004882813
690.096860348783	1766.5
693.981692898628	1746.69995117188
697.863976829113	1738.09997558594
701.743714553311	1734.5
705.62090848124	1742.69995117188
709.495561019875	1736.80004882813
713.367674573156	1751
717.237251541986	1771.19995117188
721.104294324238	1829.5
724.968805314764	1902.09997558594
728.830786905391	1943.80004882813
732.690241484933	1923.30004882813
736.547171439196	1869.69995117188
740.401579150977	1804.80004882813
744.253467000077	1763.30004882813
748.102837363294	1745
751.94969261444	1741.19995117188
755.794035124339	1742.09997558594
759.635867260831	1733.69995117188
763.475191388781	1731.09997558594
767.312009870082	1737.59997558594
771.146325063657	1733.80004882813
774.978139325464	1746
778.80745500851	1740.80004882813
782.63427446284	1739.19995117188
786.458600035548	1739.5
790.280434070797	1738.80004882813
794.099778909792	1719.90002441406
797.916636890816	1720
801.731010349219	1723.80004882813
805.542901617415	1728.90002441406
809.352313024909	1723.09997558594
813.159246898279	1694.09997558594
816.963705561198	1708
820.765691334426	1704.09997558594
824.56520653582	1698.40002441406
828.362253480343	1711
832.156834480058	1698.40002441406
835.94895184414	1682.5
839.738607878876	1696.40002441406
843.52580488768	1718.40002441406
847.310545171082	1703.19995117188
851.092831026744	1696.40002441406
854.872664749458	1700.40002441406
858.650048631155	1689.40002441406
862.424984960907	1692.59997558594
866.197476024934	1696.19995117188
869.967524106601	1704.80004882813
873.735131486436	1698.40002441406
877.500300442118	1703
881.263033248499	1687.30004882813
885.023332177587	1695
888.781199498577	1688.5
892.53663747783	1684.5
896.28964837889	1691.69995117188
900.040234462493	1692
903.788397986559	1686.30004882813
907.534141206205	1683.69995117188
911.277466373749	1698.19995117188
915.018375738706	1691.30004882813
918.756871547803	1687.40002441406
922.492956044981	1688.30004882813
926.226631471392	1707.69995117188
929.95790006541	1696.40002441406
933.686764062641	1682.30004882813
937.413225695909	1677.80004882813
941.137287195276	1683.19995117188
944.858950788045	1678.40002441406
948.578218698761	1663.5
952.295093149208	1681.40002441406
956.009576358427	1682.69995117188
959.721670542712	1676.90002441406
963.431377915619	1686.69995117188
967.138700687961	1663
970.843641067824	1652.30004882813
974.546201260566	1667.19995117188
978.246383468816	1665.59997558594
981.944189892486	1670.5
985.639622728775	1669.59997558594
989.332684172165	1653.09997558594
993.023376414439	1660.19995117188
996.711701644666	1665.19995117188
1000.39766204923	1661
1004.0812598118	1680.59997558594
1007.76249711338	1688.40002441406
1011.44137613226	1664.5
1015.11789904408	1668.59997558594
1018.79206802177	1681.19995117188
1022.4638852356	1669.80004882813
1026.13335285318	1681.30004882813
1029.80047303944	1673.19995117188
1033.46524795664	1660.5
1037.12767976442	1666.80004882813
1040.78777061972	1671.80004882813
1044.44552267686	1644.30004882813
1048.1009380875	1643.59997558594
1051.75401900067	1642.30004882813
1055.40476756277	1635.40002441406
1059.05318591753	1645.30004882813
1062.6992762061	1638.59997558594
1066.34304056696	1632.80004882813
1069.984481136	1638.19995117188
1073.62360004648	1644.90002441406
1077.26039942905	1643.69995117188
1080.89488141175	1636.69995117188
1084.52704812002	1627.30004882813
1088.15690167668	1626
1091.78444420198	1629.40002441406
1095.40967781355	1634.40002441406
1099.03260462646	1637.5
1102.65322675317	1640.09997558594
1106.27154630357	1649.90002441406
1109.88756538497	1637.80004882813
1113.5012861021	1627.09997558594
1117.11271055714	1641.40002441406
1120.72184084969	1636.80004882813
1124.32867907679	1631.19995117188
1127.93322733291	1641
1131.53548771	1627.69995117188
1135.13546229742	1630
1138.73315318201	1618
1142.32856244807	1624.59997558594
1145.92169217734	1637.30004882813
1149.51254444904	1624.59997558594
1153.10112133986	1623.90002441406
1156.68742492397	1636.80004882813
1160.27145727299	1634
1163.85322045605	1629.69995117188
1167.43271653976	1626.19995117188
1171.0099475882	1626.5
1174.58491566296	1616.59997558594
1178.15762282312	1623.5
1181.72807112526	1633.40002441406
1185.29626262347	1617.5
1188.86219936934	1610.69995117188
1192.42588341198	1623.30004882813
1195.98731679799	1622.30004882813
1199.54650157154	1643.90002441406
1203.10343977426	1627.40002441406
1206.65813344536	1612
1210.21058462154	1622.59997558594
1213.76079533707	1622.90002441406
1217.30876762372	1626.40002441406
1220.85450351084	1627.40002441406
1224.39800502529	1634
1227.93927419151	1639.90002441406
1231.47831303147	1639
1235.0151235647	1632.19995117188
1238.5497078083	1630.5
1242.08206777692	1616
1245.6122054828	1616.90002441406
1249.14012293572	1620.69995117188
1252.66582214306	1621.40002441406
1256.18930510976	1625.5
1259.71057383837	1618.59997558594
1263.22963032898	1621.59997558594
1266.74647657932	1614.5
1270.26111458467	1622.5
1273.77354633794	1613.30004882813
1277.28377382961	1610.5
1280.79179904779	1609.5
1284.29762397819	1618.59997558594
1287.80125060412	1614.59997558594
1291.30268090652	1611.5
1294.80191686393	1630.30004882813
1298.29896045253	1635.80004882813
1301.79381364611	1632
1305.28647841611	1630.5
1308.77695673158	1636.59997558594
1312.26525055921	1654.09997558594
1315.75136186334	1655.30004882813
1319.23529260595	1647.80004882813
1322.71704474666	1657.09997558594
1326.19662024275	1675
1329.67402104914	1672.40002441406
1333.14924911842	1654
1336.62230640084	1641.80004882813
1340.0931948443	1634.69995117188
1343.56191639439	1613.80004882813
1347.02847299435	1606.5
1350.49286658511	1597.40002441406
1353.95509910526	1601
1357.41517249111	1603.80004882813
1360.8730886766	1602.09997558594
1364.3288495934	1604.80004882813
1367.78245717087	1609.40002441406
1371.23391333603	1618.80004882813
1374.68322001365	1601.69995117188
1378.13037912617	1605.09997558594
1381.57539259373	1593.90002441406
1385.0182623342	1596.80004882813
1388.45899026315	1585.5
1391.89757829388	1583.30004882813
1395.33402833739	1593
1398.76834230242	1580.09997558594
1402.20052209542	1574.59997558594
1405.63056962059	1569.5
1409.05848677984	1578.69995117188
1412.48427547283	1567.5
1415.90793759696	1554.5
1419.32947504738	1549.59997558594
1422.74888971697	1558.69995117188
1426.16618349636	1560.19995117188
1429.58135827394	1551.69995117188
1432.99441593587	1565.90002441406
1436.40535836606	1563.30004882813
1439.81418744616	1558.90002441406
1443.22090505562	1559.19995117188
1446.62551307164	1571.90002441406
1450.0280133692	1583.09997558594
1453.42840782107	1565.30004882813
1456.82669829777	1559
1460.22288666762	1554.80004882813
1463.61697479673	1542.09997558594
1467.00896454899	1532.30004882813
1470.3988577861	1533.40002441406
1473.78665636752	1531.09997558594
1477.17236215056	1527.5
1480.55597699029	1511.59997558594
1483.9375027396	1512.40002441406
1487.31694124921	1514.69995117188
1490.69429436761	1511
1494.06956394113	1495.40002441406
1497.44275181394	1500
1500.81385982799	1502.80004882813
1504.18288982308	1499.69995117188
1507.54984363684	1493.59997558594
1510.91472310471	1494.59997558594
1514.27753006	1492.5
1517.63826633383	1480.80004882813
1520.99693375517	1491.40002441406
1524.35353415083	1491.80004882813
1527.70806934547	1485
1531.06054116162	1482.69995117188
1534.41095141963	1483.5
1537.75930193773	1495.69995117188
1541.105594532	1498
1544.44983101639	1492.09997558594
1547.79201320272	1485.19995117188
1551.13214290067	1485.80004882813
1554.4702219178	1487.19995117188
1557.80625205954	1484.40002441406
1561.1402351292	1488.90002441406
1564.47217292798	1485.80004882813
1567.80206725495	1484.90002441406
1571.12991990709	1486.19995117188
1574.45573267926	1485
1577.7795073642	1477.80004882813
1581.10124575258	1473.59997558594
1584.42094963294	1478
1587.73862079174	1477.30004882813
1591.05426101335	1466.90002441406
1594.36787208004	1460
1597.679455772	1470.19995117188
1600.98901386733	1469.80004882813
1604.29654814206	1467.30004882813
1607.60206037012	1472
1610.90555232339	1468.40002441406
1614.20702577167	1460.5
1617.50648248268	1470.80004882813
1620.8039242221	1469.40002441406
1624.09935275352	1471.09997558594
1627.39276983848	1475.69995117188
1630.68417723648	1477.90002441406
1633.97357670494	1471.19995117188
1637.26096999925	1466.19995117188
1640.54635887273	1461.19995117188
1643.82974507668	1463.80004882813
1647.11113036035	1462.5
1650.39051647094	1454.19995117188
1653.66790515363	1457.80004882813
1656.94329815156	1453.5
1660.21669720584	1449.40002441406
1663.48810405556	1433.40002441406
1666.75752043777	1423.90002441406
1670.02494808751	1430.19995117188
1673.29038873781	1431.30004882813
1676.55384411968	1421.30004882813
1679.8153159621	1421.80004882813
1683.07480599207	1418.90002441406
1686.33231593455	1417.80004882813
1689.58784751254	1413.40002441406
1692.84140244701	1399.59997558594
1696.09298245692	1397.69995117188
1699.34258925927	1397.40002441406
1702.59022456905	1393.80004882813
1705.83589009926	1391.09997558594
1709.07958756092	1405.19995117188
1712.32131866306	1385.59997558594
1715.56108511274	1384.80004882813
1718.79888861504	1382
1722.03473087304	1386.19995117188
1725.2686135879	1381.30004882813
1728.50053845876	1385.80004882813
1731.73050718283	1376
1734.95852145533	1373.90002441406
1738.18458296955	1376.40002441406
1741.40869341679	1373.59997558594
1744.63085448642	1377.69995117188
1747.85106786585	1374.09997558594
1751.06933524054	1369.90002441406
1754.28565829399	1360.30004882813
1757.50003870779	1368.09997558594
1760.71247816157	1369.09997558594
1763.92297833301	1367.80004882813
1767.13154089788	1358.80004882813
1770.33816753	1367.59997558594
1773.54285990127	1355.59997558594
1776.74561968166	1355.40002441406
1779.94644853921	1351.09997558594
1783.14534814006	1355.19995117188
1786.34232014841	1348.40002441406
1789.53736622656	1349.19995117188
1792.73048803488	1354.80004882813
1795.92168723184	1351.59997558594
1799.110965474	1348.80004882813
1802.29832441604	1342.30004882813
1805.48376571069	1339.40002441406
1808.66729100882	1339.69995117188
1811.84890195939	1335.09997558594
1815.02860020947	1332.90002441406
1818.20638740424	1324.69995117188
1821.38226518699	1328.69995117188
1824.55623519911	1335.80004882813
1827.72829908013	1334
1830.8984584677	1321.69995117188
1834.06671499758	1320.30004882813
1837.23307030365	1321.90002441406
1840.39752601794	1322
1843.56008377059	1314
1846.72074518988	1301.40002441406
1849.87951190225	1312.90002441406
1853.03638553223	1318
1856.19136770254	1315.80004882813
1859.34446003401	1313.80004882813
1862.49566414563	1313
1865.64498165455	1317.30004882813
1868.79241417605	1312.40002441406
1871.93796332358	1310.80004882813
1875.08163070875	1300.80004882813
1878.22341794132	1303.30004882813
1881.36332662922	1306.09997558594
1884.50135837853	1311
1887.63751479352	1310.19995117188
1890.77179747661	1301.5
1893.90420802842	1302.5
1897.03474804772	1305.19995117188
1900.16341913147	1304.80004882813
1903.2902228748	1302.30004882813
1906.41516087104	1307.19995117188
1909.5382347117	1305.5
1912.65944598647	1298.30004882813
1915.77879628324	1293.90002441406
1918.89628718809	1290.69995117188
1922.01192028531	1289.30004882813
1925.12569715736	1297.19995117188
1928.23761938494	1299.69995117188
1931.34768854691	1289.69995117188
1934.45590622038	1290.09997558594
1937.56227398063	1281.19995117188
1940.66679340119	1287.5
1943.76946605377	1276.19995117188
1946.87029350832	1282.5
1949.969277333	1287
1953.06641909418	1268.80004882813
1956.1617203565	1272.30004882813
1959.25518268276	1277
1962.34680763404	1273.59997558594
1965.43659676964	1270.40002441406
1968.52455164708	1266.40002441406
1971.61067382213	1265
1974.6949648488	1271.69995117188
1977.77742627934	1268.90002441406
1980.85805966424	1270.19995117188
1983.93686655223	1267.09997558594
1987.01384849032	1263.30004882813
1990.08900702374	1255
1993.16234369599	1257
1996.23386004882	1257.19995117188
1999.30355762223	1256.19995117188
2002.37143795452	1254.90002441406
2005.4375025822	1258.40002441406
2008.50175304009	1260.30004882813
2011.56419086127	1246.59997558594
2014.62481757707	1249.69995117188
2017.68363471711	1254.5
2020.74064380929	1251.80004882813
2023.79584637979	1244.40002441406
2026.84924395306	1246
2029.90083805184	1250.5
2032.95063019715	1250.80004882813
2035.99862190831	1246.59997558594
2039.04481470292	1243.09997558594
2042.08921009688	1248.30004882813
2045.13180960439	1247.40002441406
2048.17261473794	1239.19995117188
2051.21162700831	1238.69995117188
2054.24884792461	1241.80004882813
2057.28427899423	1242.30004882813
2060.31792172288	1234.09997558594
2063.34977761459	1235.40002441406
2066.37984817168	1232.40002441406
2069.4081348948	1230.59997558594
2072.4346392829	1226
2075.45936283328	1230.40002441406
2078.48230704154	1224.59997558594
2081.5034734016	1227.69995117188
2084.52286340572	1224.40002441406
2087.54047854449	1229.5
2090.55632030681	1227.5
2093.57039017994	1220
2096.58268964947	1222.30004882813
2099.59322019931	1219
2102.60198331172	1214.40002441406
2105.60898046733	1212.09997558594
2108.61421314506	1214.80004882813
2111.61768282224	1214.30004882813
2114.6193909745	1218.80004882813
2117.61933907584	1212.09997558594
2120.61752859863	1210.90002441406
2123.61396101357	1209.40002441406
2126.60863778973	1206.40002441406
2129.60156039456	1211.59997558594
2132.59273029383	1210.30004882813
2135.58214895173	1202.5
2138.56981783077	1205.09997558594
2141.55573839186	1207.69995117188
2144.53991209427	1201.59997558594
2147.52234039565	1196.69995117188
2150.50302475203	1197.19995117188
2153.48196661782	1197.09997558594
2156.45916744579	1198.80004882813
2159.43462868712	1200.30004882813
2162.40835179137	1197.5
2165.38033820649	1196.80004882813
2168.3505893788	1191.30004882813
2171.31910675305	1195.40002441406
2174.28589177236	1194.09997558594
2177.25094587824	1194.90002441406
2180.21427051063	1195.19995117188
2183.17586710784	1191.59997558594
2186.13573710661	1187.69995117188
2189.09388194207	1187.80004882813
2192.05030304776	1187.40002441406
2195.00500185563	1190.80004882813
2197.95797979607	1189.19995117188
2200.90923829783	1188.59997558594
2203.85877878814	1187.69995117188
2206.8066026926	1178.80004882813
2209.75271143526	1176.69995117188
2212.69710643858	1172.59997558594
2215.63978912345	1177.5
2218.58076090919	1183.59997558594
2221.52002321356	1181.59997558594
2224.45757745274	1174.69995117188
2227.39342504133	1176.5
2230.3275673924	1172.19995117188
2233.26000591745	1175.40002441406
2236.1907420264	1168.80004882813
2239.11977712763	1165.09997558594
2242.04711262797	1168.30004882813
2244.97274993269	1167.19995117188
2247.89669044551	1165.40002441406
2250.81893556861	1169.09997558594
2253.7394867026	1165.80004882813
2256.65834524659	1166.19995117188
2259.57551259811	1161.09997558594
2262.49099015316	1163.59997558594
2265.4047793062	1149.09997558594
2268.31688145018	1154.59997558594
2271.22729797648	1157.40002441406
2274.13603027498	1152.69995117188
2277.04307973401	1150.59997558594
2279.94844774038	1161.90002441406
2282.85213567938	1156.5
2285.75414493477	1154.69995117188
2288.6544768888	1152.90002441406
2291.55313292218	1150.30004882813
2294.45011441414	1148.5
2297.34542274236	1148.80004882813
2300.23905928303	1149.59997558594
2303.13102541082	1143.80004882813
2306.02132249888	1142.80004882813
2308.90995191889	1135.80004882813
2311.796915041	1147.40002441406
2314.68221323385	1146.80004882813
2317.56584786461	1151.09997558594
2320.44782029892	1142.80004882813
2323.32813190095	1139
2326.20678403336	1136
2329.08377805733	1137.69995117188
2331.95911533254	1132.69995117188
2334.83279721719	1135.90002441406
2337.704825068	1132.90002441406
2340.57520024018	1135.30004882813
2343.4439240875	1134
2346.31099796222	1133.80004882813
2349.17642321512	1131.80004882813
2352.04020119553	1131.90002441406
2354.90233325129	1129.69995117188
2357.76282072877	1124.40002441406
2360.62166497286	1123.5
2363.47886732702	1125.90002441406
2366.3344291332	1130.90002441406
2369.18835173191	1126.30004882813
2372.04063646221	1123.19995117188
2374.89128466166	1114.80004882813
2377.74029766641	1120.90002441406
2380.58767681113	1117.59997558594
2383.43342342903	1117
2386.27753885189	1113.80004882813
2389.12002441002	1111.59997558594
2391.9608814323	1115.59997558594
2394.80011124616	1115.30004882813
2397.63771517757	1116.19995117188
2400.47369455109	1115.19995117188
2403.30805068981	1113.09997558594
2406.14078491539	1110.40002441406
2408.97189854808	1105.59997558594
2411.80139290666	1105.19995117188
2414.6292693085	1108.30004882813
2417.45552906953	1108.09997558594
2420.28017350426	1105
2423.10320392577	1102.59997558594
2425.92462164572	1105.59997558594
2428.74442797434	1102.69995117188
2431.56262422045	1104.90002441406
2434.37921169145	1100.30004882813
2437.19419169331	1098.30004882813
2440.0075655306	1099
2442.81933450648	1095.90002441406
2445.62949992269	1097.80004882813
2448.43806307957	1094.19995117188
2451.24502527604	1095.5
2454.05038780962	1091.5
2456.85415197645	1092.19995117188
2459.65631907123	1095.90002441406
2462.4568903873	1089.5
2465.25586721656	1090.40002441406
2468.05325084956	1088.09997558594
2470.84904257543	1089.30004882813
2473.64324368191	1086.19995117188
2476.43585545535	1084.09997558594
2479.22687918073	1080.80004882813
2482.01631614162	1084.5
2484.80416762021	1089
2487.59043489733	1089.40002441406
2490.37511925241	1082.40002441406
2493.15822196351	1080.69995117188
2495.93974430729	1084.09997558594
2498.71968755907	1081.30004882813
2501.49805299279	1079.30004882813
2504.27484188099	1075.80004882813
2507.05005549487	1077.09997558594
2509.82369510426	1079.80004882813
2512.59576197762	1075.59997558594
2515.36625738204	1078.19995117188
2518.13518258325	1079.09997558594
2520.90253884563	1072.5
2523.66832743219	1074.09997558594
2526.4325496046	1074.59997558594
2529.19520662315	1067.69995117188
2531.95629974681	1070.40002441406
2534.71583023316	1070
2537.47379933848	1067.30004882813
2540.23020831764	1067
2542.98505842423	1070.30004882813
2545.73835091045	1065.80004882813
2548.49008702718	1068.80004882813
2551.24026802396	1067.09997558594
2553.98889514897	1067.19995117188
2556.73596964909	1064.30004882813
2559.48149276982	1062.90002441406
2562.22546575538	1063.40002441406
2564.96788984861	1068.69995117188
2567.70876629106	1067.59997558594
2570.44809632291	1065.59997558594
2573.18588118307	1064.40002441406
2575.92212210906	1063.5
2578.65682033715	1060.90002441406
2581.38997710222	1061.30004882813
2584.12159363789	1060.09997558594
2586.85167117641	1060.90002441406
2589.58021094877	1060.30004882813
2592.3072141846	1059.5
2595.03268211224	1061.30004882813
2597.75661595872	1058.59997558594
2600.47901694975	1058.5
2603.19988630976	1059.59997558594
2605.91922526185	1057.90002441406
2608.63703502782	1055.69995117188
2611.35331682818	1053.69995117188
2614.06807188212	1050.90002441406
2616.78130140757	1050.30004882813
2619.49300662113	1054.09997558594
2622.20318873812	1051.90002441406
2624.91184897255	1050.90002441406
2627.61898853717	1050.09997558594
2630.32460864343	1053.40002441406
2633.02871050146	1052
2635.73129532016	1045.69995117188
2638.4323643071	1047.80004882813
2641.13191866859	1050.40002441406
2643.82995960966	1050.59997558594
2646.52648833405	1047.69995117188
2649.22150604423	1048.90002441406
2651.91501394139	1047.59997558594
2654.60701322546	1046.40002441406
2657.29750509509	1047.90002441406
2659.98649074764	1048.80004882813
2662.67397137923	1046.40002441406
2665.35994818471	1047
2668.04442235764	1045.5
2670.72739509034	1043.69995117188
2673.40886757386	1044.59997558594
2676.088840998	1042.69995117188
2678.76731655128	1039.19995117188
2681.44429542098	1041.5
2684.11977879312	1045.5
2686.79376785247	1042.09997558594
2689.46626378254	1042
2692.13726776559	1042.09997558594
2694.80678098265	1040.59997558594
2697.47480461347	1040.90002441406
2700.14133983659	1040.40002441406
2702.80638782928	1036.59997558594
2705.46994976757	1038.30004882813
2708.13202682628	1039.40002441406
2710.79262017895	1038.30004882813
2713.4517309979	1038.09997558594
2716.10936045423	1040.90002441406
2718.76550971778	1042.30004882813
2721.42017995717	1039.90002441406
2724.07337233979	1035.90002441406
2726.72508803181	1037.40002441406
2729.37532819815	1039.5
2732.02409400252	1038.59997558594
2734.6713866074	1039.90002441406
2737.31720717406	1038.80004882813
2739.96155686253	1037
2742.60443683162	1040.19995117188
2745.24584823896	1038.5
2747.88579224091	1037.90002441406
2750.52426999266	1034.69995117188
2753.16128264815	1033.80004882813
2755.79683136014	1035.80004882813
2758.43091728017	1034.80004882813
2761.06354155856	1035.19995117188
2763.69470534443	1034.90002441406
2766.32440978571	1031
2768.9526560291	1029.5
2771.57944522013	1029.09997558594
2774.2047785031	1030.5
2776.82865702112	1028.40002441406
2779.45108191611	1030.5
2782.0720543288	1031
2784.69157539871	1027.19995117188
2787.30964626418	1026
2789.92626806234	1027.80004882813
2792.54144192915	1027.80004882813
2795.15516899939	1025.40002441406
2797.76745040662	1022.90002441406
2800.37828728325	1026.09997558594
2802.98768076049	1023.90002441406
2805.59563196837	1028.80004882813
2808.20214203574	1027.09997558594
2810.80721209028	1027.59997558594
2813.41084325847	1022.79998779297
2816.01303666564	1024.59997558594
2818.61379343595	1026.19995117188
2821.21311469235	1025.09997558594
2823.81100155666	1023.5
2826.40745514951	1023
2829.00247659037	1022.70001220703
2831.59606699754	1023
2834.18822748815	1026
2836.77895917817	1025
2839.36826318243	1023.79998779297
2841.95614061456	1024.90002441406
2844.54259258707	1024.40002441406
2847.12762021128	1023
2849.71122459738	1023
2852.29340685439	1021.90002441406
2854.87416809019	1021.5
2857.4535094115	1023.40002441406
2860.03143192389	1024.80004882813
2862.60793673178	1023.79998779297
2865.18302493845	1020.09997558594
2867.75669764604	1023.59997558594
2870.32895595553	1020.79998779297
2872.89980096678	1021.79998779297
2875.46923377848	1020
2878.0372554882	1021.20001220703
2880.60386719239	1020.40002441406
2883.16906998631	1020.40002441406
2885.73286496415	1020.70001220703
2888.29525321891	1020.5
2890.8562358425	1018.59997558594
2893.41581392567	1018.5
2895.97398855807	1021
2898.5307608282	1017.59997558594
2901.08613182343	1017.70001220703
2903.64010263003	1018.70001220703
2906.19267433313	1017.09997558594
2908.74384801673	1017.29998779297
2911.29362476374	1015.5
2913.84200565592	1014.5
2916.38899177394	1015.5
2918.93458419732	1016.20001220703
2921.4787840045	1015.59997558594
2924.02159227279	1017
2926.56301007838	1016.20001220703
2929.10303849638	1016.70001220703
2931.64167860076	1015.09997558594
2934.1789314644	1015.20001220703
2936.71479815906	1016.09997558594
2939.24927975542	1013.70001220703
2941.78237732303	1013.29998779297
2944.31409193036	1014
2946.84442464477	1013.40002441406
2949.37337653251	1014.70001220703
2951.90094865876	1014.5
2954.42714208758	1016.29998779297
2956.95195788195	1015.20001220703
2959.47539710375	1013.20001220703
2961.99746081377	1013
2964.5181500717	1012.59997558594
2967.03746593617	1011.40002441406
2969.5554094647	1013
2972.07198171371	1012.90002441406
2974.58718373858	1011
2977.10101659355	1015.09997558594
2979.61348133184	1012
2982.12457900554	1012.90002441406
2984.63431066567	1011.70001220703
2987.1426773622	1011
2989.649680144	1010.09997558594
2992.15532005887	1010.29998779297
2994.65959815353	1011.40002441406
2997.16251547364	1011
2999.66407306379	1012.70001220703
3002.16427196748	1010.79998779297
3004.66311322716	1015.29998779297
3007.16059788422	1012.59997558594
3009.65672697897	1012.09997558594
3012.15150155066	1011.20001220703
3014.64492263748	1010.70001220703
3017.13699127655	1009.20001220703
3019.62770850394	1011.79998779297
3022.11707535466	1010.09997558594
3024.60509286267	1010.29998779297
3027.09176206085	1011.90002441406
3029.57708398106	1011.29998779297
3032.06105965407	1011.20001220703
3034.54369010963	1009.09997558594
3037.02497637642	1007.79998779297
3039.50491948207	1009.70001220703
3041.98352045319	1009.59997558594
3044.4607803153	1009.20001220703
3046.93670009292	1008.20001220703
3049.41128080949	1008.90002441406
3051.88452348743	1009.59997558594
3054.3564291481	1008.5
3056.82699881185	1009.59997558594
3059.29623349795	1009.20001220703
3061.76413422468	1009.90002441406
3064.23070200924	1010.20001220703
3066.69593786783	1009.79998779297
3069.1598428156	1009.59997558594
3071.62241786667	1010.20001220703
3074.08366403413	1012.29998779297
3076.54358233003	1009.29998779297
3079.00217376543	1011
3081.45943935031	1010.29998779297
3083.91538009367	1011.79998779297
3086.36999700346	1012.70001220703
3088.82329108662	1011.70001220703
3091.27526334905	1010.79998779297
3093.72591479567	1011.70001220703
3096.17524643033	1011
3098.6232592559	1012
3101.06995427422	1009.09997558594
3103.51533248612	1010.40002441406
3105.95939489141	1010
3108.40214248889	1010.40002441406
3110.84357627634	1010.40002441406
3113.28369725056	1010.70001220703
3115.72250640732	1011.90002441406
3118.16000474136	1010.59997558594
3120.59619324647	1012
3123.03107291538	1010.70001220703
3125.46464473985	1008.40002441406
3127.89690971063	1009.70001220703
3130.32786881747	1010.5
3132.75752304911	1010.59997558594
3135.18587339331	1011
3137.61292083682	1009
3140.03866636539	1011.90002441406
3142.46311096378	1012
3144.88625561578	1011.20001220703
3147.30810130414	1011.29998779297
3149.72864901067	1011
3152.14789971616	1010.90002441406
3154.56585440041	1009.90002441406
3156.98251404225	1012.20001220703
3159.39787961952	1011.59997558594
3161.81195210906	1012.70001220703
3164.22473248675	1012.29998779297
3166.63622172746	1010.79998779297
3169.04642080512	1013.29998779297
3171.45533069264	1012.29998779297
3173.86295236196	1011.70001220703
3176.26928678408	1011.20001220703
3178.67433492896	1010.59997558594
3181.07809776564	1010.40002441406
3183.48057626216	1010.40002441406
3185.88177138561	1009.79998779297
3188.28168410206	1010.29998779297
3190.68031537668	1011.59997558594
3193.07766617362	1009.29998779297
