-159.407803815973	926.599975585938
-154.947830007008	927.5
-150.490968490979	927.599975585938
-146.037216117413	926.700012207031
-141.586569740106	927
-137.139026217103	926.599975585938
-132.694582410678	927.599975585938
-128.253235187354	927.099975585938
-123.814981417865	927.099975585938
-119.379817977176	926.900024414063
-114.947741744455	927.200012207031
-110.518749603085	927
-106.092838440642	927.400024414063
-101.670005148889	927.900024414063
-97.2502466237804	927.5
-92.8335597654442	927.299987792969
-88.4199414781749	926.900024414063
-84.0093886704365	927.200012207031
-79.6018982548449	927.900024414063
-75.1974671481675	926.799987792969
-70.7960922713078	928.299987792969
-66.3977705493088	927.799987792969
-62.002498911343	927.599975585938
-57.6102742907014	927.400024414063
-53.2210936247867	927.900024414063
-48.8349538551175	927.400024414063
-44.451851927303	927.099975585938
-40.0717847910491	927.400024414063
-35.6947494001532	927.299987792969
-31.3207427124846	927.599975585938
-26.9497616899924	927.799987792969
-22.5818032986859	929.299987792969
-18.2168645086443	931.400024414063
-13.854942293982	931.799987792969
-9.49603363287376	939.400024414063
-5.14013550753271	950.099975585938
-0.787244904192759	952.599975585938
3.56264118687236	952.700012207031
7.90952577138346	940.5
12.2534118510368	930.900024414063
16.5943024235328	927.799987792969
20.9322004825662	927.900024414063
25.267109017844	928.299987792969
29.5990310150879	928
33.9279694560394	929.799987792969
38.2539273184685	932
42.576907576176	935.099975585938
46.89691319901	939.799987792969
51.2139471528627	944.599975585938
55.5280123996809	949
59.8391118974709	952.599975585938
64.1472486003118	955.099975585938
68.4524254583481	955.799987792969
72.754645417812	959.799987792969
77.0539114210196	964.099975585938
81.3502264063804	966.200012207031
85.6435933084041	971.700012207031
89.9340150577072	976.299987792969
94.221494581019	982.200012207031
98.5060348011868	988.299987792969
102.787638637184	996.099975585938
107.06630900412	1007.90002441406
111.342048813235	1016.79998779297
115.614860971923	1030.40002441406
119.88474838372	1052.80004882813
124.151713948329	1073.40002441406
128.41576056161	1090
132.6768911156	1106.80004882813
136.935108498506	1133.5
141.190415594721	1148.90002441406
145.442815284827	1171
149.692310445601	1179.09997558594
153.938903950025	1187.19995117188
158.182598667288	1204.19995117188
162.42339746279	1210.30004882813
166.661303198153	1222
170.896318731233	1232.80004882813
175.128446916106	1234.40002441406
179.357690603098	1229.19995117188
183.584052638779	1216.69995117188
187.807535865965	1220.09997558594
192.028143123741	1197.69995117188
196.245877247442	1177.40002441406
200.460741068677	1169.59997558594
204.672737415346	1165.19995117188
208.881869111612	1160.09997558594
213.088138977939	1160.59997558594
217.291549831076	1164.40002441406
221.492104484081	1167.40002441406
225.689805746317	1173.30004882813
229.884656423456	1173.80004882813
234.076659317495	1174.19995117188
238.265817226749	1177.5
242.452132945872	1183.5
246.635609265848	1181.80004882813
250.816248974007	1172.30004882813
254.994054854027	1180
259.169029685945	1175.09997558594
263.341176246156	1169.19995117188
267.510497307418	1156.5
271.676995638868	1158.90002441406
275.840674006018	1150.30004882813
280.001535170768	1143.5
284.159581891407	1126.69995117188
288.314816922617	1119.30004882813
292.467243015492	1111.40002441406
296.61686291752	1097.59997558594
300.763679372619	1088.5
304.907695121115	1085
309.048912899766	1079.90002441406
313.187335441758	1068.90002441406
317.322965476721	1060.80004882813
321.455805730715	1057.19995117188
325.585858926265	1053.69995117188
329.713127782339	1051.40002441406
333.837615014372	1045.69995117188
337.959323334268	1042.30004882813
342.07825545039	1035.09997558594
346.194414067597	1033.09997558594
350.307801887216	1029.69995117188
354.418421607069	1031.30004882813
358.526275921479	1031.09997558594
362.631367521261	1026.59997558594
366.733699093741	1026.90002441406
370.833273322758	1028.40002441406
374.930092888661	1025.59997558594
379.024160468332	1025.09997558594
383.115478735178	1028.19995117188
387.204050359142	1026.90002441406
391.289878006702	1026.90002441406
395.37296434089	1018.5
399.453312021285	1021.09997558594
403.530923704019	1019.70001220703
407.605802041799	1020.90002441406
411.677949683886	1019
415.747369276126	1015.5
419.814063460936	1016.59997558594
423.87803487732	1011.79998779297
427.939286160879	1010.70001220703
431.997819943799	1010.70001220703
436.053638854881	1007.40002441406
440.106745519513	1007.59997558594
444.157142559716	1006.90002441406
448.204832594115	1004.40002441406
452.249818237968	1004.09997558594
456.292102103149	1003.79998779297
460.331686798183	1003.09997558594
464.368574928217	1007.29998779297
468.402769095058	1003.09997558594
472.434271897151	1002.90002441406
476.463085929604	1002.5
480.489213784189	1001.40002441406
484.512658049335	999.700012207031
488.533421310149	1000.09997558594
492.551506148414	1001.59997558594
496.566915142599	1000.29998779297
500.579650867849	1000.20001220703
504.589715896022	1000.20001220703
508.597112795654	998.400024414063
512.601844132	1001.70001220703
516.603912467011	998.599975585938
520.603320359369	997.200012207031
524.600070364458	1000.29998779297
528.5941650344	1001.59997558594
532.585606918042	1002.59997558594
536.574398560961	1005.70001220703
540.560542505487	1008.59997558594
544.544041290686	1008.40002441406
548.524897452379	1009
552.50311352314	1008.5
556.478692032308	1009.20001220703
560.45163550599	1004.09997558594
564.421946467059	1002.40002441406
568.389627435166	1001.29998779297
572.354680926751	1003
576.317109455037	1002.90002441406
580.276915530032	1001.59997558594
584.234101658558	1001.40002441406
588.188670344219	999.5
592.140624087445	1002.20001220703
596.089965385468	1002.70001220703
600.036696732344	1001.40002441406
603.980820618945	1003.20001220703
607.922339532976	1003.59997558594
611.861255958976	1006.90002441406
615.797572378321	1007.40002441406
619.731291269227	1007.09997558594
623.662415106761	1010.70001220703
627.590946362839	1011.20001220703
631.516887506242	1004.79998779297
635.440241002613	1008.20001220703
639.361009314457	1009.29998779297
643.27919490116	1008
647.194800218976	1003.09997558594
651.107827721053	1006.40002441406
655.018279857421	1007.90002441406
658.926159075002	1010.5
662.831467817618	1010.29998779297
666.734208525996	1014.20001220703
670.634383637767	1012.90002441406
674.531995587475	1010.90002441406
678.42704680658	1008.29998779297
682.319539723472	1006.70001220703
686.209476763458	1005.90002441406
690.096860348783	1004.59997558594
693.981692898628	1003.40002441406
697.863976829113	1002
701.743714553311	1003.70001220703
705.62090848124	1006.5
709.495561019875	1003.79998779297
713.367674573156	1005.20001220703
717.237251541986	1009.40002441406
721.104294324238	1017.90002441406
724.968805314764	1032.69995117188
728.830786905391	1054.40002441406
732.690241484933	1064.5
736.547171439196	1065.80004882813
740.401579150977	1050.90002441406
744.253467000077	1042.80004882813
748.102837363294	1033.30004882813
751.94969261444	1030.40002441406
755.794035124339	1024.09997558594
759.635867260831	1021.5
763.475191388781	1017.79998779297
767.312009870082	1012.09997558594
771.146325063657	1009.40002441406
774.978139325464	1005.70001220703
778.80745500851	1006.29998779297
782.63427446284	1004.40002441406
786.458600035548	1007.59997558594
790.280434070797	1004.59997558594
794.099778909792	1001.70001220703
797.916636890816	1002.20001220703
801.731010349219	998.799987792969
805.542901617415	1000.5
809.352313024909	1000.5
813.159246898279	1001
816.963705561198	1000.70001220703
820.765691334426	1002.59997558594
824.56520653582	1001.79998779297
828.362253480343	1003.59997558594
832.156834480058	1002.5
835.94895184414	1000.5
839.738607878876	1000.90002441406
843.52580488768	1003
847.310545171082	1005.5
851.092831026744	1001.29998779297
854.872664749458	1002.5
858.650048631155	999.700012207031
862.424984960907	999.400024414063
866.197476024934	1002.09997558594
869.967524106601	1003.79998779297
873.735131486436	1002.29998779297
877.500300442118	1002.20001220703
881.263033248499	1007
885.023332177587	1003.09997558594
888.781199498577	1000.09997558594
892.53663747783	1003.09997558594
896.28964837889	1001.79998779297
900.040234462493	1004.5
903.788397986559	1002.70001220703
907.534141206205	1000.59997558594
911.277466373749	1000.90002441406
915.018375738706	1004.70001220703
918.756871547803	1006.90002441406
922.492956044981	1008.40002441406
926.226631471392	1007.70001220703
929.95790006541	1007.79998779297
933.686764062641	1006.79998779297
937.413225695909	1004.40002441406
941.137287195276	1007.79998779297
944.858950788045	1003.59997558594
948.578218698761	1008.59997558594
952.295093149208	1010.29998779297
956.009576358427	1014
959.721670542712	1014.09997558594
963.431377915619	1012.59997558594
967.138700687961	1016.09997558594
970.843641067824	1011.70001220703
974.546201260566	1007.20001220703
978.246383468816	1006.70001220703
981.944189892486	1006.09997558594
985.639622728775	1006
989.332684172165	1006.59997558594
993.023376414439	1006
996.711701644666	1006.90002441406
1000.39766204923	1007.20001220703
1004.0812598118	1008
1007.76249711338	1004.20001220703
1011.44137613226	1007.90002441406
1015.11789904408	1004.5
1018.79206802177	1003
1022.4638852356	1005
1026.13335285318	1005.40002441406
1029.80047303944	1004
1033.46524795664	1002.79998779297
1037.12767976442	999.700012207031
1040.78777061972	1001.40002441406
1044.44552267686	997.799987792969
1048.1009380875	1000
1051.75401900067	999
1055.40476756277	998.5
1059.05318591753	997.299987792969
1062.6992762061	999.099975585938
1066.34304056696	1001.90002441406
1069.984481136	1003.59997558594
1073.62360004648	1006.59997558594
1077.26039942905	1004.59997558594
1080.89488141175	1006.09997558594
1084.52704812002	1000.5
1088.15690167668	1000.90002441406
1091.78444420198	1002.59997558594
1095.40967781355	1000.29998779297
1099.03260462646	999.599975585938
1102.65322675317	1000.29998779297
1106.27154630357	1003.09997558594
1109.88756538497	1001.5
1113.5012861021	997.5
1117.11271055714	1002
1120.72184084969	1000.59997558594
1124.32867907679	1003.40002441406
1127.93322733291	1004
1131.53548771	1007.20001220703
1135.13546229742	1006.5
1138.73315318201	1006.79998779297
1142.32856244807	1005.29998779297
1145.92169217734	1007
1149.51254444904	1008.79998779297
1153.10112133986	1010.5
1156.68742492397	1007.79998779297
1160.27145727299	1006
1163.85322045605	1008.59997558594
1167.43271653976	1005.90002441406
1171.0099475882	1008.90002441406
1174.58491566296	1009.5
1178.15762282312	1012.90002441406
1181.72807112526	1012.5
1185.29626262347	1011.29998779297
1188.86219936934	1012.90002441406
1192.42588341198	1011.79998779297
1195.98731679799	1010.90002441406
1199.54650157154	1016.59997558594
1203.10343977426	1017.70001220703
1206.65813344536	1015.20001220703
1210.21058462154	1013.09997558594
1213.76079533707	1015.29998779297
1217.30876762372	1014.59997558594
1220.85450351084	1022.20001220703
1224.39800502529	1016
1227.93927419151	1017.40002441406
1231.47831303147	1021.79998779297
1235.0151235647	1018
1238.5497078083	1016.29998779297
1242.08206777692	1015.29998779297
1245.6122054828	1012.09997558594
1249.14012293572	1010.70001220703
1252.66582214306	1011.29998779297
1256.18930510976	1012.79998779297
1259.71057383837	1007.70001220703
1263.22963032898	1011.09997558594
1266.74647657932	1016.20001220703
1270.26111458467	1019.59997558594
1273.77354633794	1017.90002441406
1277.28377382961	1016.59997558594
1280.79179904779	1020.20001220703
1284.29762397819	1019.40002441406
1287.80125060412	1019.79998779297
1291.30268090652	1020.90002441406
1294.80191686393	1022.09997558594
1298.29896045253	1022.5
1301.79381364611	1027.5
1305.28647841611	1031.59997558594
1308.77695673158	1027.19995117188
1312.26525055921	1028
1315.75136186334	1026.30004882813
1319.23529260595	1026.59997558594
1322.71704474666	1025.59997558594
1326.19662024275	1025.80004882813
1329.67402104914	1029.69995117188
1333.14924911842	1029.59997558594
1336.62230640084	1030.59997558594
1340.0931948443	1027.09997558594
1343.56191639439	1030.59997558594
1347.02847299435	1030.90002441406
1350.49286658511	1031.19995117188
1353.95509910526	1028.90002441406
1357.41517249111	1031.80004882813
1360.8730886766	1030
1364.3288495934	1029.30004882813
1367.78245717087	1031.80004882813
1371.23391333603	1028.19995117188
1374.68322001365	1027.59997558594
1378.13037912617	1025.69995117188
1381.57539259373	1029.5
1385.0182623342	1027.30004882813
1388.45899026315	1020.5
1391.89757829388	1022.40002441406
1395.33402833739	1021
1398.76834230242	1014.09997558594
1402.20052209542	1017.70001220703
1405.63056962059	1019.5
1409.05848677984	1014.20001220703
1412.48427547283	1009.5
1415.90793759696	1008.5
1419.32947504738	1006.70001220703
1422.74888971697	1012.20001220703
1426.16618349636	1014.79998779297
1429.58135827394	1017.20001220703
1432.99441593587	1019.09997558594
1436.40535836606	1020.20001220703
1439.81418744616	1023.09997558594
1443.22090505562	1025.40002441406
1446.62551307164	1029.19995117188
1450.0280133692	1031.40002441406
1453.42840782107	1031.80004882813
1456.82669829777	1030.19995117188
1460.22288666762	1025.80004882813
1463.61697479673	1025.5
1467.00896454899	1022.29998779297
1470.3988577861	1018.09997558594
1473.78665636752	1011.70001220703
1477.17236215056	1007.70001220703
1480.55597699029	1009
1483.9375027396	1012.70001220703
1487.31694124921	1009.29998779297
1490.69429436761	1010.59997558594
1494.06956394113	1010.90002441406
1497.44275181394	1011.5
1500.81385982799	1008.09997558594
1504.18288982308	1011.20001220703
1507.54984363684	1012
1510.91472310471	1013.90002441406
1514.27753006	1014.79998779297
1517.63826633383	1017.59997558594
1520.99693375517	1018.59997558594
1524.35353415083	1017.79998779297
1527.70806934547	1020.70001220703
1531.06054116162	1019.5
1534.41095141963	1021.5
1537.75930193773	1018.09997558594
1541.105594532	1021.70001220703
1544.44983101639	1025.5
1547.79201320272	1022.29998779297
1551.13214290067	1018.40002441406
1554.4702219178	1015.59997558594
1557.80625205954	1016.5
1561.1402351292	1018.79998779297
1564.47217292798	1017.5
1567.80206725495	1017.09997558594
1571.12991990709	1016.40002441406
1574.45573267926	1016.20001220703
1577.7795073642	1014
1581.10124575258	1016.40002441406
1584.42094963294	1014.79998779297
1587.73862079174	1010.29998779297
1591.05426101335	1010.5
1594.36787208004	1008.70001220703
1597.679455772	1014.09997558594
1600.98901386733	1012.5
1604.29654814206	1011.09997558594
1607.60206037012	1007.70001220703
1610.90555232339	1010
1614.20702577167	1003.79998779297
1617.50648248268	1005.59997558594
1620.8039242221	1002.79998779297
1624.09935275352	1001.40002441406
1627.39276983848	1000.79998779297
1630.68417723648	998.700012207031
1633.97357670494	1001
1637.26096999925	998.599975585938
1640.54635887273	996.299987792969
1643.82974507668	992.400024414063
1647.11113036035	994.400024414063
1650.39051647094	993.700012207031
1653.66790515363	992.700012207031
1656.94329815156	988.200012207031
1660.21669720584	988.700012207031
1663.48810405556	985.5
1666.75752043777	982.799987792969
1670.02494808751	988
1673.29038873781	985
1676.55384411968	982.400024414063
1679.8153159621	981
1683.07480599207	981.599975585938
1686.33231593455	982
1689.58784751254	980.900024414063
1692.84140244701	981.200012207031
1696.09298245692	978.299987792969
1699.34258925927	980.400024414063
1702.59022456905	979.5
1705.83589009926	978
1709.07958756092	978.099975585938
1712.32131866306	978.099975585938
1715.56108511274	977.299987792969
1718.79888861504	976.400024414063
1722.03473087304	975.700012207031
1725.2686135879	974.5
1728.50053845876	976
1731.73050718283	975.200012207031
1734.95852145533	974
1738.18458296955	975.900024414063
1741.40869341679	976
1744.63085448642	975.599975585938
1747.85106786585	975.5
1751.06933524054	974
1754.28565829399	973.599975585938
1757.50003870779	971.900024414063
1760.71247816157	970
1763.92297833301	972.5
1767.13154089788	970.799987792969
1770.33816753	974.5
1773.54285990127	969.900024414063
1776.74561968166	970.200012207031
1779.94644853921	972.099975585938
1783.14534814006	973.099975585938
1786.34232014841	971.799987792969
1789.53736622656	968.700012207031
1792.73048803488	971.299987792969
1795.92168723184	969.799987792969
1799.110965474	969.299987792969
1802.29832441604	970
1805.48376571069	968
1808.66729100882	969.200012207031
1811.84890195939	969.799987792969
1815.02860020947	970.099975585938
1818.20638740424	968.900024414063
1821.38226518699	968.900024414063
1824.55623519911	969.700012207031
1827.72829908013	969.200012207031
1830.8984584677	967.599975585938
1834.06671499758	968.200012207031
1837.23307030365	969
1840.39752601794	967.200012207031
1843.56008377059	967.799987792969
1846.72074518988	968
1849.87951190225	967.200012207031
1853.03638553223	964
1856.19136770254	967.200012207031
1859.34446003401	967.200012207031
1862.49566414563	967.099975585938
1865.64498165455	968.900024414063
1868.79241417605	966.400024414063
1871.93796332358	967.599975585938
1875.08163070875	966.900024414063
1878.22341794132	967
1881.36332662922	967.5
1884.50135837853	967
1887.63751479352	966.5
1890.77179747661	966.900024414063
1893.90420802842	965
1897.03474804772	966.099975585938
1900.16341913147	966.900024414063
1903.2902228748	965.299987792969
1906.41516087104	966.299987792969
1909.5382347117	967.099975585938
1912.65944598647	966.200012207031
1915.77879628324	965.799987792969
1918.89628718809	965.799987792969
1922.01192028531	964.599975585938
1925.12569715736	965.599975585938
1928.23761938494	965
1931.34768854691	965.599975585938
1934.45590622038	966.5
1937.56227398063	966.400024414063
1940.66679340119	964.799987792969
1943.76946605377	965.799987792969
1946.87029350832	964.900024414063
1949.969277333	963.200012207031
1953.06641909418	964.299987792969
1956.1617203565	965.5
1959.25518268276	964.099975585938
1962.34680763404	963.099975585938
1965.43659676964	962.799987792969
1968.52455164708	964.900024414063
1971.61067382213	964.799987792969
1974.6949648488	962.599975585938
1977.77742627934	962.700012207031
1980.85805966424	963.099975585938
1983.93686655223	960.700012207031
1987.01384849032	961.700012207031
1990.08900702374	962.599975585938
1993.16234369599	963.5
1996.23386004882	961.400024414063
1999.30355762223	961.5
2002.37143795452	961.599975585938
2005.4375025822	961.299987792969
2008.50175304009	961.400024414063
2011.56419086127	961.900024414063
2014.62481757707	962.5
2017.68363471711	961.400024414063
2020.74064380929	960.599975585938
2023.79584637979	961.299987792969
2026.84924395306	962.200012207031
2029.90083805184	962
2032.95063019715	960.900024414063
2035.99862190831	962.400024414063
2039.04481470292	961.400024414063
2042.08921009688	961.400024414063
2045.13180960439	960.200012207031
2048.17261473794	960.200012207031
2051.21162700831	961.099975585938
2054.24884792461	959.599975585938
2057.28427899423	960.099975585938
2060.31792172288	959.299987792969
2063.34977761459	959.799987792969
2066.37984817168	958.900024414063
2069.4081348948	959.099975585938
2072.4346392829	959.099975585938
2075.45936283328	960.099975585938
2078.48230704154	960
2081.5034734016	959.200012207031
2084.52286340572	960.5
2087.54047854449	959
2090.55632030681	959.099975585938
2093.57039017994	958
2096.58268964947	958.099975585938
2099.59322019931	960.299987792969
2102.60198331172	958.700012207031
2105.60898046733	957.200012207031
2108.61421314506	959.799987792969
2111.61768282224	962.099975585938
2114.6193909745	960.400024414063
2117.61933907584	961.099975585938
2120.61752859863	960.599975585938
2123.61396101357	962.099975585938
2126.60863778973	960.700012207031
2129.60156039456	963
2132.59273029383	963
2135.58214895173	961
2138.56981783077	962.900024414063
2141.55573839186	961.400024414063
2144.53991209427	960.400024414063
2147.52234039565	959.299987792969
2150.50302475203	962.5
2153.48196661782	961.099975585938
2156.45916744579	962
2159.43462868712	959.200012207031
2162.40835179137	958.599975585938
2165.38033820649	960.400024414063
2168.3505893788	961.099975585938
2171.31910675305	960.599975585938
2174.28589177236	960.700012207031
2177.25094587824	959.5
2180.21427051063	960.599975585938
2183.17586710784	957.900024414063
2186.13573710661	958.700012207031
2189.09388194207	958.099975585938
2192.05030304776	958.599975585938
2195.00500185563	958.799987792969
2197.95797979607	957.200012207031
2200.90923829783	956.299987792969
2203.85877878814	957.200012207031
2206.8066026926	956
2209.75271143526	955.799987792969
2212.69710643858	953.900024414063
2215.63978912345	954.700012207031
2218.58076090919	958.099975585938
2221.52002321356	957.200012207031
2224.45757745274	954.700012207031
2227.39342504133	955.099975585938
2230.3275673924	955.099975585938
2233.26000591745	953.299987792969
2236.1907420264	955.700012207031
2239.11977712763	956.299987792969
2242.04711262797	954
2244.97274993269	954.5
2247.89669044551	954.900024414063
2250.81893556861	952.299987792969
2253.7394867026	953
2256.65834524659	953.5
2259.57551259811	953.099975585938
2262.49099015316	953.700012207031
2265.4047793062	953.299987792969
2268.31688145018	951.700012207031
2271.22729797648	952.900024414063
2274.13603027498	952.099975585938
2277.04307973401	952.900024414063
2279.94844774038	954.400024414063
2282.85213567938	952.900024414063
2285.75414493477	954.299987792969
2288.6544768888	952.700012207031
2291.55313292218	951.700012207031
2294.45011441414	952.5
2297.34542274236	952.400024414063
2300.23905928303	950.900024414063
2303.13102541082	951.5
2306.02132249888	951.099975585938
2308.90995191889	951.799987792969
2311.796915041	953.599975585938
2314.68221323385	950.900024414063
2317.56584786461	953.200012207031
2320.44782029892	950.099975585938
2323.32813190095	951.700012207031
2326.20678403336	950.5
2329.08377805733	950
2331.95911533254	950.099975585938
2334.83279721719	950.900024414063
2337.704825068	951.200012207031
2340.57520024018	951.400024414063
2343.4439240875	951.599975585938
2346.31099796222	951.099975585938
2349.17642321512	950.099975585938
2352.04020119553	951
2354.90233325129	949.799987792969
2357.76282072877	950.299987792969
2360.62166497286	948.599975585938
2363.47886732702	950.5
2366.3344291332	949.400024414063
2369.18835173191	949.799987792969
2372.04063646221	949.400024414063
2374.89128466166	949.5
2377.74029766641	950.5
2380.58767681113	948.5
2383.43342342903	948.900024414063
2386.27753885189	948
2389.12002441002	947.900024414063
2391.9608814323	947.400024414063
2394.80011124616	947.900024414063
2397.63771517757	946.700012207031
2400.47369455109	947.200012207031
2403.30805068981	948.400024414063
2406.14078491539	948
2408.97189854808	948.5
2411.80139290666	948.5
2414.6292693085	947.400024414063
2417.45552906953	949.299987792969
2420.28017350426	946.700012207031
2423.10320392577	947
2425.92462164572	948.599975585938
2428.74442797434	948.400024414063
2431.56262422045	947.5
2434.37921169145	947.099975585938
2437.19419169331	947.200012207031
2440.0075655306	946
2442.81933450648	947
2445.62949992269	947.799987792969
2448.43806307957	945.099975585938
2451.24502527604	945.700012207031
2454.05038780962	946
2456.85415197645	945.799987792969
2459.65631907123	944.099975585938
2462.4568903873	945.099975585938
2465.25586721656	945.700012207031
2468.05325084956	946.400024414063
2470.84904257543	946.200012207031
2473.64324368191	945.200012207031
2476.43585545535	944.799987792969
2479.22687918073	944.5
2482.01631614162	944.400024414063
2484.80416762021	944.799987792969
2487.59043489733	946
2490.37511925241	944.5
2493.15822196351	945.299987792969
2495.93974430729	945.400024414063
2498.71968755907	945
2501.49805299279	944.400024414063
2504.27484188099	944
2507.05005549487	944.799987792969
2509.82369510426	944.599975585938
2512.59576197762	943.599975585938
2515.36625738204	944.799987792969
2518.13518258325	943.700012207031
2520.90253884563	944.599975585938
2523.66832743219	944.200012207031
2526.4325496046	942
2529.19520662315	942.5
2531.95629974681	943.299987792969
2534.71583023316	942.5
2537.47379933848	942.900024414063
2540.23020831764	943.299987792969
2542.98505842423	941.700012207031
2545.73835091045	941.5
2548.49008702718	942.599975585938
2551.24026802396	942.799987792969
2553.98889514897	942.099975585938
2556.73596964909	941.700012207031
2559.48149276982	941.400024414063
2562.22546575538	942.900024414063
2564.96788984861	942.400024414063
2567.70876629106	942.700012207031
2570.44809632291	941.799987792969
2573.18588118307	943.200012207031
2575.92212210906	943.200012207031
2578.65682033715	941.700012207031
2581.38997710222	943
2584.12159363789	940.700012207031
2586.85167117641	942.700012207031
2589.58021094877	941.700012207031
2592.3072141846	942.799987792969
2595.03268211224	942.5
2597.75661595872	943.400024414063
2600.47901694975	941.5
2603.19988630976	941.200012207031
2605.91922526185	942.200012207031
2608.63703502782	941.700012207031
2611.35331682818	941.099975585938
2614.06807188212	940.700012207031
2616.78130140757	940.599975585938
2619.49300662113	940.400024414063
2622.20318873812	941.900024414063
2624.91184897255	941.900024414063
2627.61898853717	940.200012207031
2630.32460864343	940.900024414063
2633.02871050146	940.599975585938
2635.73129532016	940.200012207031
2638.4323643071	939
2641.13191866859	940.200012207031
2643.82995960966	940.900024414063
2646.52648833405	940.400024414063
2649.22150604423	940.400024414063
2651.91501394139	940.099975585938
2654.60701322546	939.299987792969
2657.29750509509	939.200012207031
2659.98649074764	939.900024414063
2662.67397137923	939
2665.35994818471	940.599975585938
2668.04442235764	940.299987792969
2670.72739509034	938.900024414063
2673.40886757386	940.200012207031
2676.088840998	939.900024414063
2678.76731655128	940.900024414063
2681.44429542098	940.299987792969
2684.11977879312	940.5
2686.79376785247	940.599975585938
2689.46626378254	939.5
2692.13726776559	939.400024414063
2694.80678098265	940
2697.47480461347	939.099975585938
2700.14133983659	940.299987792969
2702.80638782928	938.400024414063
2705.46994976757	939.700012207031
2708.13202682628	939.799987792969
2710.79262017895	939.799987792969
2713.4517309979	939.099975585938
2716.10936045423	938.599975585938
2718.76550971778	938.700012207031
2721.42017995717	939.599975585938
2724.07337233979	939.700012207031
2726.72508803181	939.200012207031
2729.37532819815	939.900024414063
2732.02409400252	939.299987792969
2734.6713866074	940.299987792969
2737.31720717406	939.200012207031
2739.96155686253	939.299987792969
2742.60443683162	939.400024414063
2745.24584823896	939.299987792969
2747.88579224091	938.900024414063
2750.52426999266	937.900024414063
2753.16128264815	938.5
2755.79683136014	938.799987792969
2758.43091728017	939
2761.06354155856	938.099975585938
2763.69470534443	937.900024414063
2766.32440978571	938.099975585938
2768.9526560291	937.400024414063
2771.57944522013	937.099975585938
2774.2047785031	938.400024414063
2776.82865702112	938
2779.45108191611	936.900024414063
2782.0720543288	937.099975585938
2784.69157539871	938.299987792969
2787.30964626418	938.299987792969
2789.92626806234	937.200012207031
2792.54144192915	938.200012207031
2795.15516899939	937.799987792969
2797.76745040662	937.400024414063
2800.37828728325	937.200012207031
2802.98768076049	936.900024414063
2805.59563196837	937.099975585938
2808.20214203574	939.200012207031
2810.80721209028	939.200012207031
2813.41084325847	938
2816.01303666564	937.799987792969
2818.61379343595	938.299987792969
2821.21311469235	938.200012207031
2823.81100155666	939.200012207031
2826.40745514951	938.099975585938
2829.00247659037	938.400024414063
2831.59606699754	938.099975585938
2834.18822748815	940.700012207031
2836.77895917817	940.5
2839.36826318243	940.400024414063
2841.95614061456	940.400024414063
2844.54259258707	940.400024414063
2847.12762021128	940.400024414063
2849.71122459738	940
2852.29340685439	940.400024414063
2854.87416809019	939.599975585938
2857.4535094115	939.799987792969
2860.03143192389	939.599975585938
2862.60793673178	940
2865.18302493845	940.700012207031
2867.75669764604	940.700012207031
2870.32895595553	941.299987792969
2872.89980096678	939.900024414063
2875.46923377848	939.400024414063
2878.0372554882	940.799987792969
2880.60386719239	940.099975585938
2883.16906998631	940.599975585938
2885.73286496415	939.900024414063
2888.29525321891	939.200012207031
2890.8562358425	938.599975585938
2893.41581392567	938.700012207031
2895.97398855807	939.400024414063
2898.5307608282	939.099975585938
2901.08613182343	938.900024414063
2903.64010263003	939.400024414063
2906.19267433313	938.599975585938
2908.74384801673	938.599975585938
2911.29362476374	940.200012207031
2913.84200565592	938.799987792969
2916.38899177394	939.200012207031
2918.93458419732	938.599975585938
2921.4787840045	937
2924.02159227279	938.200012207031
2926.56301007838	937.599975585938
2929.10303849638	938.200012207031
2931.64167860076	937.099975585938
2934.1789314644	936.799987792969
2936.71479815906	936.900024414063
2939.24927975542	935.599975585938
2941.78237732303	934.599975585938
2944.31409193036	934.799987792969
2946.84442464477	934.599975585938
2949.37337653251	935.900024414063
2951.90094865876	935.5
2954.42714208758	935
2956.95195788195	935.5
2959.47539710375	934.5
2961.99746081377	934.299987792969
2964.5181500717	935.200012207031
2967.03746593617	933.200012207031
2969.5554094647	934.299987792969
2972.07198171371	934
2974.58718373858	932.700012207031
2977.10101659355	933.700012207031
2979.61348133184	933.099975585938
2982.12457900554	932.400024414063
2984.63431066567	932.400024414063
2987.1426773622	932.200012207031
2989.649680144	931.799987792969
2992.15532005887	932.799987792969
2994.65959815353	933.5
2997.16251547364	932.700012207031
2999.66407306379	932.200012207031
3002.16427196748	932.599975585938
3004.66311322716	931.599975585938
3007.16059788422	931.900024414063
3009.65672697897	932.799987792969
3012.15150155066	931.900024414063
3014.64492263748	932
3017.13699127655	932.200012207031
3019.62770850394	932.799987792969
3022.11707535466	930.799987792969
3024.60509286267	930.900024414063
3027.09176206085	931
3029.57708398106	932.299987792969
3032.06105965407	932
3034.54369010963	932.5
3037.02497637642	930.599975585938
3039.50491948207	931.5
3041.98352045319	931.599975585938
3044.4607803153	931.299987792969
3046.93670009292	930.099975585938
3049.41128080949	931.5
3051.88452348743	930.200012207031
3054.3564291481	931.5
3056.82699881185	931.099975585938
3059.29623349795	930.5
3061.76413422468	931.299987792969
3064.23070200924	929.900024414063
3066.69593786783	930.5
3069.1598428156	930.400024414063
3071.62241786667	930.5
3074.08366403413	930.700012207031
3076.54358233003	930.799987792969
3079.00217376543	930.599975585938
3081.45943935031	930.700012207031
3083.91538009367	931.200012207031
3086.36999700346	930.200012207031
3088.82329108662	930.299987792969
3091.27526334905	930.700012207031
3093.72591479567	930.5
3096.17524643033	929.700012207031
3098.6232592559	929.599975585938
3101.06995427422	929.900024414063
3103.51533248612	928.400024414063
3105.95939489141	929.599975585938
3108.40214248889	928.700012207031
3110.84357627634	928.900024414063
3113.28369725056	929.799987792969
3115.72250640732	929.5
3118.16000474136	929.799987792969
3120.59619324647	930
3123.03107291538	929.900024414063
3125.46464473985	929.099975585938
3127.89690971063	929.400024414063
3130.32786881747	930
3132.75752304911	929
3135.18587339331	928.400024414063
3137.61292083682	928.799987792969
3140.03866636539	929.900024414063
3142.46311096378	929.799987792969
3144.88625561578	927.799987792969
3147.30810130414	929.5
3149.72864901067	929.200012207031
3152.14789971616	928.799987792969
3154.56585440041	929.599975585938
3156.98251404225	928.700012207031
3159.39787961952	929
3161.81195210906	929.200012207031
3164.22473248675	929
3166.63622172746	929.599975585938
3169.04642080512	929.299987792969
3171.45533069264	928.799987792969
3173.86295236196	928.5
3176.26928678408	928.299987792969
3178.67433492896	928
3181.07809776564	928.099975585938
3183.48057626216	927.700012207031
3185.88177138561	928.599975585938
3188.28168410206	928.799987792969
3190.68031537668	928.599975585938
3193.07766617362	928.700012207031
