-159.407803815973	982.5
-154.947830007008	985.099975585938
-150.490968490979	984.5
-146.037216117413	986.5
-141.586569740106	984.400024414063
-137.139026217103	985.099975585938
-132.694582410678	986.299987792969
-128.253235187354	986.299987792969
-123.814981417865	986.200012207031
-119.379817977176	987.5
-114.947741744455	986.700012207031
-110.518749603085	984.400024414063
-106.092838440642	987.200012207031
-101.670005148889	988.799987792969
-97.2502466237804	987.299987792969
-92.8335597654442	987.099975585938
-88.4199414781749	991.099975585938
-84.0093886704365	990.200012207031
-79.6018982548449	990.799987792969
-75.1974671481675	992.299987792969
-70.7960922713078	992.599975585938
-66.3977705493088	994.900024414063
-62.002498911343	996.400024414063
-57.6102742907014	1000.79998779297
-53.2210936247867	1003.09997558594
-48.8349538551175	1010.40002441406
-44.451851927303	1022.70001220703
-40.0717847910491	1048.09997558594
-35.6947494001532	1136.09997558594
-31.3207427124846	1393.59997558594
-26.9497616899924	1977.59997558594
-22.5818032986859	3112.39990234375
-18.2168645086443	4263.60009765625
-13.854942293982	5991.60009765625
-9.49603363287376	10542.400390625
-5.14013550753271	18930.30078125
-0.787244904192759	22215.69921875
3.56264118687236	19758.900390625
7.90952577138346	10844
12.2534118510368	2773.19995117188
16.5943024235328	1363.30004882813
20.9322004825662	1092.69995117188
25.267109017844	1029
29.5990310150879	1019.40002441406
33.9279694560394	1021.59997558594
38.2539273184685	1030.30004882813
42.576907576176	1042.5
46.89691319901	1055.69995117188
51.2139471528627	1069
55.5280123996809	1082.09997558594
59.8391118974709	1093.69995117188
64.1472486003118	1102.5
68.4524254583481	1108.59997558594
72.754645417812	1119
77.0539114210196	1136.09997558594
81.3502264063804	1149.5
85.6435933084041	1171.59997558594
89.9340150577072	1193.90002441406
94.221494581019	1225.59997558594
98.5060348011868	1263.80004882813
102.787638637184	1308.09997558594
107.06630900412	1356.90002441406
111.342048813235	1416.19995117188
115.614860971923	1483.19995117188
119.88474838372	1565.09997558594
124.151713948329	1662.80004882813
128.41576056161	1790.80004882813
132.6768911156	1904.59997558594
136.935108498506	2025.5
141.190415594721	2187.19995117188
145.442815284827	2335.80004882813
149.692310445601	2509.60009765625
153.938903950025	2655.19995117188
158.182598667288	2732.80004882813
162.42339746279	2769.30004882813
166.661303198153	2793.5
170.896318731233	2747.39990234375
175.128446916106	2698.60009765625
179.357690603098	2720.89990234375
183.584052638779	2733.19995117188
187.807535865965	2759
192.028143123741	2808.10009765625
196.245877247442	2881.30004882813
200.460741068677	2983.69995117188
204.672737415346	3091.69995117188
208.881869111612	3272.80004882813
213.088138977939	3461.69995117188
217.291549831076	3695.80004882813
221.492104484081	3922.5
225.689805746317	4231.10009765625
229.884656423456	4443.89990234375
234.076659317495	4663.2001953125
238.265817226749	4815
242.452132945872	4704.7998046875
246.635609265848	4499.2001953125
250.816248974007	4273
254.994054854027	3829.60009765625
259.169029685945	3352.5
263.341176246156	3038.5
267.510497307418	2773.89990234375
271.676995638868	2540.5
275.840674006018	2352.89990234375
280.001535170768	2210
284.159581891407	2099.10009765625
288.314816922617	2006.90002441406
292.467243015492	1947.80004882813
296.61686291752	1893.19995117188
300.763679372619	1851.80004882813
304.907695121115	1795.30004882813
309.048912899766	1762.59997558594
313.187335441758	1751
317.322965476721	1757.19995117188
321.455805730715	1754.80004882813
325.585858926265	1723.09997558594
329.713127782339	1716.30004882813
333.837615014372	1704.90002441406
337.959323334268	1680.30004882813
342.07825545039	1656
346.194414067597	1639.19995117188
350.307801887216	1638.5
354.418421607069	1622.40002441406
358.526275921479	1607.30004882813
362.631367521261	1608.90002441406
366.733699093741	1592.80004882813
370.833273322758	1596.40002441406
374.930092888661	1588.30004882813
379.024160468332	1577.59997558594
383.115478735178	1590.69995117188
387.204050359142	1586.5
391.289878006702	1596.80004882813
395.37296434089	1581.09997558594
399.453312021285	1570
403.530923704019	1581.30004882813
407.605802041799	1585.59997558594
411.677949683886	1586.19995117188
415.747369276126	1578.09997558594
419.814063460936	1570.90002441406
423.87803487732	1572
427.939286160879	1577.59997558594
431.997819943799	1571.69995117188
436.053638854881	1578.30004882813
440.106745519513	1578.90002441406
444.157142559716	1570.5
448.204832594115	1568.90002441406
452.249818237968	1558.09997558594
456.292102103149	1555.90002441406
460.331686798183	1545.80004882813
464.368574928217	1551.90002441406
468.402769095058	1548.5
472.434271897151	1547.59997558594
476.463085929604	1543.30004882813
480.489213784189	1533.59997558594
484.512658049335	1530.40002441406
488.533421310149	1537.59997558594
492.551506148414	1537.5
496.566915142599	1541.5
500.579650867849	1530.19995117188
504.589715896022	1526.40002441406
508.597112795654	1522.80004882813
512.601844132	1528.09997558594
516.603912467011	1531.40002441406
520.603320359369	1534
524.600070364458	1535.69995117188
528.5941650344	1536.59997558594
532.585606918042	1529.59997558594
536.574398560961	1532
540.560542505487	1539.09997558594
544.544041290686	1544.09997558594
548.524897452379	1538.90002441406
552.50311352314	1542.80004882813
556.478692032308	1543.19995117188
560.45163550599	1527.69995117188
564.421946467059	1530.69995117188
568.389627435166	1523.69995117188
572.354680926751	1518.80004882813
576.317109455037	1507
580.276915530032	1521.30004882813
584.234101658558	1513.90002441406
588.188670344219	1503.30004882813
592.140624087445	1503.80004882813
596.089965385468	1510.5
600.036696732344	1508.40002441406
603.980820618945	1505.59997558594
607.922339532976	1512.30004882813
611.861255958976	1514.19995117188
615.797572378321	1513.90002441406
619.731291269227	1530.40002441406
623.662415106761	1536
627.590946362839	1534.5
631.516887506242	1539.30004882813
635.440241002613	1538.59997558594
639.361009314457	1550.80004882813
643.27919490116	1538.59997558594
647.194800218976	1532.09997558594
651.107827721053	1524.90002441406
655.018279857421	1529.80004882813
658.926159075002	1522.09997558594
662.831467817618	1519
666.734208525996	1520.30004882813
670.634383637767	1519.30004882813
674.531995587475	1518.59997558594
678.42704680658	1510.5
682.319539723472	1525.19995117188
686.209476763458	1518.80004882813
690.096860348783	1510.40002441406
693.981692898628	1510.69995117188
697.863976829113	1508.09997558594
701.743714553311	1514.80004882813
705.62090848124	1500.40002441406
709.495561019875	1495.69995117188
713.367674573156	1512.5
717.237251541986	1550.40002441406
721.104294324238	1596.09997558594
724.968805314764	1663
728.830786905391	1714.40002441406
732.690241484933	1709.40002441406
736.547171439196	1646.40002441406
740.401579150977	1574.19995117188
744.253467000077	1542.59997558594
748.102837363294	1531.80004882813
751.94969261444	1524.59997558594
755.794035124339	1515.69995117188
759.635867260831	1502.40002441406
763.475191388781	1504.40002441406
767.312009870082	1509.19995117188
771.146325063657	1510
774.978139325464	1512.80004882813
778.80745500851	1496.5
782.63427446284	1495.80004882813
786.458600035548	1504.40002441406
790.280434070797	1503.80004882813
794.099778909792	1499.69995117188
797.916636890816	1508.40002441406
801.731010349219	1500.09997558594
805.542901617415	1496.69995117188
809.352313024909	1498
813.159246898279	1493.09997558594
816.963705561198	1486.80004882813
820.765691334426	1488.90002441406
824.56520653582	1488.80004882813
828.362253480343	1494.69995117188
832.156834480058	1485.5
835.94895184414	1482.90002441406
839.738607878876	1488.69995117188
843.52580488768	1490.80004882813
847.310545171082	1485.19995117188
851.092831026744	1479.69995117188
854.872664749458	1484.09997558594
858.650048631155	1489.5
862.424984960907	1486.30004882813
866.197476024934	1492.40002441406
869.967524106601	1500.19995117188
873.735131486436	1489.09997558594
877.500300442118	1494.90002441406
881.263033248499	1491.09997558594
885.023332177587	1487.69995117188
888.781199498577	1486.19995117188
892.53663747783	1495.09997558594
896.28964837889	1488.19995117188
900.040234462493	1490.59997558594
903.788397986559	1490.90002441406
907.534141206205	1485.69995117188
911.277466373749	1486.80004882813
915.018375738706	1488.80004882813
918.756871547803	1494.59997558594
922.492956044981	1481.30004882813
926.226631471392	1481.90002441406
929.95790006541	1486.40002441406
933.686764062641	1485
937.413225695909	1480.19995117188
941.137287195276	1487.40002441406
944.858950788045	1481
948.578218698761	1489
952.295093149208	1482.80004882813
956.009576358427	1478.59997558594
959.721670542712	1483.30004882813
963.431377915619	1477.40002441406
967.138700687961	1478.19995117188
970.843641067824	1478.40002441406
974.546201260566	1471.40002441406
978.246383468816	1474.19995117188
981.944189892486	1465.09997558594
985.639622728775	1472.30004882813
989.332684172165	1473.09997558594
993.023376414439	1480.90002441406
996.711701644666	1486.5
1000.39766204923	1486
1004.0812598118	1472.59997558594
1007.76249711338	1482.40002441406
1011.44137613226	1480.09997558594
1015.11789904408	1475.30004882813
1018.79206802177	1474.30004882813
1022.4638852356	1479.80004882813
1026.13335285318	1482.09997558594
1029.80047303944	1471.80004882813
1033.46524795664	1464.30004882813
1037.12767976442	1465.69995117188
1040.78777061972	1460.80004882813
1044.44552267686	1460.59997558594
1048.1009380875	1452.30004882813
1051.75401900067	1450.30004882813
1055.40476756277	1456.09997558594
1059.05318591753	1452.59997558594
1062.6992762061	1465
1066.34304056696	1464.5
1069.984481136	1459.40002441406
1073.62360004648	1456.30004882813
1077.26039942905	1456.80004882813
1080.89488141175	1460.30004882813
1084.52704812002	1456.80004882813
1088.15690167668	1461
1091.78444420198	1452.09997558594
1095.40967781355	1449.59997558594
1099.03260462646	1445.80004882813
1102.65322675317	1464.90002441406
1106.27154630357	1463.09997558594
1109.88756538497	1458.19995117188
1113.5012861021	1466.09997558594
1117.11271055714	1454.59997558594
1120.72184084969	1466.59997558594
1124.32867907679	1458.40002441406
1127.93322733291	1469.09997558594
1131.53548771	1463.59997558594
1135.13546229742	1452.30004882813
1138.73315318201	1460.59997558594
1142.32856244807	1463.90002441406
1145.92169217734	1459.09997558594
1149.51254444904	1452.09997558594
1153.10112133986	1455.40002441406
1156.68742492397	1456.19995117188
1160.27145727299	1454.5
1163.85322045605	1447.69995117188
1167.43271653976	1444
1171.0099475882	1447.09997558594
1174.58491566296	1462
1178.15762282312	1458.80004882813
1181.72807112526	1457.40002441406
1185.29626262347	1451.5
1188.86219936934	1450.69995117188
1192.42588341198	1448.59997558594
1195.98731679799	1449
1199.54650157154	1456.19995117188
1203.10343977426	1456.90002441406
1206.65813344536	1451
1210.21058462154	1444.19995117188
1213.76079533707	1453.19995117188
1217.30876762372	1452.09997558594
1220.85450351084	1450
1224.39800502529	1449.19995117188
1227.93927419151	1449.19995117188
1231.47831303147	1443.59997558594
1235.0151235647	1445.59997558594
1238.5497078083	1449.5
1242.08206777692	1456
1245.6122054828	1454.09997558594
1249.14012293572	1449.59997558594
1252.66582214306	1445.69995117188
1256.18930510976	1460.40002441406
1259.71057383837	1457.90002441406
1263.22963032898	1455.19995117188
1266.74647657932	1458.80004882813
1270.26111458467	1464.80004882813
1273.77354633794	1455.30004882813
1277.28377382961	1456.69995117188
1280.79179904779	1448.40002441406
1284.29762397819	1444.80004882813
1287.80125060412	1452.30004882813
1291.30268090652	1441.30004882813
1294.80191686393	1449.09997558594
1298.29896045253	1455.19995117188
1301.79381364611	1440.19995117188
1305.28647841611	1460.69995117188
1308.77695673158	1478.69995117188
1312.26525055921	1473.69995117188
1315.75136186334	1486.40002441406
1319.23529260595	1502.90002441406
1322.71704474666	1509.90002441406
1326.19662024275	1516.5
1329.67402104914	1519.69995117188
1333.14924911842	1505
1336.62230640084	1506.59997558594
1340.0931948443	1498.90002441406
1343.56191639439	1485.09997558594
1347.02847299435	1454
1350.49286658511	1453.19995117188
1353.95509910526	1454.59997558594
1357.41517249111	1451.80004882813
1360.8730886766	1462.09997558594
1364.3288495934	1463.09997558594
1367.78245717087	1458.40002441406
1371.23391333603	1460.80004882813
1374.68322001365	1463.80004882813
1378.13037912617	1463.90002441406
1381.57539259373	1459.40002441406
1385.0182623342	1458
1388.45899026315	1434.5
1391.89757829388	1437.69995117188
1395.33402833739	1447.80004882813
1398.76834230242	1442.5
1402.20052209542	1429.40002441406
1405.63056962059	1427.40002441406
1409.05848677984	1420.19995117188
1412.48427547283	1417.69995117188
1415.90793759696	1415.09997558594
1419.32947504738	1409.09997558594
1422.74888971697	1414
1426.16618349636	1419.40002441406
1429.58135827394	1408
1432.99441593587	1416.09997558594
1436.40535836606	1417.59997558594
1439.81418744616	1420.80004882813
1443.22090505562	1423.40002441406
1446.62551307164	1428.5
1450.0280133692	1439.30004882813
1453.42840782107	1438.19995117188
1456.82669829777	1427
1460.22288666762	1433.90002441406
1463.61697479673	1420.59997558594
1467.00896454899	1411.09997558594
1470.3988577861	1408
1473.78665636752	1401.19995117188
1477.17236215056	1399.40002441406
1480.55597699029	1392.19995117188
1483.9375027396	1394.30004882813
1487.31694124921	1400.30004882813
1490.69429436761	1396.90002441406
1494.06956394113	1397
1497.44275181394	1393.5
1500.81385982799	1388.30004882813
1504.18288982308	1386
1507.54984363684	1382.09997558594
1510.91472310471	1386.30004882813
1514.27753006	1385.30004882813
1517.63826633383	1383.69995117188
1520.99693375517	1390.19995117188
1524.35353415083	1386.59997558594
1527.70806934547	1384
1531.06054116162	1381.69995117188
1534.41095141963	1386.69995117188
1537.75930193773	1389
1541.105594532	1385.30004882813
1544.44983101639	1379
1547.79201320272	1384.09997558594
1551.13214290067	1392.40002441406
1554.4702219178	1394.5
1557.80625205954	1380.69995117188
1561.1402351292	1374.59997558594
1564.47217292798	1369.69995117188
1567.80206725495	1382.69995117188
1571.12991990709	1376.09997558594
1574.45573267926	1376.90002441406
1577.7795073642	1375.40002441406
1581.10124575258	1377.80004882813
1584.42094963294	1376.40002441406
1587.73862079174	1368.59997558594
1591.05426101335	1368.69995117188
1594.36787208004	1367.09997558594
1597.679455772	1375.40002441406
1600.98901386733	1366.40002441406
1604.29654814206	1372.30004882813
1607.60206037012	1377.19995117188
1610.90555232339	1374.40002441406
1614.20702577167	1374.30004882813
1617.50648248268	1374.90002441406
1620.8039242221	1374.59997558594
1624.09935275352	1374.30004882813
1627.39276983848	1377.5
1630.68417723648	1377.69995117188
1633.97357670494	1385.09997558594
1637.26096999925	1381.90002441406
1640.54635887273	1377.59997558594
1643.82974507668	1369.5
1647.11113036035	1364.59997558594
1650.39051647094	1364.19995117188
1653.66790515363	1356.09997558594
1656.94329815156	1364.80004882813
1660.21669720584	1354.69995117188
1663.48810405556	1350.69995117188
1666.75752043777	1350.30004882813
1670.02494808751	1345.30004882813
1673.29038873781	1355.30004882813
1676.55384411968	1347.69995117188
1679.8153159621	1336.69995117188
1683.07480599207	1344.80004882813
1686.33231593455	1329.40002441406
1689.58784751254	1325.5
1692.84140244701	1329.09997558594
1696.09298245692	1326
1699.34258925927	1324.19995117188
1702.59022456905	1334.90002441406
1705.83589009926	1332.69995117188
1709.07958756092	1319.09997558594
1712.32131866306	1307.30004882813
1715.56108511274	1311
1718.79888861504	1313.80004882813
1722.03473087304	1315.09997558594
1725.2686135879	1316.09997558594
1728.50053845876	1313.69995117188
1731.73050718283	1310.59997558594
1734.95852145533	1309.59997558594
1738.18458296955	1315
1741.40869341679	1309.59997558594
1744.63085448642	1304.59997558594
1747.85106786585	1310.80004882813
1751.06933524054	1304.40002441406
1754.28565829399	1306.19995117188
1757.50003870779	1300
1760.71247816157	1299.69995117188
1763.92297833301	1300.5
1767.13154089788	1295.5
1770.33816753	1299.80004882813
1773.54285990127	1298.09997558594
1776.74561968166	1295.80004882813
1779.94644853921	1288.80004882813
1783.14534814006	1295.80004882813
1786.34232014841	1296.09997558594
1789.53736622656	1284
1792.73048803488	1280.59997558594
1795.92168723184	1285.30004882813
1799.110965474	1288
1802.29832441604	1285.09997558594
1805.48376571069	1284.80004882813
1808.66729100882	1283.80004882813
1811.84890195939	1280.90002441406
1815.02860020947	1268.59997558594
1818.20638740424	1269.40002441406
1821.38226518699	1273.59997558594
1824.55623519911	1276.80004882813
1827.72829908013	1278.5
1830.8984584677	1276.09997558594
1834.06671499758	1272.09997558594
1837.23307030365	1268.09997558594
1840.39752601794	1261.59997558594
1843.56008377059	1260
1846.72074518988	1262.59997558594
1849.87951190225	1266.69995117188
1853.03638553223	1265.90002441406
1856.19136770254	1264.69995117188
1859.34446003401	1260.80004882813
1862.49566414563	1256.09997558594
1865.64498165455	1265.69995117188
1868.79241417605	1288.5
1871.93796332358	1276.80004882813
1875.08163070875	1288.5
1878.22341794132	1300
1881.36332662922	1291.40002441406
1884.50135837853	1273.69995117188
1887.63751479352	1265
1890.77179747661	1254
1893.90420802842	1256.5
1897.03474804772	1252.40002441406
1900.16341913147	1247
1903.2902228748	1249.40002441406
1906.41516087104	1255.09997558594
1909.5382347117	1257.90002441406
1912.65944598647	1256.5
1915.77879628324	1250.80004882813
1918.89628718809	1241.80004882813
1922.01192028531	1241.40002441406
1925.12569715736	1244.80004882813
1928.23761938494	1242.59997558594
1931.34768854691	1243
1934.45590622038	1239.80004882813
1937.56227398063	1240
1940.66679340119	1243.90002441406
1943.76946605377	1233.5
1946.87029350832	1235
1949.969277333	1233.59997558594
1953.06641909418	1231.30004882813
1956.1617203565	1232.19995117188
1959.25518268276	1234.5
1962.34680763404	1234.19995117188
1965.43659676964	1225.90002441406
1968.52455164708	1228
1971.61067382213	1220.90002441406
1974.6949648488	1219.69995117188
1977.77742627934	1223.19995117188
1980.85805966424	1223.59997558594
1983.93686655223	1222.90002441406
1987.01384849032	1221.19995117188
1990.08900702374	1221.5
1993.16234369599	1220.59997558594
1996.23386004882	1218.69995117188
1999.30355762223	1222.90002441406
2002.37143795452	1216.80004882813
2005.4375025822	1212.59997558594
2008.50175304009	1211.09997558594
2011.56419086127	1216.59997558594
2014.62481757707	1218
2017.68363471711	1213.59997558594
2020.74064380929	1210.80004882813
2023.79584637979	1210.19995117188
2026.84924395306	1211.69995117188
2029.90083805184	1211.80004882813
2032.95063019715	1211.5
2035.99862190831	1202.40002441406
2039.04481470292	1204.40002441406
2042.08921009688	1209.59997558594
2045.13180960439	1209.5
2048.17261473794	1205.5
2051.21162700831	1202.5
2054.24884792461	1200.09997558594
2057.28427899423	1203.40002441406
2060.31792172288	1199.09997558594
2063.34977761459	1202.80004882813
2066.37984817168	1192.90002441406
2069.4081348948	1188.19995117188
2072.4346392829	1197
2075.45936283328	1201.40002441406
2078.48230704154	1191.30004882813
2081.5034734016	1191
2084.52286340572	1197.09997558594
2087.54047854449	1192.30004882813
2090.55632030681	1190.90002441406
2093.57039017994	1191.69995117188
2096.58268964947	1188.5
2099.59322019931	1183.69995117188
2102.60198331172	1186.09997558594
2105.60898046733	1186.69995117188
2108.61421314506	1185.30004882813
2111.61768282224	1181.30004882813
2114.6193909745	1183.40002441406
2117.61933907584	1186.69995117188
2120.61752859863	1182.59997558594
2123.61396101357	1182
2126.60863778973	1177.69995117188
2129.60156039456	1174.40002441406
2132.59273029383	1175.59997558594
2135.58214895173	1176.30004882813
2138.56981783077	1179.69995117188
2141.55573839186	1178.90002441406
2144.53991209427	1171.30004882813
2147.52234039565	1169.69995117188
2150.50302475203	1172.90002441406
2153.48196661782	1166.30004882813
2156.45916744579	1174.30004882813
2159.43462868712	1173.80004882813
2162.40835179137	1169.90002441406
2165.38033820649	1169.59997558594
2168.3505893788	1167.19995117188
2171.31910675305	1169.30004882813
2174.28589177236	1167.90002441406
2177.25094587824	1161.90002441406
2180.21427051063	1163.09997558594
2183.17586710784	1162.90002441406
2186.13573710661	1165.59997558594
2189.09388194207	1167.69995117188
2192.05030304776	1165
2195.00500185563	1165.30004882813
2197.95797979607	1165.40002441406
2200.90923829783	1166.09997558594
2203.85877878814	1162.59997558594
2206.8066026926	1159.80004882813
2209.75271143526	1157.30004882813
2212.69710643858	1152.40002441406
2215.63978912345	1149.30004882813
2218.58076090919	1157.69995117188
2221.52002321356	1156.69995117188
2224.45757745274	1155.59997558594
2227.39342504133	1152.5
2230.3275673924	1152
2233.26000591745	1151.40002441406
2236.1907420264	1150.09997558594
2239.11977712763	1143.80004882813
2242.04711262797	1145.30004882813
2244.97274993269	1147.5
2247.89669044551	1147.5
2250.81893556861	1147.69995117188
2253.7394867026	1143.19995117188
2256.65834524659	1143.80004882813
2259.57551259811	1146.5
2262.49099015316	1142.5
2265.4047793062	1140.5
2268.31688145018	1137.09997558594
2271.22729797648	1136.5
2274.13603027498	1140.09997558594
2277.04307973401	1135.59997558594
2279.94844774038	1132.90002441406
2282.85213567938	1136.90002441406
2285.75414493477	1138
2288.6544768888	1138
2291.55313292218	1133.30004882813
2294.45011441414	1132.09997558594
2297.34542274236	1130
2300.23905928303	1128.19995117188
2303.13102541082	1126.80004882813
2306.02132249888	1130.59997558594
2308.90995191889	1133.40002441406
2311.796915041	1130
2314.68221323385	1130.09997558594
2317.56584786461	1131.90002441406
2320.44782029892	1126.09997558594
2323.32813190095	1125
2326.20678403336	1120.40002441406
2329.08377805733	1122.40002441406
2331.95911533254	1121
2334.83279721719	1120
2337.704825068	1122.40002441406
2340.57520024018	1120
2343.4439240875	1119.30004882813
2346.31099796222	1118
2349.17642321512	1118.69995117188
2352.04020119553	1120.80004882813
2354.90233325129	1115.80004882813
2357.76282072877	1113.30004882813
2360.62166497286	1110.90002441406
2363.47886732702	1113.19995117188
2366.3344291332	1111.5
2369.18835173191	1114.5
2372.04063646221	1114.30004882813
2374.89128466166	1108.40002441406
2377.74029766641	1104.59997558594
2380.58767681113	1105.30004882813
2383.43342342903	1105.19995117188
2386.27753885189	1101.90002441406
2389.12002441002	1106.40002441406
2391.9608814323	1103.5
2394.80011124616	1106.90002441406
2397.63771517757	1102.69995117188
2400.47369455109	1101.90002441406
2403.30805068981	1099.40002441406
2406.14078491539	1099.5
2408.97189854808	1097.19995117188
2411.80139290666	1096.59997558594
2414.6292693085	1096.19995117188
2417.45552906953	1097
2420.28017350426	1095
2423.10320392577	1095.19995117188
2425.92462164572	1095.90002441406
2428.74442797434	1096.80004882813
2431.56262422045	1093.30004882813
2434.37921169145	1092.5
2437.19419169331	1091.59997558594
2440.0075655306	1089.5
2442.81933450648	1092.09997558594
2445.62949992269	1089.40002441406
2448.43806307957	1089.30004882813
2451.24502527604	1089.09997558594
2454.05038780962	1084.80004882813
2456.85415197645	1083.90002441406
2459.65631907123	1087.09997558594
2462.4568903873	1085.59997558594
2465.25586721656	1085.90002441406
2468.05325084956	1082.90002441406
2470.84904257543	1080.09997558594
2473.64324368191	1083
2476.43585545535	1077.30004882813
2479.22687918073	1075.40002441406
2482.01631614162	1078.40002441406
2484.80416762021	1079.40002441406
2487.59043489733	1081.09997558594
2490.37511925241	1083.90002441406
2493.15822196351	1074.90002441406
2495.93974430729	1076.69995117188
2498.71968755907	1074.30004882813
2501.49805299279	1073.30004882813
2504.27484188099	1071.40002441406
2507.05005549487	1072.09997558594
2509.82369510426	1071.30004882813
2512.59576197762	1070.59997558594
2515.36625738204	1071.09997558594
2518.13518258325	1072.19995117188
2520.90253884563	1069.80004882813
2523.66832743219	1066.59997558594
2526.4325496046	1067
2529.19520662315	1063.90002441406
2531.95629974681	1066.30004882813
2534.71583023316	1065.80004882813
2537.47379933848	1062.30004882813
2540.23020831764	1063.5
2542.98505842423	1062.30004882813
2545.73835091045	1066.09997558594
2548.49008702718	1063.30004882813
2551.24026802396	1063
2553.98889514897	1060.69995117188
2556.73596964909	1060.09997558594
2559.48149276982	1059.69995117188
2562.22546575538	1059
2564.96788984861	1059.5
2567.70876629106	1061.59997558594
2570.44809632291	1060.59997558594
2573.18588118307	1060.30004882813
2575.92212210906	1057.59997558594
2578.65682033715	1057.5
2581.38997710222	1058.90002441406
2584.12159363789	1055.69995117188
2586.85167117641	1061
2589.58021094877	1057.59997558594
2592.3072141846	1056.69995117188
2595.03268211224	1059.40002441406
2597.75661595872	1054.30004882813
2600.47901694975	1056.5
2603.19988630976	1057.90002441406
2605.91922526185	1050.40002441406
2608.63703502782	1053
2611.35331682818	1052.69995117188
2614.06807188212	1055.19995117188
2616.78130140757	1049.30004882813
2619.49300662113	1048
2622.20318873812	1050.5
2624.91184897255	1050.59997558594
2627.61898853717	1049.19995117188
2630.32460864343	1050.80004882813
2633.02871050146	1049.59997558594
2635.73129532016	1048.09997558594
2638.4323643071	1045.90002441406
2641.13191866859	1044.40002441406
2643.82995960966	1044.19995117188
2646.52648833405	1046.59997558594
2649.22150604423	1047.19995117188
2651.91501394139	1046.19995117188
2654.60701322546	1044.30004882813
2657.29750509509	1045.59997558594
2659.98649074764	1046.19995117188
2662.67397137923	1046.59997558594
2665.35994818471	1044.09997558594
2668.04442235764	1044.30004882813
2670.72739509034	1042.19995117188
2673.40886757386	1043.30004882813
2676.088840998	1040.19995117188
2678.76731655128	1040.80004882813
2681.44429542098	1038.80004882813
2684.11977879312	1042.19995117188
2686.79376785247	1038.69995117188
2689.46626378254	1041.69995117188
2692.13726776559	1039
2694.80678098265	1039.80004882813
2697.47480461347	1039
2700.14133983659	1040.30004882813
2702.80638782928	1039.30004882813
2705.46994976757	1038.80004882813
2708.13202682628	1036.09997558594
2710.79262017895	1035.59997558594
2713.4517309979	1038.09997558594
2716.10936045423	1038.5
2718.76550971778	1037.40002441406
2721.42017995717	1039.5
2724.07337233979	1037.80004882813
2726.72508803181	1034.19995117188
2729.37532819815	1035.69995117188
2732.02409400252	1035.19995117188
2734.6713866074	1037.80004882813
2737.31720717406	1036.19995117188
2739.96155686253	1035.5
2742.60443683162	1036.40002441406
2745.24584823896	1038.30004882813
2747.88579224091	1034.90002441406
2750.52426999266	1031.40002441406
2753.16128264815	1032.30004882813
2755.79683136014	1031.90002441406
2758.43091728017	1031.90002441406
2761.06354155856	1032.5
2763.69470534443	1032
2766.32440978571	1030.59997558594
2768.9526560291	1029.19995117188
2771.57944522013	1026.90002441406
2774.2047785031	1030.5
2776.82865702112	1029.5
2779.45108191611	1027.09997558594
2782.0720543288	1029
2784.69157539871	1025.69995117188
2787.30964626418	1026.19995117188
2789.92626806234	1025.69995117188
2792.54144192915	1024
2795.15516899939	1023.20001220703
2797.76745040662	1022.29998779297
2800.37828728325	1023.29998779297
2802.98768076049	1025.09997558594
2805.59563196837	1025.09997558594
2808.20214203574	1024.40002441406
2810.80721209028	1025.90002441406
2813.41084325847	1023.70001220703
2816.01303666564	1024.69995117188
2818.61379343595	1023.09997558594
2821.21311469235	1022.59997558594
2823.81100155666	1023.20001220703
2826.40745514951	1022.20001220703
2829.00247659037	1022.90002441406
2831.59606699754	1021.29998779297
2834.18822748815	1022.29998779297
2836.77895917817	1023
2839.36826318243	1018.09997558594
2841.95614061456	1020.40002441406
2844.54259258707	1021.29998779297
2847.12762021128	1020.5
2849.71122459738	1020.40002441406
2852.29340685439	1020.5
2854.87416809019	1019.5
2857.4535094115	1021.70001220703
2860.03143192389	1021.20001220703
2862.60793673178	1018.5
2865.18302493845	1020.09997558594
2867.75669764604	1021.40002441406
2870.32895595553	1020.20001220703
2872.89980096678	1018.90002441406
2875.46923377848	1018.79998779297
2878.0372554882	1017.29998779297
2880.60386719239	1018.20001220703
2883.16906998631	1017.20001220703
2885.73286496415	1019.59997558594
2888.29525321891	1017.70001220703
2890.8562358425	1016.90002441406
2893.41581392567	1016.09997558594
2895.97398855807	1017.5
2898.5307608282	1016.20001220703
2901.08613182343	1016.5
2903.64010263003	1015.90002441406
2906.19267433313	1012.40002441406
2908.74384801673	1014
2911.29362476374	1015.20001220703
2913.84200565592	1012.79998779297
2916.38899177394	1012.20001220703
2918.93458419732	1012.90002441406
2921.4787840045	1013.20001220703
2924.02159227279	1011.20001220703
2926.56301007838	1012.59997558594
2929.10303849638	1011.90002441406
2931.64167860076	1012
2934.1789314644	1013.20001220703
2936.71479815906	1010.29998779297
2939.24927975542	1010.59997558594
2941.78237732303	1011.09997558594
2944.31409193036	1012.09997558594
2946.84442464477	1012.5
2949.37337653251	1010.79998779297
2951.90094865876	1012
2954.42714208758	1012.79998779297
2956.95195788195	1010.59997558594
2959.47539710375	1011.70001220703
2961.99746081377	1010.59997558594
2964.5181500717	1009.70001220703
2967.03746593617	1010
2969.5554094647	1009.20001220703
2972.07198171371	1008.79998779297
2974.58718373858	1009.70001220703
2977.10101659355	1009.90002441406
2979.61348133184	1009.5
2982.12457900554	1011
2984.63431066567	1010.5
2987.1426773622	1006.79998779297
2989.649680144	1006.40002441406
2992.15532005887	1005.40002441406
2994.65959815353	1007.29998779297
2997.16251547364	1009.5
2999.66407306379	1007.79998779297
3002.16427196748	1010
3004.66311322716	1008.5
3007.16059788422	1006.90002441406
3009.65672697897	1011.70001220703
3012.15150155066	1009.29998779297
3014.64492263748	1007.5
3017.13699127655	1008
3019.62770850394	1007.09997558594
3022.11707535466	1007.70001220703
3024.60509286267	1007.90002441406
3027.09176206085	1007.59997558594
3029.57708398106	1008.09997558594
3032.06105965407	1007.29998779297
3034.54369010963	1006.70001220703
3037.02497637642	1007.40002441406
3039.50491948207	1007.90002441406
3041.98352045319	1004.90002441406
3044.4607803153	1004.90002441406
3046.93670009292	1003.79998779297
3049.41128080949	1005.09997558594
3051.88452348743	1006.40002441406
3054.3564291481	1006
3056.82699881185	1006.5
3059.29623349795	1004.40002441406
3061.76413422468	1004.29998779297
3064.23070200924	1005.79998779297
3066.69593786783	1005.20001220703
3069.1598428156	1008.70001220703
3071.62241786667	1005.90002441406
3074.08366403413	1006.29998779297
3076.54358233003	1007.40002441406
3079.00217376543	1006.90002441406
3081.45943935031	1005.79998779297
3083.91538009367	1007.09997558594
3086.36999700346	1005.90002441406
3088.82329108662	1007.90002441406
3091.27526334905	1005.5
3093.72591479567	1006.59997558594
3096.17524643033	1006
3098.6232592559	1006.20001220703
3101.06995427422	1005.79998779297
3103.51533248612	1006.5
3105.95939489141	1004.40002441406
3108.40214248889	1005.79998779297
3110.84357627634	1003.59997558594
3113.28369725056	1004.70001220703
3115.72250640732	1006.70001220703
3118.16000474136	1005
3120.59619324647	1006.5
3123.03107291538	1005.5
3125.46464473985	1003.59997558594
3127.89690971063	1005.09997558594
3130.32786881747	1006.20001220703
3132.75752304911	1005.40002441406
3135.18587339331	1004.40002441406
3137.61292083682	1005.09997558594
3140.03866636539	1005.70001220703
3142.46311096378	1005.20001220703
3144.88625561578	1005.40002441406
3147.30810130414	1005.09997558594
3149.72864901067	1004.40002441406
3152.14789971616	1005.70001220703
3154.56585440041	1005.59997558594
3156.98251404225	1005.29998779297
3159.39787961952	1005.90002441406
3161.81195210906	1006.29998779297
3164.22473248675	1005.20001220703
3166.63622172746	1005.90002441406
3169.04642080512	1006.59997558594
3171.45533069264	1005.79998779297
3173.86295236196	1005.29998779297
3176.26928678408	1005
3178.67433492896	1004.5
3181.07809776564	1004.70001220703
3183.48057626216	1003.59997558594
3185.88177138561	1005.29998779297
3188.28168410206	1003.09997558594
3190.68031537668	1004.29998779297
3193.07766617362	1001.79998779297
