-159.407803815973	927.5
-154.947830007008	928.400024414063
-150.490968490979	927.700012207031
-146.037216117413	928.599975585938
-141.586569740106	927.400024414063
-137.139026217103	928.299987792969
-132.694582410678	928.299987792969
-128.253235187354	928.200012207031
-123.814981417865	929.099975585938
-119.379817977176	929
-114.947741744455	927.900024414063
-110.518749603085	928.700012207031
-106.092838440642	927.900024414063
-101.670005148889	927.599975585938
-97.2502466237804	927.799987792969
-92.8335597654442	927.700012207031
-88.4199414781749	928.400024414063
-84.0093886704365	928.200012207031
-79.6018982548449	928.299987792969
-75.1974671481675	928.700012207031
-70.7960922713078	929.099975585938
-66.3977705493088	928.700012207031
-62.002498911343	929.099975585938
-57.6102742907014	928.5
-53.2210936247867	928
-48.8349538551175	928.5
-44.451851927303	927.700012207031
-40.0717847910491	927.900024414063
-35.6947494001532	929
-31.3207427124846	928.700012207031
-26.9497616899924	928.799987792969
-22.5818032986859	930
-18.2168645086443	931.099975585938
-13.854942293982	934.099975585938
-9.49603363287376	942.5
-5.14013550753271	953.700012207031
-0.787244904192759	956.299987792969
3.56264118687236	952.599975585938
7.90952577138346	940.900024414063
12.2534118510368	931
16.5943024235328	929.700012207031
20.9322004825662	928.799987792969
25.267109017844	928
29.5990310150879	928.799987792969
33.9279694560394	930.799987792969
38.2539273184685	934.099975585938
42.576907576176	937.5
46.89691319901	942.900024414063
51.2139471528627	949.299987792969
55.5280123996809	955.700012207031
59.8391118974709	960.200012207031
64.1472486003118	964.200012207031
68.4524254583481	967.200012207031
72.754645417812	970.299987792969
77.0539114210196	976.099975585938
81.3502264063804	979.799987792969
85.6435933084041	986.599975585938
89.9340150577072	990.599975585938
94.221494581019	997.599975585938
98.5060348011868	1012.59997558594
102.787638637184	1019.70001220703
107.06630900412	1032.09997558594
111.342048813235	1049.69995117188
115.614860971923	1064.69995117188
119.88474838372	1090.59997558594
124.151713948329	1113.80004882813
128.41576056161	1145.69995117188
132.6768911156	1173.80004882813
136.935108498506	1198
141.190415594721	1216.69995117188
145.442815284827	1245
149.692310445601	1265.5
153.938903950025	1275.19995117188
158.182598667288	1280.30004882813
162.42339746279	1292.80004882813
166.661303198153	1303.69995117188
170.896318731233	1305.09997558594
175.128446916106	1317.19995117188
179.357690603098	1332
183.584052638779	1310.90002441406
187.807535865965	1299.5
192.028143123741	1279.80004882813
196.245877247442	1259.5
200.460741068677	1240.30004882813
204.672737415346	1222.30004882813
208.881869111612	1217.59997558594
213.088138977939	1211.90002441406
217.291549831076	1211.5
221.492104484081	1223.5
225.689805746317	1221
229.884656423456	1237.5
234.076659317495	1238.69995117188
238.265817226749	1239.19995117188
242.452132945872	1239.80004882813
246.635609265848	1244.69995117188
250.816248974007	1239
254.994054854027	1245.19995117188
259.169029685945	1245.5
263.341176246156	1243
267.510497307418	1233.40002441406
271.676995638868	1239.90002441406
275.840674006018	1233.40002441406
280.001535170768	1231.59997558594
284.159581891407	1219.59997558594
288.314816922617	1215.69995117188
292.467243015492	1214.19995117188
296.61686291752	1203.30004882813
300.763679372619	1195.59997558594
304.907695121115	1192.90002441406
309.048912899766	1187.90002441406
313.187335441758	1183.30004882813
317.322965476721	1147.59997558594
321.455805730715	1131.40002441406
325.585858926265	1127.19995117188
329.713127782339	1108.09997558594
333.837615014372	1100.30004882813
337.959323334268	1090.40002441406
342.07825545039	1080.5
346.194414067597	1075.09997558594
350.307801887216	1070
354.418421607069	1063.90002441406
358.526275921479	1063.09997558594
362.631367521261	1060.90002441406
366.733699093741	1060.90002441406
370.833273322758	1063.69995117188
374.930092888661	1060.19995117188
379.024160468332	1062.19995117188
383.115478735178	1061.5
387.204050359142	1058.09997558594
391.289878006702	1059
395.37296434089	1055.59997558594
399.453312021285	1052.80004882813
403.530923704019	1050.40002441406
407.605802041799	1050.30004882813
411.677949683886	1045.80004882813
415.747369276126	1041.69995117188
419.814063460936	1040.09997558594
423.87803487732	1037.40002441406
427.939286160879	1040.5
431.997819943799	1035.30004882813
436.053638854881	1031.90002441406
440.106745519513	1034.40002441406
444.157142559716	1031.59997558594
448.204832594115	1030
452.249818237968	1033.30004882813
456.292102103149	1028.69995117188
460.331686798183	1031.59997558594
464.368574928217	1027.59997558594
468.402769095058	1028.59997558594
472.434271897151	1027.5
476.463085929604	1024
480.489213784189	1020.59997558594
484.512658049335	1022.20001220703
488.533421310149	1020.79998779297
492.551506148414	1020.59997558594
496.566915142599	1020.90002441406
500.579650867849	1017.79998779297
504.589715896022	1023.09997558594
508.597112795654	1024.59997558594
512.601844132	1025.90002441406
516.603912467011	1025
520.603320359369	1021.90002441406
524.600070364458	1027
528.5941650344	1024.90002441406
532.585606918042	1027.5
536.574398560961	1027.19995117188
540.560542505487	1025.5
544.544041290686	1027.30004882813
548.524897452379	1030
552.50311352314	1024.40002441406
556.478692032308	1026.5
560.45163550599	1027.19995117188
564.421946467059	1023
568.389627435166	1025.19995117188
572.354680926751	1023.79998779297
576.317109455037	1021.09997558594
580.276915530032	1019.70001220703
584.234101658558	1018.09997558594
588.188670344219	1019.5
592.140624087445	1018.90002441406
596.089965385468	1020.5
600.036696732344	1019
603.980820618945	1026.90002441406
607.922339532976	1026
611.861255958976	1027.40002441406
615.797572378321	1023.29998779297
619.731291269227	1027.40002441406
623.662415106761	1025.19995117188
627.590946362839	1026.80004882813
631.516887506242	1028.5
635.440241002613	1031.09997558594
639.361009314457	1029.09997558594
643.27919490116	1030.40002441406
647.194800218976	1032.59997558594
651.107827721053	1029.40002441406
655.018279857421	1027.80004882813
658.926159075002	1024.09997558594
662.831467817618	1028.5
666.734208525996	1027.90002441406
670.634383637767	1024.09997558594
674.531995587475	1026.80004882813
678.42704680658	1027.19995117188
682.319539723472	1027.40002441406
686.209476763458	1021.59997558594
690.096860348783	1021.5
693.981692898628	1018.29998779297
697.863976829113	1018.79998779297
701.743714553311	1019
705.62090848124	1020
709.495561019875	1023.20001220703
713.367674573156	1025.5
717.237251541986	1029.69995117188
721.104294324238	1033
724.968805314764	1049.90002441406
728.830786905391	1067.30004882813
732.690241484933	1073.5
736.547171439196	1073.30004882813
740.401579150977	1061.30004882813
744.253467000077	1048.09997558594
748.102837363294	1043
751.94969261444	1039.80004882813
755.794035124339	1033.40002441406
759.635867260831	1028.40002441406
763.475191388781	1026.80004882813
767.312009870082	1027.09997558594
771.146325063657	1026
774.978139325464	1026.90002441406
778.80745500851	1028.40002441406
782.63427446284	1021.59997558594
786.458600035548	1022.40002441406
790.280434070797	1020.70001220703
794.099778909792	1024.09997558594
797.916636890816	1021.79998779297
801.731010349219	1023.70001220703
805.542901617415	1023.70001220703
809.352313024909	1024.19995117188
813.159246898279	1023
816.963705561198	1024.5
820.765691334426	1023.5
824.56520653582	1024.19995117188
828.362253480343	1027
832.156834480058	1023.90002441406
835.94895184414	1024.30004882813
839.738607878876	1026.69995117188
843.52580488768	1025.30004882813
847.310545171082	1024.59997558594
851.092831026744	1028.90002441406
854.872664749458	1028.09997558594
858.650048631155	1026.40002441406
862.424984960907	1025.90002441406
866.197476024934	1027.19995117188
869.967524106601	1033.30004882813
873.735131486436	1032.19995117188
877.500300442118	1030.80004882813
881.263033248499	1027.09997558594
885.023332177587	1027
888.781199498577	1027.69995117188
892.53663747783	1022.40002441406
896.28964837889	1027.69995117188
900.040234462493	1025.5
903.788397986559	1024.80004882813
907.534141206205	1026.09997558594
911.277466373749	1025.59997558594
915.018375738706	1024.90002441406
918.756871547803	1027.59997558594
922.492956044981	1029.19995117188
926.226631471392	1028.40002441406
929.95790006541	1023.5
933.686764062641	1027.69995117188
937.413225695909	1028.80004882813
941.137287195276	1024.19995117188
944.858950788045	1023.29998779297
948.578218698761	1031
952.295093149208	1034.80004882813
956.009576358427	1038.09997558594
959.721670542712	1035.80004882813
963.431377915619	1034.5
967.138700687961	1031.69995117188
970.843641067824	1030.09997558594
974.546201260566	1029.90002441406
978.246383468816	1030.90002441406
981.944189892486	1027.40002441406
985.639622728775	1021.29998779297
989.332684172165	1023.20001220703
993.023376414439	1020.59997558594
996.711701644666	1026.30004882813
1000.39766204923	1024.19995117188
1004.0812598118	1023.5
1007.76249711338	1022.40002441406
1011.44137613226	1023.70001220703
1015.11789904408	1028.19995117188
1018.79206802177	1027.30004882813
1022.4638852356	1024.19995117188
1026.13335285318	1020.09997558594
1029.80047303944	1022.59997558594
1033.46524795664	1021.40002441406
1037.12767976442	1020
1040.78777061972	1017.20001220703
1044.44552267686	1018.09997558594
1048.1009380875	1015.70001220703
1051.75401900067	1014.59997558594
1055.40476756277	1013.40002441406
1059.05318591753	1016
1062.6992762061	1021.09997558594
1066.34304056696	1017.5
1069.984481136	1021
1073.62360004648	1018.90002441406
1077.26039942905	1016.40002441406
1080.89488141175	1018.09997558594
1084.52704812002	1019.20001220703
1088.15690167668	1021.79998779297
1091.78444420198	1018.70001220703
1095.40967781355	1017
1099.03260462646	1018.90002441406
1102.65322675317	1017.90002441406
1106.27154630357	1018.59997558594
1109.88756538497	1019.70001220703
1113.5012861021	1021.20001220703
1117.11271055714	1021
1120.72184084969	1020.59997558594
1124.32867907679	1024.09997558594
1127.93322733291	1025
1131.53548771	1022.70001220703
1135.13546229742	1027.09997558594
1138.73315318201	1030.30004882813
1142.32856244807	1031
1145.92169217734	1025.69995117188
1149.51254444904	1027.90002441406
1153.10112133986	1028.30004882813
1156.68742492397	1025.5
1160.27145727299	1027.59997558594
1163.85322045605	1029.80004882813
1167.43271653976	1027.59997558594
1171.0099475882	1033.19995117188
1174.58491566296	1033.30004882813
1178.15762282312	1032.30004882813
1181.72807112526	1031.09997558594
1185.29626262347	1028.40002441406
1188.86219936934	1031
1192.42588341198	1032
1195.98731679799	1032.59997558594
1199.54650157154	1031.5
1203.10343977426	1029.5
1206.65813344536	1035.80004882813
1210.21058462154	1036.80004882813
1213.76079533707	1036.90002441406
1217.30876762372	1031.69995117188
1220.85450351084	1036.69995117188
1224.39800502529	1037.30004882813
1227.93927419151	1036.59997558594
1231.47831303147	1039
1235.0151235647	1036.19995117188
1238.5497078083	1034.30004882813
1242.08206777692	1034.5
1245.6122054828	1032.69995117188
1249.14012293572	1033
1252.66582214306	1036.80004882813
1256.18930510976	1034.90002441406
1259.71057383837	1034.69995117188
1263.22963032898	1032.40002441406
1266.74647657932	1035
1270.26111458467	1037.40002441406
1273.77354633794	1033.69995117188
1277.28377382961	1030.19995117188
1280.79179904779	1038.30004882813
1284.29762397819	1037.69995117188
1287.80125060412	1035.59997558594
1291.30268090652	1040.40002441406
1294.80191686393	1040.09997558594
1298.29896045253	1045
1301.79381364611	1042.90002441406
1305.28647841611	1041.5
1308.77695673158	1049
1312.26525055921	1044.90002441406
1315.75136186334	1041.80004882813
1319.23529260595	1037.40002441406
1322.71704474666	1037
1326.19662024275	1038.19995117188
1329.67402104914	1036.5
1333.14924911842	1036.40002441406
1336.62230640084	1040.19995117188
1340.0931948443	1040.30004882813
1343.56191639439	1043
1347.02847299435	1040.30004882813
1350.49286658511	1035.90002441406
1353.95509910526	1038.09997558594
1357.41517249111	1038.80004882813
1360.8730886766	1042.19995117188
1364.3288495934	1043.19995117188
1367.78245717087	1041.90002441406
1371.23391333603	1043.80004882813
1374.68322001365	1040.80004882813
1378.13037912617	1037.90002441406
1381.57539259373	1037.5
1385.0182623342	1036.5
1388.45899026315	1029.19995117188
1391.89757829388	1035
1395.33402833739	1032.5
1398.76834230242	1030.5
1402.20052209542	1029
1405.63056962059	1030.30004882813
1409.05848677984	1027.09997558594
1412.48427547283	1025.80004882813
1415.90793759696	1026.90002441406
1419.32947504738	1026.59997558594
1422.74888971697	1031.90002441406
1426.16618349636	1035.59997558594
1429.58135827394	1038
1432.99441593587	1036.5
1436.40535836606	1033.5
1439.81418744616	1039.30004882813
1443.22090505562	1040.90002441406
1446.62551307164	1043.5
1450.0280133692	1041.30004882813
1453.42840782107	1045.90002441406
1456.82669829777	1047.19995117188
1460.22288666762	1039.30004882813
1463.61697479673	1035.59997558594
1467.00896454899	1031
1470.3988577861	1026.69995117188
1473.78665636752	1026.09997558594
1477.17236215056	1026.19995117188
1480.55597699029	1022.40002441406
1483.9375027396	1026.59997558594
1487.31694124921	1022.79998779297
1490.69429436761	1022.79998779297
1494.06956394113	1024.90002441406
1497.44275181394	1027
1500.81385982799	1025.59997558594
1504.18288982308	1032.19995117188
1507.54984363684	1031.09997558594
1510.91472310471	1031.30004882813
1514.27753006	1032.59997558594
1517.63826633383	1033.40002441406
1520.99693375517	1035.90002441406
1524.35353415083	1041.30004882813
1527.70806934547	1046.69995117188
1531.06054116162	1042
1534.41095141963	1041.40002441406
1537.75930193773	1043.5
1541.105594532	1043.80004882813
1544.44983101639	1041.30004882813
1547.79201320272	1042.30004882813
1551.13214290067	1042.80004882813
1554.4702219178	1037.90002441406
1557.80625205954	1038.40002441406
1561.1402351292	1037
1564.47217292798	1037.69995117188
1567.80206725495	1040.09997558594
1571.12991990709	1043
1574.45573267926	1046.40002441406
1577.7795073642	1043.40002441406
1581.10124575258	1042.69995117188
1584.42094963294	1041
1587.73862079174	1037.90002441406
1591.05426101335	1033.59997558594
1594.36787208004	1028.69995117188
1597.679455772	1029.59997558594
1600.98901386733	1027.09997558594
1604.29654814206	1028.90002441406
1607.60206037012	1024.40002441406
1610.90555232339	1024.30004882813
1614.20702577167	1021.90002441406
1617.50648248268	1020.5
1620.8039242221	1020.90002441406
1624.09935275352	1015.59997558594
1627.39276983848	1010.40002441406
1630.68417723648	1013.29998779297
1633.97357670494	1012.70001220703
1637.26096999925	1015
1640.54635887273	1010.29998779297
1643.82974507668	1009.90002441406
1647.11113036035	1005.90002441406
1650.39051647094	1005.20001220703
1653.66790515363	1001.5
1656.94329815156	998.599975585938
1660.21669720584	995
1663.48810405556	995.400024414063
1666.75752043777	995.799987792969
1670.02494808751	992.099975585938
1673.29038873781	990.5
1676.55384411968	991.5
1679.8153159621	990.900024414063
1683.07480599207	989.599975585938
1686.33231593455	987.799987792969
1689.58784751254	987.5
1692.84140244701	983
1696.09298245692	987.700012207031
1699.34258925927	989.5
1702.59022456905	988
1705.83589009926	984.400024414063
1709.07958756092	984.799987792969
1712.32131866306	984.900024414063
1715.56108511274	986.099975585938
1718.79888861504	984.900024414063
1722.03473087304	984.099975585938
1725.2686135879	983
1728.50053845876	982.5
1731.73050718283	983.799987792969
1734.95852145533	983.700012207031
1738.18458296955	982.299987792969
1741.40869341679	980.299987792969
1744.63085448642	982.900024414063
1747.85106786585	980
1751.06933524054	980.799987792969
1754.28565829399	983.099975585938
1757.50003870779	979.900024414063
1760.71247816157	979.799987792969
1763.92297833301	978.400024414063
1767.13154089788	977.200012207031
1770.33816753	979.299987792969
1773.54285990127	978.599975585938
1776.74561968166	977.5
1779.94644853921	977.900024414063
1783.14534814006	976.400024414063
1786.34232014841	976.700012207031
1789.53736622656	976.400024414063
1792.73048803488	975.799987792969
1795.92168723184	977.599975585938
1799.110965474	979.799987792969
1802.29832441604	975.099975585938
1805.48376571069	975.299987792969
1808.66729100882	975.5
1811.84890195939	976.200012207031
1815.02860020947	973.799987792969
1818.20638740424	973.900024414063
1821.38226518699	973.599975585938
1824.55623519911	975.299987792969
1827.72829908013	973.099975585938
1830.8984584677	973.099975585938
1834.06671499758	975.400024414063
1837.23307030365	974
1840.39752601794	971.799987792969
1843.56008377059	974
1846.72074518988	973
1849.87951190225	971.599975585938
1853.03638553223	973.200012207031
1856.19136770254	972.299987792969
1859.34446003401	973.5
1862.49566414563	974.099975585938
1865.64498165455	973.099975585938
1868.79241417605	972.299987792969
1871.93796332358	972.099975585938
1875.08163070875	971.799987792969
1878.22341794132	971.200012207031
1881.36332662922	972
1884.50135837853	974.799987792969
1887.63751479352	973.5
1890.77179747661	971.400024414063
1893.90420802842	971.099975585938
1897.03474804772	973.099975585938
1900.16341913147	972.5
1903.2902228748	972.599975585938
1906.41516087104	973
1909.5382347117	971.200012207031
1912.65944598647	973
1915.77879628324	970
1918.89628718809	970
1922.01192028531	970.400024414063
1925.12569715736	971.099975585938
1928.23761938494	971.099975585938
1931.34768854691	973.5
1934.45590622038	972.299987792969
1937.56227398063	969
1940.66679340119	969.5
1943.76946605377	971.099975585938
1946.87029350832	971.599975585938
1949.969277333	968
1953.06641909418	969.5
1956.1617203565	969.200012207031
1959.25518268276	969.200012207031
1962.34680763404	969.299987792969
1965.43659676964	969.5
1968.52455164708	967.700012207031
1971.61067382213	967.700012207031
1974.6949648488	966.400024414063
1977.77742627934	968.900024414063
1980.85805966424	969.200012207031
1983.93686655223	967.5
1987.01384849032	967.900024414063
1990.08900702374	968.200012207031
1993.16234369599	968.400024414063
1996.23386004882	969.400024414063
1999.30355762223	967.099975585938
2002.37143795452	968.700012207031
2005.4375025822	967.299987792969
2008.50175304009	968
2011.56419086127	966.900024414063
2014.62481757707	968.299987792969
2017.68363471711	968.700012207031
2020.74064380929	967.900024414063
2023.79584637979	966.099975585938
2026.84924395306	965.799987792969
2029.90083805184	965
2032.95063019715	965.700012207031
2035.99862190831	965.799987792969
2039.04481470292	967.400024414063
2042.08921009688	966.900024414063
2045.13180960439	966.200012207031
2048.17261473794	964.099975585938
2051.21162700831	964.400024414063
2054.24884792461	965.400024414063
2057.28427899423	965.400024414063
2060.31792172288	966.299987792969
2063.34977761459	966.5
2066.37984817168	966
2069.4081348948	964.200012207031
2072.4346392829	963.599975585938
2075.45936283328	964.599975585938
2078.48230704154	964.700012207031
2081.5034734016	963.400024414063
2084.52286340572	963.900024414063
2087.54047854449	965.5
2090.55632030681	964.400024414063
2093.57039017994	963.799987792969
2096.58268964947	964.099975585938
2099.59322019931	963.900024414063
2102.60198331172	965.400024414063
2105.60898046733	963.099975585938
2108.61421314506	964.700012207031
2111.61768282224	965.599975585938
2114.6193909745	965.900024414063
2117.61933907584	967.900024414063
2120.61752859863	969.799987792969
2123.61396101357	967
2126.60863778973	966.099975585938
2129.60156039456	969.200012207031
2132.59273029383	968.799987792969
2135.58214895173	967.400024414063
2138.56981783077	966.299987792969
2141.55573839186	964.5
2144.53991209427	965.700012207031
2147.52234039565	963.400024414063
2150.50302475203	961.700012207031
2153.48196661782	963.200012207031
2156.45916744579	966
2159.43462868712	962.099975585938
2162.40835179137	962.599975585938
2165.38033820649	963.400024414063
2168.3505893788	963.5
2171.31910675305	963.299987792969
2174.28589177236	963.799987792969
2177.25094587824	963.200012207031
2180.21427051063	963.5
2183.17586710784	962.099975585938
2186.13573710661	963.900024414063
2189.09388194207	963.099975585938
2192.05030304776	961.5
2195.00500185563	961.400024414063
2197.95797979607	960.299987792969
2200.90923829783	960.799987792969
2203.85877878814	960.599975585938
2206.8066026926	962.700012207031
2209.75271143526	959.900024414063
2212.69710643858	960.200012207031
2215.63978912345	959.5
2218.58076090919	960.700012207031
2221.52002321356	960.900024414063
2224.45757745274	957.400024414063
2227.39342504133	960.5
2230.3275673924	959.599975585938
2233.26000591745	958.400024414063
2236.1907420264	958.700012207031
2239.11977712763	957.5
2242.04711262797	957.900024414063
2244.97274993269	958.400024414063
2247.89669044551	956.700012207031
2250.81893556861	958.5
2253.7394867026	958.900024414063
2256.65834524659	956.900024414063
2259.57551259811	956.900024414063
2262.49099015316	958.400024414063
2265.4047793062	957.799987792969
2268.31688145018	957.099975585938
2271.22729797648	958.200012207031
2274.13603027498	957.700012207031
2277.04307973401	957.099975585938
2279.94844774038	955.400024414063
2282.85213567938	956.400024414063
2285.75414493477	956
2288.6544768888	956.799987792969
2291.55313292218	956.5
2294.45011441414	955.599975585938
2297.34542274236	959.099975585938
2300.23905928303	955.400024414063
2303.13102541082	956.099975585938
2306.02132249888	955.700012207031
2308.90995191889	955.900024414063
2311.796915041	955.200012207031
2314.68221323385	956.599975585938
2317.56584786461	956
2320.44782029892	955.400024414063
2323.32813190095	955.599975585938
2326.20678403336	954.099975585938
2329.08377805733	954.700012207031
2331.95911533254	956.200012207031
2334.83279721719	954.599975585938
2337.704825068	954.400024414063
2340.57520024018	955.5
2343.4439240875	954.599975585938
2346.31099796222	954.400024414063
2349.17642321512	954.200012207031
2352.04020119553	955
2354.90233325129	953.099975585938
2357.76282072877	953
2360.62166497286	953.5
2363.47886732702	953.099975585938
2366.3344291332	953.5
2369.18835173191	954.400024414063
2372.04063646221	953.400024414063
2374.89128466166	951.900024414063
2377.74029766641	952.099975585938
2380.58767681113	952
2383.43342342903	952.799987792969
2386.27753885189	952.799987792969
2389.12002441002	951.799987792969
2391.9608814323	951.700012207031
2394.80011124616	951.200012207031
2397.63771517757	950.799987792969
2400.47369455109	950.299987792969
2403.30805068981	951.099975585938
2406.14078491539	949.900024414063
2408.97189854808	950.099975585938
2411.80139290666	951.099975585938
2414.6292693085	952.400024414063
2417.45552906953	949.799987792969
2420.28017350426	950.400024414063
2423.10320392577	949.200012207031
2425.92462164572	949.900024414063
2428.74442797434	949.5
2431.56262422045	949.099975585938
2434.37921169145	950.400024414063
2437.19419169331	948.799987792969
2440.0075655306	949.599975585938
2442.81933450648	949.700012207031
2445.62949992269	949.5
2448.43806307957	949.799987792969
2451.24502527604	949.099975585938
2454.05038780962	948.200012207031
2456.85415197645	947.400024414063
2459.65631907123	947.5
2462.4568903873	948.900024414063
2465.25586721656	949
2468.05325084956	947.400024414063
2470.84904257543	946.400024414063
2473.64324368191	947.5
2476.43585545535	947.299987792969
2479.22687918073	946.400024414063
2482.01631614162	947.200012207031
2484.80416762021	948.200012207031
2487.59043489733	947.900024414063
2490.37511925241	947.599975585938
2493.15822196351	947
2495.93974430729	944.400024414063
2498.71968755907	946.900024414063
2501.49805299279	945.400024414063
2504.27484188099	944.799987792969
2507.05005549487	944.700012207031
2509.82369510426	945
2512.59576197762	945.799987792969
2515.36625738204	945.099975585938
2518.13518258325	945.5
2520.90253884563	945
2523.66832743219	945.799987792969
2526.4325496046	945.5
2529.19520662315	944.400024414063
2531.95629974681	944.900024414063
2534.71583023316	945.299987792969
2537.47379933848	944.900024414063
2540.23020831764	943.5
2542.98505842423	944.200012207031
2545.73835091045	942.900024414063
2548.49008702718	944.299987792969
2551.24026802396	944.299987792969
2553.98889514897	943.099975585938
2556.73596964909	943.799987792969
2559.48149276982	943.099975585938
2562.22546575538	944
2564.96788984861	943.5
2567.70876629106	942.799987792969
2570.44809632291	944.099975585938
2573.18588118307	943.700012207031
2575.92212210906	943.200012207031
2578.65682033715	943.099975585938
2581.38997710222	944
2584.12159363789	942.700012207031
2586.85167117641	941.900024414063
2589.58021094877	944
2592.3072141846	943.200012207031
2595.03268211224	944.5
2597.75661595872	942.900024414063
2600.47901694975	942.900024414063
2603.19988630976	943.700012207031
2605.91922526185	942.700012207031
2608.63703502782	941.200012207031
2611.35331682818	941.299987792969
2614.06807188212	941.700012207031
2616.78130140757	940.700012207031
2619.49300662113	941.200012207031
2622.20318873812	941.599975585938
2624.91184897255	940.599975585938
2627.61898853717	941.900024414063
2630.32460864343	941.599975585938
2633.02871050146	941.400024414063
2635.73129532016	941
2638.4323643071	939.700012207031
2641.13191866859	941.799987792969
2643.82995960966	941.400024414063
2646.52648833405	942.299987792969
2649.22150604423	941.799987792969
2651.91501394139	941.099975585938
2654.60701322546	941.200012207031
2657.29750509509	941.599975585938
2659.98649074764	940.700012207031
2662.67397137923	939.599975585938
2665.35994818471	941.5
2668.04442235764	940.900024414063
2670.72739509034	939.799987792969
2673.40886757386	941.299987792969
2676.088840998	939.400024414063
2678.76731655128	940.5
2681.44429542098	939.400024414063
2684.11977879312	939.900024414063
2686.79376785247	939.700012207031
2689.46626378254	939.400024414063
2692.13726776559	940.400024414063
2694.80678098265	940.599975585938
2697.47480461347	940.400024414063
2700.14133983659	939.5
2702.80638782928	941.299987792969
2705.46994976757	940.599975585938
2708.13202682628	940.299987792969
2710.79262017895	939.799987792969
2713.4517309979	940
2716.10936045423	941.400024414063
2718.76550971778	941.599975585938
2721.42017995717	942.299987792969
2724.07337233979	940.099975585938
2726.72508803181	940.599975585938
2729.37532819815	942.099975585938
2732.02409400252	940.5
2734.6713866074	939.400024414063
2737.31720717406	940.700012207031
2739.96155686253	941.599975585938
2742.60443683162	941.299987792969
2745.24584823896	939.5
2747.88579224091	939.700012207031
2750.52426999266	939.5
2753.16128264815	940
2755.79683136014	939
2758.43091728017	938.900024414063
2761.06354155856	940
2763.69470534443	938.900024414063
2766.32440978571	939.099975585938
2768.9526560291	940.400024414063
2771.57944522013	938.799987792969
2774.2047785031	937.900024414063
2776.82865702112	939.599975585938
2779.45108191611	939.099975585938
2782.0720543288	939
2784.69157539871	939
2787.30964626418	939.099975585938
2789.92626806234	938.799987792969
2792.54144192915	938.799987792969
2795.15516899939	938.599975585938
2797.76745040662	939.099975585938
2800.37828728325	938.799987792969
2802.98768076049	939.099975585938
2805.59563196837	939.900024414063
2808.20214203574	939.700012207031
2810.80721209028	938.5
2813.41084325847	939.400024414063
2816.01303666564	939.299987792969
2818.61379343595	939.299987792969
2821.21311469235	940.200012207031
2823.81100155666	939.900024414063
2826.40745514951	941
2829.00247659037	940.700012207031
2831.59606699754	942.200012207031
2834.18822748815	941.799987792969
2836.77895917817	943.099975585938
2839.36826318243	943.299987792969
2841.95614061456	943.799987792969
2844.54259258707	944.400024414063
2847.12762021128	944.400024414063
2849.71122459738	942.700012207031
2852.29340685439	942.799987792969
2854.87416809019	942.900024414063
2857.4535094115	943.299987792969
2860.03143192389	943.799987792969
2862.60793673178	942.400024414063
2865.18302493845	944.099975585938
2867.75669764604	942.400024414063
2870.32895595553	943.099975585938
2872.89980096678	943.099975585938
2875.46923377848	942.900024414063
2878.0372554882	941.799987792969
2880.60386719239	942.900024414063
2883.16906998631	943.400024414063
2885.73286496415	943.5
2888.29525321891	943.200012207031
2890.8562358425	943.200012207031
2893.41581392567	941.700012207031
2895.97398855807	941.299987792969
2898.5307608282	943.400024414063
2901.08613182343	941.700012207031
2903.64010263003	942.200012207031
2906.19267433313	941.700012207031
2908.74384801673	940
2911.29362476374	939.299987792969
2913.84200565592	940.5
2916.38899177394	940.700012207031
2918.93458419732	940.700012207031
2921.4787840045	940.5
2924.02159227279	940.099975585938
2926.56301007838	939.400024414063
2929.10303849638	939.700012207031
2931.64167860076	939.700012207031
2934.1789314644	938
2936.71479815906	936.900024414063
2939.24927975542	936.799987792969
2941.78237732303	937.299987792969
2944.31409193036	936.700012207031
2946.84442464477	936.200012207031
2949.37337653251	936.200012207031
2951.90094865876	936
2954.42714208758	935.400024414063
2956.95195788195	934.299987792969
2959.47539710375	934.200012207031
2961.99746081377	934
2964.5181500717	934.599975585938
2967.03746593617	934
2969.5554094647	934.400024414063
2972.07198171371	934.400024414063
2974.58718373858	934.400024414063
2977.10101659355	934
2979.61348133184	933.900024414063
2982.12457900554	933.599975585938
2984.63431066567	933.200012207031
2987.1426773622	932.5
2989.649680144	932.5
2992.15532005887	931.900024414063
2994.65959815353	932.5
2997.16251547364	932.400024414063
2999.66407306379	932.700012207031
3002.16427196748	933.099975585938
3004.66311322716	932.700012207031
3007.16059788422	932.299987792969
3009.65672697897	932.799987792969
3012.15150155066	932.900024414063
3014.64492263748	932.400024414063
3017.13699127655	933.099975585938
3019.62770850394	931.400024414063
3022.11707535466	931.5
3024.60509286267	931.599975585938
3027.09176206085	932.900024414063
3029.57708398106	931.099975585938
3032.06105965407	931.700012207031
3034.54369010963	931.5
3037.02497637642	931.299987792969
3039.50491948207	932.099975585938
3041.98352045319	931
3044.4607803153	931.200012207031
3046.93670009292	930.900024414063
3049.41128080949	931.299987792969
3051.88452348743	931.5
3054.3564291481	931.299987792969
3056.82699881185	930.599975585938
3059.29623349795	930.099975585938
3061.76413422468	931
3064.23070200924	931.200012207031
3066.69593786783	931.099975585938
3069.1598428156	931.099975585938
3071.62241786667	931.299987792969
3074.08366403413	931.400024414063
3076.54358233003	931
3079.00217376543	931.799987792969
3081.45943935031	931.700012207031
3083.91538009367	930.700012207031
3086.36999700346	931.400024414063
3088.82329108662	930.299987792969
3091.27526334905	930.799987792969
3093.72591479567	930.700012207031
3096.17524643033	930.599975585938
3098.6232592559	930.099975585938
3101.06995427422	930.599975585938
3103.51533248612	930.200012207031
3105.95939489141	930.700012207031
3108.40214248889	929.5
3110.84357627634	930.599975585938
3113.28369725056	930
3115.72250640732	929.900024414063
3118.16000474136	930
3120.59619324647	929.099975585938
3123.03107291538	929
3125.46464473985	930.099975585938
3127.89690971063	930.200012207031
3130.32786881747	930
3132.75752304911	929.400024414063
3135.18587339331	929.400024414063
3137.61292083682	930.299987792969
3140.03866636539	929.5
3142.46311096378	929.799987792969
3144.88625561578	929.299987792969
3147.30810130414	930
3149.72864901067	929.900024414063
3152.14789971616	930
3154.56585440041	929.799987792969
3156.98251404225	929
3159.39787961952	929.400024414063
3161.81195210906	929
3164.22473248675	929.5
3166.63622172746	928.799987792969
3169.04642080512	929.099975585938
3171.45533069264	929
3173.86295236196	928.900024414063
3176.26928678408	929
3178.67433492896	928.900024414063
3181.07809776564	929.299987792969
3183.48057626216	928.799987792969
3185.88177138561	929.200012207031
3188.28168410206	929.400024414063
3190.68031537668	929.400024414063
3193.07766617362	928.900024414063
