-159.407803815973	982.099975585938
-154.947830007008	983
-150.490968490979	984.200012207031
-146.037216117413	984.400024414063
-141.586569740106	983.900024414063
-137.139026217103	984.799987792969
-132.694582410678	984.900024414063
-128.253235187354	986
-123.814981417865	985
-119.379817977176	987
-114.947741744455	986.299987792969
-110.518749603085	986.200012207031
-106.092838440642	985.400024414063
-101.670005148889	985.900024414063
-97.2502466237804	986.099975585938
-92.8335597654442	986.5
-88.4199414781749	986
-84.0093886704365	989.5
-79.6018982548449	988.5
-75.1974671481675	990.099975585938
-70.7960922713078	989.599975585938
-66.3977705493088	990
-62.002498911343	993.900024414063
-57.6102742907014	994.299987792969
-53.2210936247867	994.599975585938
-48.8349538551175	999.900024414063
-44.451851927303	1010.20001220703
-40.0717847910491	1026.80004882813
-35.6947494001532	1083
-31.3207427124846	1248.59997558594
-26.9497616899924	1687.5
-22.5818032986859	2591.89990234375
-18.2168645086443	3766.5
-13.854942293982	4585.5
-9.49603363287376	9418.7001953125
-5.14013550753271	16575.900390625
-0.787244904192759	18691.5
3.56264118687236	16553.69921875
7.90952577138346	8492.400390625
12.2534118510368	2469.89990234375
16.5943024235328	1338.09997558594
20.9322004825662	1078.59997558594
25.267109017844	1020.09997558594
29.5990310150879	1003.79998779297
33.9279694560394	1007.40002441406
38.2539273184685	1023
42.576907576176	1044.80004882813
46.89691319901	1078.30004882813
51.2139471528627	1111.59997558594
55.5280123996809	1138
59.8391118974709	1157.09997558594
64.1472486003118	1174
68.4524254583481	1197.90002441406
72.754645417812	1215.40002441406
77.0539114210196	1232.59997558594
81.3502264063804	1262.59997558594
85.6435933084041	1295.80004882813
89.9340150577072	1329.5
94.221494581019	1384.69995117188
98.5060348011868	1449.09997558594
102.787638637184	1526
107.06630900412	1603.69995117188
111.342048813235	1699.09997558594
115.614860971923	1823
119.88474838372	1950.69995117188
124.151713948329	2104.60009765625
128.41576056161	2270.19995117188
132.6768911156	2458
136.935108498506	2699.19995117188
141.190415594721	2971.19995117188
145.442815284827	3196.10009765625
149.692310445601	3440.30004882813
153.938903950025	3640.69995117188
158.182598667288	3783.60009765625
162.42339746279	3830.89990234375
166.661303198153	3821
170.896318731233	3776.69995117188
175.128446916106	3698.89990234375
179.357690603098	3709.89990234375
183.584052638779	3774
187.807535865965	3760.5
192.028143123741	3862.10009765625
196.245877247442	3986.60009765625
200.460741068677	4146.2998046875
204.672737415346	4341.10009765625
208.881869111612	4576.7998046875
213.088138977939	4918.10009765625
217.291549831076	5244.7998046875
221.492104484081	5582.60009765625
225.689805746317	6080.7998046875
229.884656423456	6367.39990234375
234.076659317495	6727.5
238.265817226749	6895.60009765625
242.452132945872	6757.39990234375
246.635609265848	6440.60009765625
250.816248974007	5858.7001953125
254.994054854027	5243
259.169029685945	4612.60009765625
263.341176246156	4118.10009765625
267.510497307418	3669
271.676995638868	3319.60009765625
275.840674006018	3085.39990234375
280.001535170768	2875
284.159581891407	2694.30004882813
288.314816922617	2568.80004882813
292.467243015492	2466.69995117188
296.61686291752	2372.30004882813
300.763679372619	2295.80004882813
304.907695121115	2250.19995117188
309.048912899766	2202.89990234375
313.187335441758	2218.39990234375
317.322965476721	2201
321.455805730715	2196.60009765625
325.585858926265	2179.39990234375
329.713127782339	2151.89990234375
333.837615014372	2108.69995117188
337.959323334268	2082.89990234375
342.07825545039	2038.09997558594
346.194414067597	2030.40002441406
350.307801887216	2012.19995117188
354.418421607069	1982.80004882813
358.526275921479	1986.30004882813
362.631367521261	1962.09997558594
366.733699093741	1964.5
370.833273322758	1963
374.930092888661	1948.69995117188
379.024160468332	1943.19995117188
383.115478735178	1930.19995117188
387.204050359142	1939.30004882813
391.289878006702	1951.90002441406
395.37296434089	1935.80004882813
399.453312021285	1942.09997558594
403.530923704019	1928.19995117188
407.605802041799	1919.69995117188
411.677949683886	1930
415.747369276126	1930.80004882813
419.814063460936	1913.69995117188
423.87803487732	1919.69995117188
427.939286160879	1927.69995117188
431.997819943799	1922
436.053638854881	1919.19995117188
440.106745519513	1913
444.157142559716	1906.5
448.204832594115	1906.59997558594
452.249818237968	1894.5
456.292102103149	1879.09997558594
460.331686798183	1869
464.368574928217	1878.30004882813
468.402769095058	1873.30004882813
472.434271897151	1874.09997558594
476.463085929604	1872
480.489213784189	1855.90002441406
484.512658049335	1858.69995117188
488.533421310149	1862.59997558594
492.551506148414	1870.30004882813
496.566915142599	1857.5
500.579650867849	1854.30004882813
504.589715896022	1841.40002441406
508.597112795654	1842.19995117188
512.601844132	1854
516.603912467011	1841.19995117188
520.603320359369	1848.40002441406
524.600070364458	1853.19995117188
528.5941650344	1847.69995117188
532.585606918042	1850.30004882813
536.574398560961	1856.19995117188
540.560542505487	1861.69995117188
544.544041290686	1854.80004882813
548.524897452379	1854.40002441406
552.50311352314	1866.5
556.478692032308	1878.19995117188
560.45163550599	1839.90002441406
564.421946467059	1828.80004882813
568.389627435166	1826.69995117188
572.354680926751	1842.90002441406
576.317109455037	1820.59997558594
580.276915530032	1817.80004882813
584.234101658558	1808.69995117188
588.188670344219	1808
592.140624087445	1795
596.089965385468	1803.19995117188
600.036696732344	1809.40002441406
603.980820618945	1807.90002441406
607.922339532976	1828.30004882813
611.861255958976	1818.30004882813
615.797572378321	1825
619.731291269227	1824.5
623.662415106761	1843.59997558594
627.590946362839	1860.40002441406
631.516887506242	1859.40002441406
635.440241002613	1859.59997558594
639.361009314457	1847.30004882813
643.27919490116	1852.30004882813
647.194800218976	1847.30004882813
651.107827721053	1836.30004882813
655.018279857421	1837.5
658.926159075002	1821.40002441406
662.831467817618	1810.90002441406
666.734208525996	1807.30004882813
670.634383637767	1826.80004882813
674.531995587475	1827.09997558594
678.42704680658	1835.30004882813
682.319539723472	1834.80004882813
686.209476763458	1817.69995117188
690.096860348783	1816.5
693.981692898628	1809.5
697.863976829113	1802.90002441406
701.743714553311	1797.5
705.62090848124	1794
709.495561019875	1803.19995117188
713.367674573156	1828.59997558594
717.237251541986	1864.90002441406
721.104294324238	1939.40002441406
724.968805314764	2058.89990234375
728.830786905391	2123.80004882813
732.690241484933	2131.69995117188
736.547171439196	2055.30004882813
740.401579150977	1910.19995117188
744.253467000077	1852.80004882813
748.102837363294	1834.59997558594
751.94969261444	1805.69995117188
755.794035124339	1803.59997558594
759.635867260831	1793.30004882813
763.475191388781	1787.19995117188
767.312009870082	1785
771.146325063657	1797.69995117188
774.978139325464	1800.19995117188
778.80745500851	1785.30004882813
782.63427446284	1804
786.458600035548	1802.5
790.280434070797	1793.69995117188
794.099778909792	1774
797.916636890816	1772
801.731010349219	1790.80004882813
805.542901617415	1776.30004882813
809.352313024909	1783.80004882813
813.159246898279	1759.40002441406
816.963705561198	1770.40002441406
820.765691334426	1779.5
824.56520653582	1761
828.362253480343	1767.90002441406
832.156834480058	1759.5
835.94895184414	1740.90002441406
839.738607878876	1755
843.52580488768	1769.09997558594
847.310545171082	1754.69995117188
851.092831026744	1769.40002441406
854.872664749458	1757.19995117188
858.650048631155	1757.59997558594
862.424984960907	1761.90002441406
866.197476024934	1747
869.967524106601	1767.19995117188
873.735131486436	1768.59997558594
877.500300442118	1770.09997558594
881.263033248499	1762.30004882813
885.023332177587	1763.30004882813
888.781199498577	1758.5
892.53663747783	1748.90002441406
896.28964837889	1752.30004882813
900.040234462493	1758.80004882813
903.788397986559	1756.40002441406
907.534141206205	1755.19995117188
911.277466373749	1770.59997558594
915.018375738706	1769.09997558594
918.756871547803	1771.90002441406
922.492956044981	1753.30004882813
926.226631471392	1759.30004882813
929.95790006541	1767.59997558594
933.686764062641	1754.40002441406
937.413225695909	1753
941.137287195276	1745.30004882813
944.858950788045	1742.30004882813
948.578218698761	1741.19995117188
952.295093149208	1750.80004882813
956.009576358427	1748.90002441406
959.721670542712	1740.19995117188
963.431377915619	1750.19995117188
967.138700687961	1741.19995117188
970.843641067824	1736.40002441406
974.546201260566	1734.59997558594
978.246383468816	1745
981.944189892486	1735.30004882813
985.639622728775	1732
989.332684172165	1728.69995117188
993.023376414439	1728.90002441406
996.711701644666	1728.90002441406
1000.39766204923	1726.40002441406
1004.0812598118	1737.80004882813
1007.76249711338	1754
1011.44137613226	1735.5
1015.11789904408	1727.40002441406
1018.79206802177	1725.09997558594
1022.4638852356	1732.59997558594
1026.13335285318	1742.80004882813
1029.80047303944	1729.09997558594
1033.46524795664	1728.40002441406
1037.12767976442	1710.5
1040.78777061972	1708.90002441406
1044.44552267686	1703.30004882813
1048.1009380875	1701.40002441406
1051.75401900067	1695.5
1055.40476756277	1688
1059.05318591753	1708.80004882813
1062.6992762061	1722
1066.34304056696	1694.80004882813
1069.984481136	1693.30004882813
1073.62360004648	1693.69995117188
1077.26039942905	1700.40002441406
1080.89488141175	1697.19995117188
1084.52704812002	1690.59997558594
1088.15690167668	1704.69995117188
1091.78444420198	1704.59997558594
1095.40967781355	1700.19995117188
1099.03260462646	1684.09997558594
1102.65322675317	1693.5
1106.27154630357	1711.59997558594
1109.88756538497	1708.40002441406
1113.5012861021	1695.59997558594
1117.11271055714	1699.90002441406
1120.72184084969	1713.30004882813
1124.32867907679	1706.69995117188
1127.93322733291	1708.40002441406
1131.53548771	1695.59997558594
1135.13546229742	1697.19995117188
1138.73315318201	1692.40002441406
1142.32856244807	1691
1145.92169217734	1694.30004882813
1149.51254444904	1684.19995117188
1153.10112133986	1684.59997558594
1156.68742492397	1699.19995117188
1160.27145727299	1675.80004882813
1163.85322045605	1693.90002441406
1167.43271653976	1696.5
1171.0099475882	1683.30004882813
1174.58491566296	1679.69995117188
1178.15762282312	1691.09997558594
1181.72807112526	1692
1185.29626262347	1680.40002441406
1188.86219936934	1669.40002441406
1192.42588341198	1678
1195.98731679799	1689.80004882813
1199.54650157154	1695.5
1203.10343977426	1697.5
1206.65813344536	1689.69995117188
1210.21058462154	1678.40002441406
1213.76079533707	1676.69995117188
1217.30876762372	1679.69995117188
1220.85450351084	1673.5
1224.39800502529	1684.5
1227.93927419151	1684.59997558594
1231.47831303147	1682.69995117188
1235.0151235647	1679.90002441406
1238.5497078083	1689.40002441406
1242.08206777692	1684.5
1245.6122054828	1683
1249.14012293572	1673.59997558594
1252.66582214306	1683.40002441406
1256.18930510976	1689.40002441406
1259.71057383837	1693.5
1263.22963032898	1686.30004882813
1266.74647657932	1693.40002441406
1270.26111458467	1706.09997558594
1273.77354633794	1693.40002441406
1277.28377382961	1684.69995117188
1280.79179904779	1670.90002441406
1284.29762397819	1676.90002441406
1287.80125060412	1675.5
1291.30268090652	1672.59997558594
1294.80191686393	1686.30004882813
1298.29896045253	1681.80004882813
1301.79381364611	1686
1305.28647841611	1695.09997558594
1308.77695673158	1702.80004882813
1312.26525055921	1728.5
1315.75136186334	1746.19995117188
1319.23529260595	1749.69995117188
1322.71704474666	1760.19995117188
1326.19662024275	1782.80004882813
1329.67402104914	1771.5
1333.14924911842	1756.59997558594
1336.62230640084	1768.40002441406
1340.0931948443	1745.09997558594
1343.56191639439	1708.59997558594
1347.02847299435	1686.5
1350.49286658511	1677.40002441406
1353.95509910526	1695.30004882813
1357.41517249111	1685.5
1360.8730886766	1683.09997558594
1364.3288495934	1690.5
1367.78245717087	1694
1371.23391333603	1704.69995117188
1374.68322001365	1707.90002441406
1378.13037912617	1692
1381.57539259373	1680.19995117188
1385.0182623342	1680.69995117188
1388.45899026315	1670.69995117188
1391.89757829388	1657.30004882813
1395.33402833739	1661
1398.76834230242	1654.59997558594
1402.20052209542	1655.90002441406
1405.63056962059	1644.09997558594
1409.05848677984	1633
1412.48427547283	1620.19995117188
1415.90793759696	1619.19995117188
1419.32947504738	1611.5
1422.74888971697	1613.90002441406
1426.16618349636	1624.30004882813
1429.58135827394	1616.40002441406
1432.99441593587	1622
1436.40535836606	1616
1439.81418744616	1627.5
1443.22090505562	1628.69995117188
1446.62551307164	1635.09997558594
1450.0280133692	1654.69995117188
1453.42840782107	1654.40002441406
1456.82669829777	1649.5
1460.22288666762	1638.80004882813
1463.61697479673	1616.09997558594
1467.00896454899	1613.09997558594
1470.3988577861	1600.30004882813
1473.78665636752	1604.40002441406
1477.17236215056	1599
1480.55597699029	1593.19995117188
1483.9375027396	1585.5
1487.31694124921	1577.40002441406
1490.69429436761	1574.69995117188
1494.06956394113	1580.09997558594
1497.44275181394	1576.69995117188
1500.81385982799	1565.59997558594
1504.18288982308	1563.5
1507.54984363684	1581.69995117188
1510.91472310471	1581.80004882813
1514.27753006	1569.09997558594
1517.63826633383	1565.19995117188
1520.99693375517	1557.40002441406
1524.35353415083	1570.40002441406
1527.70806934547	1566.80004882813
1531.06054116162	1566.09997558594
1534.41095141963	1560.30004882813
1537.75930193773	1574
1541.105594532	1565.19995117188
1544.44983101639	1555.40002441406
1547.79201320272	1553.30004882813
1551.13214290067	1552.5
1554.4702219178	1556.59997558594
1557.80625205954	1557.80004882813
1561.1402351292	1557.30004882813
1564.47217292798	1560.5
1567.80206725495	1548.80004882813
1571.12991990709	1537.69995117188
1574.45573267926	1536.69995117188
1577.7795073642	1553.19995117188
1581.10124575258	1544.90002441406
1584.42094963294	1554
1587.73862079174	1548.90002441406
1591.05426101335	1547.09997558594
1594.36787208004	1535.19995117188
1597.679455772	1536.09997558594
1600.98901386733	1540
1604.29654814206	1531.30004882813
1607.60206037012	1529.80004882813
1610.90555232339	1546.30004882813
1614.20702577167	1540.30004882813
1617.50648248268	1549.59997558594
1620.8039242221	1547
1624.09935275352	1543.59997558594
1627.39276983848	1545.80004882813
1630.68417723648	1553.19995117188
1633.97357670494	1547.5
1637.26096999925	1554.59997558594
1640.54635887273	1529.69995117188
1643.82974507668	1531.5
1647.11113036035	1538.80004882813
1650.39051647094	1528.40002441406
1653.66790515363	1535.40002441406
1656.94329815156	1511.90002441406
1660.21669720584	1518.69995117188
1663.48810405556	1510.30004882813
1666.75752043777	1506.5
1670.02494808751	1500.59997558594
1673.29038873781	1502
1676.55384411968	1495.09997558594
1679.8153159621	1486.69995117188
1683.07480599207	1491.40002441406
1686.33231593455	1484.30004882813
1689.58784751254	1484.69995117188
1692.84140244701	1469.90002441406
1696.09298245692	1473.5
1699.34258925927	1467.30004882813
1702.59022456905	1466.80004882813
1705.83589009926	1467.80004882813
1709.07958756092	1463.19995117188
1712.32131866306	1464.5
1715.56108511274	1450.30004882813
1718.79888861504	1454.09997558594
1722.03473087304	1457.80004882813
1725.2686135879	1448.40002441406
1728.50053845876	1455.40002441406
1731.73050718283	1448.09997558594
1734.95852145533	1448.5
1738.18458296955	1453.19995117188
1741.40869341679	1446.19995117188
1744.63085448642	1442.30004882813
1747.85106786585	1436.09997558594
1751.06933524054	1435.09997558594
1754.28565829399	1432.69995117188
1757.50003870779	1435
1760.71247816157	1435.40002441406
1763.92297833301	1434.40002441406
1767.13154089788	1425.5
1770.33816753	1429.69995117188
1773.54285990127	1418
1776.74561968166	1433.40002441406
1779.94644853921	1429.90002441406
1783.14534814006	1425.30004882813
1786.34232014841	1419.40002441406
1789.53736622656	1408.40002441406
1792.73048803488	1418.80004882813
1795.92168723184	1413.90002441406
1799.110965474	1408.69995117188
1802.29832441604	1408.69995117188
1805.48376571069	1408.09997558594
1808.66729100882	1397.30004882813
1811.84890195939	1397.69995117188
1815.02860020947	1397
1818.20638740424	1396.30004882813
1821.38226518699	1399
1824.55623519911	1397.69995117188
1827.72829908013	1396.5
1830.8984584677	1386.90002441406
1834.06671499758	1387.40002441406
1837.23307030365	1387.69995117188
1840.39752601794	1389.40002441406
1843.56008377059	1384.19995117188
1846.72074518988	1368.90002441406
1849.87951190225	1376.69995117188
1853.03638553223	1373.69995117188
1856.19136770254	1374.59997558594
1859.34446003401	1377.69995117188
1862.49566414563	1371.09997558594
1865.64498165455	1377
1868.79241417605	1379.40002441406
1871.93796332358	1376.19995117188
1875.08163070875	1370.5
1878.22341794132	1362.30004882813
1881.36332662922	1362.30004882813
1884.50135837853	1364.69995117188
1887.63751479352	1369.19995117188
1890.77179747661	1370.59997558594
1893.90420802842	1358.59997558594
1897.03474804772	1358.5
1900.16341913147	1363.30004882813
1903.2902228748	1371
1906.41516087104	1369.19995117188
1909.5382347117	1362
1912.65944598647	1354.19995117188
1915.77879628324	1352.09997558594
1918.89628718809	1356
1922.01192028531	1350.90002441406
1925.12569715736	1353.69995117188
1928.23761938494	1347.5
1931.34768854691	1348.30004882813
1934.45590622038	1343.40002441406
1937.56227398063	1341
1940.66679340119	1339
1943.76946605377	1341.19995117188
1946.87029350832	1343.59997558594
1949.969277333	1344.5
1953.06641909418	1331.5
1956.1617203565	1330.40002441406
1959.25518268276	1333
1962.34680763404	1333.80004882813
1965.43659676964	1327.5
1968.52455164708	1319.19995117188
1971.61067382213	1320.40002441406
1974.6949648488	1320.5
1977.77742627934	1321.5
1980.85805966424	1323.5
1983.93686655223	1328.30004882813
1987.01384849032	1325
1990.08900702374	1311.59997558594
1993.16234369599	1312.90002441406
1996.23386004882	1312.5
1999.30355762223	1315.40002441406
2002.37143795452	1308.90002441406
2005.4375025822	1303.40002441406
2008.50175304009	1309.69995117188
2011.56419086127	1304.5
2014.62481757707	1307
2017.68363471711	1316
2020.74064380929	1314.5
2023.79584637979	1302.30004882813
2026.84924395306	1298.80004882813
2029.90083805184	1301.59997558594
2032.95063019715	1301
2035.99862190831	1295.19995117188
2039.04481470292	1294.30004882813
2042.08921009688	1298.5
2045.13180960439	1293.5
2048.17261473794	1290.69995117188
2051.21162700831	1294.40002441406
2054.24884792461	1292.5
2057.28427899423	1289.69995117188
2060.31792172288	1282.69995117188
2063.34977761459	1288.90002441406
2066.37984817168	1289
2069.4081348948	1283.19995117188
2072.4346392829	1280.59997558594
2075.45936283328	1283.09997558594
2078.48230704154	1278.30004882813
2081.5034734016	1278
2084.52286340572	1275.40002441406
2087.54047854449	1276.69995117188
2090.55632030681	1276.40002441406
2093.57039017994	1275.40002441406
2096.58268964947	1275.09997558594
2099.59322019931	1268.90002441406
2102.60198331172	1263.90002441406
2105.60898046733	1270.30004882813
2108.61421314506	1268.90002441406
2111.61768282224	1261.40002441406
2114.6193909745	1265.30004882813
2117.61933907584	1264.09997558594
2120.61752859863	1260.80004882813
2123.61396101357	1253.09997558594
2126.60863778973	1256.59997558594
2129.60156039456	1258.5
2132.59273029383	1257.19995117188
2135.58214895173	1253.19995117188
2138.56981783077	1254.90002441406
2141.55573839186	1249.40002441406
2144.53991209427	1254.59997558594
2147.52234039565	1246.30004882813
2150.50302475203	1249.19995117188
2153.48196661782	1249.80004882813
2156.45916744579	1250.09997558594
2159.43462868712	1249.80004882813
2162.40835179137	1248.69995117188
2165.38033820649	1243.19995117188
2168.3505893788	1242.09997558594
2171.31910675305	1246
2174.28589177236	1239.69995117188
2177.25094587824	1238
2180.21427051063	1240.30004882813
2183.17586710784	1239.09997558594
2186.13573710661	1237.59997558594
2189.09388194207	1240.90002441406
2192.05030304776	1233.19995117188
2195.00500185563	1234.30004882813
2197.95797979607	1239.80004882813
2200.90923829783	1230.09997558594
2203.85877878814	1232.80004882813
2206.8066026926	1228.80004882813
2209.75271143526	1224.40002441406
2212.69710643858	1221.90002441406
2215.63978912345	1225.30004882813
2218.58076090919	1228.30004882813
2221.52002321356	1223.5
2224.45757745274	1224.09997558594
2227.39342504133	1225.30004882813
2230.3275673924	1218.80004882813
2233.26000591745	1218.90002441406
2236.1907420264	1212.40002441406
2239.11977712763	1212.09997558594
2242.04711262797	1210.40002441406
2244.97274993269	1211.5
2247.89669044551	1207.5
2250.81893556861	1209.59997558594
2253.7394867026	1209.30004882813
2256.65834524659	1214.19995117188
2259.57551259811	1209.90002441406
2262.49099015316	1205.40002441406
2265.4047793062	1199.80004882813
2268.31688145018	1202.09997558594
2271.22729797648	1200.30004882813
2274.13603027498	1198.09997558594
2277.04307973401	1195.5
2279.94844774038	1205.30004882813
2282.85213567938	1203.90002441406
2285.75414493477	1198.5
2288.6544768888	1194.09997558594
2291.55313292218	1190.69995117188
2294.45011441414	1188.09997558594
2297.34542274236	1191.59997558594
2300.23905928303	1190.69995117188
2303.13102541082	1182.69995117188
2306.02132249888	1190.19995117188
2308.90995191889	1186.90002441406
2311.796915041	1187.5
2314.68221323385	1190.5
2317.56584786461	1190.5
2320.44782029892	1185.90002441406
2323.32813190095	1182.59997558594
2326.20678403336	1180.5
2329.08377805733	1175.30004882813
2331.95911533254	1176.59997558594
2334.83279721719	1174.90002441406
2337.704825068	1176.30004882813
2340.57520024018	1177.59997558594
2343.4439240875	1173.59997558594
2346.31099796222	1172.19995117188
2349.17642321512	1174.59997558594
2352.04020119553	1169
2354.90233325129	1173.80004882813
2357.76282072877	1167.59997558594
2360.62166497286	1161
2363.47886732702	1161.19995117188
2366.3344291332	1166.5
2369.18835173191	1166.09997558594
2372.04063646221	1160.80004882813
2374.89128466166	1157.5
2377.74029766641	1164.40002441406
2380.58767681113	1162.59997558594
2383.43342342903	1149.59997558594
2386.27753885189	1155.09997558594
2389.12002441002	1153.40002441406
2391.9608814323	1149.80004882813
2394.80011124616	1154
2397.63771517757	1153.30004882813
2400.47369455109	1151.09997558594
2403.30805068981	1152.30004882813
2406.14078491539	1145.30004882813
2408.97189854808	1145.19995117188
2411.80139290666	1144.5
2414.6292693085	1144
2417.45552906953	1142.40002441406
2420.28017350426	1141.80004882813
2423.10320392577	1138.59997558594
2425.92462164572	1140.69995117188
2428.74442797434	1144
2431.56262422045	1142.40002441406
2434.37921169145	1137
2437.19419169331	1134.59997558594
2440.0075655306	1132.5
2442.81933450648	1137.09997558594
2445.62949992269	1134.80004882813
2448.43806307957	1129.40002441406
2451.24502527604	1129.80004882813
2454.05038780962	1126.19995117188
2456.85415197645	1125.30004882813
2459.65631907123	1129.59997558594
2462.4568903873	1127.30004882813
2465.25586721656	1126.90002441406
2468.05325084956	1122.5
2470.84904257543	1121.5
2473.64324368191	1123.09997558594
2476.43585545535	1117.59997558594
2479.22687918073	1118.5
2482.01631614162	1115.59997558594
2484.80416762021	1118.19995117188
2487.59043489733	1120.90002441406
2490.37511925241	1117.30004882813
2493.15822196351	1115.59997558594
2495.93974430729	1111.5
2498.71968755907	1110.19995117188
2501.49805299279	1111
2504.27484188099	1107.40002441406
2507.05005549487	1106.5
2509.82369510426	1107.40002441406
2512.59576197762	1106.30004882813
2515.36625738204	1106.30004882813
2518.13518258325	1102.80004882813
2520.90253884563	1103.40002441406
2523.66832743219	1102
2526.4325496046	1102.80004882813
2529.19520662315	1102
2531.95629974681	1098.40002441406
2534.71583023316	1101.30004882813
2537.47379933848	1099.40002441406
2540.23020831764	1096.40002441406
2542.98505842423	1095.80004882813
2545.73835091045	1096.40002441406
2548.49008702718	1096
2551.24026802396	1090.59997558594
2553.98889514897	1089.59997558594
2556.73596964909	1088.59997558594
2559.48149276982	1090.30004882813
2562.22546575538	1092.30004882813
2564.96788984861	1091.30004882813
2567.70876629106	1096.19995117188
2570.44809632291	1093.30004882813
2573.18588118307	1092.40002441406
2575.92212210906	1087.69995117188
2578.65682033715	1089.69995117188
2581.38997710222	1084.80004882813
2584.12159363789	1083.80004882813
2586.85167117641	1087.5
2589.58021094877	1087.80004882813
2592.3072141846	1089.80004882813
2595.03268211224	1089
2597.75661595872	1084.30004882813
2600.47901694975	1082.59997558594
2603.19988630976	1083.80004882813
2605.91922526185	1080.09997558594
2608.63703502782	1079.90002441406
2611.35331682818	1077
2614.06807188212	1075.90002441406
2616.78130140757	1074.5
2619.49300662113	1075.40002441406
2622.20318873812	1078.30004882813
2624.91184897255	1076.69995117188
2627.61898853717	1072.80004882813
2630.32460864343	1075.5
2633.02871050146	1072
2635.73129532016	1071.80004882813
2638.4323643071	1069.90002441406
2641.13191866859	1073.5
2643.82995960966	1070.09997558594
2646.52648833405	1070.5
2649.22150604423	1072.19995117188
2651.91501394139	1070.80004882813
2654.60701322546	1069.80004882813
2657.29750509509	1065.80004882813
2659.98649074764	1066.90002441406
2662.67397137923	1065.19995117188
2665.35994818471	1065.59997558594
2668.04442235764	1068
2670.72739509034	1064.59997558594
2673.40886757386	1063.80004882813
2676.088840998	1062.19995117188
2678.76731655128	1064.19995117188
2681.44429542098	1062.40002441406
2684.11977879312	1064.30004882813
2686.79376785247	1063.69995117188
2689.46626378254	1063.90002441406
2692.13726776559	1061.5
2694.80678098265	1060.19995117188
2697.47480461347	1059.90002441406
2700.14133983659	1058.69995117188
2702.80638782928	1057.90002441406
2705.46994976757	1059.69995117188
2708.13202682628	1058.80004882813
2710.79262017895	1057.40002441406
2713.4517309979	1057.30004882813
2716.10936045423	1058.80004882813
2718.76550971778	1058.30004882813
2721.42017995717	1057.40002441406
2724.07337233979	1055.09997558594
2726.72508803181	1056.09997558594
2729.37532819815	1056.19995117188
2732.02409400252	1057.30004882813
2734.6713866074	1056.5
2737.31720717406	1058
2739.96155686253	1057.80004882813
2742.60443683162	1057.90002441406
2745.24584823896	1053
2747.88579224091	1054.59997558594
2750.52426999266	1050.30004882813
2753.16128264815	1052.5
2755.79683136014	1051.59997558594
2758.43091728017	1053.40002441406
2761.06354155856	1051
2763.69470534443	1050.5
2766.32440978571	1047.80004882813
2768.9526560291	1047
2771.57944522013	1044.90002441406
2774.2047785031	1047.80004882813
2776.82865702112	1045
2779.45108191611	1044.90002441406
2782.0720543288	1046.80004882813
2784.69157539871	1046.30004882813
2787.30964626418	1042.59997558594
2789.92626806234	1043.09997558594
2792.54144192915	1041.30004882813
2795.15516899939	1042.5
2797.76745040662	1039.80004882813
2800.37828728325	1040.80004882813
2802.98768076049	1040.40002441406
2805.59563196837	1043.5
2808.20214203574	1045.69995117188
2810.80721209028	1040.40002441406
2813.41084325847	1041
2816.01303666564	1037.69995117188
2818.61379343595	1039.30004882813
2821.21311469235	1038
2823.81100155666	1038.80004882813
2826.40745514951	1035
2829.00247659037	1037.40002441406
2831.59606699754	1038.59997558594
2834.18822748815	1038.80004882813
2836.77895917817	1037.30004882813
2839.36826318243	1038.90002441406
2841.95614061456	1040
2844.54259258707	1037.90002441406
2847.12762021128	1036.80004882813
2849.71122459738	1037.90002441406
2852.29340685439	1033.90002441406
2854.87416809019	1033.40002441406
2857.4535094115	1035.40002441406
2860.03143192389	1037.40002441406
2862.60793673178	1034.40002441406
2865.18302493845	1035
2867.75669764604	1034.40002441406
2870.32895595553	1034.09997558594
2872.89980096678	1033.40002441406
2875.46923377848	1034.5
2878.0372554882	1033.90002441406
2880.60386719239	1032.80004882813
2883.16906998631	1030.90002441406
2885.73286496415	1031.5
2888.29525321891	1028.19995117188
2890.8562358425	1031.5
2893.41581392567	1030.09997558594
2895.97398855807	1028.80004882813
2898.5307608282	1027.30004882813
2901.08613182343	1028.80004882813
2903.64010263003	1029.30004882813
2906.19267433313	1027.59997558594
2908.74384801673	1026.09997558594
2911.29362476374	1024.80004882813
2913.84200565592	1025.40002441406
2916.38899177394	1026
2918.93458419732	1026.19995117188
2921.4787840045	1024.90002441406
2924.02159227279	1025.80004882813
2926.56301007838	1023.20001220703
2929.10303849638	1025.5
2931.64167860076	1026.30004882813
2934.1789314644	1024.90002441406
2936.71479815906	1026.30004882813
2939.24927975542	1024.19995117188
2941.78237732303	1022.40002441406
2944.31409193036	1023.59997558594
2946.84442464477	1022.79998779297
2949.37337653251	1023.20001220703
2951.90094865876	1022.5
2954.42714208758	1023.20001220703
2956.95195788195	1023.20001220703
2959.47539710375	1022
2961.99746081377	1019.70001220703
2964.5181500717	1019.90002441406
2967.03746593617	1020.70001220703
2969.5554094647	1021.29998779297
2972.07198171371	1021.29998779297
2974.58718373858	1020
2977.10101659355	1019.20001220703
2979.61348133184	1021.40002441406
2982.12457900554	1020.20001220703
2984.63431066567	1021.59997558594
2987.1426773622	1016.70001220703
2989.649680144	1016.5
2992.15532005887	1016.29998779297
2994.65959815353	1016.59997558594
2997.16251547364	1018.59997558594
2999.66407306379	1017
3002.16427196748	1017.29998779297
3004.66311322716	1019.40002441406
3007.16059788422	1020.59997558594
3009.65672697897	1019.09997558594
3012.15150155066	1016.40002441406
3014.64492263748	1015.70001220703
3017.13699127655	1016.40002441406
3019.62770850394	1017.70001220703
3022.11707535466	1017.70001220703
3024.60509286267	1016.70001220703
3027.09176206085	1016.79998779297
3029.57708398106	1014.79998779297
3032.06105965407	1016.59997558594
3034.54369010963	1013.90002441406
3037.02497637642	1014.29998779297
3039.50491948207	1014.70001220703
3041.98352045319	1015.5
3044.4607803153	1015
3046.93670009292	1011.70001220703
3049.41128080949	1014
3051.88452348743	1012.59997558594
3054.3564291481	1014.20001220703
3056.82699881185	1014.79998779297
3059.29623349795	1011.90002441406
3061.76413422468	1014.20001220703
3064.23070200924	1015
3066.69593786783	1013.59997558594
3069.1598428156	1017
3071.62241786667	1012.79998779297
3074.08366403413	1015.79998779297
3076.54358233003	1015.5
3079.00217376543	1016.09997558594
3081.45943935031	1016.40002441406
3083.91538009367	1017.79998779297
3086.36999700346	1018.40002441406
3088.82329108662	1013.70001220703
3091.27526334905	1013.59997558594
3093.72591479567	1016
3096.17524643033	1014.40002441406
3098.6232592559	1015.09997558594
3101.06995427422	1014.5
3103.51533248612	1012.20001220703
3105.95939489141	1015.09997558594
3108.40214248889	1015.09997558594
3110.84357627634	1013.59997558594
3113.28369725056	1014.5
3115.72250640732	1016.20001220703
3118.16000474136	1014.09997558594
3120.59619324647	1014.70001220703
3123.03107291538	1014.20001220703
3125.46464473985	1013.5
3127.89690971063	1013.70001220703
3130.32786881747	1015.59997558594
3132.75752304911	1015.59997558594
3135.18587339331	1014.70001220703
3137.61292083682	1013.5
3140.03866636539	1015.5
3142.46311096378	1013.5
3144.88625561578	1013.59997558594
3147.30810130414	1012.40002441406
3149.72864901067	1014.59997558594
3152.14789971616	1013.40002441406
3154.56585440041	1013.59997558594
3156.98251404225	1013.59997558594
3159.39787961952	1014.59997558594
3161.81195210906	1013.20001220703
3164.22473248675	1014.5
3166.63622172746	1014.40002441406
3169.04642080512	1013.40002441406
3171.45533069264	1012.79998779297
3173.86295236196	1012.5
3176.26928678408	1012.29998779297
3178.67433492896	1012
3181.07809776564	1012
3183.48057626216	1014.5
3185.88177138561	1010.59997558594
3188.28168410206	1010.09997558594
3190.68031537668	1012.90002441406
3193.07766617362	1012.09997558594
