-159.407803815973	926.700012207031
-154.947830007008	926.799987792969
-150.490968490979	926.799987792969
-146.037216117413	927.299987792969
-141.586569740106	926.700012207031
-137.139026217103	927.799987792969
-132.694582410678	927.200012207031
-128.253235187354	926.799987792969
-123.814981417865	927.700012207031
-119.379817977176	927.799987792969
-114.947741744455	927.5
-110.518749603085	926.5
-106.092838440642	926.799987792969
-101.670005148889	927.099975585938
-97.2502466237804	928
-92.8335597654442	926.900024414063
-88.4199414781749	927.5
-84.0093886704365	927.400024414063
-79.6018982548449	926.900024414063
-75.1974671481675	927.599975585938
-70.7960922713078	927.200012207031
-66.3977705493088	927.299987792969
-62.002498911343	927.099975585938
-57.6102742907014	926.400024414063
-53.2210936247867	926.900024414063
-48.8349538551175	927.200012207031
-44.451851927303	927
-40.0717847910491	926.599975585938
-35.6947494001532	928.099975585938
-31.3207427124846	927.200012207031
-26.9497616899924	929.099975585938
-22.5818032986859	929.700012207031
-18.2168645086443	931.900024414063
-13.854942293982	933.099975585938
-9.49603363287376	940.099975585938
-5.14013550753271	957.599975585938
-0.787244904192759	957.700012207031
3.56264118687236	955.299987792969
7.90952577138346	939.900024414063
12.2534118510368	929.400024414063
16.5943024235328	928.599975585938
20.9322004825662	926.900024414063
25.267109017844	927.200012207031
29.5990310150879	927.400024414063
33.9279694560394	928.900024414063
38.2539273184685	931.200012207031
42.576907576176	934.599975585938
46.89691319901	938.400024414063
51.2139471528627	941.099975585938
55.5280123996809	946.299987792969
59.8391118974709	947.599975585938
64.1472486003118	950.599975585938
68.4524254583481	953.400024414063
72.754645417812	955
77.0539114210196	957
81.3502264063804	960.400024414063
85.6435933084041	965.400024414063
89.9340150577072	968.400024414063
94.221494581019	971.200012207031
98.5060348011868	975.700012207031
102.787638637184	981.700012207031
107.06630900412	989
111.342048813235	999.299987792969
115.614860971923	1010.90002441406
119.88474838372	1020.79998779297
124.151713948329	1036.5
128.41576056161	1052.19995117188
132.6768911156	1069.90002441406
136.935108498506	1088
141.190415594721	1105.90002441406
145.442815284827	1117.80004882813
149.692310445601	1124
153.938903950025	1126.09997558594
158.182598667288	1121.19995117188
162.42339746279	1120.80004882813
166.661303198153	1124.5
170.896318731233	1117.30004882813
175.128446916106	1114.09997558594
179.357690603098	1114.59997558594
183.584052638779	1110.09997558594
187.807535865965	1105.59997558594
192.028143123741	1105.40002441406
196.245877247442	1108.30004882813
200.460741068677	1113.09997558594
204.672737415346	1112.80004882813
208.881869111612	1115.69995117188
213.088138977939	1120
217.291549831076	1124.30004882813
221.492104484081	1129.80004882813
225.689805746317	1129.80004882813
229.884656423456	1141.09997558594
234.076659317495	1139.19995117188
238.265817226749	1138.30004882813
242.452132945872	1141.69995117188
246.635609265848	1151
250.816248974007	1147.69995117188
254.994054854027	1146.19995117188
259.169029685945	1150.5
263.341176246156	1153.90002441406
267.510497307418	1162.40002441406
271.676995638868	1161.09997558594
275.840674006018	1165.69995117188
280.001535170768	1166.90002441406
284.159581891407	1159.19995117188
288.314816922617	1154
292.467243015492	1149
296.61686291752	1145.80004882813
300.763679372619	1148
304.907695121115	1143.5
309.048912899766	1131.90002441406
313.187335441758	1114.80004882813
317.322965476721	1105.30004882813
321.455805730715	1091.90002441406
325.585858926265	1079.90002441406
329.713127782339	1066.59997558594
333.837615014372	1059.30004882813
337.959323334268	1048.59997558594
342.07825545039	1043.90002441406
346.194414067597	1036.69995117188
350.307801887216	1033.59997558594
354.418421607069	1030
358.526275921479	1026
362.631367521261	1023
366.733699093741	1025.5
370.833273322758	1023.20001220703
374.930092888661	1020.90002441406
379.024160468332	1023.70001220703
383.115478735178	1022.59997558594
387.204050359142	1021.79998779297
391.289878006702	1024.09997558594
395.37296434089	1022
399.453312021285	1021.90002441406
403.530923704019	1019.20001220703
407.605802041799	1019
411.677949683886	1018
415.747369276126	1018.59997558594
419.814063460936	1011.59997558594
423.87803487732	1009.70001220703
427.939286160879	1004.5
431.997819943799	1004.5
436.053638854881	1005.20001220703
440.106745519513	1007.29998779297
444.157142559716	1007.90002441406
448.204832594115	1001.90002441406
452.249818237968	1003.5
456.292102103149	1003.29998779297
460.331686798183	1002
464.368574928217	1001.70001220703
468.402769095058	1002.70001220703
472.434271897151	1000
476.463085929604	996.5
480.489213784189	996.700012207031
484.512658049335	997.599975585938
488.533421310149	998.700012207031
492.551506148414	997
496.566915142599	997
500.579650867849	996.200012207031
504.589715896022	997.5
508.597112795654	998.799987792969
512.601844132	1001.40002441406
516.603912467011	1001.20001220703
520.603320359369	999.299987792969
524.600070364458	1001.20001220703
528.5941650344	1001.40002441406
532.585606918042	1001.40002441406
536.574398560961	1003.40002441406
540.560542505487	1006.5
544.544041290686	1004.59997558594
548.524897452379	1005.5
552.50311352314	1003.59997558594
556.478692032308	1002.79998779297
560.45163550599	1000.5
564.421946467059	999.799987792969
568.389627435166	1002.09997558594
572.354680926751	1001.20001220703
576.317109455037	998.900024414063
580.276915530032	998.099975585938
584.234101658558	998
588.188670344219	1000.90002441406
592.140624087445	997.700012207031
596.089965385468	998.400024414063
600.036696732344	998.400024414063
603.980820618945	999.400024414063
607.922339532976	1002.70001220703
611.861255958976	1003.09997558594
615.797572378321	1007.40002441406
619.731291269227	1006.20001220703
623.662415106761	1009.79998779297
627.590946362839	1011.09997558594
631.516887506242	1009.09997558594
635.440241002613	1006.09997558594
639.361009314457	1005.90002441406
643.27919490116	1000.90002441406
647.194800218976	1002.40002441406
651.107827721053	1001.29998779297
655.018279857421	1001
658.926159075002	1000.79998779297
662.831467817618	1002.09997558594
666.734208525996	1001.09997558594
670.634383637767	1001.90002441406
674.531995587475	1004.59997558594
678.42704680658	1001.29998779297
682.319539723472	1000.40002441406
686.209476763458	997.599975585938
690.096860348783	994.5
693.981692898628	996.400024414063
697.863976829113	998.099975585938
701.743714553311	997.700012207031
705.62090848124	994
709.495561019875	995.400024414063
713.367674573156	999.200012207031
717.237251541986	1002.79998779297
721.104294324238	1006.40002441406
724.968805314764	1016.59997558594
728.830786905391	1031.5
732.690241484933	1038.80004882813
736.547171439196	1034.5
740.401579150977	1027.59997558594
744.253467000077	1019.70001220703
748.102837363294	1011.09997558594
751.94969261444	1003.29998779297
755.794035124339	1004.40002441406
759.635867260831	1006.09997558594
763.475191388781	1002.79998779297
767.312009870082	998.900024414063
771.146325063657	998.700012207031
774.978139325464	997.400024414063
778.80745500851	998.400024414063
782.63427446284	998.400024414063
786.458600035548	996.200012207031
790.280434070797	995.799987792969
794.099778909792	997.099975585938
797.916636890816	999.599975585938
801.731010349219	1004.09997558594
805.542901617415	1009.40002441406
809.352313024909	1010.29998779297
813.159246898279	1004.09997558594
816.963705561198	999.700012207031
820.765691334426	999.200012207031
824.56520653582	999.599975585938
828.362253480343	1000.09997558594
832.156834480058	995.799987792969
835.94895184414	996.900024414063
839.738607878876	998.400024414063
843.52580488768	997.299987792969
847.310545171082	998.099975585938
851.092831026744	996.400024414063
854.872664749458	998
858.650048631155	993.200012207031
862.424984960907	993.900024414063
866.197476024934	998.299987792969
869.967524106601	998.200012207031
873.735131486436	998.599975585938
877.500300442118	996.099975585938
881.263033248499	998.200012207031
885.023332177587	996.200012207031
888.781199498577	998
892.53663747783	999.299987792969
896.28964837889	1000.09997558594
900.040234462493	1000.59997558594
903.788397986559	999.900024414063
907.534141206205	1000.40002441406
911.277466373749	999.599975585938
915.018375738706	999.900024414063
918.756871547803	1000.79998779297
922.492956044981	1001.70001220703
926.226631471392	1002
929.95790006541	1001.5
933.686764062641	997
937.413225695909	997.5
941.137287195276	1001
944.858950788045	997.599975585938
948.578218698761	1001.40002441406
952.295093149208	1002.5
956.009576358427	1003
959.721670542712	1004.09997558594
963.431377915619	1001
967.138700687961	1001.5
970.843641067824	1004.70001220703
974.546201260566	999.700012207031
978.246383468816	995.700012207031
981.944189892486	998.400024414063
985.639622728775	995.900024414063
989.332684172165	993.700012207031
993.023376414439	994.700012207031
996.711701644666	995.900024414063
1000.39766204923	997.099975585938
1004.0812598118	998.900024414063
1007.76249711338	1000.90002441406
1011.44137613226	996.700012207031
1015.11789904408	998.900024414063
1018.79206802177	996.200012207031
1022.4638852356	997
1026.13335285318	1000.40002441406
1029.80047303944	998.799987792969
1033.46524795664	995
1037.12767976442	993.599975585938
1040.78777061972	995.799987792969
1044.44552267686	997.200012207031
1048.1009380875	992.400024414063
1051.75401900067	992.5
1055.40476756277	991.700012207031
1059.05318591753	997.299987792969
1062.6992762061	998.700012207031
1066.34304056696	994
1069.984481136	993.700012207031
1073.62360004648	997.200012207031
1077.26039942905	994.400024414063
1080.89488141175	995.599975585938
1084.52704812002	996
1088.15690167668	994.5
1091.78444420198	992.400024414063
1095.40967781355	994.5
1099.03260462646	994.700012207031
1102.65322675317	994.599975585938
1106.27154630357	999.400024414063
1109.88756538497	1000.40002441406
1113.5012861021	1001.5
1117.11271055714	1000.79998779297
1120.72184084969	1000.70001220703
1124.32867907679	996.799987792969
1127.93322733291	997
1131.53548771	1000.70001220703
1135.13546229742	1001
1138.73315318201	996.700012207031
1142.32856244807	997.5
1145.92169217734	999
1149.51254444904	1001.70001220703
1153.10112133986	1001.59997558594
1156.68742492397	1000.40002441406
1160.27145727299	1002.70001220703
1163.85322045605	1000.70001220703
1167.43271653976	1001.29998779297
1171.0099475882	1003.5
1174.58491566296	1006.70001220703
1178.15762282312	1007.09997558594
1181.72807112526	1005.5
1185.29626262347	1007.79998779297
1188.86219936934	1010.20001220703
1192.42588341198	1007.79998779297
1195.98731679799	1004.20001220703
1199.54650157154	1007.40002441406
1203.10343977426	1007.20001220703
1206.65813344536	1003.29998779297
1210.21058462154	1009.90002441406
1213.76079533707	1009.59997558594
1217.30876762372	1009.20001220703
1220.85450351084	1011
1224.39800502529	1012.20001220703
1227.93927419151	1013.90002441406
1231.47831303147	1012.09997558594
1235.0151235647	1007.90002441406
1238.5497078083	1014.59997558594
1242.08206777692	1012.40002441406
1245.6122054828	1006.20001220703
1249.14012293572	1007.70001220703
1252.66582214306	1008.20001220703
1256.18930510976	1009.29998779297
1259.71057383837	1009.29998779297
1263.22963032898	1009.90002441406
1266.74647657932	1009.59997558594
1270.26111458467	1008.29998779297
1273.77354633794	1010.59997558594
1277.28377382961	1008.59997558594
1280.79179904779	1007.20001220703
1284.29762397819	1008.59997558594
1287.80125060412	1008.09997558594
1291.30268090652	1009
1294.80191686393	1013
1298.29896045253	1014.29998779297
1301.79381364611	1011.59997558594
1305.28647841611	1011.59997558594
1308.77695673158	1011.29998779297
1312.26525055921	1014.29998779297
1315.75136186334	1013
1319.23529260595	1013.09997558594
1322.71704474666	1010.59997558594
1326.19662024275	1007.40002441406
1329.67402104914	1007.70001220703
1333.14924911842	1007.90002441406
1336.62230640084	1005.20001220703
1340.0931948443	1005.90002441406
1343.56191639439	1008.90002441406
1347.02847299435	1011.90002441406
1350.49286658511	1014.70001220703
1353.95509910526	1017.40002441406
1357.41517249111	1014.40002441406
1360.8730886766	1015.90002441406
1364.3288495934	1014.20001220703
1367.78245717087	1019.5
1371.23391333603	1017.70001220703
1374.68322001365	1014.79998779297
1378.13037912617	1014.40002441406
1381.57539259373	1009.59997558594
1385.0182623342	1010.79998779297
1388.45899026315	1008.20001220703
1391.89757829388	1009.79998779297
1395.33402833739	1008.29998779297
1398.76834230242	1005.29998779297
1402.20052209542	1004.09997558594
1405.63056962059	1005.40002441406
1409.05848677984	1004.59997558594
1412.48427547283	1002.5
1415.90793759696	1009.09997558594
1419.32947504738	1012.40002441406
1422.74888971697	1014.40002441406
1426.16618349636	1016.40002441406
1429.58135827394	1017.29998779297
1432.99441593587	1017.59997558594
1436.40535836606	1016.79998779297
1439.81418744616	1017.59997558594
1443.22090505562	1018.5
1446.62551307164	1024.09997558594
1450.0280133692	1023.09997558594
1453.42840782107	1021.79998779297
1456.82669829777	1024.59997558594
1460.22288666762	1024.40002441406
1463.61697479673	1019.20001220703
1467.00896454899	1020.5
1470.3988577861	1015.40002441406
1473.78665636752	1015.59997558594
1477.17236215056	1015.29998779297
1480.55597699029	1011.90002441406
1483.9375027396	1012.90002441406
1487.31694124921	1009.90002441406
1490.69429436761	1011.09997558594
1494.06956394113	1009.40002441406
1497.44275181394	1010.20001220703
1500.81385982799	1007.29998779297
1504.18288982308	1011.20001220703
1507.54984363684	1008.90002441406
1510.91472310471	1009.90002441406
1514.27753006	1009
1517.63826633383	1012.5
1520.99693375517	1011.40002441406
1524.35353415083	1008.29998779297
1527.70806934547	1008.20001220703
1531.06054116162	1006.40002441406
1534.41095141963	1008.5
1537.75930193773	1010.70001220703
1541.105594532	1011.09997558594
1544.44983101639	1011.40002441406
1547.79201320272	1010.70001220703
1551.13214290067	1013.20001220703
1554.4702219178	1012.79998779297
1557.80625205954	1015.09997558594
1561.1402351292	1014.59997558594
1564.47217292798	1012.59997558594
1567.80206725495	1009.70001220703
1571.12991990709	1005.59997558594
1574.45573267926	1003.79998779297
1577.7795073642	1008.09997558594
1581.10124575258	1009
1584.42094963294	1009.79998779297
1587.73862079174	1005.79998779297
1591.05426101335	1008.29998779297
1594.36787208004	1007.29998779297
1597.679455772	1008.20001220703
1600.98901386733	1008.59997558594
1604.29654814206	1009.29998779297
1607.60206037012	1007.59997558594
1610.90555232339	1005.40002441406
1614.20702577167	1000.90002441406
1617.50648248268	1003
1620.8039242221	1001.59997558594
1624.09935275352	998
1627.39276983848	996.900024414063
1630.68417723648	994.200012207031
1633.97357670494	991.299987792969
1637.26096999925	989.400024414063
1640.54635887273	987
1643.82974507668	987.400024414063
1647.11113036035	985.200012207031
1650.39051647094	984
1653.66790515363	984
1656.94329815156	983.200012207031
1660.21669720584	983.700012207031
1663.48810405556	978
1666.75752043777	979.299987792969
1670.02494808751	977.400024414063
1673.29038873781	974.900024414063
1676.55384411968	975.700012207031
1679.8153159621	973.099975585938
1683.07480599207	975.400024414063
1686.33231593455	972.200012207031
1689.58784751254	972.599975585938
1692.84140244701	973.599975585938
1696.09298245692	973.900024414063
1699.34258925927	973.400024414063
1702.59022456905	971.700012207031
1705.83589009926	970.799987792969
1709.07958756092	973.799987792969
1712.32131866306	972.200012207031
1715.56108511274	972.5
1718.79888861504	972.5
1722.03473087304	969
1725.2686135879	972
1728.50053845876	969.700012207031
1731.73050718283	967.700012207031
1734.95852145533	969
1738.18458296955	969.400024414063
1741.40869341679	968.099975585938
1744.63085448642	967
1747.85106786585	967.700012207031
1751.06933524054	967
1754.28565829399	967.5
1757.50003870779	967.299987792969
1760.71247816157	966.200012207031
1763.92297833301	966
1767.13154089788	964.700012207031
1770.33816753	963.299987792969
1773.54285990127	965.400024414063
1776.74561968166	965.099975585938
1779.94644853921	965.5
1783.14534814006	963.900024414063
1786.34232014841	964.299987792969
1789.53736622656	963.700012207031
1792.73048803488	964
1795.92168723184	964
1799.110965474	964.099975585938
1802.29832441604	963.299987792969
1805.48376571069	963.299987792969
1808.66729100882	963.5
1811.84890195939	963
1815.02860020947	960.700012207031
1818.20638740424	961.700012207031
1821.38226518699	961.799987792969
1824.55623519911	961.200012207031
1827.72829908013	961.5
1830.8984584677	960.900024414063
1834.06671499758	961.799987792969
1837.23307030365	960.900024414063
1840.39752601794	961.200012207031
1843.56008377059	961.099975585938
1846.72074518988	962
1849.87951190225	962.599975585938
1853.03638553223	961.099975585938
1856.19136770254	960.200012207031
1859.34446003401	960.599975585938
1862.49566414563	960.599975585938
1865.64498165455	960.099975585938
1868.79241417605	960.400024414063
1871.93796332358	960.200012207031
1875.08163070875	961.799987792969
1878.22341794132	960.5
1881.36332662922	960.599975585938
1884.50135837853	959.900024414063
1887.63751479352	959.099975585938
1890.77179747661	962.5
1893.90420802842	959.200012207031
1897.03474804772	959.700012207031
1900.16341913147	959.900024414063
1903.2902228748	962.299987792969
1906.41516087104	961.700012207031
1909.5382347117	961.400024414063
1912.65944598647	960.200012207031
1915.77879628324	959
1918.89628718809	960.900024414063
1922.01192028531	959.299987792969
1925.12569715736	960.700012207031
1928.23761938494	959.599975585938
1931.34768854691	957.900024414063
1934.45590622038	960
1937.56227398063	959.599975585938
1940.66679340119	959.799987792969
1943.76946605377	958.400024414063
1946.87029350832	957.900024414063
1949.969277333	958.700012207031
1953.06641909418	958.099975585938
1956.1617203565	959.700012207031
1959.25518268276	960.5
1962.34680763404	959.400024414063
1965.43659676964	957.299987792969
1968.52455164708	956.200012207031
1971.61067382213	956.799987792969
1974.6949648488	958.099975585938
1977.77742627934	959.400024414063
1980.85805966424	957.700012207031
1983.93686655223	959.299987792969
1987.01384849032	959.599975585938
1990.08900702374	957.900024414063
1993.16234369599	957.599975585938
1996.23386004882	956.700012207031
1999.30355762223	956.599975585938
2002.37143795452	957.799987792969
2005.4375025822	955.799987792969
2008.50175304009	958
2011.56419086127	956.299987792969
2014.62481757707	956
2017.68363471711	957.299987792969
2020.74064380929	957.5
2023.79584637979	955.400024414063
2026.84924395306	956.799987792969
2029.90083805184	955.799987792969
2032.95063019715	956.5
2035.99862190831	956
2039.04481470292	955.599975585938
2042.08921009688	956.5
2045.13180960439	955.599975585938
2048.17261473794	954.900024414063
2051.21162700831	955.599975585938
2054.24884792461	955.799987792969
2057.28427899423	955
2060.31792172288	954.400024414063
2063.34977761459	955.099975585938
2066.37984817168	954.299987792969
2069.4081348948	954.900024414063
2072.4346392829	955
2075.45936283328	954.400024414063
2078.48230704154	954.599975585938
2081.5034734016	955.099975585938
2084.52286340572	952.599975585938
2087.54047854449	954.099975585938
2090.55632030681	953.099975585938
2093.57039017994	953.799987792969
2096.58268964947	952.599975585938
2099.59322019931	954.099975585938
2102.60198331172	954.700012207031
2105.60898046733	953.700012207031
2108.61421314506	955.099975585938
2111.61768282224	954.400024414063
2114.6193909745	954
2117.61933907584	954.900024414063
2120.61752859863	953.900024414063
2123.61396101357	953.799987792969
2126.60863778973	955
2129.60156039456	956
2132.59273029383	956
2135.58214895173	952.5
2138.56981783077	953.599975585938
2141.55573839186	952.400024414063
2144.53991209427	952.5
2147.52234039565	952.200012207031
2150.50302475203	953.099975585938
2153.48196661782	953
2156.45916744579	954
2159.43462868712	953.5
2162.40835179137	950.700012207031
2165.38033820649	951.599975585938
2168.3505893788	951.299987792969
2171.31910675305	952.799987792969
2174.28589177236	952.700012207031
2177.25094587824	952.299987792969
2180.21427051063	950.900024414063
2183.17586710784	952.700012207031
2186.13573710661	951.900024414063
2189.09388194207	950.900024414063
2192.05030304776	949.299987792969
2195.00500185563	948.400024414063
2197.95797979607	951.5
2200.90923829783	951.799987792969
2203.85877878814	950.299987792969
2206.8066026926	951.200012207031
2209.75271143526	948.099975585938
2212.69710643858	948.900024414063
2215.63978912345	950.700012207031
2218.58076090919	951.799987792969
2221.52002321356	950.5
2224.45757745274	949.700012207031
2227.39342504133	948
2230.3275673924	949.099975585938
2233.26000591745	949.099975585938
2236.1907420264	949.900024414063
2239.11977712763	948.5
2242.04711262797	948.200012207031
2244.97274993269	948.599975585938
2247.89669044551	947.900024414063
2250.81893556861	949
2253.7394867026	948.799987792969
2256.65834524659	948.099975585938
2259.57551259811	946.599975585938
2262.49099015316	948
2265.4047793062	947.200012207031
2268.31688145018	946.700012207031
2271.22729797648	947.099975585938
2274.13603027498	948.200012207031
2277.04307973401	948
2279.94844774038	947.299987792969
2282.85213567938	947.599975585938
2285.75414493477	946.900024414063
2288.6544768888	947.099975585938
2291.55313292218	946.5
2294.45011441414	945.799987792969
2297.34542274236	945.400024414063
2300.23905928303	947
2303.13102541082	947
2306.02132249888	946
2308.90995191889	945.599975585938
2311.796915041	945.700012207031
2314.68221323385	946.200012207031
2317.56584786461	946.599975585938
2320.44782029892	945.400024414063
2323.32813190095	945.900024414063
2326.20678403336	945.799987792969
2329.08377805733	946.400024414063
2331.95911533254	944.200012207031
2334.83279721719	944.900024414063
2337.704825068	945.599975585938
2340.57520024018	944.799987792969
2343.4439240875	944.900024414063
2346.31099796222	944.700012207031
2349.17642321512	945.299987792969
2352.04020119553	944
2354.90233325129	944.900024414063
2357.76282072877	944
2360.62166497286	944.200012207031
2363.47886732702	943.200012207031
2366.3344291332	945.099975585938
2369.18835173191	943.299987792969
2372.04063646221	943.799987792969
2374.89128466166	944.400024414063
2377.74029766641	942.5
2380.58767681113	942.799987792969
2383.43342342903	942.799987792969
2386.27753885189	943.5
2389.12002441002	942.700012207031
2391.9608814323	941.599975585938
2394.80011124616	942.700012207031
2397.63771517757	941.799987792969
2400.47369455109	942
2403.30805068981	942.599975585938
2406.14078491539	941.700012207031
2408.97189854808	942.299987792969
2411.80139290666	942.200012207031
2414.6292693085	941.599975585938
2417.45552906953	940.299987792969
2420.28017350426	941.799987792969
2423.10320392577	940.700012207031
2425.92462164572	942
2428.74442797434	941.299987792969
2431.56262422045	941
2434.37921169145	940.799987792969
2437.19419169331	940.799987792969
2440.0075655306	941
2442.81933450648	940.900024414063
2445.62949992269	941
2448.43806307957	939.400024414063
2451.24502527604	939.900024414063
2454.05038780962	940.700012207031
2456.85415197645	942.099975585938
2459.65631907123	940.400024414063
2462.4568903873	941.599975585938
2465.25586721656	940
2468.05325084956	939
2470.84904257543	939.099975585938
2473.64324368191	938.799987792969
2476.43585545535	939.900024414063
2479.22687918073	938.299987792969
2482.01631614162	938.099975585938
2484.80416762021	939
2487.59043489733	939.900024414063
2490.37511925241	938.599975585938
2493.15822196351	939.400024414063
2495.93974430729	938.299987792969
2498.71968755907	938.299987792969
2501.49805299279	937.200012207031
2504.27484188099	938.400024414063
2507.05005549487	938
2509.82369510426	938.200012207031
2512.59576197762	939.5
2515.36625738204	938.799987792969
2518.13518258325	939
2520.90253884563	937.700012207031
2523.66832743219	938
2526.4325496046	937.700012207031
2529.19520662315	937.599975585938
2531.95629974681	938.200012207031
2534.71583023316	937.400024414063
2537.47379933848	936.400024414063
2540.23020831764	938.200012207031
2542.98505842423	938
2545.73835091045	936.799987792969
2548.49008702718	937.5
2551.24026802396	937.099975585938
2553.98889514897	937.5
2556.73596964909	936.900024414063
2559.48149276982	936.299987792969
2562.22546575538	937.400024414063
2564.96788984861	936.799987792969
2567.70876629106	937.200012207031
2570.44809632291	936.200012207031
2573.18588118307	936.5
2575.92212210906	937.599975585938
2578.65682033715	937.200012207031
2581.38997710222	937.200012207031
2584.12159363789	936.700012207031
2586.85167117641	936.599975585938
2589.58021094877	936.299987792969
2592.3072141846	937.099975585938
2595.03268211224	937.700012207031
2597.75661595872	937.799987792969
2600.47901694975	937.299987792969
2603.19988630976	936.599975585938
2605.91922526185	936.400024414063
2608.63703502782	935.599975585938
2611.35331682818	935.900024414063
2614.06807188212	935.700012207031
2616.78130140757	935.400024414063
2619.49300662113	935.400024414063
2622.20318873812	935.5
2624.91184897255	936.5
2627.61898853717	936.299987792969
2630.32460864343	935.900024414063
2633.02871050146	936
2635.73129532016	935.900024414063
2638.4323643071	936.5
2641.13191866859	935.799987792969
2643.82995960966	935.599975585938
2646.52648833405	936.200012207031
2649.22150604423	937.599975585938
2651.91501394139	936.599975585938
2654.60701322546	936.700012207031
2657.29750509509	936.400024414063
2659.98649074764	935.099975585938
2662.67397137923	936.700012207031
2665.35994818471	936
2668.04442235764	936
2670.72739509034	935.400024414063
2673.40886757386	937.099975585938
2676.088840998	936.900024414063
2678.76731655128	935.400024414063
2681.44429542098	935.900024414063
2684.11977879312	937
2686.79376785247	936.099975585938
2689.46626378254	935.099975585938
2692.13726776559	935.799987792969
2694.80678098265	935.200012207031
2697.47480461347	935.799987792969
2700.14133983659	936.700012207031
2702.80638782928	935.900024414063
2705.46994976757	935.799987792969
2708.13202682628	936.099975585938
2710.79262017895	936.900024414063
2713.4517309979	936.200012207031
2716.10936045423	936.599975585938
2718.76550971778	936
2721.42017995717	936.799987792969
2724.07337233979	936.299987792969
2726.72508803181	936.099975585938
2729.37532819815	936.700012207031
2732.02409400252	935.700012207031
2734.6713866074	936
2737.31720717406	936.400024414063
2739.96155686253	935
2742.60443683162	936.299987792969
2745.24584823896	936.099975585938
2747.88579224091	935.799987792969
2750.52426999266	934.799987792969
2753.16128264815	937.099975585938
2755.79683136014	935.5
2758.43091728017	935.299987792969
2761.06354155856	935.299987792969
2763.69470534443	935.099975585938
2766.32440978571	934.5
2768.9526560291	935.700012207031
2771.57944522013	933.900024414063
2774.2047785031	935.700012207031
2776.82865702112	935.299987792969
2779.45108191611	935.900024414063
2782.0720543288	934.200012207031
2784.69157539871	934.799987792969
2787.30964626418	936.599975585938
2789.92626806234	935.400024414063
2792.54144192915	935.400024414063
2795.15516899939	934.799987792969
2797.76745040662	934.900024414063
2800.37828728325	934.599975585938
2802.98768076049	935.900024414063
2805.59563196837	935.700012207031
2808.20214203574	935.599975585938
2810.80721209028	937
2813.41084325847	936.900024414063
2816.01303666564	937.599975585938
2818.61379343595	936.700012207031
2821.21311469235	938
2823.81100155666	937.599975585938
2826.40745514951	938.200012207031
2829.00247659037	939.700012207031
2831.59606699754	939.099975585938
2834.18822748815	940.599975585938
2836.77895917817	940.5
2839.36826318243	941.099975585938
2841.95614061456	940.700012207031
2844.54259258707	941.5
2847.12762021128	941.700012207031
2849.71122459738	941.400024414063
2852.29340685439	941.799987792969
2854.87416809019	940.700012207031
2857.4535094115	940.900024414063
2860.03143192389	940.599975585938
2862.60793673178	940.900024414063
2865.18302493845	942.799987792969
2867.75669764604	941.200012207031
2870.32895595553	941
2872.89980096678	940.200012207031
2875.46923377848	940
2878.0372554882	940.200012207031
2880.60386719239	940.299987792969
2883.16906998631	940
2885.73286496415	940
2888.29525321891	940.700012207031
2890.8562358425	940.200012207031
2893.41581392567	939.5
2895.97398855807	941
2898.5307608282	939.299987792969
2901.08613182343	939.900024414063
2903.64010263003	938.700012207031
2906.19267433313	937.799987792969
2908.74384801673	938.299987792969
2911.29362476374	938.599975585938
2913.84200565592	938.700012207031
2916.38899177394	937.700012207031
2918.93458419732	937.900024414063
2921.4787840045	937.900024414063
2924.02159227279	937.099975585938
2926.56301007838	936.700012207031
2929.10303849638	935.599975585938
2931.64167860076	936.299987792969
2934.1789314644	935.799987792969
2936.71479815906	935.400024414063
2939.24927975542	934.599975585938
2941.78237732303	934.099975585938
2944.31409193036	934.200012207031
2946.84442464477	933.900024414063
2949.37337653251	933.5
2951.90094865876	933.099975585938
2954.42714208758	934.299987792969
2956.95195788195	933.400024414063
2959.47539710375	933.200012207031
2961.99746081377	932.299987792969
2964.5181500717	931.700012207031
2967.03746593617	931.400024414063
2969.5554094647	931.599975585938
2972.07198171371	931.400024414063
2974.58718373858	931.799987792969
2977.10101659355	932.200012207031
2979.61348133184	931.099975585938
2982.12457900554	931.400024414063
2984.63431066567	931.900024414063
2987.1426773622	929.900024414063
2989.649680144	930.799987792969
2992.15532005887	930.400024414063
2994.65959815353	931.400024414063
2997.16251547364	931.099975585938
2999.66407306379	930.5
3002.16427196748	930
3004.66311322716	931.400024414063
3007.16059788422	930.599975585938
3009.65672697897	930.5
3012.15150155066	929.5
3014.64492263748	930.700012207031
3017.13699127655	929.700012207031
3019.62770850394	929.799987792969
3022.11707535466	930
3024.60509286267	929.5
3027.09176206085	930.400024414063
3029.57708398106	929.799987792969
3032.06105965407	931.099975585938
3034.54369010963	929.400024414063
3037.02497637642	929.099975585938
3039.50491948207	930.299987792969
3041.98352045319	930
3044.4607803153	929.900024414063
3046.93670009292	929.700012207031
3049.41128080949	929.700012207031
3051.88452348743	928.599975585938
3054.3564291481	928.900024414063
3056.82699881185	929.099975585938
3059.29623349795	929.299987792969
3061.76413422468	929.200012207031
3064.23070200924	929.799987792969
3066.69593786783	929.700012207031
3069.1598428156	929.599975585938
3071.62241786667	928.900024414063
3074.08366403413	929.700012207031
3076.54358233003	929.299987792969
3079.00217376543	929.400024414063
3081.45943935031	929.099975585938
3083.91538009367	930.099975585938
3086.36999700346	929.099975585938
3088.82329108662	928.700012207031
3091.27526334905	929.099975585938
3093.72591479567	929.099975585938
3096.17524643033	929.599975585938
3098.6232592559	928.200012207031
3101.06995427422	929.200012207031
3103.51533248612	929.200012207031
3105.95939489141	929.599975585938
3108.40214248889	928.200012207031
3110.84357627634	928.799987792969
3113.28369725056	928.299987792969
3115.72250640732	928.599975585938
3118.16000474136	928.200012207031
3120.59619324647	927.799987792969
3123.03107291538	928
3125.46464473985	928.099975585938
3127.89690971063	928.700012207031
3130.32786881747	927
3132.75752304911	928.400024414063
3135.18587339331	928.099975585938
3137.61292083682	927.799987792969
3140.03866636539	928.099975585938
3142.46311096378	928.299987792969
3144.88625561578	928.400024414063
3147.30810130414	928.400024414063
3149.72864901067	928.299987792969
3152.14789971616	927.900024414063
3154.56585440041	927.799987792969
3156.98251404225	926.799987792969
3159.39787961952	926.799987792969
3161.81195210906	927.900024414063
3164.22473248675	928.299987792969
3166.63622172746	928.400024414063
3169.04642080512	928.900024414063
3171.45533069264	928.099975585938
3173.86295236196	927.799987792969
3176.26928678408	927.5
3178.67433492896	927.200012207031
3181.07809776564	927.299987792969
3183.48057626216	927.099975585938
3185.88177138561	927.599975585938
3188.28168410206	927.200012207031
3190.68031537668	927.200012207031
3193.07766617362	927.200012207031
