-159.407803815973	981.400024414063
-154.947830007008	983.700012207031
-150.490968490979	985.400024414063
-146.037216117413	984.400024414063
-141.586569740106	984
-137.139026217103	984.900024414063
-132.694582410678	984.900024414063
-128.253235187354	984.200012207031
-123.814981417865	985
-119.379817977176	985.799987792969
-114.947741744455	984.900024414063
-110.518749603085	985.299987792969
-106.092838440642	983.900024414063
-101.670005148889	986.799987792969
-97.2502466237804	986.900024414063
-92.8335597654442	987.5
-88.4199414781749	987.299987792969
-84.0093886704365	987.799987792969
-79.6018982548449	987.200012207031
-75.1974671481675	990.200012207031
-70.7960922713078	989.099975585938
-66.3977705493088	990.900024414063
-62.002498911343	992.599975585938
-57.6102742907014	995.299987792969
-53.2210936247867	997.400024414063
-48.8349538551175	1002.59997558594
-44.451851927303	1009
-40.0717847910491	1029.90002441406
-35.6947494001532	1091.69995117188
-31.3207427124846	1259.90002441406
-26.9497616899924	1632.30004882813
-22.5818032986859	2538.39990234375
-18.2168645086443	3862.89990234375
-13.854942293982	4956.10009765625
-9.49603363287376	8997.599609375
-5.14013550753271	16224.099609375
-0.787244904192759	17868.400390625
3.56264118687236	16484.599609375
7.90952577138346	7888.7001953125
12.2534118510368	2406.39990234375
16.5943024235328	1298.59997558594
20.9322004825662	1065.5
25.267109017844	1012.29998779297
29.5990310150879	1004.29998779297
33.9279694560394	1007.70001220703
38.2539273184685	1020.5
42.576907576176	1044
46.89691319901	1074.19995117188
51.2139471528627	1107.59997558594
55.5280123996809	1138.30004882813
59.8391118974709	1159.09997558594
64.1472486003118	1173.30004882813
68.4524254583481	1199
72.754645417812	1213.5
77.0539114210196	1238.80004882813
81.3502264063804	1269.59997558594
85.6435933084041	1299.5
89.9340150577072	1330.80004882813
94.221494581019	1381.19995117188
98.5060348011868	1436.09997558594
102.787638637184	1490.69995117188
107.06630900412	1562.5
111.342048813235	1647.09997558594
115.614860971923	1747.69995117188
119.88474838372	1862
124.151713948329	1992.80004882813
128.41576056161	2144.10009765625
132.6768911156	2299.80004882813
136.935108498506	2468.60009765625
141.190415594721	2626.69995117188
145.442815284827	2748.30004882813
149.692310445601	2856.30004882813
153.938903950025	2944
158.182598667288	2948.30004882813
162.42339746279	2982.60009765625
166.661303198153	2985.89990234375
170.896318731233	2964.30004882813
175.128446916106	2962.89990234375
179.357690603098	2960.69995117188
183.584052638779	2921.89990234375
187.807535865965	2836.60009765625
192.028143123741	2741
196.245877247442	2731.80004882813
200.460741068677	2763.10009765625
204.672737415346	2776.69995117188
208.881869111612	2795.89990234375
213.088138977939	2832
217.291549831076	2839.69995117188
221.492104484081	2909.39990234375
225.689805746317	2973.60009765625
229.884656423456	2923.60009765625
234.076659317495	2905
238.265817226749	2867.69995117188
242.452132945872	2802.80004882813
246.635609265848	2803.69995117188
250.816248974007	2743
254.994054854027	2652.60009765625
259.169029685945	2586.5
263.341176246156	2532.39990234375
267.510497307418	2388
271.676995638868	2297.10009765625
275.840674006018	2196.69995117188
280.001535170768	2105.5
284.159581891407	2030
288.314816922617	1969.40002441406
292.467243015492	1917
296.61686291752	1850.19995117188
300.763679372619	1833.30004882813
304.907695121115	1809.40002441406
309.048912899766	1787.5
313.187335441758	1777.90002441406
317.322965476721	1770.5
321.455805730715	1761.59997558594
325.585858926265	1753.69995117188
329.713127782339	1732.5
333.837615014372	1705.09997558594
337.959323334268	1687.80004882813
342.07825545039	1667.5
346.194414067597	1665.09997558594
350.307801887216	1652
354.418421607069	1651.09997558594
358.526275921479	1642.19995117188
362.631367521261	1627.19995117188
366.733699093741	1629.09997558594
370.833273322758	1627.69995117188
374.930092888661	1636.19995117188
379.024160468332	1630.30004882813
383.115478735178	1617.80004882813
387.204050359142	1627.80004882813
391.289878006702	1627.09997558594
395.37296434089	1623.40002441406
399.453312021285	1633.80004882813
403.530923704019	1642.09997558594
407.605802041799	1624.69995117188
411.677949683886	1634.90002441406
415.747369276126	1628.80004882813
419.814063460936	1612.5
423.87803487732	1598.09997558594
427.939286160879	1592.69995117188
431.997819943799	1589.80004882813
436.053638854881	1590.80004882813
440.106745519513	1586.19995117188
444.157142559716	1583.19995117188
448.204832594115	1581
452.249818237968	1560
456.292102103149	1545.69995117188
460.331686798183	1538.19995117188
464.368574928217	1529.69995117188
468.402769095058	1533.30004882813
472.434271897151	1531.90002441406
476.463085929604	1524.69995117188
480.489213784189	1513.19995117188
484.512658049335	1518.09997558594
488.533421310149	1522.90002441406
492.551506148414	1524.5
496.566915142599	1522.19995117188
500.579650867849	1522
504.589715896022	1516.30004882813
508.597112795654	1521.30004882813
512.601844132	1517.69995117188
516.603912467011	1513.59997558594
520.603320359369	1521.40002441406
524.600070364458	1522.69995117188
528.5941650344	1531.90002441406
532.585606918042	1539
536.574398560961	1542.80004882813
540.560542505487	1557.5
544.544041290686	1549.90002441406
548.524897452379	1550.30004882813
552.50311352314	1552.90002441406
556.478692032308	1541.69995117188
560.45163550599	1523.80004882813
564.421946467059	1505.5
568.389627435166	1502.09997558594
572.354680926751	1500.59997558594
576.317109455037	1494.40002441406
580.276915530032	1492.40002441406
584.234101658558	1481.69995117188
588.188670344219	1483.69995117188
592.140624087445	1477
596.089965385468	1475.5
600.036696732344	1481.59997558594
603.980820618945	1497.40002441406
607.922339532976	1494.69995117188
611.861255958976	1496.5
615.797572378321	1500.19995117188
619.731291269227	1499.90002441406
623.662415106761	1503.90002441406
627.590946362839	1499.69995117188
631.516887506242	1499.5
635.440241002613	1496.5
639.361009314457	1482.59997558594
643.27919490116	1475.19995117188
647.194800218976	1470.59997558594
651.107827721053	1467.80004882813
655.018279857421	1468
658.926159075002	1470.09997558594
662.831467817618	1458.30004882813
666.734208525996	1463.19995117188
670.634383637767	1460.80004882813
674.531995587475	1464.90002441406
678.42704680658	1462.30004882813
682.319539723472	1452.69995117188
686.209476763458	1460.5
690.096860348783	1465.19995117188
693.981692898628	1459.5
697.863976829113	1451.40002441406
701.743714553311	1451.59997558594
705.62090848124	1456.30004882813
709.495561019875	1456
713.367674573156	1470.19995117188
717.237251541986	1479.5
721.104294324238	1506.30004882813
724.968805314764	1552.5
728.830786905391	1597.30004882813
732.690241484933	1626.80004882813
736.547171439196	1610.19995117188
740.401579150977	1557.5
744.253467000077	1532.80004882813
748.102837363294	1517.80004882813
751.94969261444	1493.09997558594
755.794035124339	1478.5
759.635867260831	1463.80004882813
763.475191388781	1459.40002441406
767.312009870082	1454.09997558594
771.146325063657	1461.80004882813
774.978139325464	1461.19995117188
778.80745500851	1461.59997558594
782.63427446284	1477.19995117188
786.458600035548	1473.5
790.280434070797	1462.5
794.099778909792	1461.69995117188
797.916636890816	1471.09997558594
801.731010349219	1483.69995117188
805.542901617415	1478.69995117188
809.352313024909	1475.19995117188
813.159246898279	1469.90002441406
816.963705561198	1463.90002441406
820.765691334426	1465.59997558594
824.56520653582	1456.69995117188
828.362253480343	1457.30004882813
832.156834480058	1439.90002441406
835.94895184414	1435.09997558594
839.738607878876	1437.40002441406
843.52580488768	1432.5
847.310545171082	1433.80004882813
851.092831026744	1440.59997558594
854.872664749458	1436.30004882813
858.650048631155	1435.90002441406
862.424984960907	1448.09997558594
866.197476024934	1434.09997558594
869.967524106601	1444.80004882813
873.735131486436	1441.90002441406
877.500300442118	1445.59997558594
881.263033248499	1442
885.023332177587	1439.5
888.781199498577	1437.80004882813
892.53663747783	1438.5
896.28964837889	1433.09997558594
900.040234462493	1449.59997558594
903.788397986559	1451.19995117188
907.534141206205	1446
911.277466373749	1450.09997558594
915.018375738706	1464.59997558594
918.756871547803	1474.69995117188
922.492956044981	1470.59997558594
926.226631471392	1472.90002441406
929.95790006541	1466.80004882813
933.686764062641	1460.59997558594
937.413225695909	1462
941.137287195276	1453.30004882813
944.858950788045	1453.59997558594
948.578218698761	1444.59997558594
952.295093149208	1453.80004882813
956.009576358427	1464.80004882813
959.721670542712	1464.30004882813
963.431377915619	1464.69995117188
967.138700687961	1468.40002441406
970.843641067824	1463.30004882813
974.546201260566	1465.90002441406
978.246383468816	1475.69995117188
981.944189892486	1497.59997558594
985.639622728775	1510.19995117188
989.332684172165	1530.80004882813
993.023376414439	1537.19995117188
996.711701644666	1522.09997558594
1000.39766204923	1499.30004882813
1004.0812598118	1488.90002441406
1007.76249711338	1478.69995117188
1011.44137613226	1476.09997558594
1015.11789904408	1523
1018.79206802177	1609.80004882813
1022.4638852356	1714.5
1026.13335285318	1789.40002441406
1029.80047303944	1713.09997558594
1033.46524795664	1576.30004882813
1037.12767976442	1461.90002441406
1040.78777061972	1414
1044.44552267686	1398.80004882813
1048.1009380875	1388.59997558594
1051.75401900067	1383.5
1055.40476756277	1391.09997558594
1059.05318591753	1394.40002441406
1062.6992762061	1400.80004882813
1066.34304056696	1393.19995117188
1069.984481136	1391.30004882813
1073.62360004648	1390.59997558594
1077.26039942905	1397.09997558594
1080.89488141175	1391.30004882813
1084.52704812002	1389.80004882813
1088.15690167668	1391.30004882813
1091.78444420198	1393.30004882813
1095.40967781355	1393.09997558594
1099.03260462646	1377
1102.65322675317	1379.59997558594
1106.27154630357	1396
1109.88756538497	1399.69995117188
1113.5012861021	1397
1117.11271055714	1394.30004882813
1120.72184084969	1404.59997558594
1124.32867907679	1402.09997558594
1127.93322733291	1403.59997558594
1131.53548771	1401.80004882813
1135.13546229742	1402.40002441406
1138.73315318201	1401.40002441406
1142.32856244807	1402.40002441406
1145.92169217734	1391.59997558594
1149.51254444904	1394.59997558594
1153.10112133986	1407.09997558594
1156.68742492397	1399.80004882813
1160.27145727299	1391.80004882813
1163.85322045605	1401.90002441406
1167.43271653976	1405.40002441406
1171.0099475882	1413
1174.58491566296	1421.80004882813
1178.15762282312	1436.90002441406
1181.72807112526	1434.90002441406
1185.29626262347	1430.69995117188
1188.86219936934	1426.40002441406
1192.42588341198	1427.90002441406
1195.98731679799	1431.90002441406
1199.54650157154	1433.40002441406
1203.10343977426	1443.19995117188
1206.65813344536	1437.09997558594
1210.21058462154	1426.19995117188
1213.76079533707	1432.80004882813
1217.30876762372	1435.09997558594
1220.85450351084	1453
1224.39800502529	1466.30004882813
1227.93927419151	1489
1231.47831303147	1491.19995117188
1235.0151235647	1489.30004882813
1238.5497078083	1491.59997558594
1242.08206777692	1483.09997558594
1245.6122054828	1466.5
1249.14012293572	1442.90002441406
1252.66582214306	1436.80004882813
1256.18930510976	1432.30004882813
1259.71057383837	1432.59997558594
1263.22963032898	1416.30004882813
1266.74647657932	1426.59997558594
1270.26111458467	1436.90002441406
1273.77354633794	1438.09997558594
1277.28377382961	1434.09997558594
1280.79179904779	1430.19995117188
1284.29762397819	1442
1287.80125060412	1442.40002441406
1291.30268090652	1446.90002441406
1294.80191686393	1459.19995117188
1298.29896045253	1456.80004882813
1301.79381364611	1463.40002441406
1305.28647841611	1464.80004882813
1308.77695673158	1468.69995117188
1312.26525055921	1470.40002441406
1315.75136186334	1467.5
1319.23529260595	1480.5
1322.71704474666	1480.19995117188
1326.19662024275	1480.80004882813
1329.67402104914	1476.80004882813
1333.14924911842	1478.19995117188
1336.62230640084	1499.19995117188
1340.0931948443	1500.09997558594
1343.56191639439	1507.5
1347.02847299435	1519.90002441406
1350.49286658511	1522.5
1353.95509910526	1531.09997558594
1357.41517249111	1531.59997558594
1360.8730886766	1529.19995117188
1364.3288495934	1528
1367.78245717087	1526
1371.23391333603	1526.19995117188
1374.68322001365	1521.69995117188
1378.13037912617	1512.69995117188
1381.57539259373	1484.30004882813
1385.0182623342	1474.80004882813
1388.45899026315	1454.69995117188
1391.89757829388	1443.90002441406
1395.33402833739	1452.40002441406
1398.76834230242	1448.30004882813
1402.20052209542	1458.30004882813
1405.63056962059	1444.09997558594
1409.05848677984	1452.90002441406
1412.48427547283	1453.80004882813
1415.90793759696	1469
1419.32947504738	1465.59997558594
1422.74888971697	1468.09997558594
1426.16618349636	1476.30004882813
1429.58135827394	1476.59997558594
1432.99441593587	1460.5
1436.40535836606	1461.40002441406
1439.81418744616	1463.30004882813
1443.22090505562	1447.80004882813
1446.62551307164	1447.30004882813
1450.0280133692	1447.19995117188
1453.42840782107	1441.80004882813
1456.82669829777	1435.09997558594
1460.22288666762	1424.19995117188
1463.61697479673	1401.90002441406
1467.00896454899	1383.30004882813
1470.3988577861	1380.30004882813
1473.78665636752	1374.80004882813
1477.17236215056	1368.40002441406
1480.55597699029	1354.5
1483.9375027396	1343.40002441406
1487.31694124921	1344.40002441406
1490.69429436761	1343.69995117188
1494.06956394113	1354.09997558594
1497.44275181394	1344.5
1500.81385982799	1337.40002441406
1504.18288982308	1346.59997558594
1507.54984363684	1360.90002441406
1510.91472310471	1366.19995117188
1514.27753006	1368.30004882813
1517.63826633383	1375.30004882813
1520.99693375517	1382.09997558594
1524.35353415083	1406.09997558594
1527.70806934547	1414.90002441406
1531.06054116162	1414.59997558594
1534.41095141963	1408.30004882813
1537.75930193773	1420.69995117188
1541.105594532	1417
1544.44983101639	1406.69995117188
1547.79201320272	1402.30004882813
1551.13214290067	1396.5
1554.4702219178	1402.30004882813
1557.80625205954	1399.5
1561.1402351292	1398.80004882813
1564.47217292798	1404.30004882813
1567.80206725495	1401.80004882813
1571.12991990709	1398.80004882813
1574.45573267926	1408.80004882813
1577.7795073642	1427.30004882813
1581.10124575258	1435.09997558594
1584.42094963294	1431.69995117188
1587.73862079174	1418.69995117188
1591.05426101335	1391.90002441406
1594.36787208004	1368.09997558594
1597.679455772	1355.69995117188
1600.98901386733	1355.19995117188
1604.29654814206	1346.19995117188
1607.60206037012	1339.69995117188
1610.90555232339	1341.59997558594
1614.20702577167	1331.30004882813
1617.50648248268	1330.69995117188
1620.8039242221	1336.5
1624.09935275352	1343.69995117188
1627.39276983848	1342
1630.68417723648	1342.59997558594
1633.97357670494	1345.59997558594
1637.26096999925	1340.19995117188
1640.54635887273	1321.30004882813
1643.82974507668	1313.19995117188
1647.11113036035	1308.80004882813
1650.39051647094	1308.69995117188
1653.66790515363	1299
1656.94329815156	1284.19995117188
1660.21669720584	1286.09997558594
1663.48810405556	1280.90002441406
1666.75752043777	1273.90002441406
1670.02494808751	1267.5
1673.29038873781	1258.5
1676.55384411968	1259.80004882813
1679.8153159621	1259.80004882813
1683.07480599207	1254
1686.33231593455	1250.30004882813
1689.58784751254	1246.40002441406
1692.84140244701	1246.5
1696.09298245692	1240
1699.34258925927	1235.5
1702.59022456905	1234
1705.83589009926	1231.80004882813
1709.07958756092	1232.69995117188
1712.32131866306	1229.69995117188
1715.56108511274	1226.09997558594
1718.79888861504	1226.59997558594
1722.03473087304	1227.5
1725.2686135879	1221.80004882813
1728.50053845876	1220.69995117188
1731.73050718283	1216.30004882813
1734.95852145533	1217.59997558594
1738.18458296955	1221
1741.40869341679	1216.5
1744.63085448642	1216.40002441406
1747.85106786585	1210
1751.06933524054	1211.69995117188
1754.28565829399	1207.69995117188
1757.50003870779	1209
1760.71247816157	1211.30004882813
1763.92297833301	1208.59997558594
1767.13154089788	1203.69995117188
1770.33816753	1205.59997558594
1773.54285990127	1200.90002441406
1776.74561968166	1204.19995117188
1779.94644853921	1202.5
1783.14534814006	1202.59997558594
1786.34232014841	1196.09997558594
1789.53736622656	1197.19995117188
1792.73048803488	1204.90002441406
1795.92168723184	1195.19995117188
1799.110965474	1191.90002441406
1802.29832441604	1195
1805.48376571069	1196.80004882813
1808.66729100882	1189.09997558594
1811.84890195939	1187
1815.02860020947	1191.90002441406
1818.20638740424	1189.90002441406
1821.38226518699	1192
1824.55623519911	1188.30004882813
1827.72829908013	1182.09997558594
1830.8984584677	1185.5
1834.06671499758	1182.80004882813
1837.23307030365	1181.19995117188
1840.39752601794	1184.40002441406
1843.56008377059	1182.80004882813
1846.72074518988	1175
1849.87951190225	1176
1853.03638553223	1178.30004882813
1856.19136770254	1179.19995117188
1859.34446003401	1178.59997558594
1862.49566414563	1175
1865.64498165455	1181.19995117188
1868.79241417605	1180.40002441406
1871.93796332358	1178.30004882813
1875.08163070875	1179.09997558594
1878.22341794132	1176.59997558594
1881.36332662922	1176.80004882813
1884.50135837853	1177.5
1887.63751479352	1176.19995117188
1890.77179747661	1177.90002441406
1893.90420802842	1171.40002441406
1897.03474804772	1167.90002441406
1900.16341913147	1174.30004882813
1903.2902228748	1173.09997558594
1906.41516087104	1170.09997558594
1909.5382347117	1172.80004882813
1912.65944598647	1170.19995117188
1915.77879628324	1169.59997558594
1918.89628718809	1171.80004882813
1922.01192028531	1167.09997558594
1925.12569715736	1164.69995117188
1928.23761938494	1164.80004882813
1931.34768854691	1167.69995117188
1934.45590622038	1169
1937.56227398063	1165.09997558594
1940.66679340119	1168.40002441406
1943.76946605377	1163.40002441406
1946.87029350832	1162.19995117188
1949.969277333	1165.09997558594
1953.06641909418	1158
1956.1617203565	1158.09997558594
1959.25518268276	1163.59997558594
1962.34680763404	1160.69995117188
1965.43659676964	1158
1968.52455164708	1154.59997558594
1971.61067382213	1155.19995117188
1974.6949648488	1156.90002441406
1977.77742627934	1156.09997558594
1980.85805966424	1157.5
1983.93686655223	1155.09997558594
1987.01384849032	1152.59997558594
1990.08900702374	1153.5
1993.16234369599	1155
1996.23386004882	1153.30004882813
1999.30355762223	1150.59997558594
2002.37143795452	1148.40002441406
2005.4375025822	1144.90002441406
2008.50175304009	1149.09997558594
2011.56419086127	1145.40002441406
2014.62481757707	1147.59997558594
2017.68363471711	1151.69995117188
2020.74064380929	1153.09997558594
2023.79584637979	1146.5
2026.84924395306	1148.69995117188
2029.90083805184	1148.30004882813
2032.95063019715	1144.09997558594
2035.99862190831	1146.40002441406
2039.04481470292	1143.90002441406
2042.08921009688	1147.5
2045.13180960439	1144.59997558594
2048.17261473794	1145
2051.21162700831	1145.59997558594
2054.24884792461	1143.69995117188
2057.28427899423	1141
2060.31792172288	1142.5
2063.34977761459	1143.5
2066.37984817168	1141.80004882813
2069.4081348948	1140.09997558594
2072.4346392829	1140.5
2075.45936283328	1138.80004882813
2078.48230704154	1141.30004882813
2081.5034734016	1142.09997558594
2084.52286340572	1140.40002441406
2087.54047854449	1143.69995117188
2090.55632030681	1142.40002441406
2093.57039017994	1137.90002441406
2096.58268964947	1142.09997558594
2099.59322019931	1139.59997558594
2102.60198331172	1139
2105.60898046733	1143.5
2108.61421314506	1144.40002441406
2111.61768282224	1142.59997558594
2114.6193909745	1144.30004882813
2117.61933907584	1140.69995117188
2120.61752859863	1144.90002441406
2123.61396101357	1142.19995117188
2126.60863778973	1141.40002441406
2129.60156039456	1143.59997558594
2132.59273029383	1143.59997558594
2135.58214895173	1140.30004882813
2138.56981783077	1132.69995117188
2141.55573839186	1129.90002441406
2144.53991209427	1129.19995117188
2147.52234039565	1128.40002441406
2150.50302475203	1128.69995117188
2153.48196661782	1124.90002441406
2156.45916744579	1129.69995117188
2159.43462868712	1126.30004882813
2162.40835179137	1124.19995117188
2165.38033820649	1119.69995117188
2168.3505893788	1117.69995117188
2171.31910675305	1120.40002441406
2174.28589177236	1120.40002441406
2177.25094587824	1115.69995117188
2180.21427051063	1118.5
2183.17586710784	1117
2186.13573710661	1116.19995117188
2189.09388194207	1113.59997558594
2192.05030304776	1112.09997558594
2195.00500185563	1117
2197.95797979607	1116.90002441406
2200.90923829783	1114.19995117188
2203.85877878814	1114.80004882813
2206.8066026926	1110.59997558594
2209.75271143526	1112.40002441406
2212.69710643858	1110.09997558594
2215.63978912345	1112.90002441406
2218.58076090919	1111.59997558594
2221.52002321356	1106.80004882813
2224.45757745274	1104.19995117188
2227.39342504133	1110.09997558594
2230.3275673924	1106.40002441406
2233.26000591745	1106.30004882813
2236.1907420264	1099.69995117188
2239.11977712763	1100.19995117188
2242.04711262797	1101
2244.97274993269	1105.19995117188
2247.89669044551	1102.09997558594
2250.81893556861	1101.59997558594
2253.7394867026	1102.5
2256.65834524659	1104.90002441406
2259.57551259811	1101.69995117188
2262.49099015316	1101.09997558594
2265.4047793062	1095
2268.31688145018	1093.90002441406
2271.22729797648	1094.90002441406
2274.13603027498	1093
2277.04307973401	1092.30004882813
2279.94844774038	1094.69995117188
2282.85213567938	1097
2285.75414493477	1097
2288.6544768888	1094.90002441406
2291.55313292218	1092.90002441406
2294.45011441414	1092.09997558594
2297.34542274236	1091.90002441406
2300.23905928303	1089.19995117188
2303.13102541082	1089.09997558594
2306.02132249888	1091.5
2308.90995191889	1090.30004882813
2311.796915041	1088.69995117188
2314.68221323385	1088.09997558594
2317.56584786461	1088.5
2320.44782029892	1085.30004882813
2323.32813190095	1087
2326.20678403336	1086
2329.08377805733	1082.69995117188
2331.95911533254	1085.5
2334.83279721719	1083.80004882813
2337.704825068	1083.19995117188
2340.57520024018	1084.30004882813
2343.4439240875	1083.40002441406
2346.31099796222	1082.5
2349.17642321512	1080.5
2352.04020119553	1084.69995117188
2354.90233325129	1081.80004882813
2357.76282072877	1078.40002441406
2360.62166497286	1078.69995117188
2363.47886732702	1080.5
2366.3344291332	1077.69995117188
2369.18835173191	1076.69995117188
2372.04063646221	1076.5
2374.89128466166	1074.40002441406
2377.74029766641	1075.30004882813
2380.58767681113	1073.5
2383.43342342903	1074.09997558594
2386.27753885189	1070.40002441406
2389.12002441002	1068.19995117188
2391.9608814323	1067.40002441406
2394.80011124616	1074.59997558594
2397.63771517757	1070.59997558594
2400.47369455109	1071.5
2403.30805068981	1071.69995117188
2406.14078491539	1069
2408.97189854808	1067.69995117188
2411.80139290666	1067.19995117188
2414.6292693085	1066.09997558594
2417.45552906953	1068
2420.28017350426	1067.80004882813
2423.10320392577	1067.30004882813
2425.92462164572	1066.59997558594
2428.74442797434	1066.5
2431.56262422045	1064.80004882813
2434.37921169145	1062.30004882813
2437.19419169331	1061.59997558594
2440.0075655306	1060.80004882813
2442.81933450648	1060.59997558594
2445.62949992269	1063.40002441406
2448.43806307957	1058.80004882813
2451.24502527604	1061
2454.05038780962	1058.09997558594
2456.85415197645	1056.40002441406
2459.65631907123	1059.5
2462.4568903873	1055.80004882813
2465.25586721656	1056.5
2468.05325084956	1056.19995117188
2470.84904257543	1055.30004882813
2473.64324368191	1054.40002441406
2476.43585545535	1053.80004882813
2479.22687918073	1053.19995117188
2482.01631614162	1054.09997558594
2484.80416762021	1053.40002441406
2487.59043489733	1054.90002441406
2490.37511925241	1054.09997558594
2493.15822196351	1049.19995117188
2495.93974430729	1052.40002441406
2498.71968755907	1052.90002441406
2501.49805299279	1049.80004882813
2504.27484188099	1048.5
2507.05005549487	1048.90002441406
2509.82369510426	1050.40002441406
2512.59576197762	1047.5
2515.36625738204	1049.09997558594
2518.13518258325	1049.19995117188
2520.90253884563	1046.59997558594
2523.66832743219	1045.69995117188
2526.4325496046	1046.30004882813
2529.19520662315	1046.69995117188
2531.95629974681	1045.69995117188
2534.71583023316	1044.40002441406
2537.47379933848	1044.19995117188
2540.23020831764	1042.40002441406
2542.98505842423	1044.19995117188
2545.73835091045	1046.80004882813
2548.49008702718	1043.80004882813
2551.24026802396	1041.90002441406
2553.98889514897	1041.59997558594
2556.73596964909	1040.90002441406
2559.48149276982	1038.5
2562.22546575538	1041.09997558594
2564.96788984861	1040.59997558594
2567.70876629106	1044.40002441406
2570.44809632291	1041.30004882813
2573.18588118307	1039.90002441406
2575.92212210906	1040.69995117188
2578.65682033715	1041.59997558594
2581.38997710222	1040.69995117188
2584.12159363789	1043.19995117188
2586.85167117641	1041.30004882813
2589.58021094877	1040.69995117188
2592.3072141846	1041
2595.03268211224	1044.09997558594
2597.75661595872	1042
2600.47901694975	1040
2603.19988630976	1040.80004882813
2605.91922526185	1038
2608.63703502782	1036.59997558594
2611.35331682818	1036.19995117188
2614.06807188212	1034.30004882813
2616.78130140757	1031.80004882813
2619.49300662113	1035.40002441406
2622.20318873812	1036.30004882813
2624.91184897255	1034.90002441406
2627.61898853717	1034.59997558594
2630.32460864343	1036.69995117188
2633.02871050146	1033.40002441406
2635.73129532016	1034.40002441406
2638.4323643071	1032.09997558594
2641.13191866859	1033.80004882813
2643.82995960966	1034
2646.52648833405	1033.09997558594
2649.22150604423	1034.09997558594
2651.91501394139	1035.80004882813
2654.60701322546	1033.5
2657.29750509509	1033
2659.98649074764	1030.59997558594
2662.67397137923	1033.5
2665.35994818471	1033.30004882813
2668.04442235764	1034.5
2670.72739509034	1032.80004882813
2673.40886757386	1034.09997558594
2676.088840998	1030.59997558594
2678.76731655128	1033.40002441406
2681.44429542098	1031
2684.11977879312	1033.59997558594
2686.79376785247	1031.19995117188
2689.46626378254	1034.69995117188
2692.13726776559	1035
2694.80678098265	1034.5
2697.47480461347	1033.09997558594
2700.14133983659	1032.80004882813
2702.80638782928	1032
2705.46994976757	1033.80004882813
2708.13202682628	1031.40002441406
2710.79262017895	1032.5
2713.4517309979	1033.09997558594
2716.10936045423	1033.5
2718.76550971778	1034.59997558594
2721.42017995717	1034.30004882813
2724.07337233979	1030.09997558594
2726.72508803181	1032.90002441406
2729.37532819815	1031.90002441406
2732.02409400252	1030.40002441406
2734.6713866074	1031.40002441406
2737.31720717406	1031.80004882813
2739.96155686253	1027.40002441406
2742.60443683162	1032.30004882813
2745.24584823896	1028.5
2747.88579224091	1030.80004882813
2750.52426999266	1030.90002441406
2753.16128264815	1031.5
2755.79683136014	1030.40002441406
2758.43091728017	1029.30004882813
2761.06354155856	1032.59997558594
2763.69470534443	1028.09997558594
2766.32440978571	1025.90002441406
2768.9526560291	1029.40002441406
2771.57944522013	1027.80004882813
2774.2047785031	1030.19995117188
2776.82865702112	1027.80004882813
2779.45108191611	1030.80004882813
2782.0720543288	1032.09997558594
2784.69157539871	1031.09997558594
2787.30964626418	1030.69995117188
2789.92626806234	1031.59997558594
2792.54144192915	1028.59997558594
2795.15516899939	1032.40002441406
2797.76745040662	1032.59997558594
2800.37828728325	1032.5
2802.98768076049	1035.90002441406
2805.59563196837	1037.19995117188
2808.20214203574	1039
2810.80721209028	1037.19995117188
2813.41084325847	1035.30004882813
2816.01303666564	1036.69995117188
2818.61379343595	1036.19995117188
2821.21311469235	1033
2823.81100155666	1032.59997558594
2826.40745514951	1032.19995117188
2829.00247659037	1030.19995117188
2831.59606699754	1032.80004882813
2834.18822748815	1031.80004882813
2836.77895917817	1030.40002441406
2839.36826318243	1031.5
2841.95614061456	1033.30004882813
2844.54259258707	1031.40002441406
2847.12762021128	1032.09997558594
2849.71122459738	1030.90002441406
2852.29340685439	1028.90002441406
2854.87416809019	1030.80004882813
2857.4535094115	1030.5
2860.03143192389	1031.59997558594
2862.60793673178	1030.59997558594
2865.18302493845	1028.59997558594
2867.75669764604	1026.80004882813
2870.32895595553	1027.59997558594
2872.89980096678	1026.80004882813
2875.46923377848	1028
2878.0372554882	1023.90002441406
2880.60386719239	1027.59997558594
2883.16906998631	1024.40002441406
2885.73286496415	1025.40002441406
2888.29525321891	1023.29998779297
2890.8562358425	1024.69995117188
2893.41581392567	1023
2895.97398855807	1022.79998779297
2898.5307608282	1024.5
2901.08613182343	1024.19995117188
2903.64010263003	1023.20001220703
2906.19267433313	1021.59997558594
2908.74384801673	1021.70001220703
2911.29362476374	1022.09997558594
2913.84200565592	1018.59997558594
2916.38899177394	1021.29998779297
2918.93458419732	1020.09997558594
2921.4787840045	1015.79998779297
2924.02159227279	1017.09997558594
2926.56301007838	1017.90002441406
2929.10303849638	1018.29998779297
2931.64167860076	1016.70001220703
2934.1789314644	1015.59997558594
2936.71479815906	1016.20001220703
2939.24927975542	1015.90002441406
2941.78237732303	1013.29998779297
2944.31409193036	1011
2946.84442464477	1010.40002441406
2949.37337653251	1014.20001220703
2951.90094865876	1012.79998779297
2954.42714208758	1010.5
2956.95195788195	1009.5
2959.47539710375	1012
2961.99746081377	1010.79998779297
2964.5181500717	1010.5
2967.03746593617	1010.09997558594
2969.5554094647	1008.79998779297
2972.07198171371	1007.40002441406
2974.58718373858	1007.29998779297
2977.10101659355	1009.29998779297
2979.61348133184	1010.90002441406
2982.12457900554	1007.90002441406
2984.63431066567	1007.70001220703
2987.1426773622	1006.5
2989.649680144	1005.20001220703
2992.15532005887	1005.09997558594
2994.65959815353	1005.70001220703
2997.16251547364	1008.40002441406
2999.66407306379	1006.09997558594
3002.16427196748	1009
3004.66311322716	1006.70001220703
3007.16059788422	1007.40002441406
3009.65672697897	1008.09997558594
3012.15150155066	1007.40002441406
3014.64492263748	1005.90002441406
3017.13699127655	1007
3019.62770850394	1007.90002441406
3022.11707535466	1007.09997558594
3024.60509286267	1007.79998779297
3027.09176206085	1006.5
3029.57708398106	1008.70001220703
3032.06105965407	1009.09997558594
3034.54369010963	1007.79998779297
3037.02497637642	1007.20001220703
3039.50491948207	1007.29998779297
3041.98352045319	1005
3044.4607803153	1006.09997558594
3046.93670009292	1006
3049.41128080949	1003.90002441406
3051.88452348743	1005.09997558594
3054.3564291481	1006.40002441406
3056.82699881185	1006.70001220703
3059.29623349795	1004.5
3061.76413422468	1007.79998779297
3064.23070200924	1006.09997558594
3066.69593786783	1006
3069.1598428156	1006.79998779297
3071.62241786667	1006.5
3074.08366403413	1009.40002441406
3076.54358233003	1008.29998779297
3079.00217376543	1008.20001220703
3081.45943935031	1007.79998779297
3083.91538009367	1008.90002441406
3086.36999700346	1009.90002441406
3088.82329108662	1008.29998779297
3091.27526334905	1008.90002441406
3093.72591479567	1007.5
3096.17524643033	1007.40002441406
3098.6232592559	1007.29998779297
3101.06995427422	1007.59997558594
3103.51533248612	1005.90002441406
3105.95939489141	1007.5
3108.40214248889	1009.70001220703
3110.84357627634	1008.29998779297
3113.28369725056	1006.09997558594
3115.72250640732	1006.79998779297
3118.16000474136	1008.40002441406
3120.59619324647	1008.40002441406
3123.03107291538	1008
3125.46464473985	1007.09997558594
3127.89690971063	1007.70001220703
3130.32786881747	1008.59997558594
3132.75752304911	1008.40002441406
3135.18587339331	1008.70001220703
3137.61292083682	1007.90002441406
3140.03866636539	1010.20001220703
3142.46311096378	1008.90002441406
3144.88625561578	1008.20001220703
3147.30810130414	1006.20001220703
3149.72864901067	1007.29998779297
3152.14789971616	1006.79998779297
3154.56585440041	1009.5
3156.98251404225	1007.5
3159.39787961952	1008.29998779297
3161.81195210906	1009.70001220703
3164.22473248675	1008.90002441406
3166.63622172746	1008.09997558594
3169.04642080512	1009
3171.45533069264	1008
3173.86295236196	1007.59997558594
3176.26928678408	1007
3178.67433492896	1006.59997558594
3181.07809776564	1006.59997558594
3183.48057626216	1005.90002441406
3185.88177138561	1006.70001220703
3188.28168410206	1009.29998779297
3190.68031537668	1007.5
3193.07766617362	1008
