-159.407803815973	984.400024414063
-154.947830007008	984.900024414063
-150.490968490979	985.599975585938
-146.037216117413	986.5
-141.586569740106	985.400024414063
-137.139026217103	988.599975585938
-132.694582410678	988.700012207031
-128.253235187354	986.599975585938
-123.814981417865	986.200012207031
-119.379817977176	986.400024414063
-114.947741744455	987.400024414063
-110.518749603085	987.599975585938
-106.092838440642	987.599975585938
-101.670005148889	989.099975585938
-97.2502466237804	988.799987792969
-92.8335597654442	988.200012207031
-88.4199414781749	990.900024414063
-84.0093886704365	991.5
-79.6018982548449	991.5
-75.1974671481675	994.299987792969
-70.7960922713078	991.799987792969
-66.3977705493088	996.400024414063
-62.002498911343	996.900024414063
-57.6102742907014	999.700012207031
-53.2210936247867	1000.90002441406
-48.8349538551175	1008.59997558594
-44.451851927303	1020
-40.0717847910491	1042.5
-35.6947494001532	1118.80004882813
-31.3207427124846	1361
-26.9497616899924	2006.30004882813
-22.5818032986859	3265.60009765625
-18.2168645086443	4875.60009765625
-13.854942293982	5981
-9.49603363287376	10694.7001953125
-5.14013550753271	17915.69921875
-0.787244904192759	21852.19921875
3.56264118687236	20973.19921875
7.90952577138346	11679.900390625
12.2534118510368	3336.30004882813
16.5943024235328	1504.69995117188
20.9322004825662	1081.90002441406
25.267109017844	1023.59997558594
29.5990310150879	1010.09997558594
33.9279694560394	1008.70001220703
38.2539273184685	1018.09997558594
42.576907576176	1035.30004882813
46.89691319901	1060.59997558594
51.2139471528627	1082.40002441406
55.5280123996809	1108.40002441406
59.8391118974709	1127.19995117188
64.1472486003118	1141.09997558594
68.4524254583481	1153.30004882813
72.754645417812	1166.80004882813
77.0539114210196	1180.59997558594
81.3502264063804	1201.90002441406
85.6435933084041	1228.80004882813
89.9340150577072	1264.19995117188
94.221494581019	1304.59997558594
98.5060348011868	1354
102.787638637184	1414.90002441406
107.06630900412	1485.30004882813
111.342048813235	1562.19995117188
115.614860971923	1660.5
119.88474838372	1759.5
124.151713948329	1882.5
128.41576056161	2058.80004882813
132.6768911156	2217.80004882813
136.935108498506	2401.60009765625
141.190415594721	2626.80004882813
145.442815284827	2848.30004882813
149.692310445601	3066.89990234375
153.938903950025	3289.19995117188
158.182598667288	3397.60009765625
162.42339746279	3436.89990234375
166.661303198153	3466.19995117188
170.896318731233	3387.69995117188
175.128446916106	3275.19995117188
179.357690603098	3274.39990234375
183.584052638779	3268.30004882813
187.807535865965	3263.19995117188
192.028143123741	3341.39990234375
196.245877247442	3416.19995117188
200.460741068677	3497.5
204.672737415346	3611.39990234375
208.881869111612	3778.30004882813
213.088138977939	4031
217.291549831076	4290.7998046875
221.492104484081	4557.89990234375
225.689805746317	4933.7001953125
229.884656423456	5295.39990234375
234.076659317495	5620.60009765625
238.265817226749	5825.60009765625
242.452132945872	5740.7998046875
246.635609265848	5452.2998046875
250.816248974007	5078.7001953125
254.994054854027	4517.10009765625
259.169029685945	3913
263.341176246156	3516.30004882813
267.510497307418	3220.60009765625
271.676995638868	2936.5
275.840674006018	2741.10009765625
280.001535170768	2580.5
284.159581891407	2472.39990234375
288.314816922617	2390.10009765625
292.467243015492	2312.39990234375
296.61686291752	2240.19995117188
300.763679372619	2198.39990234375
304.907695121115	2139.60009765625
309.048912899766	2125.69995117188
313.187335441758	2105.89990234375
317.322965476721	2080.60009765625
321.455805730715	2073.30004882813
325.585858926265	2053.30004882813
329.713127782339	2057.39990234375
333.837615014372	2040.40002441406
337.959323334268	2013.40002441406
342.07825545039	1992.30004882813
346.194414067597	1984.19995117188
350.307801887216	1971.09997558594
354.418421607069	1961.19995117188
358.526275921479	1968.09997558594
362.631367521261	1957.19995117188
366.733699093741	1936.90002441406
370.833273322758	1943.5
374.930092888661	1924.19995117188
379.024160468332	1920.40002441406
383.115478735178	1941.59997558594
387.204050359142	1946.5
391.289878006702	1945.5
395.37296434089	1911.90002441406
399.453312021285	1906.5
403.530923704019	1911.40002441406
407.605802041799	1924.30004882813
411.677949683886	1928.5
415.747369276126	1918.09997558594
419.814063460936	1922.80004882813
423.87803487732	1916.19995117188
427.939286160879	1921.59997558594
431.997819943799	1922
436.053638854881	1919.5
440.106745519513	1918.5
444.157142559716	1903.90002441406
448.204832594115	1899.90002441406
452.249818237968	1885.80004882813
456.292102103149	1880.90002441406
460.331686798183	1876.09997558594
464.368574928217	1886.19995117188
468.402769095058	1893.69995117188
472.434271897151	1864.40002441406
476.463085929604	1865.90002441406
480.489213784189	1860.19995117188
484.512658049335	1860.5
488.533421310149	1853.69995117188
492.551506148414	1864.30004882813
496.566915142599	1875.80004882813
500.579650867849	1857.69995117188
504.589715896022	1848.90002441406
508.597112795654	1842
512.601844132	1853.30004882813
516.603912467011	1857.5
520.603320359369	1867.19995117188
524.600070364458	1868.5
528.5941650344	1859
532.585606918042	1870.19995117188
536.574398560961	1857.19995117188
540.560542505487	1864.69995117188
544.544041290686	1866.30004882813
548.524897452379	1860
552.50311352314	1860
556.478692032308	1858.09997558594
560.45163550599	1846.30004882813
564.421946467059	1848.30004882813
568.389627435166	1842.30004882813
572.354680926751	1837.09997558594
576.317109455037	1828.69995117188
580.276915530032	1842.09997558594
584.234101658558	1827
588.188670344219	1812.59997558594
592.140624087445	1823.5
596.089965385468	1839.09997558594
600.036696732344	1823.09997558594
603.980820618945	1826
607.922339532976	1840.69995117188
611.861255958976	1830.09997558594
615.797572378321	1829.80004882813
619.731291269227	1848
623.662415106761	1853.30004882813
627.590946362839	1831.80004882813
631.516887506242	1836.09997558594
635.440241002613	1845.90002441406
639.361009314457	1855.90002441406
643.27919490116	1846.80004882813
647.194800218976	1846.59997558594
651.107827721053	1848.69995117188
655.018279857421	1849.5
658.926159075002	1825.5
662.831467817618	1838.69995117188
666.734208525996	1836.40002441406
670.634383637767	1837.19995117188
674.531995587475	1840.80004882813
678.42704680658	1815.5
682.319539723472	1828.19995117188
686.209476763458	1832.69995117188
690.096860348783	1834.90002441406
693.981692898628	1825.19995117188
697.863976829113	1826.40002441406
701.743714553311	1843
705.62090848124	1802.69995117188
709.495561019875	1802
713.367674573156	1814
717.237251541986	1831.69995117188
721.104294324238	1841.40002441406
724.968805314764	1880.69995117188
728.830786905391	1891.59997558594
732.690241484933	1876.59997558594
736.547171439196	1837.90002441406
740.401579150977	1825.80004882813
744.253467000077	1842
748.102837363294	1845.80004882813
751.94969261444	1838.30004882813
755.794035124339	1827.80004882813
759.635867260831	1829.19995117188
763.475191388781	1814.09997558594
767.312009870082	1818.5
771.146325063657	1832.30004882813
774.978139325464	1836.5
778.80745500851	1817.5
782.63427446284	1818.40002441406
786.458600035548	1834.30004882813
790.280434070797	1816.5
794.099778909792	1843.40002441406
797.916636890816	1823.69995117188
801.731010349219	1820.5
805.542901617415	1801.19995117188
809.352313024909	1821.19995117188
813.159246898279	1808.30004882813
816.963705561198	1788.19995117188
820.765691334426	1794.80004882813
824.56520653582	1800.09997558594
828.362253480343	1810.30004882813
832.156834480058	1792.90002441406
835.94895184414	1793
839.738607878876	1794.5
843.52580488768	1799.80004882813
847.310545171082	1780.40002441406
851.092831026744	1789.69995117188
854.872664749458	1798.09997558594
858.650048631155	1795.5
862.424984960907	1791
866.197476024934	1801.59997558594
869.967524106601	1797.09997558594
873.735131486436	1794.30004882813
877.500300442118	1811.19995117188
881.263033248499	1815
885.023332177587	1801.19995117188
888.781199498577	1791.40002441406
892.53663747783	1809.30004882813
896.28964837889	1792.5
900.040234462493	1793.59997558594
903.788397986559	1793.59997558594
907.534141206205	1777.40002441406
911.277466373749	1786.5
915.018375738706	1788.69995117188
918.756871547803	1791.09997558594
922.492956044981	1796.69995117188
926.226631471392	1790
929.95790006541	1776
933.686764062641	1788.90002441406
937.413225695909	1794.40002441406
941.137287195276	1779.90002441406
944.858950788045	1780.19995117188
948.578218698761	1788
952.295093149208	1783.30004882813
956.009576358427	1775.69995117188
959.721670542712	1773.30004882813
963.431377915619	1778.90002441406
967.138700687961	1775.80004882813
970.843641067824	1757.09997558594
974.546201260566	1759.90002441406
978.246383468816	1756.19995117188
981.944189892486	1758.09997558594
985.639622728775	1767.30004882813
989.332684172165	1761.30004882813
993.023376414439	1765.30004882813
996.711701644666	1778.40002441406
1000.39766204923	1765.5
1004.0812598118	1756.90002441406
1007.76249711338	1765.5
1011.44137613226	1765.90002441406
1015.11789904408	1769.09997558594
1018.79206802177	1773.30004882813
1022.4638852356	1771.80004882813
1026.13335285318	1768.69995117188
1029.80047303944	1752
1033.46524795664	1755.90002441406
1037.12767976442	1748.80004882813
1040.78777061972	1747.19995117188
1044.44552267686	1741.5
1048.1009380875	1740.09997558594
1051.75401900067	1740.19995117188
1055.40476756277	1743.5
1059.05318591753	1743.19995117188
1062.6992762061	1755.90002441406
1066.34304056696	1754.5
1069.984481136	1735.30004882813
1073.62360004648	1736.90002441406
1077.26039942905	1746.30004882813
1080.89488141175	1746.40002441406
1084.52704812002	1744.19995117188
1088.15690167668	1746.90002441406
1091.78444420198	1750.19995117188
1095.40967781355	1736.40002441406
1099.03260462646	1729.59997558594
1102.65322675317	1745.40002441406
1106.27154630357	1747.59997558594
1109.88756538497	1743.59997558594
1113.5012861021	1753.19995117188
1117.11271055714	1742
1120.72184084969	1753.30004882813
1124.32867907679	1761.90002441406
1127.93322733291	1755.80004882813
1131.53548771	1744.59997558594
1135.13546229742	1733.30004882813
1138.73315318201	1750.30004882813
1142.32856244807	1743.30004882813
1145.92169217734	1742.19995117188
1149.51254444904	1727.40002441406
1153.10112133986	1741.19995117188
1156.68742492397	1748.59997558594
1160.27145727299	1740.19995117188
1163.85322045605	1730.80004882813
1167.43271653976	1719.80004882813
1171.0099475882	1729.40002441406
1174.58491566296	1745.09997558594
1178.15762282312	1736.09997558594
1181.72807112526	1732.09997558594
1185.29626262347	1725.09997558594
1188.86219936934	1715.40002441406
1192.42588341198	1720.69995117188
1195.98731679799	1729.40002441406
1199.54650157154	1724.30004882813
1203.10343977426	1716.69995117188
1206.65813344536	1719.59997558594
1210.21058462154	1726.59997558594
1213.76079533707	1724.30004882813
1217.30876762372	1723.59997558594
1220.85450351084	1732.09997558594
1224.39800502529	1718.80004882813
1227.93927419151	1717.19995117188
1231.47831303147	1715
1235.0151235647	1720.30004882813
1238.5497078083	1733
1242.08206777692	1728.59997558594
1245.6122054828	1714.40002441406
1249.14012293572	1716.90002441406
1252.66582214306	1711.09997558594
1256.18930510976	1726.80004882813
1259.71057383837	1722.30004882813
1263.22963032898	1714.30004882813
1266.74647657932	1706.09997558594
1270.26111458467	1716.09997558594
1273.77354633794	1717.90002441406
1277.28377382961	1724.80004882813
1280.79179904779	1711.40002441406
1284.29762397819	1706.59997558594
1287.80125060412	1709.30004882813
1291.30268090652	1704.59997558594
1294.80191686393	1719.90002441406
1298.29896045253	1711.5
1301.79381364611	1700.09997558594
1305.28647841611	1709.90002441406
1308.77695673158	1711.09997558594
1312.26525055921	1711.19995117188
1315.75136186334	1728.09997558594
1319.23529260595	1724.59997558594
1322.71704474666	1721.59997558594
1326.19662024275	1733.59997558594
1329.67402104914	1727.40002441406
1333.14924911842	1715.09997558594
1336.62230640084	1712.59997558594
1340.0931948443	1709.90002441406
1343.56191639439	1705.90002441406
1347.02847299435	1685.90002441406
1350.49286658511	1689.90002441406
1353.95509910526	1701
1357.41517249111	1698.69995117188
1360.8730886766	1698.19995117188
1364.3288495934	1699.30004882813
1367.78245717087	1680.69995117188
1371.23391333603	1697.59997558594
1374.68322001365	1690.59997558594
1378.13037912617	1695
1381.57539259373	1698.80004882813
1385.0182623342	1700.09997558594
1388.45899026315	1684.69995117188
1391.89757829388	1688.40002441406
1395.33402833739	1699.09997558594
1398.76834230242	1698.19995117188
1402.20052209542	1692.59997558594
1405.63056962059	1689.09997558594
1409.05848677984	1679.90002441406
1412.48427547283	1677.40002441406
1415.90793759696	1671.09997558594
1419.32947504738	1665.09997558594
1422.74888971697	1667.69995117188
1426.16618349636	1673.09997558594
1429.58135827394	1669
1432.99441593587	1678.09997558594
1436.40535836606	1672.30004882813
1439.81418744616	1664.30004882813
1443.22090505562	1655.09997558594
1446.62551307164	1657.40002441406
1450.0280133692	1675.30004882813
1453.42840782107	1668.59997558594
1456.82669829777	1672.09997558594
1460.22288666762	1669.90002441406
1463.61697479673	1653.59997558594
1467.00896454899	1654.09997558594
1470.3988577861	1643.30004882813
1473.78665636752	1647.59997558594
1477.17236215056	1653.30004882813
1480.55597699029	1650.90002441406
1483.9375027396	1651.90002441406
1487.31694124921	1647
1490.69429436761	1641
1494.06956394113	1650.09997558594
1497.44275181394	1643.30004882813
1500.81385982799	1639.19995117188
1504.18288982308	1639.30004882813
1507.54984363684	1636
1510.91472310471	1640.40002441406
1514.27753006	1630.90002441406
1517.63826633383	1645.30004882813
1520.99693375517	1650.90002441406
1524.35353415083	1638.90002441406
1527.70806934547	1620.30004882813
1531.06054116162	1629.80004882813
1534.41095141963	1637.80004882813
1537.75930193773	1639.90002441406
1541.105594532	1626.30004882813
1544.44983101639	1628.59997558594
1547.79201320272	1623.09997558594
1551.13214290067	1632.40002441406
1554.4702219178	1628
1557.80625205954	1624.69995117188
1561.1402351292	1621
1564.47217292798	1617.5
1567.80206725495	1621.59997558594
1571.12991990709	1618.09997558594
1574.45573267926	1620.09997558594
1577.7795073642	1613.69995117188
1581.10124575258	1618.30004882813
1584.42094963294	1618.90002441406
1587.73862079174	1614.59997558594
1591.05426101335	1612.80004882813
1594.36787208004	1612.80004882813
1597.679455772	1613.09997558594
1600.98901386733	1603.59997558594
1604.29654814206	1612.30004882813
1607.60206037012	1617.80004882813
1610.90555232339	1617.90002441406
1614.20702577167	1611
1617.50648248268	1606.80004882813
1620.8039242221	1606.19995117188
1624.09935275352	1615.30004882813
1627.39276983848	1614.80004882813
1630.68417723648	1618.5
1633.97357670494	1617.59997558594
1637.26096999925	1619.09997558594
1640.54635887273	1614.69995117188
1643.82974507668	1606.30004882813
1647.11113036035	1605.40002441406
1650.39051647094	1601.30004882813
1653.66790515363	1595.90002441406
1656.94329815156	1599
1660.21669720584	1592.19995117188
1663.48810405556	1595.40002441406
1666.75752043777	1573.59997558594
1670.02494808751	1580.09997558594
1673.29038873781	1577.59997558594
1676.55384411968	1574.80004882813
1679.8153159621	1567.80004882813
1683.07480599207	1567
1686.33231593455	1561.40002441406
1689.58784751254	1546.90002441406
1692.84140244701	1556.59997558594
1696.09298245692	1548.80004882813
1699.34258925927	1551.09997558594
1702.59022456905	1560.69995117188
1705.83589009926	1549.5
1709.07958756092	1539.09997558594
1712.32131866306	1528.40002441406
1715.56108511274	1531.30004882813
1718.79888861504	1529.30004882813
1722.03473087304	1523.90002441406
1725.2686135879	1537.80004882813
1728.50053845876	1537.59997558594
1731.73050718283	1531.80004882813
1734.95852145533	1523.5
1738.18458296955	1520.09997558594
1741.40869341679	1521.69995117188
1744.63085448642	1527.30004882813
1747.85106786585	1527.30004882813
1751.06933524054	1514.19995117188
1754.28565829399	1510.80004882813
1757.50003870779	1510.80004882813
1760.71247816157	1504.19995117188
1763.92297833301	1507.40002441406
1767.13154089788	1514.80004882813
1770.33816753	1530.30004882813
1773.54285990127	1506.19995117188
1776.74561968166	1499
1779.94644853921	1500.40002441406
1783.14534814006	1501.90002441406
1786.34232014841	1500.09997558594
1789.53736622656	1485.30004882813
1792.73048803488	1489
1795.92168723184	1495.30004882813
1799.110965474	1497.30004882813
1802.29832441604	1492.59997558594
1805.48376571069	1492.90002441406
1808.66729100882	1487.5
1811.84890195939	1482.40002441406
1815.02860020947	1466.09997558594
1818.20638740424	1463.09997558594
1821.38226518699	1476.19995117188
1824.55623519911	1485.40002441406
1827.72829908013	1474.19995117188
1830.8984584677	1466.59997558594
1834.06671499758	1464.5
1837.23307030365	1460.80004882813
1840.39752601794	1449.69995117188
1843.56008377059	1450.59997558594
1846.72074518988	1452.80004882813
1849.87951190225	1458.19995117188
1853.03638553223	1457.19995117188
1856.19136770254	1454.30004882813
1859.34446003401	1447.59997558594
1862.49566414563	1452.19995117188
1865.64498165455	1458.90002441406
1868.79241417605	1447.30004882813
1871.93796332358	1446.90002441406
1875.08163070875	1455.5
1878.22341794132	1451.19995117188
1881.36332662922	1444.90002441406
1884.50135837853	1440.40002441406
1887.63751479352	1442.30004882813
1890.77179747661	1442.90002441406
1893.90420802842	1437.59997558594
1897.03474804772	1440.69995117188
1900.16341913147	1440.59997558594
1903.2902228748	1439.69995117188
1906.41516087104	1444
1909.5382347117	1440.19995117188
1912.65944598647	1445.69995117188
1915.77879628324	1436.69995117188
1918.89628718809	1424.19995117188
1922.01192028531	1423.59997558594
1925.12569715736	1422.90002441406
1928.23761938494	1429.59997558594
1931.34768854691	1424.5
1934.45590622038	1424
1937.56227398063	1423.30004882813
1940.66679340119	1419.80004882813
1943.76946605377	1412.80004882813
1946.87029350832	1409.5
1949.969277333	1411.09997558594
1953.06641909418	1406.69995117188
1956.1617203565	1412.69995117188
1959.25518268276	1410.69995117188
1962.34680763404	1406.19995117188
1965.43659676964	1401.19995117188
1968.52455164708	1399.40002441406
1971.61067382213	1387.59997558594
1974.6949648488	1390.5
1977.77742627934	1402.5
1980.85805966424	1397.90002441406
1983.93686655223	1390.80004882813
1987.01384849032	1396.69995117188
1990.08900702374	1393.80004882813
1993.16234369599	1381.80004882813
1996.23386004882	1385.19995117188
1999.30355762223	1386.19995117188
2002.37143795452	1380.80004882813
2005.4375025822	1376.59997558594
2008.50175304009	1378.69995117188
2011.56419086127	1382.30004882813
2014.62481757707	1382.5
2017.68363471711	1377.19995117188
2020.74064380929	1374.30004882813
2023.79584637979	1375.30004882813
2026.84924395306	1374.59997558594
2029.90083805184	1382.19995117188
2032.95063019715	1370.5
2035.99862190831	1365
2039.04481470292	1366
2042.08921009688	1367.90002441406
2045.13180960439	1368
2048.17261473794	1369.19995117188
2051.21162700831	1362.30004882813
2054.24884792461	1362
2057.28427899423	1364.69995117188
2060.31792172288	1359
2063.34977761459	1354.40002441406
2066.37984817168	1347.09997558594
2069.4081348948	1345.30004882813
2072.4346392829	1353.69995117188
2075.45936283328	1346.90002441406
2078.48230704154	1348.90002441406
2081.5034734016	1350.80004882813
2084.52286340572	1336.80004882813
2087.54047854449	1338.5
2090.55632030681	1336.40002441406
2093.57039017994	1343.09997558594
2096.58268964947	1333.59997558594
2099.59322019931	1329.09997558594
2102.60198331172	1329.90002441406
2105.60898046733	1326.59997558594
2108.61421314506	1325.19995117188
2111.61768282224	1326.69995117188
2114.6193909745	1332.09997558594
2117.61933907584	1328.19995117188
2120.61752859863	1331.59997558594
2123.61396101357	1324.40002441406
2126.60863778973	1321.59997558594
2129.60156039456	1315.09997558594
2132.59273029383	1315.5
2135.58214895173	1319.59997558594
2138.56981783077	1323.30004882813
2141.55573839186	1316.69995117188
2144.53991209427	1309.30004882813
2147.52234039565	1305.69995117188
2150.50302475203	1308.19995117188
2153.48196661782	1312.90002441406
2156.45916744579	1317.30004882813
2159.43462868712	1318.80004882813
2162.40835179137	1309.59997558594
2165.38033820649	1308.19995117188
2168.3505893788	1310
2171.31910675305	1311.09997558594
2174.28589177236	1303.19995117188
2177.25094587824	1293.5
2180.21427051063	1299.5
2183.17586710784	1297.30004882813
2186.13573710661	1297.5
2189.09388194207	1302.40002441406
2192.05030304776	1292.19995117188
2195.00500185563	1301.40002441406
2197.95797979607	1298.40002441406
2200.90923829783	1291
2203.85877878814	1289.40002441406
2206.8066026926	1287
2209.75271143526	1288.90002441406
2212.69710643858	1286.09997558594
2215.63978912345	1280.09997558594
2218.58076090919	1281.19995117188
2221.52002321356	1287.80004882813
2224.45757745274	1285.69995117188
2227.39342504133	1282.40002441406
2230.3275673924	1274.59997558594
2233.26000591745	1277
2236.1907420264	1276.5
2239.11977712763	1268
2242.04711262797	1267.90002441406
2244.97274993269	1270.30004882813
2247.89669044551	1270.09997558594
2250.81893556861	1268.80004882813
2253.7394867026	1268
2256.65834524659	1269.30004882813
2259.57551259811	1263.30004882813
2262.49099015316	1262.5
2265.4047793062	1264.80004882813
2268.31688145018	1255.69995117188
2271.22729797648	1255.59997558594
2274.13603027498	1250.80004882813
2277.04307973401	1250.40002441406
2279.94844774038	1248.09997558594
2282.85213567938	1252.19995117188
2285.75414493477	1254.09997558594
2288.6544768888	1253.69995117188
2291.55313292218	1249.69995117188
2294.45011441414	1247.90002441406
2297.34542274236	1244.19995117188
2300.23905928303	1237.40002441406
2303.13102541082	1236
2306.02132249888	1240.19995117188
2308.90995191889	1245.40002441406
2311.796915041	1243.19995117188
2314.68221323385	1240.59997558594
2317.56584786461	1237.69995117188
2320.44782029892	1238.80004882813
2323.32813190095	1233
2326.20678403336	1232.09997558594
2329.08377805733	1230
2331.95911533254	1224.5
2334.83279721719	1223.69995117188
2337.704825068	1225.90002441406
2340.57520024018	1225.80004882813
2343.4439240875	1228.30004882813
2346.31099796222	1224.19995117188
2349.17642321512	1221.40002441406
2352.04020119553	1219.59997558594
2354.90233325129	1219.69995117188
2357.76282072877	1213.90002441406
2360.62166497286	1214.30004882813
2363.47886732702	1216.30004882813
2366.3344291332	1215.59997558594
2369.18835173191	1216.80004882813
2372.04063646221	1211.40002441406
2374.89128466166	1205.80004882813
2377.74029766641	1202.09997558594
2380.58767681113	1202.80004882813
2383.43342342903	1202.69995117188
2386.27753885189	1194.90002441406
2389.12002441002	1198.59997558594
2391.9608814323	1195.5
2394.80011124616	1201.30004882813
2397.63771517757	1202.69995117188
2400.47369455109	1200.90002441406
2403.30805068981	1192.40002441406
2406.14078491539	1198.19995117188
2408.97189854808	1188.69995117188
2411.80139290666	1184.80004882813
2414.6292693085	1182.30004882813
2417.45552906953	1186.09997558594
2420.28017350426	1187.59997558594
2423.10320392577	1184.90002441406
2425.92462164572	1183.90002441406
2428.74442797434	1185.80004882813
2431.56262422045	1184.30004882813
2434.37921169145	1183.5
2437.19419169331	1180
2440.0075655306	1175.59997558594
2442.81933450648	1174.30004882813
2445.62949992269	1171.69995117188
2448.43806307957	1173.69995117188
2451.24502527604	1177.80004882813
2454.05038780962	1172.30004882813
2456.85415197645	1170.80004882813
2459.65631907123	1173
2462.4568903873	1168.19995117188
2465.25586721656	1163.09997558594
2468.05325084956	1162.90002441406
2470.84904257543	1159.5
2473.64324368191	1156.90002441406
2476.43585545535	1154.69995117188
2479.22687918073	1153.90002441406
2482.01631614162	1161.5
2484.80416762021	1157.80004882813
2487.59043489733	1160.19995117188
2490.37511925241	1160.90002441406
2493.15822196351	1155
2495.93974430729	1157.40002441406
2498.71968755907	1149.19995117188
2501.49805299279	1147.80004882813
2504.27484188099	1143.40002441406
2507.05005549487	1142.69995117188
2509.82369510426	1148.09997558594
2512.59576197762	1143.90002441406
2515.36625738204	1142.5
2518.13518258325	1143.69995117188
2520.90253884563	1138.09997558594
2523.66832743219	1137.59997558594
2526.4325496046	1133.69995117188
2529.19520662315	1137.30004882813
2531.95629974681	1133.40002441406
2534.71583023316	1131.80004882813
2537.47379933848	1131.69995117188
2540.23020831764	1134.5
2542.98505842423	1133.5
2545.73835091045	1133.69995117188
2548.49008702718	1131.69995117188
2551.24026802396	1128.30004882813
2553.98889514897	1122.30004882813
2556.73596964909	1120.69995117188
2559.48149276982	1122.40002441406
2562.22546575538	1125.5
2564.96788984861	1125.5
2567.70876629106	1125.69995117188
2570.44809632291	1124.5
2573.18588118307	1124.80004882813
2575.92212210906	1120.80004882813
2578.65682033715	1121.80004882813
2581.38997710222	1117.19995117188
2584.12159363789	1116.59997558594
2586.85167117641	1120.19995117188
2589.58021094877	1120.40002441406
2592.3072141846	1119.09997558594
2595.03268211224	1115.40002441406
2597.75661595872	1114.19995117188
2600.47901694975	1113.90002441406
2603.19988630976	1117
2605.91922526185	1110.09997558594
2608.63703502782	1111.90002441406
2611.35331682818	1110.69995117188
2614.06807188212	1107.80004882813
2616.78130140757	1104.19995117188
2619.49300662113	1102.09997558594
2622.20318873812	1108.30004882813
2624.91184897255	1105
2627.61898853717	1101.69995117188
2630.32460864343	1104.09997558594
2633.02871050146	1103.69995117188
2635.73129532016	1097.09997558594
2638.4323643071	1098.90002441406
2641.13191866859	1096.19995117188
2643.82995960966	1097.80004882813
2646.52648833405	1102.5
2649.22150604423	1098.59997558594
2651.91501394139	1099.40002441406
2654.60701322546	1095.19995117188
2657.29750509509	1094.59997558594
2659.98649074764	1094.80004882813
2662.67397137923	1094.40002441406
2665.35994818471	1093
2668.04442235764	1095.09997558594
2670.72739509034	1091
2673.40886757386	1095.09997558594
2676.088840998	1088.59997558594
2678.76731655128	1087.5
2681.44429542098	1089.5
2684.11977879312	1087.90002441406
2686.79376785247	1087.59997558594
2689.46626378254	1091.69995117188
2692.13726776559	1087.69995117188
2694.80678098265	1086.30004882813
2697.47480461347	1085.80004882813
2700.14133983659	1085.30004882813
2702.80638782928	1086.40002441406
2705.46994976757	1082.80004882813
2708.13202682628	1078.90002441406
2710.79262017895	1081.90002441406
2713.4517309979	1083
2716.10936045423	1084
2718.76550971778	1081.40002441406
2721.42017995717	1082.90002441406
2724.07337233979	1079.19995117188
2726.72508803181	1079.09997558594
2729.37532819815	1081
2732.02409400252	1079.69995117188
2734.6713866074	1079.19995117188
2737.31720717406	1080
2739.96155686253	1079.80004882813
2742.60443683162	1079.80004882813
2745.24584823896	1076
2747.88579224091	1075.59997558594
2750.52426999266	1075.5
2753.16128264815	1073.80004882813
2755.79683136014	1074
2758.43091728017	1072.69995117188
2761.06354155856	1074
2763.69470534443	1070.80004882813
2766.32440978571	1068.09997558594
2768.9526560291	1067.80004882813
2771.57944522013	1066.5
2774.2047785031	1064.90002441406
2776.82865702112	1064.30004882813
2779.45108191611	1064.90002441406
2782.0720543288	1066.40002441406
2784.69157539871	1064.90002441406
2787.30964626418	1062.09997558594
2789.92626806234	1065.19995117188
2792.54144192915	1062.5
2795.15516899939	1060
2797.76745040662	1058
2800.37828728325	1057.30004882813
2802.98768076049	1059.90002441406
2805.59563196837	1060.90002441406
2808.20214203574	1059.69995117188
2810.80721209028	1058.69995117188
2813.41084325847	1057.30004882813
2816.01303666564	1059
2818.61379343595	1054.19995117188
2821.21311469235	1053
2823.81100155666	1055.5
2826.40745514951	1054.30004882813
2829.00247659037	1053.09997558594
2831.59606699754	1055.69995117188
2834.18822748815	1055.59997558594
2836.77895917817	1053.69995117188
2839.36826318243	1054.19995117188
2841.95614061456	1055.40002441406
2844.54259258707	1054.19995117188
2847.12762021128	1051.90002441406
2849.71122459738	1053.09997558594
2852.29340685439	1053.30004882813
2854.87416809019	1053
2857.4535094115	1052
2860.03143192389	1053.30004882813
2862.60793673178	1053.80004882813
2865.18302493845	1053.30004882813
2867.75669764604	1050.30004882813
2870.32895595553	1049.69995117188
2872.89980096678	1049.40002441406
2875.46923377848	1049.40002441406
2878.0372554882	1044.40002441406
2880.60386719239	1047.19995117188
2883.16906998631	1047.59997558594
2885.73286496415	1048.59997558594
2888.29525321891	1044.5
2890.8562358425	1045
2893.41581392567	1044.5
2895.97398855807	1047.5
2898.5307608282	1045.69995117188
2901.08613182343	1045.90002441406
2903.64010263003	1046.19995117188
2906.19267433313	1040.80004882813
2908.74384801673	1041.19995117188
2911.29362476374	1040.90002441406
2913.84200565592	1040.90002441406
2916.38899177394	1039.80004882813
2918.93458419732	1040.30004882813
2921.4787840045	1041
2924.02159227279	1040.5
2926.56301007838	1039
2929.10303849638	1037.19995117188
2931.64167860076	1034.40002441406
2934.1789314644	1034.09997558594
2936.71479815906	1035.80004882813
2939.24927975542	1034.5
2941.78237732303	1033.09997558594
2944.31409193036	1037
2946.84442464477	1033.90002441406
2949.37337653251	1034.19995117188
2951.90094865876	1037.69995117188
2954.42714208758	1036.30004882813
2956.95195788195	1035.59997558594
2959.47539710375	1035.19995117188
2961.99746081377	1033.59997558594
2964.5181500717	1031.90002441406
2967.03746593617	1033.5
2969.5554094647	1030.09997558594
2972.07198171371	1030.80004882813
2974.58718373858	1030
2977.10101659355	1030.69995117188
2979.61348133184	1031.09997558594
2982.12457900554	1029.19995117188
2984.63431066567	1029.80004882813
2987.1426773622	1027.69995117188
2989.649680144	1028.09997558594
2992.15532005887	1027.69995117188
2994.65959815353	1028.69995117188
2997.16251547364	1029.90002441406
2999.66407306379	1028.40002441406
3002.16427196748	1029
3004.66311322716	1031
3007.16059788422	1029.30004882813
3009.65672697897	1029.69995117188
3012.15150155066	1029.09997558594
3014.64492263748	1027
3017.13699127655	1026.09997558594
3019.62770850394	1025.90002441406
3022.11707535466	1027.5
3024.60509286267	1026.90002441406
3027.09176206085	1026.19995117188
3029.57708398106	1026.90002441406
3032.06105965407	1027.30004882813
3034.54369010963	1024
3037.02497637642	1025.40002441406
3039.50491948207	1023.70001220703
3041.98352045319	1024.5
3044.4607803153	1024
3046.93670009292	1023.09997558594
3049.41128080949	1024.90002441406
3051.88452348743	1023.5
3054.3564291481	1022.20001220703
3056.82699881185	1021.70001220703
3059.29623349795	1021.79998779297
3061.76413422468	1022.40002441406
3064.23070200924	1022.79998779297
3066.69593786783	1021.70001220703
3069.1598428156	1024.5
3071.62241786667	1023.70001220703
3074.08366403413	1024.30004882813
3076.54358233003	1026
3079.00217376543	1021.79998779297
3081.45943935031	1024.40002441406
3083.91538009367	1024.69995117188
3086.36999700346	1025.19995117188
3088.82329108662	1023
3091.27526334905	1021.90002441406
3093.72591479567	1020.70001220703
3096.17524643033	1021.5
3098.6232592559	1022.59997558594
3101.06995427422	1023
3103.51533248612	1020.29998779297
3105.95939489141	1022.29998779297
3108.40214248889	1021.79998779297
3110.84357627634	1020.70001220703
3113.28369725056	1021.29998779297
3115.72250640732	1020.90002441406
3118.16000474136	1021.09997558594
3120.59619324647	1023.70001220703
3123.03107291538	1020.70001220703
3125.46464473985	1022.70001220703
3127.89690971063	1020.70001220703
3130.32786881747	1021.20001220703
3132.75752304911	1022.70001220703
3135.18587339331	1023.09997558594
3137.61292083682	1022.59997558594
3140.03866636539	1021.29998779297
3142.46311096378	1022.09997558594
3144.88625561578	1020.70001220703
3147.30810130414	1018.59997558594
3149.72864901067	1019.5
3152.14789971616	1020.59997558594
3154.56585440041	1019.90002441406
3156.98251404225	1020.79998779297
3159.39787961952	1019.5
3161.81195210906	1020.20001220703
3164.22473248675	1021.5
3166.63622172746	1024.09997558594
3169.04642080512	1018.20001220703
3171.45533069264	1017.70001220703
3173.86295236196	1017.59997558594
3176.26928678408	1017.5
3178.67433492896	1017.40002441406
3181.07809776564	1017.79998779297
3183.48057626216	1017.09997558594
3185.88177138561	1019.5
3188.28168410206	1016.09997558594
3190.68031537668	1017.90002441406
3193.07766617362	1017.70001220703
