-159.407803815973	984.700012207031
-154.947830007008	986.200012207031
-150.490968490979	986.400024414063
-146.037216117413	986.200012207031
-141.586569740106	985.200012207031
-137.139026217103	986.799987792969
-132.694582410678	987.5
-128.253235187354	985.900024414063
-123.814981417865	988.5
-119.379817977176	987.900024414063
-114.947741744455	986.599975585938
-110.518749603085	988.5
-106.092838440642	987.200012207031
-101.670005148889	988.5
-97.2502466237804	988.5
-92.8335597654442	987.599975585938
-88.4199414781749	992.099975585938
-84.0093886704365	991.099975585938
-79.6018982548449	991.5
-75.1974671481675	991.700012207031
-70.7960922713078	992.299987792969
-66.3977705493088	993.799987792969
-62.002498911343	996.599975585938
-57.6102742907014	1000
-53.2210936247867	1002.20001220703
-48.8349538551175	1006.70001220703
-44.451851927303	1017.09997558594
-40.0717847910491	1040.30004882813
-35.6947494001532	1108.69995117188
-31.3207427124846	1297.09997558594
-26.9497616899924	1764
-22.5818032986859	2900.80004882813
-18.2168645086443	4137.7998046875
-13.854942293982	5533.39990234375
-9.49603363287376	9665
-5.14013550753271	17991.69921875
-0.787244904192759	21460.099609375
3.56264118687236	19548.599609375
7.90952577138346	9617.5
12.2534118510368	2756.19995117188
16.5943024235328	1338.19995117188
20.9322004825662	1075.90002441406
25.267109017844	1016.40002441406
29.5990310150879	1005.90002441406
33.9279694560394	1007.90002441406
38.2539273184685	1015.70001220703
42.576907576176	1033.69995117188
46.89691319901	1057.30004882813
51.2139471528627	1080.69995117188
55.5280123996809	1101.69995117188
59.8391118974709	1116
64.1472486003118	1129.69995117188
68.4524254583481	1144
72.754645417812	1154.59997558594
77.0539114210196	1170.09997558594
81.3502264063804	1184.69995117188
85.6435933084041	1214.19995117188
89.9340150577072	1244.40002441406
94.221494581019	1283
98.5060348011868	1327.40002441406
102.787638637184	1378.30004882813
107.06630900412	1442.30004882813
111.342048813235	1500.09997558594
115.614860971923	1586.59997558594
119.88474838372	1684.40002441406
124.151713948329	1792.30004882813
128.41576056161	1928.09997558594
132.6768911156	2071.69995117188
136.935108498506	2218
141.190415594721	2410.60009765625
145.442815284827	2591.19995117188
149.692310445601	2771.5
153.938903950025	2947
158.182598667288	3037.80004882813
162.42339746279	3039.69995117188
166.661303198153	3074.69995117188
170.896318731233	2994.39990234375
175.128446916106	2967.30004882813
179.357690603098	3013.60009765625
183.584052638779	3057.89990234375
187.807535865965	3066.5
192.028143123741	3093
196.245877247442	3184.10009765625
200.460741068677	3296.80004882813
204.672737415346	3421.5
208.881869111612	3635.60009765625
213.088138977939	3805.69995117188
217.291549831076	4034.80004882813
221.492104484081	4236.7001953125
225.689805746317	4548.2001953125
229.884656423456	4828.5
234.076659317495	5063.7001953125
238.265817226749	5081.7001953125
242.452132945872	4928
246.635609265848	4658.39990234375
250.816248974007	4279.60009765625
254.994054854027	3787.19995117188
259.169029685945	3343.19995117188
263.341176246156	2980.5
267.510497307418	2685.5
271.676995638868	2516.10009765625
275.840674006018	2352
280.001535170768	2214.69995117188
284.159581891407	2099.39990234375
288.314816922617	2032.80004882813
292.467243015492	1981.69995117188
296.61686291752	1921.59997558594
300.763679372619	1899
304.907695121115	1852.30004882813
309.048912899766	1838.59997558594
313.187335441758	1851.90002441406
317.322965476721	1857.90002441406
321.455805730715	1845.09997558594
325.585858926265	1817.59997558594
329.713127782339	1806.80004882813
333.837615014372	1807.19995117188
337.959323334268	1774.40002441406
342.07825545039	1733.69995117188
346.194414067597	1717.40002441406
350.307801887216	1710.5
354.418421607069	1697.80004882813
358.526275921479	1693.19995117188
362.631367521261	1687.40002441406
366.733699093741	1669.40002441406
370.833273322758	1669.19995117188
374.930092888661	1651
379.024160468332	1665.09997558594
383.115478735178	1673.90002441406
387.204050359142	1672.69995117188
391.289878006702	1661.40002441406
395.37296434089	1663.40002441406
399.453312021285	1660.5
403.530923704019	1653.5
407.605802041799	1656.90002441406
411.677949683886	1674.30004882813
415.747369276126	1657.40002441406
419.814063460936	1657.69995117188
423.87803487732	1654.5
427.939286160879	1658.80004882813
431.997819943799	1648.30004882813
436.053638854881	1647
440.106745519513	1654.19995117188
444.157142559716	1648.90002441406
448.204832594115	1638.80004882813
452.249818237968	1642
456.292102103149	1635.19995117188
460.331686798183	1624.40002441406
464.368574928217	1611.09997558594
468.402769095058	1623.5
472.434271897151	1623.80004882813
476.463085929604	1616.09997558594
480.489213784189	1611.90002441406
484.512658049335	1611.59997558594
488.533421310149	1600.90002441406
492.551506148414	1614.69995117188
496.566915142599	1609
500.579650867849	1599
504.589715896022	1599
508.597112795654	1594.5
512.601844132	1594.69995117188
516.603912467011	1605.19995117188
520.603320359369	1607.59997558594
524.600070364458	1599.90002441406
528.5941650344	1601.09997558594
532.585606918042	1605.40002441406
536.574398560961	1593.5
540.560542505487	1608.5
544.544041290686	1618
548.524897452379	1616.09997558594
552.50311352314	1611.59997558594
556.478692032308	1604.30004882813
560.45163550599	1610.30004882813
564.421946467059	1598.90002441406
568.389627435166	1585.69995117188
572.354680926751	1580.40002441406
576.317109455037	1569.09997558594
580.276915530032	1578.69995117188
584.234101658558	1588.19995117188
588.188670344219	1578.69995117188
592.140624087445	1570.40002441406
596.089965385468	1571.80004882813
600.036696732344	1560.40002441406
603.980820618945	1565.90002441406
607.922339532976	1578.19995117188
611.861255958976	1586.90002441406
615.797572378321	1580.69995117188
619.731291269227	1588.5
623.662415106761	1590.69995117188
627.590946362839	1598.59997558594
631.516887506242	1599.59997558594
635.440241002613	1612.19995117188
639.361009314457	1601.80004882813
643.27919490116	1600.09997558594
647.194800218976	1590.80004882813
651.107827721053	1580.90002441406
655.018279857421	1581.59997558594
658.926159075002	1571.59997558594
662.831467817618	1579.09997558594
666.734208525996	1569.19995117188
670.634383637767	1570.40002441406
674.531995587475	1566.19995117188
678.42704680658	1567.09997558594
682.319539723472	1574
686.209476763458	1567.90002441406
690.096860348783	1566.59997558594
693.981692898628	1564.09997558594
697.863976829113	1553.19995117188
701.743714553311	1556.69995117188
705.62090848124	1549.19995117188
709.495561019875	1553.69995117188
713.367674573156	1572
717.237251541986	1611.59997558594
721.104294324238	1680.40002441406
724.968805314764	1779.90002441406
728.830786905391	1848.19995117188
732.690241484933	1842.59997558594
736.547171439196	1756.19995117188
740.401579150977	1654.59997558594
744.253467000077	1592.59997558594
748.102837363294	1575.5
751.94969261444	1558.19995117188
755.794035124339	1546.40002441406
759.635867260831	1538.69995117188
763.475191388781	1539.30004882813
767.312009870082	1536.80004882813
771.146325063657	1532.40002441406
774.978139325464	1544.30004882813
778.80745500851	1540.69995117188
782.63427446284	1540.59997558594
786.458600035548	1536.19995117188
790.280434070797	1528.5
794.099778909792	1539.59997558594
797.916636890816	1526.59997558594
801.731010349219	1528.40002441406
805.542901617415	1525.40002441406
809.352313024909	1523.59997558594
813.159246898279	1519.30004882813
816.963705561198	1515.69995117188
820.765691334426	1517.19995117188
824.56520653582	1508.40002441406
828.362253480343	1513.19995117188
832.156834480058	1510.90002441406
835.94895184414	1507.80004882813
839.738607878876	1498.19995117188
843.52580488768	1505.5
847.310545171082	1503.5
851.092831026744	1513.5
854.872664749458	1510
858.650048631155	1508.09997558594
862.424984960907	1511.19995117188
866.197476024934	1498.30004882813
869.967524106601	1505.59997558594
873.735131486436	1502.90002441406
877.500300442118	1519.69995117188
881.263033248499	1513.59997558594
885.023332177587	1501.69995117188
888.781199498577	1505.30004882813
892.53663747783	1511.40002441406
896.28964837889	1502.5
900.040234462493	1507.19995117188
903.788397986559	1506.30004882813
907.534141206205	1498.40002441406
911.277466373749	1499.90002441406
915.018375738706	1498.5
918.756871547803	1507.90002441406
922.492956044981	1504.80004882813
926.226631471392	1497.59997558594
929.95790006541	1498.69995117188
933.686764062641	1501.30004882813
937.413225695909	1495.30004882813
941.137287195276	1492.40002441406
944.858950788045	1498.19995117188
948.578218698761	1492.09997558594
952.295093149208	1492.5
956.009576358427	1488.80004882813
959.721670542712	1488.30004882813
963.431377915619	1490.59997558594
967.138700687961	1487.69995117188
970.843641067824	1483.30004882813
974.546201260566	1481
978.246383468816	1486.59997558594
981.944189892486	1477.40002441406
985.639622728775	1476
989.332684172165	1476.90002441406
993.023376414439	1479
996.711701644666	1483
1000.39766204923	1478.5
1004.0812598118	1476
1007.76249711338	1492.80004882813
1011.44137613226	1483.69995117188
1015.11789904408	1479.90002441406
1018.79206802177	1472.19995117188
1022.4638852356	1480.90002441406
1026.13335285318	1481.09997558594
1029.80047303944	1475.30004882813
1033.46524795664	1468
1037.12767976442	1464.09997558594
1040.78777061972	1458.69995117188
1044.44552267686	1456.90002441406
1048.1009380875	1452.40002441406
1051.75401900067	1448.09997558594
1055.40476756277	1444.30004882813
1059.05318591753	1454.19995117188
1062.6992762061	1454.59997558594
1066.34304056696	1463.30004882813
1069.984481136	1451.30004882813
1073.62360004648	1449.19995117188
1077.26039942905	1446.59997558594
1080.89488141175	1455.80004882813
1084.52704812002	1453.5
1088.15690167668	1451.80004882813
1091.78444420198	1450.69995117188
1095.40967781355	1448.19995117188
1099.03260462646	1433.69995117188
1102.65322675317	1445.09997558594
1106.27154630357	1455.19995117188
1109.88756538497	1451.40002441406
1113.5012861021	1458.19995117188
1117.11271055714	1453.59997558594
1120.72184084969	1444.5
1124.32867907679	1456.40002441406
1127.93322733291	1459.59997558594
1131.53548771	1450.40002441406
1135.13546229742	1442.30004882813
1138.73315318201	1444.5
1142.32856244807	1444.59997558594
1145.92169217734	1450.5
1149.51254444904	1443.19995117188
1153.10112133986	1437.59997558594
1156.68742492397	1443.5
1160.27145727299	1444.19995117188
1163.85322045605	1448.30004882813
1167.43271653976	1438.80004882813
1171.0099475882	1438.80004882813
1174.58491566296	1440.90002441406
1178.15762282312	1443.5
1181.72807112526	1447
1185.29626262347	1444.09997558594
1188.86219936934	1449.09997558594
1192.42588341198	1447.90002441406
1195.98731679799	1448.09997558594
1199.54650157154	1459.90002441406
1203.10343977426	1455
1206.65813344536	1441
1210.21058462154	1438.69995117188
1213.76079533707	1443.69995117188
1217.30876762372	1443.90002441406
1220.85450351084	1443.30004882813
1224.39800502529	1442.69995117188
1227.93927419151	1439.69995117188
1231.47831303147	1441.90002441406
1235.0151235647	1444.30004882813
1238.5497078083	1453
1242.08206777692	1446.09997558594
1245.6122054828	1445.30004882813
1249.14012293572	1438
1252.66582214306	1448.19995117188
1256.18930510976	1447.80004882813
1259.71057383837	1457.30004882813
1263.22963032898	1444.90002441406
1266.74647657932	1451.59997558594
1270.26111458467	1456
1273.77354633794	1450.30004882813
1277.28377382961	1455.30004882813
1280.79179904779	1452.90002441406
1284.29762397819	1442.5
1287.80125060412	1434.69995117188
1291.30268090652	1436.30004882813
1294.80191686393	1449.80004882813
1298.29896045253	1451.19995117188
1301.79381364611	1450.5
1305.28647841611	1467.09997558594
1308.77695673158	1491.40002441406
1312.26525055921	1485.5
1315.75136186334	1495.90002441406
1319.23529260595	1505.90002441406
1322.71704474666	1517.40002441406
1326.19662024275	1534.30004882813
1329.67402104914	1533.19995117188
1333.14924911842	1524
1336.62230640084	1511.09997558594
1340.0931948443	1501.80004882813
1343.56191639439	1482.09997558594
1347.02847299435	1457.90002441406
1350.49286658511	1457.5
1353.95509910526	1453.40002441406
1357.41517249111	1459
1360.8730886766	1464.69995117188
1364.3288495934	1465.5
1367.78245717087	1471.09997558594
1371.23391333603	1472.30004882813
1374.68322001365	1466.09997558594
1378.13037912617	1457.69995117188
1381.57539259373	1447.69995117188
1385.0182623342	1432
1388.45899026315	1429.80004882813
1391.89757829388	1432.69995117188
1395.33402833739	1433.40002441406
1398.76834230242	1431.40002441406
1402.20052209542	1420.69995117188
1405.63056962059	1413.5
1409.05848677984	1409.19995117188
1412.48427547283	1398.09997558594
1415.90793759696	1390.59997558594
1419.32947504738	1393
1422.74888971697	1390
1426.16618349636	1402.30004882813
1429.58135827394	1398.5
1432.99441593587	1404.5
1436.40535836606	1402.80004882813
1439.81418744616	1402.19995117188
1443.22090505562	1409.80004882813
1446.62551307164	1419.69995117188
1450.0280133692	1436.19995117188
1453.42840782107	1438
1456.82669829777	1425
1460.22288666762	1421.69995117188
1463.61697479673	1406.40002441406
1467.00896454899	1389.30004882813
1470.3988577861	1385.59997558594
1473.78665636752	1384.30004882813
1477.17236215056	1384.19995117188
1480.55597699029	1377.90002441406
1483.9375027396	1379.40002441406
1487.31694124921	1369.80004882813
1490.69429436761	1360.09997558594
1494.06956394113	1372.80004882813
1497.44275181394	1370.5
1500.81385982799	1366.40002441406
1504.18288982308	1357.09997558594
1507.54984363684	1358.90002441406
1510.91472310471	1362.5
1514.27753006	1365.90002441406
1517.63826633383	1358.19995117188
1520.99693375517	1355.30004882813
1524.35353415083	1353.90002441406
1527.70806934547	1356.40002441406
1531.06054116162	1357.40002441406
1534.41095141963	1362.30004882813
1537.75930193773	1368.30004882813
1541.105594532	1356
1544.44983101639	1358
1547.79201320272	1357.80004882813
1551.13214290067	1363.69995117188
1554.4702219178	1361.09997558594
1557.80625205954	1357.09997558594
1561.1402351292	1356.30004882813
1564.47217292798	1359.30004882813
1567.80206725495	1353.5
1571.12991990709	1357.30004882813
1574.45573267926	1355.59997558594
1577.7795073642	1352
1581.10124575258	1347.59997558594
1584.42094963294	1349.5
1587.73862079174	1350.80004882813
1591.05426101335	1346.30004882813
1594.36787208004	1349.19995117188
1597.679455772	1346.19995117188
1600.98901386733	1346.19995117188
1604.29654814206	1350.90002441406
1607.60206037012	1349.19995117188
1610.90555232339	1356.69995117188
1614.20702577167	1351.40002441406
1617.50648248268	1352.69995117188
1620.8039242221	1355.80004882813
1624.09935275352	1361.59997558594
1627.39276983848	1364
1630.68417723648	1364
1633.97357670494	1366.69995117188
1637.26096999925	1363.80004882813
1640.54635887273	1355.90002441406
1643.82974507668	1350.80004882813
1647.11113036035	1341.80004882813
1650.39051647094	1342.69995117188
1653.66790515363	1335.5
1656.94329815156	1338.09997558594
1660.21669720584	1332.80004882813
1663.48810405556	1329.80004882813
1666.75752043777	1319.19995117188
1670.02494808751	1328.19995117188
1673.29038873781	1325.69995117188
1676.55384411968	1322.5
1679.8153159621	1315.80004882813
1683.07480599207	1309.69995117188
1686.33231593455	1294.69995117188
1689.58784751254	1300.59997558594
1692.84140244701	1301.5
1696.09298245692	1297
1699.34258925927	1295.69995117188
1702.59022456905	1301.80004882813
1705.83589009926	1296.5
1709.07958756092	1294.5
1712.32131866306	1286
1715.56108511274	1282.09997558594
1718.79888861504	1279.5
1722.03473087304	1280.30004882813
1725.2686135879	1284.59997558594
1728.50053845876	1289.40002441406
1731.73050718283	1284.09997558594
1734.95852145533	1280.30004882813
1738.18458296955	1276.19995117188
1741.40869341679	1277
1744.63085448642	1274
1747.85106786585	1271.19995117188
1751.06933524054	1269.40002441406
1754.28565829399	1269.80004882813
1757.50003870779	1265.19995117188
1760.71247816157	1265.5
1763.92297833301	1271.40002441406
1767.13154089788	1269.09997558594
1770.33816753	1271.30004882813
1773.54285990127	1266.80004882813
1776.74561968166	1264.30004882813
1779.94644853921	1257.40002441406
1783.14534814006	1252.69995117188
1786.34232014841	1257.5
1789.53736622656	1254.90002441406
1792.73048803488	1253
1795.92168723184	1251.19995117188
1799.110965474	1254
1802.29832441604	1249.30004882813
1805.48376571069	1249.80004882813
1808.66729100882	1253.30004882813
1811.84890195939	1247
1815.02860020947	1240
1818.20638740424	1241.30004882813
1821.38226518699	1240.59997558594
1824.55623519911	1246.19995117188
1827.72829908013	1244
1830.8984584677	1241.80004882813
1834.06671499758	1236.69995117188
1837.23307030365	1239.40002441406
1840.39752601794	1232.40002441406
1843.56008377059	1228.19995117188
1846.72074518988	1231.5
1849.87951190225	1241.59997558594
1853.03638553223	1231.5
1856.19136770254	1227.69995117188
1859.34446003401	1224.59997558594
1862.49566414563	1231
1865.64498165455	1231.19995117188
1868.79241417605	1225.90002441406
1871.93796332358	1223.69995117188
1875.08163070875	1232.40002441406
1878.22341794132	1228.19995117188
1881.36332662922	1228.90002441406
1884.50135837853	1226.30004882813
1887.63751479352	1225.19995117188
1890.77179747661	1229.5
1893.90420802842	1225.59997558594
1897.03474804772	1223
1900.16341913147	1224.09997558594
1903.2902228748	1226.40002441406
1906.41516087104	1225.90002441406
1909.5382347117	1222.09997558594
1912.65944598647	1216.80004882813
1915.77879628324	1216.09997558594
1918.89628718809	1222
1922.01192028531	1211.59997558594
1925.12569715736	1216
1928.23761938494	1218.19995117188
1931.34768854691	1214.90002441406
1934.45590622038	1213.09997558594
1937.56227398063	1211.40002441406
1940.66679340119	1212.59997558594
1943.76946605377	1213.5
1946.87029350832	1208.90002441406
1949.969277333	1205.30004882813
1953.06641909418	1206.80004882813
1956.1617203565	1207.19995117188
1959.25518268276	1204
1962.34680763404	1206.19995117188
1965.43659676964	1200.5
1968.52455164708	1202.09997558594
1971.61067382213	1193.30004882813
1974.6949648488	1194.69995117188
1977.77742627934	1205.19995117188
1980.85805966424	1205.69995117188
1983.93686655223	1193
1987.01384849032	1194
1990.08900702374	1193.40002441406
1993.16234369599	1193.59997558594
1996.23386004882	1192.59997558594
1999.30355762223	1192.19995117188
2002.37143795452	1190.30004882813
2005.4375025822	1189.40002441406
2008.50175304009	1191.59997558594
2011.56419086127	1188.69995117188
2014.62481757707	1194
2017.68363471711	1188
2020.74064380929	1189.40002441406
2023.79584637979	1186.40002441406
2026.84924395306	1189.80004882813
2029.90083805184	1194.59997558594
2032.95063019715	1179.90002441406
2035.99862190831	1183.69995117188
2039.04481470292	1185.30004882813
2042.08921009688	1183.69995117188
2045.13180960439	1179.59997558594
2048.17261473794	1185.19995117188
2051.21162700831	1182.09997558594
2054.24884792461	1179.09997558594
2057.28427899423	1179.5
2060.31792172288	1175.5
2063.34977761459	1177.5
2066.37984817168	1175.80004882813
2069.4081348948	1175.90002441406
2072.4346392829	1174.30004882813
2075.45936283328	1177
2078.48230704154	1172.90002441406
2081.5034734016	1170.80004882813
2084.52286340572	1170.69995117188
2087.54047854449	1168.40002441406
2090.55632030681	1172.09997558594
2093.57039017994	1173.40002441406
2096.58268964947	1168.19995117188
2099.59322019931	1167.09997558594
2102.60198331172	1165.5
2105.60898046733	1162.80004882813
2108.61421314506	1159.30004882813
2111.61768282224	1163.09997558594
2114.6193909745	1165.5
2117.61933907584	1163
2120.61752859863	1162.69995117188
2123.61396101357	1161.19995117188
2126.60863778973	1159.69995117188
2129.60156039456	1157.59997558594
2132.59273029383	1156.90002441406
2135.58214895173	1160
2138.56981783077	1155.40002441406
2141.55573839186	1157.19995117188
2144.53991209427	1155.40002441406
2147.52234039565	1151.90002441406
2150.50302475203	1149.19995117188
2153.48196661782	1156
2156.45916744579	1154.30004882813
2159.43462868712	1153.09997558594
2162.40835179137	1149.90002441406
2165.38033820649	1152.59997558594
2168.3505893788	1151.40002441406
2171.31910675305	1149
2174.28589177236	1144.40002441406
2177.25094587824	1143.5
2180.21427051063	1148.69995117188
2183.17586710784	1148.80004882813
2186.13573710661	1145.90002441406
2189.09388194207	1146
2192.05030304776	1143.09997558594
2195.00500185563	1145.5
2197.95797979607	1144
2200.90923829783	1141.40002441406
2203.85877878814	1141
2206.8066026926	1140.09997558594
2209.75271143526	1137.90002441406
2212.69710643858	1131.69995117188
2215.63978912345	1137.80004882813
2218.58076090919	1136.5
2221.52002321356	1133
2224.45757745274	1137.19995117188
2227.39342504133	1134.5
2230.3275673924	1132.80004882813
2233.26000591745	1134
2236.1907420264	1131.19995117188
2239.11977712763	1124.19995117188
2242.04711262797	1121.59997558594
2244.97274993269	1125.80004882813
2247.89669044551	1123.40002441406
2250.81893556861	1128.40002441406
2253.7394867026	1123.69995117188
2256.65834524659	1123.59997558594
2259.57551259811	1123.80004882813
2262.49099015316	1120.69995117188
2265.4047793062	1122.90002441406
2268.31688145018	1121
2271.22729797648	1119.5
2274.13603027498	1117.69995117188
2277.04307973401	1116.19995117188
2279.94844774038	1113.5
2282.85213567938	1114.90002441406
2285.75414493477	1118.59997558594
2288.6544768888	1118.80004882813
2291.55313292218	1117.59997558594
2294.45011441414	1111.5
2297.34542274236	1111
2300.23905928303	1107
2303.13102541082	1108.19995117188
2306.02132249888	1109.90002441406
2308.90995191889	1112.5
2311.796915041	1111.19995117188
2314.68221323385	1110.5
2317.56584786461	1110.5
2320.44782029892	1103.80004882813
2323.32813190095	1104.69995117188
2326.20678403336	1104
2329.08377805733	1105.09997558594
2331.95911533254	1104.30004882813
2334.83279721719	1102.5
2337.704825068	1103.69995117188
2340.57520024018	1102.90002441406
2343.4439240875	1102.59997558594
2346.31099796222	1100
2349.17642321512	1100.30004882813
2352.04020119553	1100
2354.90233325129	1098.19995117188
2357.76282072877	1097.5
2360.62166497286	1095.19995117188
2363.47886732702	1095.5
2366.3344291332	1096.80004882813
2369.18835173191	1096.59997558594
2372.04063646221	1094.90002441406
2374.89128466166	1089.69995117188
2377.74029766641	1089
2380.58767681113	1088.80004882813
2383.43342342903	1089.69995117188
2386.27753885189	1086.09997558594
2389.12002441002	1088.59997558594
2391.9608814323	1087.19995117188
2394.80011124616	1089.30004882813
2397.63771517757	1087.80004882813
2400.47369455109	1085.59997558594
2403.30805068981	1083.5
2406.14078491539	1084
2408.97189854808	1082.30004882813
2411.80139290666	1081.59997558594
2414.6292693085	1082.5
2417.45552906953	1082.40002441406
2420.28017350426	1080.59997558594
2423.10320392577	1078.09997558594
2425.92462164572	1078.30004882813
2428.74442797434	1078.69995117188
2431.56262422045	1079.69995117188
2434.37921169145	1079.59997558594
2437.19419169331	1074.90002441406
2440.0075655306	1076.30004882813
2442.81933450648	1075.59997558594
2445.62949992269	1072.80004882813
2448.43806307957	1074.40002441406
2451.24502527604	1074.09997558594
2454.05038780962	1069.69995117188
2456.85415197645	1070.90002441406
2459.65631907123	1071.80004882813
2462.4568903873	1068.90002441406
2465.25586721656	1069.80004882813
2468.05325084956	1066.19995117188
2470.84904257543	1065.19995117188
2473.64324368191	1063
2476.43585545535	1062.40002441406
2479.22687918073	1059.19995117188
2482.01631614162	1067.40002441406
2484.80416762021	1063.90002441406
2487.59043489733	1064.90002441406
2490.37511925241	1063.59997558594
2493.15822196351	1064
2495.93974430729	1064.09997558594
2498.71968755907	1061.19995117188
2501.49805299279	1061.69995117188
2504.27484188099	1061
2507.05005549487	1059.59997558594
2509.82369510426	1058.69995117188
2512.59576197762	1058.40002441406
2515.36625738204	1059.69995117188
2518.13518258325	1058.90002441406
2520.90253884563	1054.80004882813
2523.66832743219	1055
2526.4325496046	1053.80004882813
2529.19520662315	1053.59997558594
2531.95629974681	1053.30004882813
2534.71583023316	1050.90002441406
2537.47379933848	1054.09997558594
2540.23020831764	1051.5
2542.98505842423	1052.5
2545.73835091045	1054.19995117188
2548.49008702718	1050.80004882813
2551.24026802396	1052
2553.98889514897	1049.69995117188
2556.73596964909	1047.40002441406
2559.48149276982	1047.19995117188
2562.22546575538	1047.90002441406
2564.96788984861	1049.40002441406
2567.70876629106	1050
2570.44809632291	1047.69995117188
2573.18588118307	1048.09997558594
2575.92212210906	1046.40002441406
2578.65682033715	1045.5
2581.38997710222	1048.30004882813
2584.12159363789	1045.69995117188
2586.85167117641	1047.40002441406
2589.58021094877	1047.90002441406
2592.3072141846	1048.30004882813
2595.03268211224	1046.80004882813
2597.75661595872	1046.5
2600.47901694975	1046.59997558594
2603.19988630976	1045.59997558594
2605.91922526185	1040.69995117188
2608.63703502782	1043.09997558594
2611.35331682818	1040
2614.06807188212	1040.19995117188
2616.78130140757	1040.69995117188
2619.49300662113	1038
2622.20318873812	1040.90002441406
2624.91184897255	1039.19995117188
2627.61898853717	1039.09997558594
2630.32460864343	1040.69995117188
2633.02871050146	1040
2635.73129532016	1037.40002441406
2638.4323643071	1034.80004882813
2641.13191866859	1037.69995117188
2643.82995960966	1036.59997558594
2646.52648833405	1040.69995117188
2649.22150604423	1038.19995117188
2651.91501394139	1038
2654.60701322546	1034.40002441406
2657.29750509509	1035.19995117188
2659.98649074764	1036.09997558594
2662.67397137923	1037.40002441406
2665.35994818471	1034.90002441406
2668.04442235764	1035.09997558594
2670.72739509034	1035.80004882813
2673.40886757386	1038.09997558594
2676.088840998	1031.19995117188
2678.76731655128	1032.40002441406
2681.44429542098	1030.90002441406
2684.11977879312	1033.69995117188
2686.79376785247	1032.80004882813
2689.46626378254	1035.5
2692.13726776559	1032.09997558594
2694.80678098265	1031.90002441406
2697.47480461347	1033
2700.14133983659	1033.5
2702.80638782928	1028.80004882813
2705.46994976757	1030.19995117188
2708.13202682628	1029.5
2710.79262017895	1029.69995117188
2713.4517309979	1029.90002441406
2716.10936045423	1030.40002441406
2718.76550971778	1033.19995117188
2721.42017995717	1033
2724.07337233979	1030.69995117188
2726.72508803181	1029.30004882813
2729.37532819815	1032
2732.02409400252	1030.30004882813
2734.6713866074	1030.09997558594
2737.31720717406	1029.69995117188
2739.96155686253	1027.69995117188
2742.60443683162	1029
2745.24584823896	1029.90002441406
2747.88579224091	1028.5
2750.52426999266	1025.5
2753.16128264815	1027.90002441406
2755.79683136014	1027.59997558594
2758.43091728017	1027.90002441406
2761.06354155856	1026.90002441406
2763.69470534443	1027.80004882813
2766.32440978571	1023.40002441406
2768.9526560291	1023.20001220703
2771.57944522013	1022.59997558594
2774.2047785031	1024
2776.82865702112	1023.79998779297
2779.45108191611	1021.20001220703
2782.0720543288	1023.79998779297
2784.69157539871	1021.90002441406
2787.30964626418	1020.59997558594
2789.92626806234	1020.59997558594
2792.54144192915	1020
2795.15516899939	1019.79998779297
2797.76745040662	1019.79998779297
2800.37828728325	1020.20001220703
2802.98768076049	1020.79998779297
2805.59563196837	1023.79998779297
2808.20214203574	1021.59997558594
2810.80721209028	1020.40002441406
2813.41084325847	1019.09997558594
2816.01303666564	1019.40002441406
2818.61379343595	1019.40002441406
2821.21311469235	1021.59997558594
2823.81100155666	1018.59997558594
2826.40745514951	1019.70001220703
2829.00247659037	1019.59997558594
2831.59606699754	1019.40002441406
2834.18822748815	1018.40002441406
2836.77895917817	1019
2839.36826318243	1021.5
2841.95614061456	1018.29998779297
2844.54259258707	1017.59997558594
2847.12762021128	1016.70001220703
2849.71122459738	1019.59997558594
2852.29340685439	1017.90002441406
2854.87416809019	1016.90002441406
2857.4535094115	1018.70001220703
2860.03143192389	1018.09997558594
2862.60793673178	1018.40002441406
2865.18302493845	1018.20001220703
2867.75669764604	1016.90002441406
2870.32895595553	1018.40002441406
2872.89980096678	1016
2875.46923377848	1017.20001220703
2878.0372554882	1014.40002441406
2880.60386719239	1014.40002441406
2883.16906998631	1014.70001220703
2885.73286496415	1015.09997558594
2888.29525321891	1015
2890.8562358425	1015.59997558594
2893.41581392567	1016.40002441406
2895.97398855807	1016.59997558594
2898.5307608282	1015
2901.08613182343	1014
2903.64010263003	1015.79998779297
2906.19267433313	1012.59997558594
2908.74384801673	1014.20001220703
2911.29362476374	1012.59997558594
2913.84200565592	1012.29998779297
2916.38899177394	1012.20001220703
2918.93458419732	1014.20001220703
2921.4787840045	1012.79998779297
2924.02159227279	1014.20001220703
2926.56301007838	1011.20001220703
2929.10303849638	1012.40002441406
2931.64167860076	1010.79998779297
2934.1789314644	1009.90002441406
2936.71479815906	1010.29998779297
2939.24927975542	1010.90002441406
2941.78237732303	1011.09997558594
2944.31409193036	1010.59997558594
2946.84442464477	1010.59997558594
2949.37337653251	1011.20001220703
2951.90094865876	1012
2954.42714208758	1010.20001220703
2956.95195788195	1009.70001220703
2959.47539710375	1012.90002441406
2961.99746081377	1010.5
2964.5181500717	1011.5
2967.03746593617	1011.09997558594
2969.5554094647	1012.09997558594
2972.07198171371	1010
2974.58718373858	1009.40002441406
2977.10101659355	1009.90002441406
2979.61348133184	1011.59997558594
2982.12457900554	1010.09997558594
2984.63431066567	1010.40002441406
2987.1426773622	1011
2989.649680144	1007.90002441406
2992.15532005887	1007.59997558594
2994.65959815353	1009.09997558594
2997.16251547364	1009.79998779297
2999.66407306379	1008.09997558594
3002.16427196748	1008.79998779297
3004.66311322716	1009.29998779297
3007.16059788422	1011.29998779297
3009.65672697897	1010.90002441406
3012.15150155066	1011.20001220703
3014.64492263748	1009.70001220703
3017.13699127655	1009.5
3019.62770850394	1009.09997558594
3022.11707535466	1009.59997558594
3024.60509286267	1009.20001220703
3027.09176206085	1009.29998779297
3029.57708398106	1011.59997558594
3032.06105965407	1009.70001220703
3034.54369010963	1007.40002441406
3037.02497637642	1007.90002441406
3039.50491948207	1008.29998779297
3041.98352045319	1006.79998779297
3044.4607803153	1009
3046.93670009292	1007.5
3049.41128080949	1009.29998779297
3051.88452348743	1009.5
3054.3564291481	1009.20001220703
3056.82699881185	1008.40002441406
3059.29623349795	1006.20001220703
3061.76413422468	1009.5
3064.23070200924	1009.20001220703
3066.69593786783	1009.59997558594
3069.1598428156	1008.90002441406
3071.62241786667	1008.59997558594
3074.08366403413	1011.40002441406
3076.54358233003	1010.59997558594
3079.00217376543	1009.20001220703
3081.45943935031	1010.5
3083.91538009367	1012.59997558594
3086.36999700346	1012
3088.82329108662	1013
3091.27526334905	1010.5
3093.72591479567	1009.59997558594
3096.17524643033	1010.20001220703
3098.6232592559	1010.59997558594
3101.06995427422	1009.5
3103.51533248612	1010.90002441406
3105.95939489141	1010.09997558594
3108.40214248889	1010.59997558594
3110.84357627634	1010.59997558594
3113.28369725056	1010.20001220703
3115.72250640732	1010.59997558594
3118.16000474136	1010.5
3120.59619324647	1012.20001220703
3123.03107291538	1012.09997558594
3125.46464473985	1011.20001220703
3127.89690971063	1009.29998779297
3130.32786881747	1011.29998779297
3132.75752304911	1011.59997558594
3135.18587339331	1010.29998779297
3137.61292083682	1010.59997558594
3140.03866636539	1012.29998779297
3142.46311096378	1011.5
3144.88625561578	1013.20001220703
3147.30810130414	1011.70001220703
3149.72864901067	1012.09997558594
3152.14789971616	1011.79998779297
3154.56585440041	1013.79998779297
3156.98251404225	1011.70001220703
3159.39787961952	1012.5
3161.81195210906	1012.09997558594
3164.22473248675	1012.90002441406
3166.63622172746	1011.70001220703
3169.04642080512	1012.70001220703
3171.45533069264	1011.79998779297
3173.86295236196	1011.40002441406
3176.26928678408	1010.90002441406
3178.67433492896	1010.5
3181.07809776564	1010.5
3183.48057626216	1009.90002441406
3185.88177138561	1011.29998779297
3188.28168410206	1009.40002441406
3190.68031537668	1010.59997558594
3193.07766617362	1011.5
