400	7905.5425
402.82187	7954.2896
405.64374	8008.6211
408.46561	8035.1924
411.28748	8077.5195
414.10934	8091.7319
416.93121	8047.2358
419.75308	8088.4497
422.57495	7959.7642
425.39682	7956.2896
428.21869	8099.6533
431.04056	8068.063
433.86243	7923.2993
436.6843	7871.0347
439.50616	7886.4482
442.32803	7909.1001
445.1499	7946.958
447.97177	7889
450.79364	7887.6768
453.61551	7874.5894
456.43738	8011.0796
459.25925	7920.0654
462.08112	7970.8354
464.90298	8017.4658
467.72485	7973.7285
470.54672	7933.4829
473.36862	7942.5928
476.19049	7979.5776
479.01236	8022.2183
481.83423	8016.2285
484.6561	8014.9561
487.47797	8159.1772
490.29984	8067.1733
493.1217	7974.3403
495.94357	8037.0737
498.76544	8062.4971
501.58731	8145.2412
504.40918	8274.5801
507.23105	8626.8047
510.05292	9031.7109
512.87476	9056.6904
515.69666	8798.8242
518.51849	8645.7822
521.34039	8640.5068
524.16223	8658.9756
526.98413	8446.8262
529.80597	8255.4619
532.62787	8285.667
535.44971	8071.7324
538.27161	8033.2695
541.09344	8118.3633
543.91534	8162.1792
546.73724	8153.7217
549.55908	8112.9653
552.38098	8100.1318
555.20282	8177.438
558.02472	8157.5352
560.84656	8174.6587
563.66846	8289.6631
566.4903	8214.4375
569.31219	8261.752
572.13403	8315.0527
574.95593	8221.0791
577.77777	8194.9824
580.59967	8187.6064
583.42151	8240.1943
586.24341	8302.9697
589.06525	8327.3848
591.88715	8445.7979
594.70898	8379.4727
597.53088	8364.8779
600.35272	8350.2129
603.17462	8570.04
605.99646	8389.1309
608.81836	8650.3105
611.6402	8812.0967
614.4621	8812.9834
617.28394	8865.7422
620.10583	8975.6582
622.92767	9087.168
625.74957	9129.7998
628.57141	9083.3994
631.39331	9072.0908
634.21515	9143.291
637.03705	9157.6611
639.85889	9402.9219
642.68079	9307.3584
645.50262	9386.0205
648.32452	9436.0293
651.14636	9345.165
653.96826	9210.8809
656.7901	9028.5244
659.612	8951.7471
662.43384	8969.7891
665.25574	8879.4482
668.07758	8832.1719
670.89948	8850.5146
673.72131	8760.4473
676.54321	8699.9561
679.36505	8766.1113
682.18695	8679.7402
685.00879	8566.2842
687.83069	8646.4736
690.65253	8612.2969
693.47443	8556.7529
696.29633	8491.3457
699.11816	8608.7266
701.94006	8652.498
704.7619	8715.0898
707.5838	8808.2139
710.40564	9082.1748
713.22754	9431.8281
716.04938	10238.087
718.87128	11603.202
721.69312	13177.139
724.51501	14435.742
727.33685	14759.282
730.15875	14468.766
732.98059	13807.463
735.80249	13218.912
738.62433	12427.976
741.44623	11493.422
744.26807	10625.632
747.08997	9657.4248
749.9118	9235.002
752.7337	8935.4844
755.55554	8791.9072
758.37744	8788.3301
761.19928	8742.3408
764.02118	8766.1533
766.84302	8754.0645
769.66492	8688.3457
772.48676	8643.6162
775.30865	8630.5996
778.13049	8619.6689
780.95239	8564.6631
783.77423	8569.5156
786.59613	8563.207
789.41797	8584.2969
792.23987	8704.416
795.06171	8385.9512
797.88361	8637.1396
800.70544	8752.5684
803.52734	8693.7266
806.34918	8697.5801
809.17108	8813.6934
811.99292	8811.4922
814.81482	8712.8682
817.63666	8818.0449
820.45856	8896.7861
823.2804	8885.541
826.10229	8787.1826
828.92413	8838.8867
831.74603	8907.6133
834.56787	8843.1455
837.38977	8843.2275
840.21167	8862.5576
843.03351	8850.3955
845.85541	8874.793
848.67725	8845.415
851.49915	8855.6055
854.32098	8871.2744
857.14288	8918.4287
859.96472	8875.8848
862.78662	8877.9072
865.60846	9085.4521
868.43036	8989.4746
871.2522	9064.9834
874.0741	9110.2324
876.89594	9197.6523
879.71783	9315.7559
882.53967	9265.8193
885.36157	9279.8799
888.18341	9325.0439
891.00531	9255.2871
893.82715	9352.0967
896.64905	9449.2686
899.47089	9327.667
902.29279	9294.4561
905.11462	9379.3076
907.93652	9329.6553
910.75836	9296.3643
913.58026	9394.2314
916.4021	9412.9932
919.224	9337.7539
922.04584	9293.667
924.86774	9283.6006
927.68958	9286.2129
930.51147	9362.0674
933.33331	9458.7627
936.15521	9509.7119
938.97705	9451.0664
941.79895	9557.4785
944.62079	9824.9688
947.44269	9821.0898
950.26453	10012.504
953.08643	10032.184
955.90826	10092.604
958.73016	9983.8184
961.552	10050.734
964.3739	10055.932
967.19574	10142.303
970.01764	10018.912
972.83948	9786.2588
975.66138	9915.5381
978.48322	9849.8525
981.30511	9753.4307
984.12701	9753.7256
986.94885	9810.0859
989.77075	9862.6807
992.59259	9892.1592
995.41449	9855.375
998.23633	9857.2959
1001.0582	9898.0889
1003.8801	9969.083
1006.702	10024.389
1009.5238	10013.929
1012.3457	10104.437
1015.1675	10146.632
1017.9894	10134.104
1020.8113	10098.737
1023.6332	10239.692
1026.4551	10176.173
1029.2769	10109.832
1032.0988	10172.643
1034.9207	10071.874
1037.7426	10094.838
1040.5643	10148.072
1043.3862	10092.152
1046.2081	10195.981
1049.03	10211.617
1051.8518	9970.0273
1054.6737	9944.9287
1057.4956	10186.529
1060.3175	9930.8516
1063.1393	9910.7881
1065.9612	10081.598
1068.7831	10046.185
1071.605	9907.8926
1074.4268	9919.457
1077.2487	9989.2813
1080.0706	10211.703
1082.8925	9999.7852
1085.7142	10180.24
1088.5361	10339.35
1091.358	10281.249
1094.1799	10561.301
1097.0017	10606.854
1099.8236	10502.696
1102.6455	10447.342
1105.4674	10570.007
1108.2892	10668.349
1111.1111	10690.568
1113.933	10717.898
1116.7549	10769.919
1119.5767	10864.797
1122.3986	10840.186
1125.2205	10768.097
1128.0424	10877.855
1130.8643	10961.13
1133.686	11060.655
1136.5079	10987.245
1139.3298	11069.996
1142.1517	11107.679
1144.9735	11225.149
1147.7954	11251.628
1150.6173	11271.827
1153.4392	11324.223
1156.261	11423.812
1159.0829	11422.101
1161.9048	11424.889
1164.7267	11532.317
1167.5485	11532.606
1170.3704	11609.037
1173.1923	11558.458
1176.0142	11573.863
1178.8359	11518.121
1181.6578	11513.511
1184.4797	11456.522
1187.3016	11418.393
1190.1234	11539.313
1192.9453	11504.886
1195.7672	11452.328
1198.5891	11549.353
1201.4109	11749.153
1204.2328	11761.221
1207.0547	11713.136
1209.8766	11707.645
1212.6984	11784.176
1215.5203	11852.622
1218.3422	12004.132
1221.1641	12098.948
1223.9858	12203.854
1226.8077	12196.956
1229.6296	12235.24
1232.4515	12356.239
1235.2733	12399.354
1238.0952	12509.347
1240.9171	12557.237
1243.739	12593.153
1246.5608	12794.919
1249.3827	12902.063
1252.2046	12921.481
1255.0265	13033.332
1257.8483	13084.376
1260.6702	13263.632
1263.4921	13358.854
1266.314	13371.681
1269.1357	13364.668
1271.9576	13429.996
1274.7795	13328.157
1277.6014	13377.212
1280.4233	13294.723
1283.2451	13327.946
1286.067	13486.039
1288.8889	13458.617
1291.7108	13554.321
1294.5326	13903.576
1297.3545	13923.842
1300.1764	14203.434
1302.9983	14674.223
1305.8201	15194.484
1308.642	15610.213
1311.4639	16364.061
1314.2858	16871.35
1317.1075	17469.059
1319.9294	17754.176
1322.7513	18031.934
1325.5732	18362.35
1328.395	18199.6
1331.2169	18035.115
1334.0388	17724.092
1336.8607	17114.797
1339.6825	16615.084
1342.5044	16085.504
1345.3263	15412.281
1348.1482	15105.106
1350.97	14721.233
1353.7919	14489.636
1356.6138	14316.94
1359.4357	14325.74
1362.2574	14022.836
1365.0793	14023.383
1367.9012	14136.819
1370.7231	14032.348
1373.5449	14002.381
1376.3668	13859.737
1379.1887	13789.713
1382.0106	13753.721
1384.8324	13666.571
1387.6543	13855.284
1390.4762	13979.816
1393.2981	14103.932
1396.1199	14195.738
1398.9418	14053.03
1401.7637	13876.202
1404.5856	13759.271
1407.4073	13637.609
1410.2292	13507.73
1413.0511	13382.869
1415.873	13296.532
1418.6949	13189.786
1421.5167	13224.977
1424.3386	13173.616
1427.1605	13342.91
1429.9824	13501.805
1432.8042	13553.533
1435.6261	13775.324
1438.448	13849.622
1441.2699	13766.212
1444.0917	13868.602
1446.9136	14033.956
1449.7355	14019.433
1452.5574	13992.477
1455.3792	14257.449
1458.201	14062.85
1461.0229	14228.795
1463.8448	14180.95
1466.6666	14370.2
1469.4885	14115.628
1472.3104	14120.441
1475.1323	14012.915
1477.9541	14043.87
1480.776	14072.146
1483.5979	14104.971
1486.4198	13877.868
1489.2416	13961.948
1492.0635	14049.969
1494.8854	14062.753
1497.7073	14167.266
1500.5291	14273.078
1503.351	14302.692
1506.1729	14430.537
1508.9948	14627.842
1511.8165	14724.454
1514.6384	14699.908
1517.4603	14661.409
1520.2822	14851.487
1523.104	14905.977
1525.9259	14777.677
1528.7478	15109.02
1531.5697	14956.362
1534.3915	15321.125
1537.2134	15362.1
1540.0353	15374.794
1542.8572	15377.03
1545.679	15540.541
1548.5009	15804.216
1551.3228	15889.704
1554.1447	15808.793
1556.9664	16085.543
1559.7883	16215.146
1562.6102	16224.171
1565.4321	16293.959
1568.254	16171.664
1571.0758	16174.738
1573.8977	16098.461
1576.7196	15970.577
1579.5415	15816.814
1582.3633	15720.528
1585.1852	16052.705
1588.0071	16008.235
1590.829	16256.677
1593.6508	16184.469
1596.4727	15869.523
1599.2946	15627.075
1602.1165	15401.389
1604.9382	15050.367
1607.7601	14953.005
1610.582	14680.486
1613.4039	14609.381
1616.2257	14259.911
1619.0476	14025.417
1621.8695	14046.179
1624.6914	13861.694
1627.5132	13624.834
1630.3351	13491.967
1633.157	13309.695
1635.9789	13049.365
1638.8007	13064.602
1641.6226	12864.874
1644.4445	12783.281
1647.2664	12426.742
1650.0881	12374.611
1652.91	12316.536
1655.7319	12185.056
1658.5538	11821.892
1661.3756	11838.546
1664.1975	11753.487
1667.0194	11600.332
1669.8413	11431.251
1672.6631	11246.696
1675.485	11263.464
1678.3069	11249.516
1681.1288	11103.819
1683.9506	11137.776
1686.7725	11119.265
1689.5944	10914.579
1692.4163	10941.218
1695.238	10953.821
1698.0599	10837.551
1700.8818	10719.209
1703.7037	10672.437
1706.5255	10534.221
1709.3474	10653.148
1712.1693	10712.447
1714.9912	10561.374
1717.8131	10414.284
1720.6349	10471.841
1723.4568	10445.288
1726.2787	10398.019
1729.1006	10176.433
1731.9224	10208.556
1734.7443	10184.718
1737.5662	10211.253
1740.3881	10088.929
1743.2098	10076.612
1746.0317	9978.9844
1748.8536	9932.4678
1751.6755	9945.4111
1754.4973	9966.5547
1757.3192	10008.437
1760.1411	9982.458
1762.963	9888.4053
1765.7848	9772.5771
1768.6067	9704.8545
1771.4286	9763.459
1774.2505	9746.4531
1777.0723	9811.248
1779.8942	9754.499
1782.7161	9892.1143
1785.538	9758.0908
1788.3597	9749.6895
1791.1816	9766.4863
1794.0035	9724.2705
1796.8254	9719.0527
1799.6472	9698.874
1802.4691	9729.249
1805.291	9783.0986
1808.1129	9664.0068
1810.9347	9755.7822
1813.7566	9752.5518
1816.5785	9782.9434
1819.4004	9799.1572
1822.2222	9628.5752
1825.0441	9729.4717
1827.866	9759.0654
1830.6879	9733.3691
1833.5096	9663.833
1836.3315	9607.6309
1839.1534	9561.6543
1841.9753	9514.9395
1844.7971	9481.791
1847.619	9598.6934
1850.4409	9470.7461
1853.2628	9674.0498
1856.0847	9538.6191
1858.9065	9383.8877
1861.7284	9441.749
1864.5503	9536.0205
1867.3722	9550.4805
1870.194	9528.8271
1873.0159	9479.5313
1875.8378	9525.7813
1878.6597	9446.8623
1881.4814	9457.4072
1884.3033	9445.1143
1887.1252	9499.7783
1889.9471	9482.9131
1892.7689	9549.2969
1895.5908	9487.4775
1898.4127	9537.3271
1901.2346	9452.1113
1904.0564	9563.2471
1906.8783	9493.541
1909.7002	9616.708
1912.5221	9462.3955
1915.3439	9569.4365
1918.1658	9616.209
1920.9877	9597.2949
1923.8096	9643.4805
1926.6313	9565.2529
1929.4532	9650.8389
1932.2751	9648.8691
1935.097	9650.9063
1937.9188	9738.873
1940.7407	9680.1006
1943.5626	9569.9551
1946.3845	9669.0908
1949.2063	9833.0693
1952.0282	9754.5313
1954.8501	9744.8223
1957.672	9712.6055
1960.4938	9751.8213
1963.3157	9759.1191
1966.1376	9691.9609
1968.9595	9694.8086
1971.7813	9819.2432
1974.6031	9881.999
1977.425	9786.4014
1980.2469	9794.4316
1983.0687	9812.3027
1985.8906	9816.6377
1988.7125	9846.8047
1991.5344	9833.8789
1994.3562	9837.7441
1997.1781	9873.4473
2000	9773.415
