400	2390.5476
402.82187	2435.8618
405.64374	2418.0701
408.46561	2364.929
411.28748	2361.1814
414.10934	2351.1467
416.93121	2313.1526
419.75308	2390.7073
422.57495	2269.3235
425.39682	2329.7722
428.21869	2323.2646
431.04056	2318
433.86243	2323.9839
436.6843	2322.3633
439.50616	2308.032
442.32803	2322.3374
445.1499	2364.0071
447.97177	2328.0107
450.79364	2288.2937
453.61551	2373.814
456.43738	2330.76
459.25925	2432.4453
462.08112	2343.7324
464.90298	2328.7837
467.72485	2339
470.54672	2353.6655
473.36862	2370.5422
476.19049	2337.7385
479.01236	2291.9695
481.83423	2357.6653
484.6561	2352.4172
487.47797	2402.2734
490.29984	2416.074
493.1217	2314.0378
495.94357	2356.9463
498.76544	2424.3572
501.58731	2425.5347
504.40918	2457.3916
507.23105	2723.3071
510.05292	3058.0901
512.87476	3082.7556
515.69666	2868.5718
518.51849	2796.4551
521.34039	2727.8555
524.16223	2811.8879
526.98413	2633.9583
529.80597	2431.9172
532.62787	2394.1458
535.44971	2356.1431
538.27161	2327.5942
541.09344	2338.5452
543.91534	2317.2708
546.73724	2297.0205
549.55908	2305.7712
552.38098	2270.9397
555.20282	2305.8049
558.02472	2281.5195
560.84656	2364.0557
563.66846	2334.3772
566.4903	2340.9678
569.31219	2374.5364
572.13403	2373.8411
574.95593	2362.2859
577.77777	2349.0059
580.59967	2344.5872
583.42151	2350.585
586.24341	2382.4185
589.06525	2429.1033
591.88715	2421.0432
594.70898	2377.7209
597.53088	2442.7876
600.35272	2464.7837
603.17462	2460.1262
605.99646	2412.8291
608.81836	2446.6057
611.6402	2445.5066
614.4621	2478.2461
617.28394	2454.0657
620.10583	2497.7927
622.92767	2568.7542
625.74957	2590.4399
628.57141	2627.72
631.39331	2703.8647
634.21515	2710.5615
637.03705	2649.6858
639.85889	2742.7268
642.68079	2731.8584
645.50262	2711.2566
648.32452	2739.6777
651.14636	2720.4465
653.96826	2693.0164
656.7901	2733.4055
659.612	2748.6514
662.43384	2701.4478
665.25574	2613.0405
668.07758	2580.1943
670.89948	2580.1062
673.72131	2533.9128
676.54321	2503.9607
679.36505	2526.5378
682.18695	2522.668
685.00879	2576.6816
687.83069	2493.6677
690.65253	2581.2134
693.47443	2519.0793
696.29633	2441.7097
699.11816	2510.0122
701.94006	2494.5835
704.7619	2535.8635
707.5838	2535.0334
710.40564	2528.6548
713.22754	2549.7983
716.04938	2539.6533
718.87128	2535.1868
721.69312	2566.6321
724.51501	2583.6013
727.33685	2586.7036
730.15875	2551.7676
732.98059	2588.2166
735.80249	2621.7971
738.62433	2530.5845
741.44623	2585.8779
744.26807	2569.7727
747.08997	2660.1238
749.9118	2626.6704
752.7337	2547.2026
755.55554	2565.5686
758.37744	2552.28
761.19928	2577.0557
764.02118	2572.6851
766.84302	2573.3689
769.66492	2589.9712
772.48676	2584.0234
775.30865	2584.6313
778.13049	2577.2178
780.95239	2532.8877
783.77423	2548.3594
786.59613	2594.5776
789.41797	2606.7102
792.23987	2548.0664
795.06171	2536.1072
797.88361	2471.9517
800.70544	2568.3013
803.52734	2603.1785
806.34918	2615.5801
809.17108	2551.8147
811.99292	2608.9473
814.81482	2583.4338
817.63666	2566.3098
820.45856	2602.8013
823.2804	2648.2732
826.10229	2614.2209
828.92413	2598.189
831.74603	2640.3352
834.56787	2676.9973
837.38977	2700.0876
840.21167	2675.0835
843.03351	2609.2456
845.85541	2603.595
848.67725	2643.2439
851.49915	2654.2991
854.32098	2730.9661
857.14288	2712.2917
859.96472	2709.7654
862.78662	2626.1162
865.60846	2738.5364
868.43036	2718.4524
871.2522	2758.4424
874.0741	2712.1016
876.89594	2702.3503
879.71783	2782.2898
882.53967	2788.2642
885.36157	2793.6819
888.18341	2687.2288
891.00531	2773.3081
893.82715	2751.9158
896.64905	2747.8147
899.47089	2743.4341
902.29279	2695.0215
905.11462	2720.6147
907.93652	2780.8975
910.75836	2757.2761
913.58026	2667.5151
916.4021	2685.678
919.224	2735.9224
922.04584	2784.8523
924.86774	2764.8416
927.68958	2755.4961
930.51147	2820.947
933.33331	2776.1638
936.15521	2846.3179
938.97705	2751.6465
941.79895	2774.7161
944.62079	2792.915
947.44269	2782.2485
950.26453	2757.3511
953.08643	2777.123
955.90826	2802.1296
958.73016	2788.6484
961.552	2786
964.3739	2847.147
967.19574	2839.4802
970.01764	2877.2019
972.83948	2829.8826
975.66138	2797.657
978.48322	2804.7002
981.30511	2824.1414
984.12701	2823.9773
986.94885	2837.3333
989.77075	2919.0618
992.59259	2916.2405
995.41449	2863.8308
998.23633	2892.5117
1001.0582	2881.0369
1003.8801	2848.157
1006.702	2882.5583
1009.5238	2904.5894
1012.3457	2910.7236
1015.1675	2912.9929
1017.9894	2924.6833
1020.8113	2940.0364
1023.6332	2977.9502
1026.4551	2917.7417
1029.2769	2980.4648
1032.0988	2990.1853
1034.9207	2948.6729
1037.7426	2901.5391
1040.5643	2852.302
1043.3862	2932.7874
1046.2081	2901.228
1049.03	2860.1272
1051.8518	2936.1316
1054.6737	2904.2224
1057.4956	2850.3096
1060.3175	2885.4702
1063.1393	2872.8574
1065.9612	2833.3425
1068.7831	2951.3855
1071.605	2861.887
1074.4268	2889.8782
1077.2487	2835.0051
1080.0706	2869.385
1082.8925	2892.2375
1085.7142	2866.8181
1088.5361	2832.7598
1091.358	2919.5811
1094.1799	2831.4783
1097.0017	2888.5437
1099.8236	2893.4297
1102.6455	2925.1704
1105.4674	2909.9233
1108.2892	2887.2598
1111.1111	2879.0229
1113.933	2936.0742
1116.7549	3048.0342
1119.5767	3057.6531
1122.3986	3078.4167
1125.2205	3023.6426
1128.0424	3015.9902
1130.8643	3044.2974
1133.686	2973.8232
1136.5079	2980.7202
1139.3298	3003.7427
1142.1517	3054.3567
1144.9735	3097.7607
1147.7954	3013.7363
1150.6173	2999.0916
1153.4392	3056.6018
1156.261	3109.9265
1159.0829	3048.7817
1161.9048	3050.2622
1164.7267	3120.1345
1167.5485	3072.3479
1170.3704	3105.2112
1173.1923	3123.6531
1176.0142	3050.0173
1178.8359	3052.9287
1181.6578	3092.6272
1184.4797	3069.7424
1187.3016	3023.7173
1190.1234	3090.9863
1192.9453	3150.9624
1195.7672	3145.8059
1198.5891	3101.0918
1201.4109	3115.9023
1204.2328	3105.4585
1207.0547	3096.8066
1209.8766	3138.8464
1212.6984	3116.3599
1215.5203	3131.2439
1218.3422	3128.4243
1221.1641	3200.0388
1223.9858	3214.7527
1226.8077	3170.8066
1229.6296	3236.4282
1232.4515	3239.3154
1235.2733	3235.3513
1238.0952	3263.5256
1240.9171	3272.3464
1243.739	3249.6057
1246.5608	3255.9255
1249.3827	3319.21
1252.2046	3350.7278
1255.0265	3322.3274
1257.8483	3327.2622
1260.6702	3257.4578
1263.4921	3230.0227
1266.314	3322.4641
1269.1357	3229.0713
1271.9576	3307.2764
1274.7795	3356
1277.6014	3364.1824
1280.4233	3354.1914
1283.2451	3368.3088
1286.067	3362.4058
1288.8889	3413.063
1291.7108	3385.9233
1294.5326	3490.1118
1297.3545	3577.6074
1300.1764	3484.1335
1302.9983	3509.9153
1305.8201	3455.9097
1308.642	3425.0972
1311.4639	3478.2256
1314.2858	3497.5969
1317.1075	3309.6707
1319.9294	3370.9646
1322.7513	3423.7927
1325.5732	3393.7712
1328.395	3438.2969
1331.2169	3428.2322
1334.0388	3357.251
1336.8607	3455.0251
1339.6825	3458.948
1342.5044	3522.439
1345.3263	3494.3296
1348.1482	3552.5627
1350.97	3500.3047
1353.7919	3595.2405
1356.6138	3664.3755
1359.4357	3620.0308
1362.2574	3630.8186
1365.0793	3583.0505
1367.9012	3573.9614
1370.7231	3459.7737
1373.5449	3442.4172
1376.3668	3448.0762
1379.1887	3484.9263
1382.0106	3472.6797
1384.8324	3501.7817
1387.6543	3491.4619
1390.4762	3422.1323
1393.2981	3474.5549
1396.1199	3483.5979
1398.9418	3545.4224
1401.7637	3526.4248
1404.5856	3535.0789
1407.4073	3535.2888
1410.2292	3514.0518
1413.0511	3516.7422
1415.873	3569.7544
1418.6949	3585.6265
1421.5167	3619.7759
1424.3386	3616.0706
1427.1605	3634.1521
1429.9824	3643.0173
1432.8042	3672.176
1435.6261	3693.0408
1438.448	3661.0725
1441.2699	3720.2715
1444.0917	3715.8687
1446.9136	3672.5793
1449.7355	3722.2336
1452.5574	3677.8799
1455.3792	3689.2239
1458.201	3704.0347
1461.0229	3639.2271
1463.8448	3641.4624
1466.6666	3622.2656
1469.4885	3544.3088
1472.3104	3600.7312
1475.1323	3593.1997
1477.9541	3581.135
1480.776	3536.2278
1483.5979	3500.5137
1486.4198	3464.022
1489.2416	3500.7161
1492.0635	3521.2549
1494.8854	3576.3621
1497.7073	3601.9666
1500.5291	3570.4636
1503.351	3573.4441
1506.1729	3604.9666
1508.9948	3686.3582
1511.8165	3751.4558
1514.6384	3758.769
1517.4603	3730.2637
1520.2822	3705.6628
1523.104	3761.6941
1525.9259	3692.2627
1528.7478	3667.9307
1531.5697	3641.3511
1534.3915	3641.5337
1537.2134	3628.229
1540.0353	3667.3655
1542.8572	3621.2849
1545.679	3616.3606
1548.5009	3781.1689
1551.3228	3710.2622
1554.1447	3655.6489
1556.9664	3712.4185
1559.7883	3755.2131
1562.6102	3714.4563
1565.4321	3695.6323
1568.254	3712.8049
1571.0758	3719.3276
1573.8977	3739.7383
1576.7196	3732.1924
1579.5415	3717.6563
1582.3633	3690.7639
1585.1852	3766.074
1588.0071	3791.77
1590.829	3804.1052
1593.6508	3795.2573
1596.4727	3910.8762
1599.2946	3859.9172
1602.1165	3806.4043
1604.9382	3783.5859
1607.7601	3709.3364
1610.582	3657.7344
1613.4039	3668.7942
1616.2257	3563.0161
1619.0476	3490.8271
1621.8695	3451.9026
1624.6914	3434.5525
1627.5132	3378.5078
1630.3351	3414.8232
1633.157	3346.0085
1635.9789	3391.9426
1638.8007	3325.906
1641.6226	3259.0342
1644.4445	3220.9104
1647.2664	3273.313
1650.0881	3245.8333
1652.91	3310.1045
1655.7319	3258.6357
1658.5538	3209.166
1661.3756	3206.8005
1664.1975	3194.2932
1667.0194	3211.5659
1669.8413	3201.063
1672.6631	3187.4924
1675.485	3132.8586
1678.3069	3197.5093
1681.1288	3251.3647
1683.9506	3214.8333
1686.7725	3137.2119
1689.5944	3176.2993
1692.4163	3184.1753
1695.238	3195.6926
1698.0599	3176.4045
1700.8818	3181.2295
1703.7037	3138.1042
1706.5255	3164.1963
1709.3474	3122.9143
1712.1693	3155.9375
1714.9912	3098.084
1717.8131	3113.1899
1720.6349	3125.1392
1723.4568	3117.8533
1726.2787	3147.6177
1729.1006	3102.9272
1731.9224	3130.7195
1734.7443	3174.6392
1737.5662	3068.7917
1740.3881	3064.8757
1743.2098	3057.5676
1746.0317	3069.1665
1748.8536	3143.0933
1751.6755	3087.0601
1754.4973	3080.0107
1757.3192	3059.3354
1760.1411	3012.0676
1762.963	2996.5347
1765.7848	3053.1763
1768.6067	3059.1848
1771.4286	3020.6821
1774.2505	3098.6399
1777.0723	3081.0911
1779.8942	2983.6455
1782.7161	3055.4182
1785.538	3135.2083
1788.3597	3122.155
1791.1816	3095.7676
1794.0035	3106.5913
1796.8254	3097.0518
1799.6472	3112.7935
1802.4691	3098.1951
1805.291	3096.491
1808.1129	3068.4724
1810.9347	3093.0508
1813.7566	3042.9436
1816.5785	3084.9199
1819.4004	3070.0632
1822.2222	3034.3757
1825.0441	3031.9429
1827.866	3044.145
1830.6879	3069.9336
1833.5096	3075.1919
1836.3315	3055.3984
1839.1534	3071.1045
1841.9753	3056.752
1844.7971	3083.5093
1847.619	2946.1047
1850.4409	2998.627
1853.2628	3072.1279
1856.0847	3050.3298
1858.9065	3021.0112
1861.7284	3051.1606
1864.5503	3034.2605
1867.3722	3024.5176
1870.194	3046.6682
1873.0159	3034.9351
1875.8378	3007.4812
1878.6597	2983.0967
1881.4814	3106.7634
1884.3033	2989.9395
1887.1252	3024.6716
1889.9471	3073.4436
1892.7689	3062.8564
1895.5908	3092.4917
1898.4127	3030.3232
1901.2346	2989.9453
1904.0564	3056.6882
1906.8783	3138.5764
1909.7002	3098.158
1912.5221	3125.5896
1915.3439	3079.9873
1918.1658	3137.3501
1920.9877	3138.8997
1923.8096	3001.8892
1926.6313	3030.6157
1929.4532	3070.1399
1932.2751	3130.3472
1935.097	3122.5532
1937.9188	3078.397
1940.7407	3149.772
1943.5626	3114.4109
1946.3845	3073.8684
1949.2063	3124.8218
1952.0282	3144.689
1954.8501	3179.5479
1957.672	3201.8899
1960.4938	3142.1733
1963.3157	3157.6257
1966.1376	3100.8462
1968.9595	3137.4158
1971.7813	3184.886
1974.6031	3216.9995
1977.425	3231.2957
1980.2469	3184.5833
1983.0687	3085.7117
1985.8906	3172.488
1988.7125	3215.531
1991.5344	3165.0566
1994.3562	3096.8528
1997.1781	3169.3794
2000	3164.2104
