400	9062.9824
401.16534	9020.96
402.33066	9049.3096
403.496	9035.3789
404.66132	9027.1133
405.82666	9039.6621
406.99197	9063.3994
408.15732	9118.4287
409.32266	9024.7637
410.48798	9067.3535
411.65332	9016.9434
412.81863	8999.501
413.98398	9001.7666
415.14932	8937.6143
416.31464	8855.5576
417.47998	9072.3887
418.64529	8891.5244
419.81064	8839.6514
420.97595	8831.8008
422.1413	8898.3359
423.30664	9004.9082
424.47195	8934.373
425.6373	8830.9844
426.80261	8744.7988
427.96796	8832.7295
429.13327	8775.2637
430.29861	8736.0771
431.46396	8817.3555
432.62927	8827.8398
433.79462	8748.417
434.95993	8714.5225
436.12527	8709
437.29062	8744.7061
438.45593	8725.5459
439.62128	8690.7158
440.78659	8716.6768
441.95193	8638.7207
443.11725	8695.7861
444.28259	8720.4834
445.44794	8708.8574
446.61325	8663.9971
447.77859	8601.9844
448.94391	8550.8584
450.10925	8544.3672
451.27457	8611.0313
452.43991	8661.1621
453.60526	8628.6963
454.77057	8559.0605
455.93591	8473.8535
457.10123	8491.8691
458.26657	8647.4141
459.43192	8462.5293
460.59723	8581.3232
461.76257	8662.8916
462.92789	8626.2656
464.09323	8557.8359
465.25854	8532.0781
466.42389	8551.4717
467.58923	8561.8057
468.75455	8551.3867
469.91989	8414.7021
471.08521	8467.6387
472.25055	8637.0146
473.41586	8652.9258
474.58121	8584.707
475.74655	8632.8184
476.91187	8464.2891
478.07721	8452.1064
479.24252	8498.4453
480.40787	8478.6064
481.57321	8536.3945
482.73853	8505.5479
483.90387	8396.084
485.06918	8467.6514
486.23453	8351.2549
487.39984	8306.8398
488.56519	8332.7979
489.73053	8348.6563
490.89584	8417.0254
492.06119	8448.4893
493.2265	8366.3311
494.39185	8297.5947
495.55716	8377.0039
496.7225	8315.083
497.88785	8321.9014
499.05316	8258.7344
500.21851	8230.3418
501.38382	8229.5869
502.54916	8186.4355
503.71451	8142.0186
504.87982	8038.8926
506.04517	8067.4365
507.21048	8036.0786
508.37582	7980.1099
509.54114	7958.1499
510.70648	7973.6968
511.87183	7985.9888
513.03717	7966.2217
514.20245	7914.5791
515.3678	7954.6162
516.53314	7938.0723
517.69849	7987.2852
518.86383	7943.5049
520.02911	7919.4072
521.19446	7996.6118
522.3598	7863.9702
523.52515	7995.4629
524.69043	7883.5537
525.85577	7944.6592
527.02112	7945.3379
528.18646	7967.3887
529.35181	7983.1982
530.51709	7956.1274
531.68243	7999.0947
532.84778	7979.522
534.01312	8086.731
535.17847	8113.9536
536.34375	7984.1069
537.50909	7916.2749
538.67444	7959.7144
539.83978	8062.6157
541.00513	8172.439
542.17041	8101.9189
543.33575	8146.8037
544.5011	8144.6162
545.66644	8219.6621
546.83173	8242.5928
547.99707	8210.0459
549.16241	8262.9668
550.32776	8428.3623
551.4931	8408.5908
552.65839	8479.1055
553.82373	8634.1816
554.98907	8522.3721
556.15442	8653.3555
557.31976	8634.4102
558.48505	8494.4795
559.65039	8529.8369
560.81573	8606.7256
561.98108	8491.4727
563.14642	8391.6904
564.31171	8516.5303
565.47705	8522.7168
566.6424	8419.6016
567.80774	8299.3047
568.97302	8225.916
570.13837	8145.3135
571.30371	7930.7036
572.46906	8053.7065
573.6344	7969.0615
574.79968	7913.1367
575.96503	7831.3628
577.13037	7724.1938
578.29572	7670.1509
579.46106	7624.8809
580.62634	7487.5801
581.79169	7528.167
582.95703	7517.5244
584.12238	7557.6694
585.28772	7424.9575
586.453	7341.394
587.61835	7410.0815
588.78369	7442.835
589.94904	7374.9976
591.11432	7440.8921
592.27966	7424.2769
593.44501	7412.7354
594.61035	7284.9683
595.7757	7380.5015
596.94098	7420.5049
598.10632	7332.9658
599.27167	7297.0049
600.43701	7381.1089
601.60236	7400.5557
602.76764	7484.3291
603.93298	7387.3706
605.09833	7397.8203
606.26367	7398.2236
607.42902	7414.168
608.5943	7516.0181
609.75964	7629.2012
610.92499	7666.46
612.09033	7698.0039
613.25562	7789.0347
614.42096	7909.3218
615.5863	8175.3291
616.75165	8251.9502
617.91699	8336.1152
619.08228	8633.123
620.24762	8926.1113
621.41296	9107.4746
622.57831	9380.0596
623.74365	9512.7783
624.90894	9589.5371
626.07428	9745.3799
627.23962	9881.4375
628.40497	9868.8496
629.57031	9810.7412
630.7356	9864.2725
631.90094	9950.8262
633.06628	9860.2998
634.23163	9679.0771
635.39691	9830.1563
636.56226	9630.5781
637.7276	9607.584
638.89294	9636.9629
640.05829	9584.7246
641.22357	9529.2051
642.38892	9426.7734
643.55426	9311.2451
644.7196	9367.9434
645.88495	9343.5059
647.05023	9155.2432
648.21558	9085.874
649.38092	8951.627
650.54626	8781.5811
651.71161	8644.8369
652.87689	8525.209
654.04224	8369.0469
655.20758	8198.3379
656.37292	8071.7881
657.53821	7823.6157
658.70355	7776.0044
659.8689	7741.1431
661.03424	7567.2729
662.19958	7512.8276
663.36487	7471.2129
664.53021	7436.5161
665.69556	7413.1475
666.8609	7373.2344
668.02625	7391.6162
669.19153	7426.0259
670.35687	7306.2461
671.52222	7319.02
672.68756	7371.9917
673.85291	7318.1382
675.01819	7293.1772
676.18353	7386.5352
677.34888	7516.6577
678.51422	7572.9937
679.6795	7605.6763
680.84485	7764.0615
682.01019	7892.1841
683.17554	7998.6929
684.34088	7867.7173
685.50616	7875.7588
686.67151	7729.1094
687.83685	7612.8809
689.0022	7573.5659
690.16754	7436.1641
691.33282	7301.0786
692.49817	7294.0088
693.66351	7280.4429
694.82886	7118.1792
695.9942	7084.2646
697.15948	7052.6738
698.32483	7064.7505
699.49017	7063.7446
700.65552	7035.7266
701.8208	7034.5933
702.98615	7060.8071
704.15149	7065.1675
705.31683	7252.6309
706.48218	7202.7637
707.64746	7266.6953
708.81281	7276.5513
709.97815	7313.4917
711.14349	7306.2485
712.30884	7428.9395
713.47412	7678.2974
714.63947	7878.5918
715.80481	8106.4507
716.97015	8642.9053
718.1355	9157.6279
719.30078	9880.8135
720.46613	11334.705
721.63147	12977.008
722.79681	15064.299
723.9621	17644.107
725.12744	20503.016
726.29279	23445.057
727.45813	26319.229
728.62347	28876.527
729.78876	30761.898
730.9541	31454.646
732.11945	31272.422
733.28479	30163.838
734.45013	28210.453
735.61542	25799.377
736.78076	23162.742
737.94611	20392.605
739.11145	17729.602
740.27679	15387.772
741.44208	13424.285
742.60742	11962.69
743.77277	10819.624
744.93811	10072.332
746.10339	9363.4033
747.26874	8865.2764
748.43408	8462.2207
749.59943	8251.5967
750.76477	7994.1074
751.93005	7717.6284
753.0954	7597.0669
754.26074	7556.3901
755.42609	7436.5723
756.59143	7398.3428
757.75671	7206.854
758.92206	7162.9194
760.0874	7212.3457
761.25275	7099.8667
762.41809	7000.1162
763.58337	7059.8223
764.74872	7021.3965
765.91406	7024.0664
767.07941	7073.6333
768.24469	6966.2358
769.41003	7034.6177
770.57538	7087.8799
771.74072	7033.6235
772.90607	7014.3418
774.07135	6910.3823
775.23669	7018.2671
776.40204	6999.7451
777.56738	6995.7363
778.73273	7034.3491
779.89801	7063.7046
781.06335	7156.0684
782.2287	7327.5806
783.39404	7383.0449
784.55939	7334.0884
785.72467	7238.6582
786.89001	7318.7012
788.05536	7347.5674
789.2207	7278.7354
790.38599	7159.0068
791.55133	7062.0049
792.71667	6963.3418
793.88202	6871.1758
795.04736	6854.374
796.21265	6862.4087
797.37799	6792.6851
798.54333	6773.8335
799.70868	6788.2915
800.87402	6792.7007
802.03931	6839.7397
803.20465	6659.6187
804.37	6788.126
805.53534	6759.1455
806.70068	6783.019
807.86597	6742.4697
809.03131	6729.6333
810.19666	6730.9922
811.362	6702.9756
812.52728	6774.4907
813.69263	6688.5269
814.85797	6608.293
816.02332	6677.1611
817.18866	6690.1025
818.35394	6583.4756
819.51929	6564.6392
820.68463	6524.7637
821.84998	6583.1973
823.01532	6613.6104
824.1806	6674.5078
825.34595	6696.4531
826.51129	6631.9023
827.67664	6641.394
828.84198	6652.7329
830.00726	6550.6113
831.17261	6653.1001
832.33795	6672.5771
833.5033	6594.7441
834.66858	6630.0654
835.83392	6629.2407
836.99927	6642.9194
838.16461	6659.2212
839.32996	6558.272
840.49524	6566.2612
841.66058	6615.2637
842.82593	6582.0527
843.99127	6641.2783
845.15662	6627.9922
846.3219	6567.4551
847.48724	6539.1553
848.65259	6517.7534
849.81793	6495.4185
850.98328	6552.1431
852.14856	6660.5005
853.3139	6519.2754
854.47925	6551.9443
855.64459	6547.5483
856.80988	6540.2051
857.97522	6554.5127
859.14056	6558.6543
860.30591	6581.0576
861.47125	6523.7734
862.63654	6475.3638
863.80188	6532.8589
864.96722	6419.3516
866.13257	6496.8418
867.29791	6658.1836
868.4632	6637.2446
869.62854	6576.0068
870.79388	6581.3247
871.95923	6596.7344
873.12457	6566.1846
874.28986	6620.8735
875.4552	6643.8076
876.62054	6621.061
877.78589	6662.4438
878.95117	6636.8662
880.11652	6697.541
881.28186	6770.9839
882.4472	6721.5786
883.61255	6817.3857
884.77783	6784.5972
885.94318	6767.6104
887.10852	6740.2642
888.27386	6645.0049
889.43921	6718.3525
890.60449	6783.9829
891.76984	6753.6523
892.93518	6653.9785
894.10052	6644.1265
895.26587	6705.98
896.43115	6711.8896
897.5965	6707.5898
898.76184	6579.0942
899.92719	6646.2886
901.09247	6687.3789
902.25781	6589.0225
903.42316	6563.6309
904.5885	6652.9985
905.75385	6578.0762
906.91913	6763.6675
908.08447	6707.9526
909.24982	6733.3149
910.41516	6714.7759
911.58051	6670.292
912.74579	6673.5796
913.91113	6724.8599
915.07648	6789.7002
916.24182	6843.2964
917.40717	6977.5557
918.57245	7134.8896
919.73779	7155.4512
920.90314	7366.9268
922.06848	7280.876
923.23376	7222.3774
924.39911	7236.7705
925.56445	7236.6523
926.7298	7329.1006
927.89514	7252.6875
929.06042	7200.4565
930.22577	7161.9771
931.39111	7146.0698
932.55646	7140.0107
933.7218	7036.8638
934.88708	6935.1855
936.05243	6885.9063
937.21777	6788.0913
938.38312	6798.4785
939.54846	6772.4155
940.71375	6809.728
941.87909	6804.519
943.04443	6725.5459
944.20978	6682.9092
945.37506	6774.6426
946.54041	6784.793
947.70575	6712.3398
948.87109	6825.4395
950.03644	6907.9409
951.20172	6904.3633
952.36707	6927.2334
953.53241	6940.9541
954.69775	6964.8584
955.8631	6971.5
957.02838	6939.1636
958.19373	6974.2705
959.35907	7020.293
960.52441	6990.2544
961.68976	7081.7056
962.85504	6909.3179
964.02039	6909.5386
965.18573	7009.978
966.35107	6955.4497
967.51636	6966.8667
968.6817	6906.0889
969.84705	6913.4541
971.01239	6917.6499
972.17773	6893.1367
973.34302	6916.2515
974.50836	6947.0659
975.67371	6924.1621
976.83905	6981.9956
978.00439	7015.0151
979.16968	7034.5923
980.33502	7035.6865
981.50037	6990.8579
982.66571	6942.0176
983.83105	6868.5234
984.99634	6867.3081
986.16168	6834.7251
987.32703	6817.1597
988.49237	6786.3081
989.65765	6759.4619
990.823	6728.8101
991.98834	6640.189
993.15369	6709.9702
994.31903	6735.0049
995.48431	6699.6074
996.64966	6719.6963
997.815	6750.9189
998.98035	6671.3403
1000.1457	6655.0049
1001.311	6797.5024
1002.4763	6982.542
1003.6417	7022.5742
1004.807	6962.4521
1005.9724	6962.2314
1007.1376	7012.5352
1008.303	7026.5078
1009.4683	6971.7813
1010.6337	6928.9106
1011.799	7003.9814
1012.9643	7004.9482
1014.1296	6986.707
1015.295	6925.1021
1016.4603	7007.312
1017.6256	6785.1147
1018.791	6817.7529
1019.9563	6769.5225
1021.1216	6687.8174
1022.287	6705.3413
1023.4523	6624.2393
1024.6177	6646.2598
1025.783	6483.6567
1026.9482	6475.1416
1028.1136	6461.0488
1029.2789	6465.5034
1030.4443	6433.1265
1031.6096	6427.0415
1032.7749	6413.0806
1033.9403	6373.5654
1035.1056	6374.5264
1036.271	6343.9287
1037.4363	6271.1997
1038.6016	6240.5034
1039.767	6264.9697
1040.9323	6285.3228
1042.0977	6198.3403
1043.2629	6143.9351
1044.4282	6086.7808
1045.5936	6145.6445
1046.7589	6130.6797
1047.9242	6095.0752
1049.0896	5956.4282
1050.2549	6182.5439
1051.4203	6016.7271
1052.5856	5982.8975
1053.7509	5920.1055
1054.9163	5970.9077
1056.0815	6052.1475
1057.2469	5954.9644
1058.4122	5875.2847
1059.5775	5969.6465
1060.7429	6043.6299
1061.9082	6002.9575
1063.0736	6043.3423
1064.2389	5971.417
1065.4042	5965.2729
1066.5696	6007.1206
1067.7349	6009.7529
1068.9003	6030.0166
1070.0656	6019.5625
1071.2308	5960.8574
1072.3962	5956.9214
1073.5615	6018.3057
1074.7269	6061.9829
1075.8922	6078.895
1077.0575	6070.4805
1078.2229	5939.2598
1079.3882	5835.333
1080.5536	5978.4546
1081.7189	5956.9189
1082.8842	5911.7607
1084.0496	5881.375
1085.2148	5832.4194
1086.3802	5877.4668
1087.5455	5999.9346
1088.7108	5924.7178
1089.8762	5808.73
1091.0415	5793.7251
1092.2068	5832.5693
1093.3722	5799.4307
1094.5375	5907.019
1095.7029	5895.9463
1096.8682	5846.8569
1098.0334	5829.3335
1099.1989	5924.689
1100.3641	5882.0181
1101.5295	5981.3066
1102.6948	5995.3203
1103.8601	5995.356
1105.0255	5970.1738
1106.1908	5998.9072
1107.3562	5969.9106
1108.5215	5998.0581
1109.6868	5971.1953
1110.8522	6074.562
1112.0175	6028.7456
1113.1829	5979.2554
1114.3481	6074.2964
1115.5134	6045.2886
1116.6788	6049.3286
1117.8441	6048.3618
1119.0095	5978.5088
1120.1748	6067.2153
1121.3401	6172.6665
1122.5055	6124.5083
1123.6708	6037.5381
1124.8362	6090.4058
1126.0015	6151.7754
1127.1667	6067.8975
1128.3322	6061.3931
1129.4974	6153.6489
1130.6628	6191.5093
1131.8281	6215.8066
1132.9934	6216.3594
1134.1588	6283.0737
1135.3241	6330.9741
1136.4894	6204.3105
1137.6548	6235.876
1138.8201	6452.9683
1139.9855	6298.7251
1141.1508	6183.6436
1142.316	6201.6968
1143.4814	6158.0884
1144.6467	6214.4443
1145.8121	6173.6465
1146.9774	6120.9292
1148.1427	5965.0854
1149.3081	5805.4019
1150.4734	5900.9888
1151.6388	5795.3315
1152.8041	5769.167
1153.9694	5792.1797
1155.1348	5828.103
1156.3	5703.5068
1157.4655	5868.5381
1158.6307	5865.5459
1159.796	5756.0625
1160.9614	5843.6816
1162.1267	5788.5532
1163.2921	5781.5596
1164.4574	5782.3071
1165.6227	5663.4141
1166.7881	5775.0195
1167.9534	5761.3618
1169.1188	5812.0249
1170.2841	5853.2598
1171.4493	5874.1289
1172.6147	5852.4497
1173.78	5871.9805
1174.9454	5956.6616
1176.1107	5978.1504
1177.276	5897.7817
1178.4414	5956.8115
1179.6067	6071.105
1180.772	6076.5298
1181.9374	6162.0693
1183.1027	6163.9946
1184.2681	6151.8931
1185.4333	6200.3877
1186.5986	6309.8804
1187.764	6341.3862
1188.9293	6395.6216
1190.0947	6516.2334
1191.26	6540.6401
1192.4253	6542.4443
1193.5907	6537.9292
1194.756	6629
1195.9214	6758.7202
1197.0867	6802.5757
1198.252	6819.9287
1199.4174	6748.0913
1200.5826	6712.7485
1201.748	6778.2661
1202.9133	6826.2461
1204.0786	6758.1172
1205.244	6646.2793
1206.4093	6642.7148
1207.5747	6632.355
1208.74	6607.9077
1209.9053	6514.8765
1211.0707	6496.4346
1212.236	6503.5234
1213.4014	6384.0796
1214.5667	6396.2632
1215.7319	6449.7402
1216.8973	6401.0337
1218.0626	6306.3364
1219.228	6299.7256
1220.3933	6292.7202
1221.5586	6266.439
1222.724	6304.8872
1223.8893	6328.1499
1225.0546	6372.5337
1226.22	6388.4917
1227.3853	6354.9404
1228.5507	6317.5151
1229.7159	6286.6304
1230.8812	6267.2085
1232.0466	6275.8945
1233.2119	6198.1558
1234.3773	6159.1025
1235.5426	6137.0337
1236.7079	6108.6211
1237.8733	6102.0518
1239.0386	6056.313
1240.204	6080.2666
1241.3693	6077.9287
1242.5345	6092.0122
1243.7	6090.7354
1244.8652	6102.5508
1246.0306	6204.7588
1247.1959	6215.1914
1248.3612	6223.6772
1249.5266	6291.5879
1250.6919	6307.4814
1251.8573	6403.8999
1253.0226	6568.5044
1254.1879	6670.2896
1255.3533	6758.647
1256.5186	6972.4629
1257.684	7119.4351
1258.8492	7229.8384
1260.0145	7485.4175
1261.1799	7705.2188
1262.3452	7869.1074
1263.5106	8008.187
1264.6759	8239.3711
1265.8412	8426.3545
1267.0066	8495.9111
1268.1719	8523.8408
1269.3372	8455.3047
1270.5026	8344.5811
1271.6678	8289.7617
1272.8333	8090.2368
1273.9985	7961.4351
1275.1638	7650.2041
1276.3292	7483.6895
1277.4945	7297.4263
1278.6599	7059.5645
1279.8252	6898.8911
1280.9905	6814.3105
1282.1559	6682.8501
1283.3212	6605.5864
1284.4866	6498.7056
1285.6519	6532.9175
1286.8171	6453.6533
1287.9825	6449.1064
1289.1478	6486.2808
1290.3132	6435.498
1291.4785	6427.1743
1292.6438	6392.3887
1293.8092	6508.4858
1294.9745	6510.7983
1296.1399	6597.9595
1297.3052	6541.9268
1298.4705	6639.6982
1299.6359	6751.1133
1300.8011	6972.8291
1301.9666	7021.6123
1303.1318	7194.5293
1304.2971	7375.0688
1305.4625	7469.8584
1306.6278	7665.7632
1307.7932	7751.7534
1308.9585	7932.4624
1310.1238	8156.3892
1311.2892	8342.959
1312.4545	8501.4121
1313.6198	8713.7402
1314.7852	8935.6514
1315.9504	9031.4043
1317.1158	9162.6475
1318.2811	9455.3555
1319.4464	9646.2988
1320.6118	9847.4238
1321.7771	10048.68
1322.9425	10386.516
1324.1078	10689.815
1325.2731	10954.678
1326.4385	11369.567
1327.6038	11527.459
1328.7692	11750.842
1329.9344	11891.705
1331.0997	12093.908
1332.2651	12111.27
1333.4304	12108.614
1334.5958	12119.79
1335.7611	11849.807
1336.9264	11584.816
1338.0918	11340.66
1339.2571	10984.49
1340.4225	10553.56
1341.5878	10245.11
1342.7531	9781.8115
1343.9185	9358.4531
1345.0837	9056.3818
1346.2491	8766.7178
1347.4144	8563.8096
1348.5797	8208.4785
1349.7451	8031.0308
1350.9104	7845.9375
1352.0758	7697.5005
1353.2411	7694.4038
1354.4064	7598.7456
1355.5718	7638.1064
1356.7371	7624.1045
1357.9023	7738.1924
1359.0677	7922.6704
1360.233	8165.146
1361.3984	8362.9043
1362.5637	8588.8467
1363.729	8708.7402
1364.8944	9052.333
1366.0597	9252.499
1367.2251	9387.1924
1368.3904	9656.0684
1369.5557	9758.5908
1370.7211	9716.374
1371.8864	9760.876
1373.0518	9727.6924
1374.217	9567.1299
1375.3823	9348.2578
1376.5477	9070.9365
1377.713	8776.0625
1378.8784	8518.873
1380.0437	8219.3193
1381.209	7896.4399
1382.3744	7604.3911
1383.5397	7406.667
1384.7051	7223.7764
1385.8704	7154.7715
1387.0356	7067.2744
1388.201	6981.625
1389.3663	7127.1021
1390.5317	7135.4468
1391.697	7216.5859
1392.8623	7308.5547
1394.0277	7265.2251
1395.193	7110.9766
1396.3584	7192.8203
1397.5237	7052.5298
1398.689	6907.7671
1399.8544	6714.4893
1401.0197	6497.9922
1402.1849	6296.8354
1403.3503	6136.4102
1404.5156	5915.6772
1405.681	5757.814
1406.8463	5584.2725
1408.0116	5486.6313
1409.177	5383.394
1410.3423	5283.1636
1411.5077	5241.8564
1412.673	5225.0859
1413.8383	5237.1157
1415.0037	5181.062
1416.1689	5159.2305
1417.3344	5138.6646
1418.4996	5190.4458
1419.6649	5184.3857
1420.8303	5260.1016
1421.9956	5234.585
1423.161	5254.5039
1424.3263	5248.7749
1425.4916	5270.1357
1426.657	5366.5586
1427.8223	5454.1563
1428.9877	5415.7358
1430.153	5451.5024
1431.3182	5597.0103
1432.4836	5611.5503
1433.6489	5654.2871
1434.8143	5671.1143
1435.9796	5657.1787
1437.1449	5695.2798
1438.3103	5768.125
1439.4756	5888.3867
1440.641	5924.3228
1441.8063	6041.4834
1442.9716	6189.54
1444.137	6306.2603
1445.3022	6395.3081
1446.4675	6584.0869
1447.6329	6805.0444
1448.7982	7013.2734
1449.9636	7208.8726
1451.1289	7517.7139
1452.2942	7678.4985
1453.4596	7823.356
1454.6249	7926.7026
1455.7903	7966.9116
1456.9556	7940.6895
1458.1208	7854.8184
1459.2863	7690.6172
1460.4515	7353.3818
1461.6169	7134.314
1462.7822	6779.6201
1463.9475	6523.4565
1465.1129	6311.0674
1466.2782	6122.3418
1467.4436	6032.7451
1468.6089	5871.4751
1469.7742	5673.8174
1470.9396	5635.752
1472.1049	5613.6455
1473.2703	5457.127
1474.4355	5387.4194
1475.6008	5296.5493
1476.7662	5192.8286
1477.9315	5237.2422
1479.0969	5276.6758
1480.2622	5197.3154
1481.4275	5216.0854
1482.5929	5172.1689
1483.7582	5143.3477
1484.9236	5144.3667
1486.0889	5151.8965
1487.2542	5218.1118
1488.4196	5123.8706
1489.5848	5134.3906
1490.7501	5189.6812
1491.9155	5156.2559
1493.0808	5234.9893
1494.2462	5168.7256
1495.4115	5129.1372
1496.5768	5083.9727
1497.7422	5092.7275
1498.9075	5034.6934
1500.0729	4953.231
1501.2382	4891.5576
1502.4034	4937.5757
1503.5688	4943.4551
1504.7341	4967.0874
1505.8995	4934.8926
1507.0648	4903.9072
1508.2301	4873.9009
1509.3955	4923.7002
1510.5608	4927.0415
1511.7262	4829.4736
1512.8915	4795.3062
1514.0568	4813.4321
1515.2222	4824.2876
1516.3875	4824.769
1517.5529	4851.5972
1518.7181	4842.4214
1519.8834	4819.1382
1521.0488	4814.5225
1522.2141	4810.0928
1523.3795	4880.543
1524.5448	4862.6519
1525.7101	4846.499
1526.8755	4873.5059
1528.0408	4869.8018
1529.2062	4828.2563
1530.3715	4933.1719
1531.5367	4970.5586
1532.7021	4983.6299
1533.8674	5005.5933
1535.0327	5032.6934
1536.1981	5112.0586
1537.3634	5146.2266
1538.5288	5155.8716
1539.6941	5262.3716
1540.8594	5262.291
1542.0248	5313.5986
1543.1901	5389.5303
1544.3555	5376.519
1545.5208	5439.5947
1546.686	5462.2251
1547.8514	5422.1958
1549.0167	5375.8555
1550.1821	5347.5571
1551.3474	5363.5542
1552.5127	5186.3755
1553.6781	5127.2129
1554.8434	5021.1514
1556.0088	4978.1011
1557.1741	4950.5024
1558.3394	4941.647
1559.5048	4763.4526
1560.67	4686.1133
1561.8354	4714.2441
1563.0007	4694.0972
1564.166	4627.6802
1565.3314	4667.2666
1566.4967	4684.208
1567.6621	4715.8413
1568.8274	4722.8472
1569.9927	4737.6006
1571.1581	4695.3232
1572.3234	4722.7114
1573.4888	4741.0527
1574.6541	4720.2998
1575.8193	4684.7461
1576.9847	4788.1533
1578.15	4705.5713
1579.3153	4743.8999
1580.4807	4700.5547
1581.646	4691.8447
1582.8114	4737.4746
1583.9767	4690.5728
1585.142	4658.8906
1586.3074	4586.873
1587.4727	4586.3311
1588.6381	4622.7129
1589.8033	4644.9023
1590.9686	4618.5854
1592.134	4689.3799
1593.2993	4583.6479
1594.4647	4560.1567
1595.63	4513.959
1596.7953	4549.4458
1597.9607	4511.9209
1599.126	4510.9419
1600.2914	4586.2822
1601.4567	4558.3198
1602.6219	4469.6567
1603.7874	4531.2412
1604.9526	4579.1689
1606.118	4622.4565
1607.2833	4571.1807
1608.4486	4560.1689
1609.614	4548.6216
1610.7793	4617.4219
1611.9447	4630.0615
1613.11	4683.9053
1614.2753	4709.2969
1615.4407	4786.5688
1616.606	4766.5146
1617.7714	4838.8438
1618.9366	4892.9287
1620.1019	4948.8823
1621.2673	4890.1758
1622.4326	4971.0796
1623.5979	4977.0498
1624.7633	4953.1714
1625.9286	4990.2139
1627.094	5066.9136
1628.2593	5044.5781
1629.4246	4982.1616
1630.59	4977.2358
1631.7552	4965.0317
1632.9207	4909.6899
1634.0859	4823.6919
1635.2512	4755.853
1636.4166	4706.314
1637.5819	4646.4692
1638.7473	4699.4521
1639.9126	4724.8076
1641.0779	4706.333
1642.2433	4577.7427
1643.4086	4468.8887
1644.574	4422.8926
1645.7393	4355.501
1646.9045	4384.2065
1648.0699	4418.2666
1649.2352	4309.9229
1650.4006	4275.3633
1651.5659	4234.0156
1652.7312	4118.9043
1653.8966	4125.7031
1655.0619	4128.1821
1656.2273	4170.4053
1657.3926	4027.2622
1658.5579	3954.76
1659.7233	4003.3965
1660.8885	3996.8401
1662.054	4013.7598
1663.2192	3906.8171
1664.3845	3887.543
1665.5499	3933.0454
1666.7152	3952.2061
1667.8805	3892.8289
1669.0459	3843.3103
1670.2112	3968.5881
1671.3766	3998.3035
1672.5419	3881.3687
1673.7072	3888.155
1674.8726	3808.6831
1676.0378	3909.8406
1677.2032	3897.5588
1678.3685	3779.9758
1679.5338	3779.5999
1680.6992	3758.4292
1681.8645	3820.9402
1683.0299	3921.2832
1684.1952	3664.4126
1685.3605	3757.0964
1686.5259	3678.4006
1687.6912	3809.6245
1688.8566	3820.2964
1690.0219	3759.2576
1691.1871	3808.8313
1692.3525	3814.8616
1693.5178	3744.2151
1694.6832	3714.5618
1695.8485	3735.0063
1697.0138	3738.5557
1698.1792	3731.97
1699.3445	3655.1387
1700.5099	3746.1055
1701.6752	3722.4294
1702.8405	3651.6675
1704.0059	3690.9373
1705.1711	3679.5969
1706.3365	3701.5256
1707.5018	3729.689
1708.6671	3666.5476
1709.8325	3684.1667
1710.9978	3624.3574
1712.1631	3791.9241
1713.3285	3748.6638
1714.4938	3691.7957
1715.6592	3687.2217
1716.8245	3676.7822
1717.9897	3677.2993
1719.1552	3696.5249
1720.3204	3706.1353
1721.4858	3683.761
1722.6511	3717.9788
1723.8164	3666.0508
1724.9818	3640.8147
1726.1471	3641.1687
1727.3125	3637.6311
1728.4778	3585.9092
1729.6431	3608.5295
1730.8085	3565.3972
1731.9738	3629.7129
1733.1392	3626.6333
1734.3044	3553.5083
1735.4697	3592.1904
1736.6351	3553.1536
1737.8004	3589.0261
1738.9658	3609.7781
1740.1311	3566.4788
1741.2964	3579.3552
1742.4618	3576.3157
1743.6271	3591.1392
1744.7925	3537.9729
1745.9578	3583.2722
1747.123	3536.5156
1748.2885	3550.884
1749.4537	3591.0129
1750.6191	3586.6389
1751.7844	3592.3296
1752.9497	3495.0088
1754.1151	3503.1663
1755.2804	3545.3857
1756.4457	3481.2271
1757.6111	3507.8215
1758.7764	3528.2263
1759.9418	3469.8
1761.1071	3483.2998
1762.2723	3445.4043
1763.4377	3498.8086
1764.603	3486.7334
1765.7684	3493.979
1766.9337	3463.5603
1768.099	3365.0999
1769.2644	3494.4241
1770.4297	3384.2422
1771.5951	3508.4404
1772.7604	3456.9316
1773.9257	3445.1499
1775.0911	3454.178
1776.2563	3426.9268
1777.4218	3367.4487
1778.587	3378.6382
1779.7523	3475.4187
1780.9177	3401.7517
1782.083	3387.7617
1783.2484	3428.5125
1784.4137	3338.7354
1785.579	3269.1484
1786.7444	3244.0681
1787.9097	3293.7056
1789.0751	3207.4521
1790.2404	3259.7798
1791.4056	3320.8774
1792.571	3249.2642
1793.7363	3226.5078
1794.9017	3243.0146
1796.067	3251.8713
1797.2323	3257.1799
1798.3977	3250.2634
1799.563	3272.7139
1800.7283	3292.2051
1801.8937	3285.4143
1803.059	3292.9023
1804.2244	3247.7083
1805.3896	3254.0605
1806.5549	3229.4551
1807.7203	3304.0374
1808.8856	3222.0039
1810.051	3196.7749
1811.2163	3240.8831
1812.3816	3229.6914
1813.547	3226.4507
1814.7123	3250.8284
1815.8777	3285.0332
1817.043	3254.8328
1818.2083	3285.3005
1819.3737	3226.9177
1820.5389	3224.1313
1821.7043	3084.3252
1822.8696	3207.8901
1824.0349	3153.5232
1825.2003	3210.2441
1826.3656	3222.5698
1827.531	3253.0774
1828.6963	3291.1331
1829.8616	3271.553
1831.027	3240.6165
1832.1923	3310.2534
1833.3577	3205.2546
1834.5229	3255.9983
1835.6882	3211.8274
1836.8536	3162.2341
1838.0189	3259.6074
1839.1843	3247.6201
1840.3496	3133.7434
1841.5149	3173.8335
1842.6803	3155.7039
1843.8456	3174.844
1845.0109	3093.1458
1846.1763	3150.5491
1847.3416	3128.7471
1848.507	3094.228
1849.6722	3012.7583
1850.8375	3066.6162
1852.0029	3046.3252
1853.1682	3107.4421
1854.3336	3059.114
1855.4989	3020.0994
1856.6642	3028.7195
1857.8296	3055.4248
1858.9949	3095.605
1860.1603	3012.5405
1861.3256	3085.3652
1862.4908	3022.1392
1863.6563	3072.4333
1864.8215	3102.1455
1865.9869	3104.8354
1867.1522	3066.4641
1868.3175	3095.4343
1869.4829	3052.2769
1870.6482	3106.9375
1871.8136	3119.6633
1872.9789	3109.428
1874.1442	3137.4468
1875.3096	3096.4688
1876.4749	3109.0393
1877.6403	3006.9573
1878.8055	3083.7178
1879.9708	3111.4966
1881.1362	3069.563
1882.3015	3077.2014
1883.4669	3076.428
1884.6322	3017.5715
1885.7975	3064.3579
1886.9629	3053.429
1888.1282	2990.4077
1889.2935	3007.3481
1890.4589	2974.6614
1891.6241	2957.1577
1892.7896	2967.8418
1893.9548	2979.5396
1895.1201	2948.5273
1896.2855	2834.8616
1897.4508	2847.5811
1898.6162	2872.4355
1899.7815	2909.938
1900.9468	2893.3513
1902.1122	2902.1982
1903.2775	2853.1213
1904.4429	2888.103
1905.6082	2857.1553
1906.7734	2784.6855
1907.9388	2867.1729
1909.1041	2802.2576
1910.2695	2787.3362
1911.4348	2867.4119
1912.6001	2886.2896
1913.7655	2844.7249
1914.9308	2845.9766
1916.0962	2887.5752
1917.2615	2865.4941
1918.4268	2904.0911
1919.5922	2857.8875
1920.7574	2947.1211
1921.9229	2905.4893
1923.0881	2943.6221
1924.2534	2939.6802
1925.4188	2944.7068
1926.5841	2917.8123
1927.7495	2965.3057
1928.9148	3006.677
1930.0801	2895.3538
1931.2455	2898.3596
1932.4108	2908.7949
1933.576	2937.6001
1934.7415	2905.8276
1935.9067	2895.4976
1937.0721	2907.3877
1938.2374	2910.9556
1939.4027	2805.9551
1940.5681	2821.6536
1941.7334	2793.6211
1942.8988	2798.3796
1944.0641	2824.8242
1945.2294	2881.7856
1946.3948	2861.7866
1947.5601	2892.2195
1948.7255	2851.8108
1949.8907	2814.6992
1951.056	2762.5513
1952.2214	2832.7688
1953.3867	2815.7192
1954.5521	2801.3357
1955.7174	2805.584
1956.8827	2814.656
1958.0481	2804.7549
1959.2134	2795.6372
1960.3788	2775.0205
1961.5441	2888.3374
1962.7094	2771.7354
1963.8748	2775.0034
1965.04	2843.6563
1966.2054	2760.6399
1967.3707	2739.8782
1968.536	2890.7449
1969.7014	2778.9578
1970.8667	2793.5039
1972.0321	2809.1599
1973.1974	2862.9421
1974.3627	2775.8469
1975.5281	2807.4417
1976.6934	2828.1646
1977.8586	2828.7693
1979.024	2791.3301
1980.1893	2769.344
1981.3547	2777.0054
1982.52	2763.7615
1983.6853	2713.1206
1984.8507	2730.1543
1986.016	2686.7727
1987.1814	2651.2332
1988.3467	2673.2493
1989.512	2675.7683
1990.6774	2667.4385
1991.8427	2659.876
1993.0081	2614.5256
1994.1733	2638.2751
1995.3386	2589.0347
1996.504	2526.647
1997.6693	2537.2886
1998.8347	2573.6677
2000	2532.4385
