400	4142.3003
401.16534	4127.7212
402.33066	4040.4551
403.496	4082.5559
404.66132	4148.2876
405.82666	4138.0332
406.99197	4079.3276
408.15732	4127.562
409.32266	4137.0146
410.48798	4108.7437
411.65332	4076.7229
412.81863	4050.2949
413.98398	4055.1404
415.14932	4095.4915
416.31464	4121.8813
417.47998	4145.1133
418.64529	4161.2334
419.81064	4086.8193
420.97595	4056.2737
422.1413	4072.23
423.30664	4035.4185
424.47195	3897.7544
425.6373	3993.3887
426.80261	3987.3372
427.96796	3995.9143
429.13327	4009.7131
430.29861	4021.8857
431.46396	4009.3247
432.62927	3946.8801
433.79462	3887.3125
434.95993	3945.3704
436.12527	3930.4539
437.29062	3907.5371
438.45593	3909.2258
439.62128	3958.05
440.78659	4020.3286
441.95193	3952.6597
443.11725	3966.4937
444.28259	3946.4365
445.44794	3926.6667
446.61325	3908.499
447.77859	3892.5239
448.94391	3885.5308
450.10925	3892.1821
451.27457	3875.7327
452.43991	3874.1724
453.60526	3948.8984
454.77057	3942.2561
455.93591	3936.5544
457.10123	3932.1499
458.26657	3840.0654
459.43192	3851.9275
460.59723	3883.1433
461.76257	3810.9873
462.92789	3823.3979
464.09323	3844.0098
465.25854	3833.1958
466.42389	3839.6089
467.58923	3902.6721
468.75455	3768.9648
469.91989	3857.6521
471.08521	3879.5239
472.25055	3817.2971
473.41586	3768.2275
474.58121	3761.9419
475.74655	3763.8826
476.91187	3812.8477
478.07721	3810.2371
479.24252	3758.6013
480.40787	3787.3101
481.57321	3786.6816
482.73853	3775.4397
483.90387	3781.7285
485.06918	3761.9902
486.23453	3744.5261
487.39984	3775.8779
488.56519	3782.2712
489.73053	3786.1423
490.89584	3745.9834
492.06119	3725.968
493.2265	3754.4436
494.39185	3721.2468
495.55716	3670.6343
496.7225	3690.6848
497.88785	3730.7427
499.05316	3632.8113
500.21851	3622.521
501.38382	3673.4194
502.54916	3654.5645
503.71451	3684.4617
504.87982	3662.6125
506.04517	3628.8645
507.21048	3671.5051
508.37582	3688.8032
509.54114	3676.1736
510.70648	3638.6489
511.87183	3594.5598
513.03717	3602.9385
514.20245	3629.1973
515.3678	3555.26
516.53314	3604.3567
517.69849	3655.6406
518.86383	3652.542
520.02911	3627.9402
521.19446	3610.8208
522.3598	3566.9202
523.52515	3623.9006
524.69043	3596.6035
525.85577	3572.8228
527.02112	3534.0344
528.18646	3553.8809
529.35181	3550.949
530.51709	3480.4639
531.68243	3509.1589
532.84778	3613.9231
534.01312	3598.1055
535.17847	3576.9507
536.34375	3705.5339
537.50909	3696.8171
538.67444	3625.7842
539.83978	3659.6685
541.00513	3700.0278
542.17041	3591.7251
543.33575	3678.8542
544.5011	3651.8879
545.66644	3684.3838
546.83173	3660.427
547.99707	3642.2463
549.16241	3682.2017
550.32776	3720.5864
551.4931	3707.1279
552.65839	3665.7004
553.82373	3721.491
554.98907	3761.0891
556.15442	3781.1072
557.31976	3755.9883
558.48505	3760.9185
559.65039	3813.8948
560.81573	3787.7095
561.98108	3787.0176
563.14642	3794.9343
564.31171	3779.9941
565.47705	3701.1418
566.6424	3669.1431
567.80774	3667.3965
568.97302	3677.7722
570.13837	3695.1189
571.30371	3625.5881
572.46906	3635.2922
573.6344	3568.3328
574.79968	3547.7883
575.96503	3557.7126
577.13037	3561.2913
578.29572	3561.0168
579.46106	3530.0952
580.62634	3433.207
581.79169	3396.0313
582.95703	3347.2451
584.12238	3402.5281
585.28772	3391.209
586.453	3341.6038
587.61835	3344.2292
588.78369	3383.2461
589.94904	3386.0532
591.11432	3346.3906
592.27966	3305.1794
593.44501	3204.8755
594.61035	3258.355
595.7757	3306.5735
596.94098	3347.1025
598.10632	3383.2703
599.27167	3364.4604
600.43701	3293.7986
601.60236	3286.0361
602.76764	3336.2063
603.93298	3302.376
605.09833	3327.5835
606.26367	3337.2202
607.42902	3344.6401
608.5943	3340.7622
609.75964	3368.0347
610.92499	3389.9487
612.09033	3316.7905
613.25562	3439.916
614.42096	3578.8916
615.5863	3558.9746
616.75165	3554.1272
617.91699	3693.2368
619.08228	3757.3452
620.24762	3808.1028
621.41296	3956.8311
622.57831	4071.718
623.74365	4122.5112
624.90894	4234.0571
626.07428	4281.4419
627.23962	4317.0781
628.40497	4308.4072
629.57031	4333.0942
630.7356	4305.6738
631.90094	4208.3613
633.06628	4153.9756
634.23163	4152.3076
635.39691	4142.4048
636.56226	4208.6006
637.7276	4163.814
638.89294	4132.0723
640.05829	4115.3818
641.22357	4115.2261
642.38892	4095.6257
643.55426	4048.9207
644.7196	4043.3274
645.88495	4095.4229
647.05023	4004.8501
648.21558	3963.2297
649.38092	3922.0715
650.54626	3886.1262
651.71161	3785.7813
652.87689	3763.8884
654.04224	3754.6917
655.20758	3646.9553
656.37292	3634.387
657.53821	3545.2214
658.70355	3575.7312
659.8689	3521.0171
661.03424	3430.8772
662.19958	3373.0054
663.36487	3363.8826
664.53021	3330.2126
665.69556	3269.6226
666.8609	3286.3777
668.02625	3387.8381
669.19153	3309.104
670.35687	3365.8091
671.52222	3308.6741
672.68756	3301.6995
673.85291	3267.0984
675.01819	3325.7947
676.18353	3348.4573
677.34888	3293.4324
678.51422	3304.8943
679.6795	3376.0491
680.84485	3406.7476
682.01019	3525.8218
683.17554	3433.7449
684.34088	3461.6611
685.50616	3448.4487
686.67151	3436.7344
687.83685	3399.3296
689.0022	3344.5652
690.16754	3322.6414
691.33282	3310.8577
692.49817	3266.76
693.66351	3240.512
694.82886	3180.9006
695.9942	3189.6506
697.15948	3202.5466
698.32483	3212.4377
699.49017	3211.0483
700.65552	3200.2605
701.8208	3178.2671
702.98615	3162.2598
704.15149	3214.6089
705.31683	3289.7419
706.48218	3190.8936
707.64746	3259.3081
708.81281	3257.9424
709.97815	3278.9915
711.14349	3300.8599
712.30884	3321.1519
713.47412	3374.6584
714.63947	3427.5288
715.80481	3440.0608
716.97015	3570.6636
718.1355	3743.3406
719.30078	3946.8213
720.46613	4332.3481
721.63147	4713.1875
722.79681	5314.3682
723.9621	6153.5815
725.12744	7084.8364
726.29279	8118.4507
727.45813	9299.877
728.62347	10436.563
729.78876	11297.741
730.9541	11938.127
732.11945	12566.749
733.28479	12507.093
734.45013	12222.426
735.61542	11563.27
736.78076	10634.528
737.94611	9591.6025
739.11145	8546.2822
740.27679	7534.3516
741.44208	6583.6807
742.60742	5802.6211
743.77277	5149.3799
744.93811	4655.7197
746.10339	4294.5679
747.26874	3954.3945
748.43408	3792.3584
749.59943	3612.3076
750.76477	3514.5894
751.93005	3459.0859
753.0954	3383.6338
754.26074	3354.4792
755.42609	3359.3582
756.59143	3330.9905
757.75671	3408.134
758.92206	3246.1145
760.0874	3247.6748
761.25275	3211.0469
762.41809	3209.2517
763.58337	3229.2883
764.74872	3215.1326
765.91406	3180.759
767.07941	3172.9026
768.24469	3157.1455
769.41003	3104.9421
770.57538	3223.6631
771.74072	3208.4604
772.90607	3212.1018
774.07135	3137.0437
775.23669	3158.3057
776.40204	3159.2773
777.56738	3107.6958
778.73273	3152.6843
779.89801	3194.7156
781.06335	3158.0217
782.2287	3192.6018
783.39404	3291.7092
784.55939	3259.2881
785.72467	3315.9045
786.89001	3269.8699
788.05536	3240.595
789.2207	3156.6721
790.38599	3167.2661
791.55133	3199.4709
792.71667	3163.4207
793.88202	3158.3535
795.04736	3155.9883
796.21265	3088.6475
797.37799	3066.958
798.54333	3102.0447
799.70868	3131.6904
800.87402	3072.4368
802.03931	3001.3782
803.20465	3071.4275
804.37	3067.0852
805.53534	3031.4277
806.70068	3056.8699
807.86597	3037.4329
809.03131	3037.7302
810.19666	3045.7351
811.362	3012.0625
812.52728	3041.5317
813.69263	3047.2112
814.85797	2970.3606
816.02332	2972.988
817.18866	3045.0896
818.35394	3040.4436
819.51929	2992.0571
820.68463	3054.6201
821.84998	2999.3154
823.01532	2967.2825
824.1806	2963.4814
825.34595	2991.9194
826.51129	3028.8276
827.67664	3013.625
828.84198	3036.5952
830.00726	2937.7395
831.17261	2967.1421
832.33795	2942.0632
833.5033	2995.02
834.66858	2989.5969
835.83392	2972.2319
836.99927	2957.146
838.16461	2979.8135
839.32996	3022.5264
840.49524	2987.3137
841.66058	2942.8018
842.82593	2961.8416
843.99127	2962.4509
845.15662	2968.7214
846.3219	2962.8718
847.48724	2904.0425
848.65259	3009.1375
849.81793	3002.8582
850.98328	2860.4956
852.14856	2947.9673
853.3139	3012.6226
854.47925	2997.5122
855.64459	2993.3132
856.80988	2983.6145
857.97522	2945.1646
859.14056	2932.2087
860.30591	2987.0176
861.47125	3032.0081
862.63654	2953.9524
863.80188	2963.8818
864.96722	3075.9561
866.13257	2950.8127
867.29791	2925.1084
868.4632	3048.8975
869.62854	2933.7749
870.79388	2954.1152
871.95923	2980.3765
873.12457	3041.2393
874.28986	3059.3667
875.4552	3052.106
876.62054	3070.2727
877.78589	3034.937
878.95117	3014.592
880.11652	3140.2432
881.28186	3054.2129
882.4472	3088.9182
883.61255	3053.4897
884.77783	3055.3328
885.94318	3042.2476
887.10852	3054.2463
888.27386	2998.6807
889.43921	3073.8782
890.60449	3123.834
891.76984	3079.0547
892.93518	3075.5068
894.10052	3078.6836
895.26587	3033.3259
896.43115	3017.3569
897.5965	3012.03
898.76184	3025.2976
899.92719	3028.3625
901.09247	3057.8745
902.25781	2936.3088
903.42316	3011.499
904.5885	3014.936
905.75385	2995.655
906.91913	2981.7649
908.08447	2997.5208
909.24982	2991.6306
910.41516	3006.4065
911.58051	3025.092
912.74579	3025.8215
913.91113	3029.0808
915.07648	3042.8098
916.24182	3099.9036
917.40717	3196.2688
918.57245	3162.5737
919.73779	3169.3074
920.90314	3217.9976
922.06848	3289.4717
923.23376	3211.1379
924.39911	3250.3401
925.56445	3244.1323
926.7298	3236.7659
927.89514	3249.4636
929.06042	3223.3374
930.22577	3271.2681
931.39111	3191.1221
932.55646	3120.8516
933.7218	3173.9834
934.88708	3193.4893
936.05243	3158.1995
937.21777	3159.1736
938.38312	3125.605
939.54846	3041.9373
940.71375	3073.3335
941.87909	3028.0037
943.04443	3087.4756
944.20978	3076.0764
945.37506	3046.9558
946.54041	3029.8762
947.70575	3075.8826
948.87109	3123.8542
950.03644	3109.3762
951.20172	3173.1648
952.36707	3180.6877
953.53241	3189.3782
954.69775	3222.1685
955.8631	3222.3945
957.02838	3247.5588
958.19373	3290.8508
959.35907	3250.8474
960.52441	3216.845
961.68976	3246.2974
962.85504	3232.2725
964.02039	3240.7354
965.18573	3261.2334
966.35107	3117.2942
967.51636	3158.1934
968.6817	3175.0083
969.84705	3173.6113
971.01239	3178.1912
972.17773	3191.6941
973.34302	3168.7241
974.50836	3168.0532
975.67371	3183.606
976.83905	3196.5825
978.00439	3166.6243
979.16968	3146.4951
980.33502	3133.678
981.50037	3148.658
982.66571	3162.7349
983.83105	3097.7161
984.99634	3111.5054
986.16168	3069.9084
987.32703	3101.0256
988.49237	3104.7012
989.65765	3041.3123
990.823	3111.6475
991.98834	2985.7231
993.15369	3016.2839
994.31903	3093.5073
995.48431	3089.2588
996.64966	3015.5696
997.815	3035.0198
998.98035	3051.8994
1000.1457	3048.8701
1001.311	3072.6741
1002.4763	3168.6233
1003.6417	3143.1897
1004.807	3058.3157
1005.9724	3034.7961
1007.1376	3076.8342
1008.303	3161.0989
1009.4683	3185.8828
1010.6337	3129.0049
1011.799	3092.0405
1012.9643	3114.5007
1014.1296	3196.9456
1015.295	3139.7886
1016.4603	3096.8386
1017.6256	3128.761
1018.791	3104.0195
1019.9563	3104.9851
1021.1216	3112.6443
1022.287	3094.334
1023.4523	3090.1873
1024.6177	3118.7563
1025.783	2970.1628
1026.9482	2972.7415
1028.1136	2968.2476
1029.2789	2973.9028
1030.4443	3005.1804
1031.6096	2970.436
1032.7749	2986.9976
1033.9403	2989.8428
1035.1056	2962.939
1036.271	2898.532
1037.4363	2873.8303
1038.6016	2891.1182
1039.767	2861.6023
1040.9323	2889.656
1042.0977	2876.2515
1043.2629	2853.3625
1044.4282	2790.0449
1045.5936	2743.0815
1046.7589	2754.9692
1047.9242	2814.2446
1049.0896	2791.123
1050.2549	2882.8398
1051.4203	2874.8616
1052.5856	2772.3896
1053.7509	2834.7598
1054.9163	2768.0803
1056.0815	2795.3928
1057.2469	2687.958
1058.4122	2710.2122
1059.5775	2732.3826
1060.7429	2715.0437
1061.9082	2717.0039
1063.0736	2719.8274
1064.2389	2697.4104
1065.4042	2751.5671
1066.5696	2792.9131
1067.7349	2716.8542
1068.9003	2729.7307
1070.0656	2746.6851
1071.2308	2730.0352
1072.3962	2742.9058
1073.5615	2780.1243
1074.7269	2783.2766
1075.8922	2719.7861
1077.0575	2744.2231
1078.2229	2775.9414
1079.3882	2803.8091
1080.5536	2781.2256
1081.7189	2782.0818
1082.8842	2773.2344
1084.0496	2678.2939
1085.2148	2746.9836
1086.3802	2743.6577
1087.5455	2759.009
1088.7108	2704.9902
1089.8762	2785.092
1091.0415	2801.0903
1092.2068	2764.9421
1093.3722	2688.8994
1094.5375	2791.6111
1095.7029	2628.4839
1096.8682	2736.5745
1098.0334	2760.4355
1099.1989	2775.5181
1100.3641	2775.3787
1101.5295	2700.0813
1102.6948	2714.5579
1103.8601	2800.1482
1105.0255	2779.281
1106.1908	2727.917
1107.3562	2741.8428
1108.5215	2791.8574
1109.6868	2786.8679
1110.8522	2746.9373
1112.0175	2777.8069
1113.1829	2769.7734
1114.3481	2759.3538
1115.5134	2769.6699
1116.6788	2780.7952
1117.8441	2739.9038
1119.0095	2740.2664
1120.1748	2787.333
1121.3401	2775.6357
1122.5055	2782.7329
1123.6708	2767.0188
1124.8362	2770.1887
1126.0015	2786.9302
1127.1667	2793.7615
1128.3322	2817.4343
1129.4974	2794.3391
1130.6628	2811.353
1131.8281	2863.6907
1132.9934	2855.6938
1134.1588	2851.2214
1135.3241	2830.438
1136.4894	2878.4294
1137.6548	2861.6128
1138.8201	2871.5017
1139.9855	2855.2891
1141.1508	2861.9399
1142.316	2801.2361
1143.4814	2831.9534
1144.6467	2760.7144
1145.8121	2886.0447
1146.9774	2822.6909
1148.1427	2777.4287
1149.3081	2807.4221
1150.4734	2791.624
1151.6388	2705.1353
1152.8041	2733.4988
1153.9694	2668.71
1155.1348	2713.3459
1156.3	2651.6038
1157.4655	2654.5928
1158.6307	2716.5088
1159.796	2598.325
1160.9614	2607.6294
1162.1267	2650.0171
1163.2921	2634.9915
1164.4574	2691.4995
1165.6227	2666.842
1166.7881	2625.7715
1167.9534	2636.5618
1169.1188	2679.0708
1170.2841	2703.0979
1171.4493	2673.1553
1172.6147	2670.582
1173.78	2732.8823
1174.9454	2780.2783
1176.1107	2714.7778
1177.276	2675.3486
1178.4414	2669.4143
1179.6067	2677.9255
1180.772	2736.4934
1181.9374	2784.6926
1183.1027	2781.5308
1184.2681	2788.0293
1185.4333	2879.0471
1186.5986	2826.8311
1187.764	2876.7412
1188.9293	2889.2507
1190.0947	2795.2422
1191.26	2841.1189
1192.4253	2872.5139
1193.5907	2899.0923
1194.756	2949.7712
1195.9214	2954.1384
1197.0867	2948.5593
1198.252	2950.1304
1199.4174	2981.6211
1200.5826	2977.6482
1201.748	2939.4226
1202.9133	2941.4807
1204.0786	2974.167
1205.244	2991.7163
1206.4093	2960.7922
1207.5747	2962.8931
1208.74	2988.5742
1209.9053	2975.9214
1211.0707	2899.7251
1212.236	2857.8792
1213.4014	2872.0293
1214.5667	2872.2185
1215.7319	2922.2625
1216.8973	2928.9526
1218.0626	2911.1641
1219.228	2894.5886
1220.3933	2926.3152
1221.5586	2948.4619
1222.724	2923.0283
1223.8893	2869.1028
1225.0546	2828.4788
1226.22	2843.179
1227.3853	2836.9402
1228.5507	2843.1667
1229.7159	2874.4998
1230.8812	2853.7954
1232.0466	2806.5732
1233.2119	2848.0967
1234.3773	2835.9497
1235.5426	2788.1887
1236.7079	2801.8054
1237.8733	2808.3862
1239.0386	2773.5869
1240.204	2776.376
1241.3693	2786.9456
1242.5345	2794.4734
1243.7	2792.3489
1244.8652	2807.7712
1246.0306	2828.6565
1247.1959	2826.0303
1248.3612	2844.3164
1249.5266	2827.3733
1250.6919	2852.0483
1251.8573	2900.8298
1253.0226	2939.4863
1254.1879	2936.5872
1255.3533	2930.8899
1256.5186	3020.7246
1257.684	3064.6641
1258.8492	3095.1563
1260.0145	3159.3269
1261.1799	3253.5012
1262.3452	3337.6379
1263.5106	3413.7742
1264.6759	3465.4065
1265.8412	3568.9807
1267.0066	3596.8999
1268.1719	3607.9075
1269.3372	3635.8291
1270.5026	3662.3484
1271.6678	3705.5308
1272.8333	3587.2278
1273.9985	3552.2302
1275.1638	3495.6626
1276.3292	3428.4775
1277.4945	3346.5137
1278.6599	3250.3025
1279.8252	3142.6216
1280.9905	3119.8049
1282.1559	3052.8931
1283.3212	2989.1384
1284.4866	2931.7397
1285.6519	2880.7241
1286.8171	2862.3738
1287.9825	2887.5417
1289.1478	2946.5725
1290.3132	2909.042
1291.4785	2894.314
1292.6438	2875.8003
1293.8092	2844.3721
1294.9745	2907.4431
1296.1399	2951.9739
1297.3052	2906.9866
1298.4705	2922.7048
1299.6359	2929.4473
1300.8011	3007.9866
1301.9666	3031.6118
1303.1318	3058.6389
1304.2971	3093.4019
1305.4625	3128.3362
1306.6278	3179.2559
1307.7932	3241.2749
1308.9585	3349.1028
1310.1238	3400.1064
1311.2892	3456.3513
1312.4545	3550.1858
1313.6198	3628.0032
1314.7852	3673.5791
1315.9504	3710.8928
1317.1158	3824.5583
1318.2811	3916.0156
1319.4464	3935.5103
1320.6118	4071.6868
1321.7771	4142.7778
1322.9425	4213.4819
1324.1078	4299.4561
1325.2731	4419.6201
1326.4385	4578.6885
1327.6038	4687.5835
1328.7692	4755.1533
1329.9344	4880.4204
1331.0997	5023.5962
1332.2651	5017.7285
1333.4304	5054.9502
1334.5958	5120.4282
1335.7611	5021.7065
1336.9264	4950.7373
1338.0918	4867.9214
1339.2571	4808.9858
1340.4225	4677.4849
1341.5878	4521.5142
1342.7531	4358.4854
1343.9185	4266.9063
1345.0837	4104.8369
1346.2491	3896.853
1347.4144	3758.4001
1348.5797	3668.6021
1349.7451	3564.7251
1350.9104	3470.7837
1352.0758	3397.3428
1353.2411	3336.5491
1354.4064	3337.8196
1355.5718	3241.5217
1356.7371	3317.2927
1357.9023	3301.3669
1359.0677	3335.3301
1360.233	3431.4253
1361.3984	3486.6279
1362.5637	3514.6873
1363.729	3623.1357
1364.8944	3722.5706
1366.0597	3722.5374
1367.2251	3881.8311
1368.3904	3927.8259
1369.5557	4003.3833
1370.7211	4102.9653
1371.8864	4113.7832
1373.0518	4112.9268
1374.217	4064.7625
1375.3823	4007.9419
1376.5477	3977.2705
1377.713	3865.3826
1378.8784	3767.5103
1380.0437	3647.2813
1381.209	3515.0364
1382.3744	3383.2493
1383.5397	3317.8591
1384.7051	3234.2417
1385.8704	3192.2021
1387.0356	3072.5288
1388.201	3178.5388
1389.3663	3121.6638
1390.5317	3142.9746
1391.697	3171.0852
1392.8623	3189.2373
1394.0277	3222.2141
1395.193	3189.3352
1396.3584	3207.4575
1397.5237	3139.9802
1398.689	3162.5146
1399.8544	3054.1711
1401.0197	3017.3364
1402.1849	3003.5571
1403.3503	2918.4688
1404.5156	2806.4417
1405.681	2716.1458
1406.8463	2652.2354
1408.0116	2612.084
1409.177	2531.8774
1410.3423	2507.8533
1411.5077	2477.1321
1412.673	2422.2815
1413.8383	2402.3601
1415.0037	2409.4124
1416.1689	2382.8774
1417.3344	2367.4104
1418.4996	2367.5977
1419.6649	2394.7742
1420.8303	2377.9338
1421.9956	2377.1191
1423.161	2383.7622
1424.3263	2404.5435
1425.4916	2412.4756
1426.657	2419.3533
1427.8223	2447.1409
1428.9877	2472.4805
1430.153	2446.0745
1431.3182	2530.8811
1432.4836	2490.7739
1433.6489	2519.0146
1434.8143	2525.8696
1435.9796	2572.291
1437.1449	2545.3372
1438.3103	2574.7319
1439.4756	2569.615
1440.641	2594.3596
1441.8063	2620.9346
1442.9716	2653.5413
1444.137	2665.6172
1445.3022	2719.4456
1446.4675	2750.4556
1447.6329	2817.2188
1448.7982	2899.6191
1449.9636	3055.7742
1451.1289	3060.4414
1452.2942	3127.2009
1453.4596	3226.0435
1454.6249	3310.7686
1455.7903	3371.687
1456.9556	3397.5281
1458.1208	3352.1614
1459.2863	3297.3792
1460.4515	3298.3281
1461.6169	3194.0093
1462.7822	3179.2727
1463.9475	2984.6274
1465.1129	2941.4363
1466.2782	2821.3762
1467.4436	2760.05
1468.6089	2670.1638
1469.7742	2654.7847
1470.9396	2631.426
1472.1049	2552.1353
1473.2703	2495.2764
1474.4355	2481.8306
1475.6008	2472.7295
1476.7662	2455.1033
1477.9315	2414.303
1479.0969	2389.8801
1480.2622	2407.7285
1481.4275	2382.8364
1482.5929	2393.0251
1483.7582	2378.9197
1484.9236	2366.7244
1486.0889	2389.8127
1487.2542	2354.0496
1488.4196	2391.8821
1489.5848	2389.6924
1490.7501	2370.8572
1491.9155	2410.2717
1493.0808	2378.0847
1494.2462	2363.2441
1495.4115	2364.7007
1496.5768	2309.0054
1497.7422	2332.1946
1498.9075	2294.843
1500.0729	2359.0706
1501.2382	2333.9141
1502.4034	2302.2244
1503.5688	2288.6726
1504.7341	2279.0828
1505.8995	2291.4958
1507.0648	2272.3254
1508.2301	2262.5696
1509.3955	2246.2231
1510.5608	2273.2854
1511.7262	2259.5193
1512.8915	2256.9836
1514.0568	2248.2805
1515.2222	2258.3281
1516.3875	2276.9163
1517.5529	2143.0898
1518.7181	2213.5764
1519.8834	2198.8005
1521.0488	2158.7014
1522.2141	2205.8948
1523.3795	2214.2083
1524.5448	2215.0122
1525.7101	2220.6521
1526.8755	2216.2166
1528.0408	2216.9133
1529.2062	2215.5737
1530.3715	2223.7979
1531.5367	2225.4302
1532.7021	2259.5896
1533.8674	2262.2346
1535.0327	2222.5498
1536.1981	2204.3433
1537.3634	2253.7324
1538.5288	2211.7961
1539.6941	2327.5627
1540.8594	2321.4731
1542.0248	2389.0845
1543.1901	2420.7473
1544.3555	2441.635
1545.5208	2452.5708
1546.686	2502.3887
1547.8514	2490.8137
1549.0167	2463.7871
1550.1821	2456.7583
1551.3474	2438.2104
1552.5127	2403.572
1553.6781	2421.6404
1554.8434	2384.3533
1556.0088	2359.1101
1557.1741	2299.0244
1558.3394	2300.7732
1559.5048	2190.8586
1560.67	2255.3301
1561.8354	2265.2512
1563.0007	2197.178
1564.166	2202.8191
1565.3314	2149.6252
1566.4967	2151.4956
1567.6621	2163.6091
1568.8274	2172.8477
1569.9927	2176.041
1571.1581	2187.646
1572.3234	2200.3967
1573.4888	2162.8298
1574.6541	2178.8669
1575.8193	2172.3582
1576.9847	2167.7646
1578.15	2156.4587
1579.3153	2139.76
1580.4807	2187.5459
1581.646	2167.3821
1582.8114	2200.238
1583.9767	2178.5378
1585.142	2142.0962
1586.3074	2102.2258
1587.4727	2165.8096
1588.6381	2185.4526
1589.8033	2155.2185
1590.9686	2143.929
1592.134	2144.0085
1593.2993	2076.6641
1594.4647	2148.5183
1595.63	2049.6733
1596.7953	2069.188
1597.9607	2047.9282
1599.126	2061.4016
1600.2914	2111.1707
1601.4567	2093.0271
1602.6219	2043.9844
1603.7874	2067.467
1604.9526	2073.5593
1606.118	2136.217
1607.2833	2093.073
1608.4486	2129.7451
1609.614	2130.0442
1610.7793	2089.3433
1611.9447	2133.5608
1613.11	2159.0933
1614.2753	2141.3115
1615.4407	2178.1711
1616.606	2166.2434
1617.7714	2191.8618
1618.9366	2190.7534
1620.1019	2194.9375
1621.2673	2214.4419
1622.4326	2246.2239
1623.5979	2247.6074
1624.7633	2271.4207
1625.9286	2263.2515
1627.094	2249.8391
1628.2593	2252.4285
1629.4246	2257.385
1630.59	2250.5999
1631.7552	2267.3364
1632.9207	2216.3245
1634.0859	2224.8845
1635.2512	2207.0535
1636.4166	2140.1865
1637.5819	2174.8774
1638.7473	2187.884
1639.9126	2150.4739
1641.0779	2137.979
1642.2433	2117.4207
1643.4086	2123.6133
1644.574	2038.1438
1645.7393	2051.7439
1646.9045	2003.0546
1648.0699	2021.0869
1649.2352	2034.7732
1650.4006	2010.4166
1651.5659	1986.2361
1652.7312	1959.5388
1653.8966	1996.5898
1655.0619	1926.6621
1656.2273	1955.8218
1657.3926	1936.402
1658.5579	1856.1223
1659.7233	1894.55
1660.8885	1919.0271
1662.054	1916.9207
1663.2192	1912.6854
1664.3845	1920.9207
1665.5499	1942.6899
1666.7152	1889.98
1667.8805	1863.5911
1669.0459	1845.1276
1670.2112	1850.105
1671.3766	1837.7936
1672.5419	1847.3044
1673.7072	1864.0353
1674.8726	1845.6394
1676.0378	1865.7606
1677.2032	1848.2041
1678.3685	1826.7079
1679.5338	1847.1772
1680.6992	1841.8665
1681.8645	1856.2827
1683.0299	1811.9563
1684.1952	1863.7142
1685.3605	1834.3689
1686.5259	1843.6871
1687.6912	1769.7983
1688.8566	1827.3552
1690.0219	1835.3385
1691.1871	1836.2794
1692.3525	1829.8295
1693.5178	1834.6909
1694.6832	1802.0812
1695.8485	1756.4879
1697.0138	1773.2003
1698.1792	1761.7518
1699.3445	1753.2858
1700.5099	1785.0636
1701.6752	1805.3387
1702.8405	1806.2584
1704.0059	1796.6381
1705.1711	1802.5933
1706.3365	1809.98
1707.5018	1789.6194
1708.6671	1736.4976
1709.8325	1784.3521
1710.9978	1788.2072
1712.1631	1816.0178
1713.3285	1806.4714
1714.4938	1710.699
1715.6592	1743.6263
1716.8245	1760.8397
1717.9897	1769.2015
1719.1552	1771.7769
1720.3204	1755.395
1721.4858	1798.0726
1722.6511	1754.3207
1723.8164	1746.8792
1724.9818	1759.9664
1726.1471	1772.9951
1727.3125	1732.1637
1728.4778	1707.6838
1729.6431	1741.0228
1730.8085	1731.6544
1731.9738	1762.5834
1733.1392	1769.9142
1734.3044	1702.0758
1735.4697	1701.8909
1736.6351	1696.5861
1737.8004	1706.4641
1738.9658	1770.6801
1740.1311	1747.4141
1741.2964	1760.3219
1742.4618	1732.5455
1743.6271	1711.658
1744.7925	1697.2178
1745.9578	1701.0262
1747.123	1704.3535
1748.2885	1731.3073
1749.4537	1728.3998
1750.6191	1739.1895
1751.7844	1705.8667
1752.9497	1677.5079
1754.1151	1688.7328
1755.2804	1681.6953
1756.4457	1658.3665
1757.6111	1675.1929
1758.7764	1699.0925
1759.9418	1676.2574
1761.1071	1696.5129
1762.2723	1676.8688
1763.4377	1676.8212
1764.603	1722.4049
1765.7684	1747.7954
1766.9337	1698.2917
1768.099	1702.9017
1769.2644	1699.2006
1770.4297	1671.2975
1771.5951	1695.4838
1772.7604	1646.4993
1773.9257	1652.9413
1775.0911	1652.8007
1776.2563	1663.3119
1777.4218	1624.8022
1778.587	1642.3254
1779.7523	1657.3118
1780.9177	1612.0775
1782.083	1628.259
1783.2484	1625.1742
1784.4137	1647.269
1785.579	1641.0585
1786.7444	1629.3787
1787.9097	1612.5059
1789.0751	1610.3073
1790.2404	1565.5477
1791.4056	1615.7695
1792.571	1545.7084
1793.7363	1587.9507
1794.9017	1583.2965
1796.067	1530.4825
1797.2323	1564.5663
1798.3977	1551.2977
1799.563	1547.1454
1800.7283	1558.7517
1801.8937	1568.3933
1803.059	1634.6461
1804.2244	1560.6052
1805.3896	1538.1654
1806.5549	1530.9005
1807.7203	1597.1288
1808.8856	1548.827
1810.051	1506.3418
1811.2163	1587.7009
1812.3816	1567.4524
1813.547	1560.7235
1814.7123	1533.3196
1815.8777	1561.7936
1817.043	1574.9486
1818.2083	1546.207
1819.3737	1552.2266
1820.5389	1598.7563
1821.7043	1618.2651
1822.8696	1527.7045
1824.0349	1582.7444
1825.2003	1547.8809
1826.3656	1533.6763
1827.531	1590.4443
1828.6963	1587.8446
1829.8616	1567.4155
1831.027	1571.4089
1832.1923	1595.5554
1833.3577	1574.1945
1834.5229	1567.856
1835.6882	1606.4517
1836.8536	1602.1919
1838.0189	1511.3806
1839.1843	1567.6116
1840.3496	1551.2064
1841.5149	1542.1995
1842.6803	1565.536
1843.8456	1562.0736
1845.0109	1562.5042
1846.1763	1541.1332
1847.3416	1564.4247
1848.507	1538.6202
1849.6722	1535.651
1850.8375	1528.3467
1852.0029	1503.2701
1853.1682	1514.8301
1854.3336	1498.349
1855.4989	1506.9922
1856.6642	1480.6743
1857.8296	1438.8224
1858.9949	1456.4719
1860.1603	1563.0579
1861.3256	1506.7969
1862.4908	1537.4792
1863.6563	1510.5382
1864.8215	1529.1406
1865.9869	1531.5177
1867.1522	1505.5848
1868.3175	1491.9393
1869.4829	1550.767
1870.6482	1487.3226
1871.8136	1480.5334
1872.9789	1531.9657
1874.1442	1502.4531
1875.3096	1509.6058
1876.4749	1504.3027
1877.6403	1431.6412
1878.8055	1539.8362
1879.9708	1483.9297
1881.1362	1480.6251
1882.3015	1491.7847
1883.4669	1478.0078
1884.6322	1459.783
1885.7975	1541.5602
1886.9629	1513.4797
1888.1282	1470.1298
1889.2935	1459.9858
1890.4589	1455.6698
1891.6241	1457.8885
1892.7896	1466.6576
1893.9548	1427.0696
1895.1201	1395.866
1896.2855	1396.7917
1897.4508	1403.3507
1898.6162	1399.875
1899.7815	1368.2386
1900.9468	1366.1068
1902.1122	1392.6874
1903.2775	1362.2753
1904.4429	1382.1051
1905.6082	1392.9083
1906.7734	1378.7222
1907.9388	1382.1226
1909.1041	1344.6492
1910.2695	1371.4015
1911.4348	1378.0635
1912.6001	1426.9087
1913.7655	1365.0444
1914.9308	1364.7839
1916.0962	1356.9908
1917.2615	1385.9586
1918.4268	1396.2933
1919.5922	1403.9454
1920.7574	1361.7548
1921.9229	1325.7167
1923.0881	1382.9409
1924.2534	1358.8126
1925.4188	1375.9481
1926.5841	1396.6191
1927.7495	1403.5187
1928.9148	1405.7333
1930.0801	1393.2402
1931.2455	1367.2323
1932.4108	1364.4116
1933.576	1360.0601
1934.7415	1373.7684
1935.9067	1366.814
1937.0721	1350.4829
1938.2374	1335.3333
1939.4027	1355.3588
1940.5681	1339.1289
1941.7334	1345.21
1942.8988	1330.1506
1944.0641	1313.4879
1945.2294	1324.8729
1946.3948	1355.6064
1947.5601	1318.033
1948.7255	1320.3232
1949.8907	1314.9783
1951.056	1369.7848
1952.2214	1352.4456
1953.3867	1296.7045
1954.5521	1320.0156
1955.7174	1303.3024
1956.8827	1303.524
1958.0481	1291.137
1959.2134	1286.3663
1960.3788	1249.3354
1961.5441	1303.7281
1962.7094	1286.2958
1963.8748	1287.9817
1965.04	1304.469
1966.2054	1298.7903
1967.3707	1273.449
1968.536	1316.0519
1969.7014	1317.9875
1970.8667	1301.1394
1972.0321	1297.6649
1973.1974	1296.4958
1974.3627	1359.5304
1975.5281	1386.657
1976.6934	1262.1782
1977.8586	1339.9996
1979.024	1270.6399
1980.1893	1293.0551
1981.3547	1313.4885
1982.52	1307.1307
1983.6853	1274.2424
1984.8507	1283.4139
1986.016	1277.8937
1987.1814	1263.548
1988.3467	1249.6462
1989.512	1330.5236
1990.6774	1296.1172
1991.8427	1247.3618
1993.0081	1262.9004
1994.1733	1280.3936
1995.3386	1268.5465
1996.504	1236.1313
1997.6693	1279.1063
1998.8347	1206.3153
2000	1223.0175
