400	2711.5371
401.16534	2745.8411
402.33066	2729.634
403.496	2705.229
404.66132	2707.2009
405.82666	2729.9265
406.99197	2729.1567
408.15732	2659.8044
409.32266	2709.6101
410.48798	2735.6951
411.65332	2660.605
412.81863	2633.3801
413.98398	2650.1201
415.14932	2623.9631
416.31464	2568.9832
417.47998	2607.7292
418.64529	2695.3147
419.81064	2692.698
420.97595	2631.5974
422.1413	2600.0901
423.30664	2627.0166
424.47195	2634.0073
425.6373	2606.418
426.80261	2640.969
427.96796	2632.0151
429.13327	2596.366
430.29861	2589.1758
431.46396	2596.7253
432.62927	2557.6951
433.79462	2595.6804
434.95993	2566.9082
436.12527	2623.8506
437.29062	2573.4263
438.45593	2522.6777
439.62128	2530.343
440.78659	2537.2156
441.95193	2526.7712
443.11725	2589.0247
444.28259	2569.1414
445.44794	2521.1726
446.61325	2502.9729
447.77859	2527.5659
448.94391	2542.449
450.10925	2478.6021
451.27457	2502.8435
452.43991	2489.981
453.60526	2489.0723
454.77057	2479.4236
455.93591	2477.7644
457.10123	2466.166
458.26657	2438.5745
459.43192	2562.3604
460.59723	2425.3608
461.76257	2453.4426
462.92789	2521.7332
464.09323	2528.8879
465.25854	2481.7515
466.42389	2456.5513
467.58923	2502.4849
468.75455	2533.741
469.91989	2535.8337
471.08521	2498.793
472.25055	2456.1746
473.41586	2448.3191
474.58121	2464.3096
475.74655	2458.5688
476.91187	2432.9871
478.07721	2505.2112
479.24252	2459.9919
480.40787	2430.8682
481.57321	2425.1133
482.73853	2408.6523
483.90387	2388.0054
485.06918	2408.5454
486.23453	2418.2017
487.39984	2433.8884
488.56519	2411.1072
489.73053	2381.0999
490.89584	2303.8281
492.06119	2260.0671
493.2265	2300.3511
494.39185	2318.3201
495.55716	2351.4802
496.7225	2373.4783
497.88785	2350.644
499.05316	2327.0884
500.21851	2334.2483
501.38382	2326
502.54916	2276.6501
503.71451	2278.4214
504.87982	2335.2283
506.04517	2357.3252
507.21048	2355.2305
508.37582	2298.7932
509.54114	2300.0959
510.70648	2344.0354
511.87183	2344.2393
513.03717	2329.8091
514.20245	2254.5337
515.3678	2241.8481
516.53314	2252.9985
517.69849	2296.2805
518.86383	2346.179
520.02911	2388.7605
521.19446	2400.0906
522.3598	2341.3855
523.52515	2361.5479
524.69043	2400.5718
525.85577	2317.3733
527.02112	2333.957
528.18646	2336.1123
529.35181	2294.2412
530.51709	2269.0947
531.68243	2250.9106
532.84778	2229.0422
534.01312	2252.7686
535.17847	2194.5457
536.34375	2257.8914
537.50909	2315.8545
538.67444	2283.625
539.83978	2207.4417
541.00513	2185.8328
542.17041	2232.3965
543.33575	2191.9121
544.5011	2230.9426
545.66644	2230.5212
546.83173	2256.1135
547.99707	2198.5271
549.16241	2125.3154
550.32776	2203.1497
551.4931	2224.8135
552.65839	2189.5562
553.82373	2223.3931
554.98907	2181.4592
556.15442	2189.7502
557.31976	2200.2935
558.48505	2205.0657
559.65039	2226.0266
560.81573	2220.4114
561.98108	2172.4131
563.14642	2264.3059
564.31171	2162.2156
565.47705	2189.1504
566.6424	2209.925
567.80774	2191.0723
568.97302	2158.1294
570.13837	2129.8354
571.30371	2152.5654
572.46906	2109.3015
573.6344	2182.7539
574.79968	2140.8733
575.96503	2169.3372
577.13037	2155.6497
578.29572	2147.8672
579.46106	2164.321
580.62634	2091.9392
581.79169	2123.4714
582.95703	2200.6611
584.12238	2164.1699
585.28772	2131.3804
586.453	2064.5183
587.61835	2063.6182
588.78369	2122.3076
589.94904	2133.752
591.11432	2082.7271
592.27966	2141.2603
593.44501	2121.791
594.61035	2074.585
595.7757	2079.8181
596.94098	2094.0989
598.10632	2050.8687
599.27167	2016.2874
600.43701	2056.1777
601.60236	2077.2878
602.76764	2040.2332
603.93298	2028.7363
605.09833	2062.1917
606.26367	2038.8107
607.42902	2042.121
608.5943	2091.5952
609.75964	2109.7983
610.92499	2069.9668
612.09033	2072.6082
613.25562	2126.9971
614.42096	2034.3932
615.5863	2090.9771
616.75165	2038.9629
617.91699	2065.2043
619.08228	2081.3831
620.24762	2092.8267
621.41296	2105.9397
622.57831	2060.8467
623.74365	2132.0605
624.90894	2099.9949
626.07428	2093.0015
627.23962	2050.3743
628.40497	2122.6599
629.57031	2144.2332
630.7356	2124.7671
631.90094	2105.3313
633.06628	2080.3201
634.23163	2136.7825
635.39691	2181.4712
636.56226	2175.2734
637.7276	2183.6079
638.89294	2185.0901
640.05829	2189.0466
641.22357	2190.4443
642.38892	2187.0447
643.55426	2180.0615
644.7196	2182.2961
645.88495	2235.9446
647.05023	2221.6577
648.21558	2257.0667
649.38092	2203.21
650.54626	2242.0347
651.71161	2257.0188
652.87689	2225.4128
654.04224	2210.6907
655.20758	2234.6123
656.37292	2234.8579
657.53821	2147.5876
658.70355	2245.5564
659.8689	2188.1101
661.03424	2168.8254
662.19958	2149.2874
663.36487	2163.1531
664.53021	2180.9187
665.69556	2138.8767
666.8609	2063.1262
668.02625	2062.4011
669.19153	2041.6333
670.35687	1985.0048
671.52222	2068.8481
672.68756	2037.6349
673.85291	2006.8741
675.01819	2046.1344
676.18353	2045.6964
677.34888	2016.6517
678.51422	2058.4187
679.6795	2078.4082
680.84485	2069.7107
682.01019	2077.8979
683.17554	2046.4016
684.34088	2036.0314
685.50616	1960.9504
686.67151	1980.5006
687.83685	2023.0632
689.0022	2045.9805
690.16754	2065.8064
691.33282	2023.5308
692.49817	2025.9598
693.66351	2016.9858
694.82886	1998.1219
695.9942	1944.6713
697.15948	1964.6633
698.32483	2003.3044
699.49017	1949.3527
700.65552	1932.9854
701.8208	1992.1531
702.98615	1959.6365
704.15149	1913.0505
705.31683	1984.3763
706.48218	1999.8547
707.64746	2005.8752
708.81281	1984.5713
709.97815	1991.9902
711.14349	1980.3573
712.30884	1964.5502
713.47412	1996.8055
714.63947	2021.6821
715.80481	1967.7383
716.97015	2010.307
718.1355	2003.4255
719.30078	2007.1262
720.46613	2020.9539
721.63147	2041.5844
722.79681	2097.2185
723.9621	2119.7971
725.12744	2125.8857
726.29279	2166.376
727.45813	2216.4514
728.62347	2239.9377
729.78876	2334.0085
730.9541	2419.4182
732.11945	2551.5925
733.28479	2735.6816
734.45013	2824.2192
735.61542	2954.1614
736.78076	2991.9944
737.94611	2963.0564
739.11145	2950.4194
740.27679	2924.9014
741.44208	2853.0901
742.60742	2823.124
743.77277	2691.9136
744.93811	2630.8496
746.10339	2465.4956
747.26874	2375.5068
748.43408	2318.3079
749.59943	2216.0847
750.76477	2130.3533
751.93005	2085.9229
753.0954	2048.3325
754.26074	2021.5277
755.42609	2033.1931
756.59143	2012.5922
757.75671	1987.9778
758.92206	1964.2493
760.0874	2019.0671
761.25275	1945.6906
762.41809	1962.6393
763.58337	1989.7279
764.74872	1982.0562
765.91406	1970.0486
767.07941	1963.121
768.24469	1947.252
769.41003	1944.7405
770.57538	1971.215
771.74072	1987.5071
772.90607	1940.7891
774.07135	1925.5784
775.23669	1949.0024
776.40204	1920.8622
777.56738	1935.0464
778.73273	1951.63
779.89801	1952.8386
781.06335	1944.5079
782.2287	1918.7284
783.39404	1931.8995
784.55939	2010.5994
785.72467	2033.2157
786.89001	1964.2754
788.05536	1931.4178
789.2207	1949.7701
790.38599	1928.7959
791.55133	1945.4214
792.71667	1960.5795
793.88202	1948.0986
795.04736	1945.2148
796.21265	1955.2465
797.37799	1922.1096
798.54333	1862.4795
799.70868	1892.4464
800.87402	1867.3624
802.03931	1890.4902
803.20465	1941.9272
804.37	1888.5818
805.53534	1911.4131
806.70068	1906.4445
807.86597	1898.395
809.03131	1906.3022
810.19666	1908.5884
811.362	1899.2094
812.52728	1888.6609
813.69263	1889.2751
814.85797	1850.2078
816.02332	1872.9701
817.18866	1875.8108
818.35394	1889.0858
819.51929	1870.4358
820.68463	1855.809
821.84998	1871.641
823.01532	1889.1804
824.1806	1882.9067
825.34595	1891.4221
826.51129	1887.5739
827.67664	1835.5907
828.84198	1858.927
830.00726	1910.108
831.17261	1980.1479
832.33795	1908.7755
833.5033	1813.646
834.66858	1816.7816
835.83392	1835.2455
836.99927	1859.011
838.16461	1856.4865
839.32996	1840.2046
840.49524	1817.2225
841.66058	1837.142
842.82593	1868.4503
843.99127	1823.1627
845.15662	1802.2582
846.3219	1829.8287
847.48724	1913.0256
848.65259	1888.9042
849.81793	1924.0106
850.98328	1885.8096
852.14856	1843.5313
853.3139	1922.4546
854.47925	1924.6047
855.64459	1923.4664
856.80988	1907.498
857.97522	1841.6564
859.14056	1818.4364
860.30591	1868.5769
861.47125	1888.877
862.63654	1910.8365
863.80188	1938.7856
864.96722	1852.1454
866.13257	1906.3678
867.29791	1920.5657
868.4632	1859.5232
869.62854	1865.8506
870.79388	1866.7719
871.95923	1920.6313
873.12457	1916.9264
874.28986	1940.6899
875.4552	1934.0364
876.62054	1893.9136
877.78589	1929.8313
878.95117	1924.9623
880.11652	1909.3737
881.28186	1859.9261
882.4472	1848.3776
883.61255	1943.7395
884.77783	1927.8837
885.94318	1978.5486
887.10852	1941.2915
888.27386	1941.5314
889.43921	1921.7332
890.60449	1885.5393
891.76984	1887.6874
892.93518	1897.2975
894.10052	1902.595
895.26587	1939.3806
896.43115	1934.9091
897.5965	1846.29
898.76184	1870.9369
899.92719	1870.6127
901.09247	1958.3091
902.25781	1851.264
903.42316	1811.8669
904.5885	1825.1609
905.75385	1872.0852
906.91913	1843.1532
908.08447	1898.6938
909.24982	1879.2821
910.41516	1875.031
911.58051	1831.7375
912.74579	1816.6294
913.91113	1853.7704
915.07648	1840.6293
916.24182	1822.3019
917.40717	1846.1794
918.57245	1862.5087
919.73779	1852.3341
920.90314	1876.2218
922.06848	1890.3152
923.23376	1817.7389
924.39911	1880.5116
925.56445	1849.6693
926.7298	1855.1772
927.89514	1888.6746
929.06042	1891.8291
930.22577	1924.9651
931.39111	1955.6998
932.55646	1939.683
933.7218	1911.6516
934.88708	1909.0453
936.05243	1914.2693
937.21777	1918.0117
938.38312	1938.6422
939.54846	1935.7614
940.71375	1907.2748
941.87909	1934.3988
943.04443	1886.0229
944.20978	1882.3026
945.37506	1899.973
946.54041	1888.1965
947.70575	1878.1736
948.87109	1858.6957
950.03644	1832.615
951.20172	1829.9965
952.36707	1838.2699
953.53241	1850.8517
954.69775	1822.679
955.8631	1829.556
957.02838	1892.8704
958.19373	1890.9432
959.35907	1838.4124
960.52441	1832.2813
961.68976	1847.2863
962.85504	1844.6311
964.02039	1870.9594
965.18573	1908.9282
966.35107	1955.7346
967.51636	1918.6816
968.6817	1841.9679
969.84705	1866.2964
971.01239	1832.743
972.17773	1874.6604
973.34302	1897.6714
974.50836	1853.0741
975.67371	1851.4091
976.83905	1909.1101
978.00439	1923.243
979.16968	1912.6978
980.33502	1896.5825
981.50037	1886.7297
982.66571	1884.6837
983.83105	1853.95
984.99634	1877.4207
986.16168	1859.52
987.32703	1862.4177
988.49237	1892.1771
989.65765	1883.4041
990.823	1896.2318
991.98834	1815.0566
993.15369	1909.5608
994.31903	1861.2556
995.48431	1812.7628
996.64966	1773.2445
997.815	1817.0801
998.98035	1869.0116
1000.1457	1820.4977
1001.311	1813.0958
1002.4763	1797.905
1003.6417	1802.6775
1004.807	1811.8425
1005.9724	1836.3461
1007.1376	1834.1887
1008.303	1782.4352
1009.4683	1779.7305
1010.6337	1798.3107
1011.799	1801.0939
1012.9643	1795.887
1014.1296	1789.6139
1015.295	1817.2136
1016.4603	1746.2493
1017.6256	1769.0342
1018.791	1786.9991
1019.9563	1775.6722
1021.1216	1824.7587
1022.287	1749.9357
1023.4523	1780.1012
1024.6177	1817.0547
1025.783	1784.0067
1026.9482	1763.3743
1028.1136	1799.6964
1029.2789	1737.4012
1030.4443	1744.4121
1031.6096	1780.1833
1032.7749	1772.866
1033.9403	1776.2078
1035.1056	1763.2648
1036.271	1754.7705
1037.4363	1763.6084
1038.6016	1741.4528
1039.767	1736.6505
1040.9323	1767.8081
1042.0977	1782.2234
1043.2629	1763.2744
1044.4282	1734.4188
1045.5936	1730.7195
1046.7589	1703.2433
1047.9242	1676.2317
1049.0896	1696.4675
1050.2549	1694.5612
1051.4203	1773.6995
1052.5856	1716.7526
1053.7509	1688.6
1054.9163	1681.0529
1056.0815	1726.3612
1057.2469	1732.5546
1058.4122	1703.616
1059.5775	1718.6444
1060.7429	1776.2001
1061.9082	1791.2184
1063.0736	1773.3568
1064.2389	1718.1227
1065.4042	1727.394
1066.5696	1675.165
1067.7349	1675.7008
1068.9003	1736.1711
1070.0656	1754.1777
1071.2308	1734.1471
1072.3962	1719.0205
1073.5615	1716.5691
1074.7269	1732.6433
1075.8922	1738.2939
1077.0575	1706.4697
1078.2229	1721.1382
1079.3882	1720.0859
1080.5536	1728.5737
1081.7189	1774.1982
1082.8842	1731.9384
1084.0496	1776.2209
1085.2148	1760.8441
1086.3802	1684.4683
1087.5455	1726.6587
1088.7108	1682.3108
1089.8762	1751.4939
1091.0415	1730.7104
1092.2068	1694.7271
1093.3722	1726.8767
1094.5375	1707.9091
1095.7029	1681.9641
1096.8682	1717.6757
1098.0334	1730.7544
1099.1989	1709.1649
1100.3641	1757.9287
1101.5295	1706.7421
1102.6948	1720.8191
1103.8601	1687.1588
1105.0255	1655.158
1106.1908	1686.6796
1107.3562	1703.2365
1108.5215	1716.1904
1109.6868	1709.2632
1110.8522	1665.9675
1112.0175	1671.7761
1113.1829	1698.3353
1114.3481	1702.848
1115.5134	1704.67
1116.6788	1709.6307
1117.8441	1675.0322
1119.0095	1666.1617
1120.1748	1686.4193
1121.3401	1663.3762
1122.5055	1677.7937
1123.6708	1679.1306
1124.8362	1662.6331
1126.0015	1718.2241
1127.1667	1700.2142
1128.3322	1675.8843
1129.4974	1684.5306
1130.6628	1676.9888
1131.8281	1710.3313
1132.9934	1718.821
1134.1588	1689.37
1135.3241	1712.233
1136.4894	1753.4491
1137.6548	1729.0807
1138.8201	1668.9495
1139.9855	1673.0844
1141.1508	1687.7778
1142.316	1758.7814
1143.4814	1694.7179
1144.6467	1653.72
1145.8121	1667.1639
1146.9774	1657.8843
1148.1427	1685.3468
1149.3081	1704.4172
1150.4734	1637.4709
1151.6388	1655.6825
1152.8041	1655.1835
1153.9694	1674.2223
1155.1348	1665.9152
1156.3	1628.427
1157.4655	1592.665
1158.6307	1649.5536
1159.796	1660.9661
1160.9614	1656.3884
1162.1267	1659.1149
1163.2921	1636.0542
1164.4574	1661.0253
1165.6227	1665.2349
1166.7881	1616.285
1167.9534	1659.3811
1169.1188	1615.5037
1170.2841	1683.3679
1171.4493	1632.059
1172.6147	1628.1968
1173.78	1640.3167
1174.9454	1679.9706
1176.1107	1640.4441
1177.276	1639.1904
1178.4414	1660.0656
1179.6067	1644.7186
1180.772	1664.0287
1181.9374	1657.0522
1183.1027	1678.8217
1184.2681	1681.9865
1185.4333	1632.6781
1186.5986	1652.9054
1187.764	1703.0857
1188.9293	1669.3762
1190.0947	1663.2291
1191.26	1663.3181
1192.4253	1653.5708
1193.5907	1637.2974
1194.756	1684.6382
1195.9214	1640.0641
1197.0867	1619.3029
1198.252	1619.3628
1199.4174	1628.811
1200.5826	1652.8496
1201.748	1689.1935
1202.9133	1691.4231
1204.0786	1649.4281
1205.244	1655.8602
1206.4093	1674.8961
1207.5747	1630.1045
1208.74	1643.3225
1209.9053	1668.4274
1211.0707	1670.0472
1212.236	1691.5708
1213.4014	1716.7799
1214.5667	1669.7732
1215.7319	1645.6145
1216.8973	1648.0471
1218.0626	1657.8718
1219.228	1683.8533
1220.3933	1701.1451
1221.5586	1686.0015
1222.724	1626.889
1223.8893	1624.3486
1225.0546	1639.3076
1226.22	1635.7452
1227.3853	1670.2133
1228.5507	1682.9064
1229.7159	1678.1958
1230.8812	1658.7773
1232.0466	1626.832
1233.2119	1626.5792
1234.3773	1609.9443
1235.5426	1641.8602
1236.7079	1649.5718
1237.8733	1601.4474
1239.0386	1612.2141
1240.204	1607.937
1241.3693	1587.0992
1242.5345	1588.3898
1243.7	1553.0706
1244.8652	1585.2332
1246.0306	1615.9412
1247.1959	1622.7101
1248.3612	1622.5129
1249.5266	1651.9518
1250.6919	1656.6697
1251.8573	1643.4338
1253.0226	1627.5393
1254.1879	1631.757
1255.3533	1615.0551
1256.5186	1596.9747
1257.684	1639.0476
1258.8492	1652.7947
1260.0145	1639.4125
1261.1799	1650.8613
1262.3452	1651.3352
1263.5106	1675.4846
1264.6759	1639.1786
1265.8412	1673.4186
1267.0066	1664.9518
1268.1719	1706.7709
1269.3372	1735.6995
1270.5026	1722.826
1271.6678	1738.6482
1272.8333	1741.1002
1273.9985	1765.4948
1275.1638	1791.4413
1276.3292	1773.9584
1277.4945	1758.7302
1278.6599	1746.6981
1279.8252	1741.6036
1280.9905	1696.5334
1282.1559	1692.8512
1283.3212	1732.5137
1284.4866	1693.218
1285.6519	1657.452
1286.8171	1671.3137
1287.9825	1631.3416
1289.1478	1649.7714
1290.3132	1657.413
1291.4785	1648.9213
1292.6438	1645.9408
1293.8092	1646.0907
1294.9745	1668.9391
1296.1399	1587.0024
1297.3052	1601.3633
1298.4705	1621.8171
1299.6359	1654.1931
1300.8011	1629.8158
1301.9666	1670.6124
1303.1318	1615.3524
1304.2971	1593.3563
1305.4625	1600.2573
1306.6278	1649.0906
1307.7932	1627.9346
1308.9585	1706.6704
1310.1238	1702.4873
1311.2892	1676.5603
1312.4545	1636.4746
1313.6198	1643.3745
1314.7852	1662.5989
1315.9504	1619.9832
1317.1158	1653.022
1318.2811	1702.5114
1319.4464	1671.7308
1320.6118	1680.1705
1321.7771	1650.2123
1322.9425	1670.8281
1324.1078	1649.6674
1325.2731	1673.0684
1326.4385	1702.7834
1327.6038	1711.1582
1328.7692	1716.0505
1329.9344	1735.9976
1331.0997	1748.1891
1332.2651	1727.4449
1333.4304	1746.3414
1334.5958	1759.635
1335.7611	1790.9904
1336.9264	1777.1901
1338.0918	1731.5311
1339.2571	1780.8234
1340.4225	1763.951
1341.5878	1798.2437
1342.7531	1774.1429
1343.9185	1757.9771
1345.0837	1748.1884
1346.2491	1747.9691
1347.4144	1720.7106
1348.5797	1698.4186
1349.7451	1645.4412
1350.9104	1659.455
1352.0758	1649.9763
1353.2411	1654.2732
1354.4064	1628.0665
1355.5718	1614.5645
1356.7371	1621.9027
1357.9023	1602.1964
1359.0677	1571.8293
1360.233	1614.1328
1361.3984	1595.3246
1362.5637	1604.6403
1363.729	1557.3333
1364.8944	1609.6718
1366.0597	1611.7366
1367.2251	1658.1978
1368.3904	1599.9351
1369.5557	1566.1863
1370.7211	1554.7843
1371.8864	1588.8499
1373.0518	1607.5378
1374.217	1639.2069
1375.3823	1635.8594
1376.5477	1656.4131
1377.713	1672.3973
1378.8784	1600.1084
1380.0437	1584.9874
1381.209	1603.6573
1382.3744	1578.5854
1383.5397	1576.8898
1384.7051	1576.573
1385.8704	1604.627
1387.0356	1555.8163
1388.201	1535.7205
1389.3663	1534.7118
1390.5317	1518.8163
1391.697	1506.0757
1392.8623	1512.1561
1394.0277	1522.3429
1395.193	1551.8518
1396.3584	1549.1573
1397.5237	1531.9958
1398.689	1523.2538
1399.8544	1539.479
1401.0197	1516.7645
1402.1849	1568.9349
1403.3503	1561.6014
1404.5156	1507.6677
1405.681	1486.4442
1406.8463	1493.8976
1408.0116	1488.5854
1409.177	1494.9043
1410.3423	1485.9955
1411.5077	1473.653
1412.673	1467.3879
1413.8383	1471.1304
1415.0037	1458.3259
1416.1689	1449.7704
1417.3344	1458.1802
1418.4996	1463.4078
1419.6649	1468.3647
1420.8303	1427.8944
1421.9956	1434.5845
1423.161	1468.4011
1424.3263	1399.0553
1425.4916	1448.2437
1426.657	1416.4592
1427.8223	1449.8875
1428.9877	1447.9287
1430.153	1451.9827
1431.3182	1449.5057
1432.4836	1454.2076
1433.6489	1502.8173
1434.8143	1456.1323
1435.9796	1459.2745
1437.1449	1471.611
1438.3103	1458.236
1439.4756	1447.6803
1440.641	1454.5005
1441.8063	1473.9385
1442.9716	1471.3712
1444.137	1465.8884
1445.3022	1479.4573
1446.4675	1471.0354
1447.6329	1453.2177
1448.7982	1466.5215
1449.9636	1497.6024
1451.1289	1441.7345
1452.2942	1454.2079
1453.4596	1462.1224
1454.6249	1488.8622
1455.7903	1524.7532
1456.9556	1480.5826
1458.1208	1508.1804
1459.2863	1502.1611
1460.4515	1493.0601
1461.6169	1528.7767
1462.7822	1535.8015
1463.9475	1522.0422
1465.1129	1512.4803
1466.2782	1517.0276
1467.4436	1477.7745
1468.6089	1489.0046
1469.7742	1489.936
1470.9396	1460.2369
1472.1049	1453.4543
1473.2703	1459.2021
1474.4355	1442.748
1475.6008	1413.6151
1476.7662	1404.1713
1477.9315	1389.7198
1479.0969	1391.5918
1480.2622	1352.0693
1481.4275	1433.2874
1482.5929	1382.1969
1483.7582	1382.7922
1484.9236	1398.5725
1486.0889	1335.4441
1487.2542	1343.6344
1488.4196	1414.1904
1489.5848	1396.9852
1490.7501	1390.0941
1491.9155	1401.8871
1493.0808	1401.9817
1494.2462	1385.9546
1495.4115	1360.6611
1496.5768	1332.4326
1497.7422	1349.5137
1498.9075	1396.1262
1500.0729	1350.8583
1501.2382	1350.4314
1502.4034	1382.9996
1503.5688	1398.4105
1504.7341	1407.6506
1505.8995	1344.0513
1507.0648	1346.8762
1508.2301	1378.3524
1509.3955	1365.6932
1510.5608	1354.9191
1511.7262	1378.0264
1512.8915	1379.7703
1514.0568	1347.0156
1515.2222	1369.5239
1516.3875	1401.5647
1517.5529	1378.5182
1518.7181	1361.3116
1519.8834	1315.9174
1521.0488	1324.3596
1522.2141	1350.6643
1523.3795	1336.0894
1524.5448	1352.8286
1525.7101	1377.0083
1526.8755	1332.17
1528.0408	1333.0884
1529.2062	1329.4098
1530.3715	1314.8188
1531.5367	1302.632
1532.7021	1313.9109
1533.8674	1297.2794
1535.0327	1332.5624
1536.1981	1357.7495
1537.3634	1295.3198
1538.5288	1268.2683
1539.6941	1306.3954
1540.8594	1341.871
1542.0248	1305.8762
1543.1901	1323.0234
1544.3555	1303.8396
1545.5208	1313.4292
1546.686	1340.2864
1547.8514	1327.02
1549.0167	1293.9603
1550.1821	1317.2593
1551.3474	1322.5751
1552.5127	1345.2548
1553.6781	1375.2129
1554.8434	1378.1503
1556.0088	1322.681
1557.1741	1350.7798
1558.3394	1307.9183
1559.5048	1340.1031
1560.67	1351.093
1561.8354	1305.1478
1563.0007	1267.9039
1564.166	1283.4844
1565.3314	1294.285
1566.4967	1262.6177
1567.6621	1260.1552
1568.8274	1238.0673
1569.9927	1293.4165
1571.1581	1313.9869
1572.3234	1297.4589
1573.4888	1262.0636
1574.6541	1331.6393
1575.8193	1264.896
1576.9847	1277.1915
1578.15	1296.0219
1579.3153	1238.1399
1580.4807	1269.803
1581.646	1254.1241
1582.8114	1240.9756
1583.9767	1233.7375
1585.142	1239.1213
1586.3074	1253.8781
1587.4727	1234.7697
1588.6381	1268.4742
1589.8033	1235.7629
1590.9686	1317.3188
1592.134	1287.4612
1593.2993	1239.9355
1594.4647	1224.4617
1595.63	1298.698
1596.7953	1219.925
1597.9607	1240.5319
1599.126	1207.0084
1600.2914	1234.9858
1601.4567	1223.2529
1602.6219	1174.7412
1603.7874	1177.9567
1604.9526	1212.3439
1606.118	1249.6274
1607.2833	1162.3269
1608.4486	1214.8014
1609.614	1200.6512
1610.7793	1195.9651
1611.9447	1213.1936
1613.11	1231.7379
1614.2753	1214.2006
1615.4407	1223.3761
1616.606	1220.506
1617.7714	1184.703
1618.9366	1194.2484
1620.1019	1220.9032
1621.2673	1199.1908
1622.4326	1194.8762
1623.5979	1199.7489
1624.7633	1188.5476
1625.9286	1195.6097
1627.094	1216.8699
1628.2593	1161.2246
1629.4246	1188.7307
1630.59	1206.3306
1631.7552	1183.4326
1632.9207	1195.2308
1634.0859	1207.0177
1635.2512	1199.5117
1636.4166	1174.3938
1637.5819	1204.0479
1638.7473	1207.9805
1639.9126	1161.2668
1641.0779	1179.4518
1642.2433	1189.9635
1643.4086	1195.007
1644.574	1220.7471
1645.7393	1241.1757
1646.9045	1214.0737
1648.0699	1179.6249
1649.2352	1173.1696
1650.4006	1153.9385
1651.5659	1148.594
1652.7312	1146.0355
1653.8966	1121.514
1655.0619	1096.1431
1656.2273	1144.4773
1657.3926	1209.4373
1658.5579	1160.4716
1659.7233	1124.0469
1660.8885	1115.5339
1662.054	1116.078
1663.2192	1121.0289
1664.3845	1110.8542
1665.5499	1129.7786
1666.7152	1121.7837
1667.8805	1077.908
1669.0459	1106.9452
1670.2112	1126.3962
1671.3766	1116.2091
1672.5419	1090.8967
1673.7072	1102.1307
1674.8726	1140.3936
1676.0378	1142.5715
1677.2032	1109.7477
1678.3685	1115.052
1679.5338	1118.2125
1680.6992	1137.8656
1681.8645	1111.2012
1683.0299	1095.8256
1684.1952	1121.6162
1685.3605	1094.0151
1686.5259	1127.0337
1687.6912	1159.3359
1688.8566	1054.101
1690.0219	1073.3079
1691.1871	1054.2428
1692.3525	1073.1156
1693.5178	1084.6445
1694.6832	1032.9178
1695.8485	1061.5422
1697.0138	1035.2617
1698.1792	1110.469
1699.3445	1028.3494
1700.5099	1062.9724
1701.6752	1102.9293
1702.8405	1091.9163
1704.0059	1099.28
1705.1711	1073.8583
1706.3365	1094.4674
1707.5018	1071.5719
1708.6671	1076.019
1709.8325	1074.7167
1710.9978	1049.5897
1712.1631	1044.8043
1713.3285	1033.3297
1714.4938	1035.2231
1715.6592	1050.8352
1716.8245	1076.3328
1717.9897	1081.2627
1719.1552	1031.9314
1720.3204	1103.4459
1721.4858	1032.0623
1722.6511	1061.1718
1723.8164	1054.5031
1724.9818	1066.8324
1726.1471	1029.7493
1727.3125	1051.8396
1728.4778	1055.9081
1729.6431	1045.0974
1730.8085	1034.7275
1731.9738	1024.7522
1733.1392	1000.8947
1734.3044	993.13086
1735.4697	998.08514
1736.6351	986.07861
1737.8004	1015.6894
1738.9658	1009.3948
1740.1311	1055.7281
1741.2964	1064.8766
1742.4618	1034.7135
1743.6271	1016.9948
1744.7925	1030.6049
1745.9578	1027.8297
1747.123	1025.2382
1748.2885	1046.6075
1749.4537	990.30219
1750.6191	1000.8432
1751.7844	991.81982
1752.9497	1037.3947
1754.1151	1021.3561
1755.2804	996.50708
1756.4457	1020.4686
1757.6111	1043.2982
1758.7764	1016.2692
1759.9418	1047.5685
1761.1071	1065.9757
1762.2723	1037.3314
1763.4377	1020.1882
1764.603	985.57813
1765.7684	992.41321
1766.9337	992.4021
1768.099	1013.6642
1769.2644	1025.9463
1770.4297	1009.9036
1771.5951	1022.0977
1772.7604	990.76147
1773.9257	1013.188
1775.0911	970.95416
1776.2563	1040.3845
1777.4218	1049.2324
1778.587	999.95575
1779.7523	953.8717
1780.9177	971.28436
1782.083	999.58728
1783.2484	1002.4245
1784.4137	980.06818
1785.579	985.88806
1786.7444	957.29816
1787.9097	944.70819
1789.0751	978.32123
1790.2404	928.33185
1791.4056	935.15204
1792.571	914.06134
1793.7363	931.80884
1794.9017	955.87152
1796.067	973.71045
1797.2323	905.16602
1798.3977	923.95862
1799.563	907.43628
1800.7283	888.11816
1801.8937	923.55017
1803.059	909.28381
1804.2244	909.99866
1805.3896	906.83563
1806.5549	944.78479
1807.7203	935.12244
1808.8856	943.67328
1810.051	936.44446
1811.2163	952.37598
1812.3816	874.00409
1813.547	906.48059
1814.7123	902.85559
1815.8777	896.24268
1817.043	894.55615
1818.2083	890.34338
1819.3737	931.79614
1820.5389	873.11877
1821.7043	889.63867
1822.8696	913.09912
1824.0349	935.35944
1825.2003	918.64423
1826.3656	933.90509
1827.531	924.5144
1828.6963	919.47101
1829.8616	935.33282
1831.027	940.31903
1832.1923	961.82819
1833.3577	969.4458
1834.5229	936.41504
1835.6882	919.41174
1836.8536	893.78809
1838.0189	917.78906
1839.1843	915.42145
1840.3496	872.43188
1841.5149	902.67743
1842.6803	905.38507
1843.8456	912.00684
1845.0109	874.3515
1846.1763	893.58185
1847.3416	923.27496
1848.507	932.58795
1849.6722	916.72223
1850.8375	902.89154
1852.0029	861.29657
1853.1682	871.802
1854.3336	899.8786
1855.4989	891.19055
1856.6642	839.12134
1857.8296	886.56964
1858.9949	842.23383
1860.1603	850.61304
1861.3256	839.07092
1862.4908	894.86658
1863.6563	876.09863
1864.8215	866.2901
1865.9869	887.25494
1867.1522	893.56348
1868.3175	871.05957
1869.4829	852.79688
1870.6482	896.29968
1871.8136	891.63019
1872.9789	860.38934
1874.1442	856.23975
1875.3096	852.27533
1876.4749	879.10187
1877.6403	877.01984
1878.8055	898.20526
1879.9708	893.86987
1881.1362	897.83765
1882.3015	881.41589
1883.4669	894.84467
1884.6322	865.08533
1885.7975	811.20721
1886.9629	844.70764
1888.1282	875.3736
1889.2935	832.47845
1890.4589	844.27136
1891.6241	848.63177
1892.7896	864.23859
1893.9548	867.19592
1895.1201	849.69659
1896.2855	791.1474
1897.4508	788.17267
1898.6162	809.79242
1899.7815	800.71088
1900.9468	803.90186
1902.1122	808.70599
1903.2775	772.48309
1904.4429	806.17609
1905.6082	777.74091
1906.7734	792.5567
1907.9388	780.66846
1909.1041	758.33893
1910.2695	796.0697
1911.4348	812.0918
1912.6001	762.75604
1913.7655	784.41644
1914.9308	769.11536
1916.0962	785.69269
1917.2615	801.67242
1918.4268	787.03052
1919.5922	760.4762
1920.7574	752.73218
1921.9229	790.03882
1923.0881	776.60382
1924.2534	769.56641
1925.4188	785.46417
1926.5841	789.70636
1927.7495	772.87524
1928.9148	813.71484
1930.0801	795.7757
1931.2455	796.62366
1932.4108	820.16467
1933.576	820.86383
1934.7415	795.26227
1935.9067	786.67578
1937.0721	811.39526
1938.2374	791.43695
1939.4027	784.81097
1940.5681	756.96326
1941.7334	805.57098
1942.8988	753.97009
1944.0641	777.83105
1945.2294	761.82135
1946.3948	770.74225
1947.5601	770.74799
1948.7255	776.49011
1949.8907	757.58441
1951.056	724.87854
1952.2214	752.49249
1953.3867	714.99017
1954.5521	717.0224
1955.7174	733.85181
1956.8827	706.89673
1958.0481	736.13086
1959.2134	719.5824
1960.3788	655.54736
1961.5441	725.27777
1962.7094	731.81036
1963.8748	700.42987
1965.04	744.74866
1966.2054	740.2561
1967.3707	724.45874
1968.536	695.73895
1969.7014	778.52637
1970.8667	751.94244
1972.0321	749.40088
1973.1974	731.4942
1974.3627	740.51813
1975.5281	717.04132
1976.6934	745.53418
1977.8586	769.58124
1979.024	734.83136
1980.1893	735.57434
1981.3547	737.18164
1982.52	753.03302
1983.6853	712.44153
1984.8507	741.203
1986.016	746.32599
1987.1814	746.22699
1988.3467	758.34558
1989.512	743.72418
1990.6774	728.82043
1991.8427	724.46423
1993.0081	717.49988
1994.1733	726.15991
1995.3386	733.90295
1996.504	746.98871
1997.6693	661.93945
1998.8347	710.56042
2000	686.93994
