400	5559.5928
402.82187	5583.6196
405.64374	5629.0522
408.46561	5660.4746
411.28748	5658.8608
414.10934	5672.9517
416.93121	5648.5186
419.75308	5665.1279
422.57495	5612.1938
425.39682	5494.9028
428.21869	5520.7231
431.04056	5574.3916
433.86243	5564.2778
436.6843	5539.3633
439.50616	5503.6797
442.32803	5460.9478
445.1499	5479.6108
447.97177	5528.8105
450.79364	5460.7056
453.61551	5560.9009
456.43738	5538
459.25925	5567.8008
462.08112	5521.25
464.90298	5436.9556
467.72485	5475.147
470.54672	5527.0229
473.36862	5538.3218
476.19049	5568.7886
479.01236	5608.4712
481.83423	5618.6123
484.6561	5593.606
487.47797	5591.312
490.29984	5657.5552
493.1217	5541.8774
495.94357	5569.4897
498.76544	5565.5146
501.58731	5552.4185
504.40918	5638.8662
507.23105	5835.8687
510.05292	6027.2197
512.87476	6038.3442
515.69666	5884.0449
518.51849	5896.1299
521.34039	5863.8018
524.16223	5800.085
526.98413	5792.6201
529.80597	5826.7075
532.62787	5670.354
535.44971	5593.4883
538.27161	5647.9912
541.09344	5643.728
543.91534	5648.8511
546.73724	5658.1318
549.55908	5639.3276
552.38098	5715.2876
555.20282	5729.7134
558.02472	5889.7798
560.84656	5619.3345
563.66846	5724.1367
566.4903	5642.2407
569.31219	5726.1685
572.13403	5773.96
574.95593	5679.1006
577.77777	5678.3672
580.59967	5731.5747
583.42151	5700.3989
586.24341	5677.1885
589.06525	5760.981
591.88715	5823.5034
594.70898	5809.6118
597.53088	5780.4917
600.35272	5886.1392
603.17462	5846.0859
605.99646	5952.0415
608.81836	6026.7832
611.6402	6080.6943
614.4621	6018.9829
617.28394	6120.7603
620.10583	6280.1001
622.92767	6369.813
625.74957	6366.9604
628.57141	6349.1094
631.39331	6407.3228
634.21515	6445.9263
637.03705	6404.5059
639.85889	6489.8984
642.68079	6428.3115
645.50262	6433.9302
648.32452	6401.6221
651.14636	6498.146
653.96826	6362.9023
656.7901	6345.6245
659.612	6235.6665
662.43384	6244.541
665.25574	6146.5913
668.07758	6010.4536
670.89948	5968.9585
673.72131	5927.2915
676.54321	5949.7686
679.36505	6030.7188
682.18695	5953.8662
685.00879	6093.1299
687.83069	5993.2104
690.65253	5995.416
693.47443	5949.2861
696.29633	5915.6729
699.11816	5945.4834
701.94006	6078.3457
704.7619	6179.0396
707.5838	6247.2607
710.40564	6404.8389
713.22754	6759.5991
716.04938	7545.5552
718.87128	8918.7148
721.69312	10551.186
724.51501	11770.79
727.33685	12113.821
730.15875	11643.333
732.98059	10920.791
735.80249	10181.983
738.62433	9445.0625
741.44623	8496.3506
744.26807	7619.0864
747.08997	6895.8271
749.9118	6515.2954
752.7337	6154.6636
755.55554	6045.6563
758.37744	5999.5479
761.19928	6016.8364
764.02118	6061.687
766.84302	6044.1772
769.66492	6033.7119
772.48676	6055.3296
775.30865	6002.2686
778.13049	5949.0205
780.95239	6035.814
783.77423	6090.8672
786.59613	6049.4302
789.41797	5998.7227
792.23987	5892.8828
795.06171	5959.9839
797.88361	5942.7739
800.70544	5919.8784
803.52734	5964.8506
806.34918	6175.4087
809.17108	6112.7598
811.99292	6101.5762
814.81482	6048.8794
817.63666	6051.0869
820.45856	6163.0103
823.2804	6187.1074
826.10229	6203.3867
828.92413	6279.3193
831.74603	6297.5342
834.56787	6218.438
837.38977	6218.9272
840.21167	6309.4629
843.03351	6248.2271
845.85541	6187.6484
848.67725	6177.8052
851.49915	6145.4131
854.32098	6310.4507
857.14288	6205.3462
859.96472	6195.0044
862.78662	6276.9819
865.60846	6276.021
868.43036	6321.0952
871.2522	6345.6221
874.0741	6458.4238
876.89594	6469.4014
879.71783	6549.8647
882.53967	6557.0137
885.36157	6562.6821
888.18341	6562.272
891.00531	6643.7124
893.82715	6666.2803
896.64905	6594.4233
899.47089	6558.3794
902.29279	6565.4893
905.11462	6566.0771
907.93652	6580.3696
910.75836	6591.1772
913.58026	6565.5791
916.4021	6591.9414
919.224	6675.062
922.04584	6664.2207
924.86774	6719.4502
927.68958	6768.876
930.51147	6711.5581
933.33331	6650.9653
936.15521	6778.0981
938.97705	6787.0396
941.79895	6775.0938
944.62079	6804.8608
947.44269	7038.5537
950.26453	6977.6372
953.08643	7126.4521
955.90826	7197.8242
958.73016	7077.6304
961.552	6960.4443
964.3739	7067.3164
967.19574	6945.7979
970.01764	6937.2114
972.83948	7003.8945
975.66138	6933.2266
978.48322	6777.9717
981.30511	6859.2007
984.12701	6932.915
986.94885	6823.3667
989.77075	6885.9912
992.59259	7027.2705
995.41449	7026.4673
998.23633	7015.2344
1001.0582	7039.1592
1003.8801	7055.6924
1006.702	7071.5342
1009.5238	7136.9141
1012.3457	7201.7344
1015.1675	7215.2842
1017.9894	7307.0361
1020.8113	7261.3579
1023.6332	7282.6167
1026.4551	7360.6016
1029.2769	7247.4756
1032.0988	7127.7061
1034.9207	7132.8442
1037.7426	7055.2432
1040.5643	6962.499
1043.3862	6997.5654
1046.2081	6927.8628
1049.03	6903.7852
1051.8518	6967.6655
1054.6737	6848.8066
1057.4956	6826.9502
1060.3175	6887.9556
1063.1393	6887.2446
1065.9612	6895.4634
1068.7831	6848.2461
1071.605	6964.5591
1074.4268	7031.5757
1077.2487	7034
1080.0706	6995.6802
1082.8925	7066.5913
1085.7142	7121.9272
1088.5361	7148.4219
1091.358	7064.8159
1094.1799	7152.6553
1097.0017	7228.5952
1099.8236	7311.3398
1102.6455	7450.2183
1105.4674	7300.2046
1108.2892	7417.4365
1111.1111	7461.3633
1113.933	7562.668
1116.7549	7607.813
1119.5767	7622.1733
1122.3986	7693.6836
1125.2205	7658.6055
1128.0424	7632.3735
1130.8643	7675.1387
1133.686	7862.5903
1136.5079	7841.4609
1139.3298	7782.7715
1142.1517	7766.7324
1144.9735	7789.5195
1147.7954	7915.7559
1150.6173	7870.2241
1153.4392	7729.7588
1156.261	7737.2109
1159.0829	7782.4795
1161.9048	7767.7666
1164.7267	7792.7271
1167.5485	7743.2241
1170.3704	7720.4131
1173.1923	7700.2686
1176.0142	7880.2881
1178.8359	7846.9746
1181.6578	7877.2061
1184.4797	7911.7422
1187.3016	7960.21
1190.1234	8004.7437
1192.9453	8002.6416
1195.7672	7979.4775
1198.5891	8052.1382
1201.4109	8110.2134
1204.2328	8163.6914
1207.0547	8172.8726
1209.8766	8208.5361
1212.6984	8390.7402
1215.5203	8477.376
1218.3422	8494.0547
1221.1641	8621.0791
1223.9858	8661.2227
1226.8077	8681.1436
1229.6296	8672.0313
1232.4515	8750.5537
1235.2733	8743.3652
1238.0952	8641.1953
1240.9171	8549.1074
1243.739	8688.6152
1246.5608	8550.9355
1249.3827	8490.541
1252.2046	8567.6553
1255.0265	8773.3096
1257.8483	8946.0557
1260.6702	8947.7715
1263.4921	9032.126
1266.314	9045.8887
1269.1357	9147.418
1271.9576	9158.5918
1274.7795	9119.5498
1277.6014	9237.1963
1280.4233	9275.7256
1283.2451	9290.7832
1286.067	9222.5703
1288.8889	9441.541
1291.7108	9523.084
1294.5326	9699.2656
1297.3545	9914.1064
1300.1764	9922.3486
1302.9983	10354.804
1305.8201	10645.175
1308.642	10826.377
1311.4639	11206.559
1314.2858	11614.609
1317.1075	11932.482
1319.9294	12226.896
1322.7513	12445.319
1325.5732	12570.079
1328.395	12268.318
1331.2169	12408.02
1334.0388	12058.252
1336.8607	11890.783
1339.6825	11469.683
1342.5044	11008.242
1345.3263	10638.353
1348.1482	10308.801
1350.97	10152.008
1353.7919	9864.1689
1356.6138	9744.2861
1359.4357	9669.6211
1362.2574	9603.834
1365.0793	9816.0869
1367.9012	9895.8311
1370.7231	9866.6143
1373.5449	9956.2109
1376.3668	9800.6533
1379.1887	9794.4229
1382.0106	9711.1299
1384.8324	9692.7363
1387.6543	9732.3027
1390.4762	9704.9805
1393.2981	9690.6719
1396.1199	9595.6484
1398.9418	9666.0059
1401.7637	9491.1377
1404.5856	9245.5713
1407.4073	9192.4355
1410.2292	9139.7666
1413.0511	9124.5635
1415.873	9044.209
1418.6949	8922.5996
1421.5167	8963.918
1424.3386	9109.1934
1427.1605	9180.127
1429.9824	9210.1328
1432.8042	9252.5928
1435.6261	9287.0811
1438.448	9360.3604
1441.2699	9413.5908
1444.0917	9443.1426
1446.9136	9549.0918
1449.7355	9652.1094
1452.5574	9622.6416
1455.3792	9793.4404
1458.201	9743.1563
1461.0229	9628.9229
1463.8448	9803.4072
1466.6666	9818.3896
1469.4885	9655.835
1472.3104	9505.6055
1475.1323	9509.3105
1477.9541	9556.875
1480.776	9466.8701
1483.5979	9446.0557
1486.4198	9375.4658
1489.2416	9556.792
1492.0635	9679.46
1494.8854	9747.876
1497.7073	9811.8623
1500.5291	9946.1494
1503.351	10039.455
1506.1729	10060.289
1508.9948	10092.422
1511.8165	10111.624
1514.6384	10192.227
1517.4603	10234.514
1520.2822	10274.5
1523.104	10243.935
1525.9259	10133.017
1528.7478	10275.132
1531.5697	10501.029
1534.3915	10524.149
1537.2134	10505.954
1540.0353	10695.808
1542.8572	10901.652
1545.679	10816.211
1548.5009	10921.87
1551.3228	10999.279
1554.1447	10920.946
1556.9664	10971.308
1559.7883	10907.453
1562.6102	10837.746
1565.4321	10842.534
1568.254	10824.419
1571.0758	10687.898
1573.8977	10596.454
1576.7196	10514.767
1579.5415	10422.704
1582.3633	10540.289
1585.1852	10406.733
1588.0071	10455.192
1590.829	10454.97
1593.6508	10326.371
1596.4727	10178.258
1599.2946	10193.593
1602.1165	10224.994
1604.9382	10024.909
1607.7601	9897.5977
1610.582	9573
1613.4039	9520.2607
1616.2257	9384.2051
1619.0476	9289.2939
1621.8695	9108.2607
1624.6914	9020.7441
1627.5132	9060.4063
1630.3351	9080.4707
1633.157	8926.7432
1635.9789	8861.2471
1638.8007	8772.1426
1641.6226	8792.1064
1644.4445	8674.6416
1647.2664	8503.8535
1650.0881	8381.876
1652.91	8110.5352
1655.7319	8017.3926
1658.5538	7905.856
1661.3756	7973.1094
1664.1975	7852.8042
1667.0194	7709.7222
1669.8413	7677.8594
1672.6631	7682.4175
1675.485	7664.0918
1678.3069	7604.6816
1681.1288	7611.3936
1683.9506	7614.1587
1686.7725	7421.1108
1689.5944	7529.2407
1692.4163	7541.4893
1695.238	7410.4038
1698.0599	7569.6533
1700.8818	7357.1685
1703.7037	7416.4146
1706.5255	7383.3472
1709.3474	7272.7324
1712.1693	7415.0088
1714.9912	7306.5913
1717.8131	7134.1313
1720.6349	7184.3374
1723.4568	7195.1782
1726.2787	7093.7964
1729.1006	6945.334
1731.9224	7000.9941
1734.7443	6863.333
1737.5662	6885.7031
1740.3881	6960.7397
1743.2098	6888.3193
1746.0317	6853.4712
1748.8536	6804.542
1751.6755	6762.999
1754.4973	6803.7529
1757.3192	6859.208
1760.1411	6897.8047
1762.963	6865.6357
1765.7848	6744.5283
1768.6067	6708.3174
1771.4286	6839.7534
1774.2505	6722.8574
1777.0723	6642.8018
1779.8942	6729.0566
1782.7161	6645.7056
1785.538	6759.9414
1788.3597	6742.9482
1791.1816	6712.5449
1794.0035	6678.6694
1796.8254	6673.4517
1799.6472	6673.644
1802.4691	6713.9121
1805.291	6734.6289
1808.1129	6705.2954
1810.9347	6762.8389
1813.7566	6694.0166
1816.5785	6676.0186
1819.4004	6805.2905
1822.2222	6743.3613
1825.0441	6678.644
1827.866	6738.2661
1830.6879	6652
1833.5096	6716.7373
1836.3315	6718.9077
1839.1534	6646.1152
1841.9753	6706.5786
1844.7971	6669.8179
1847.619	6599.1353
1850.4409	6655.8833
1853.2628	6533.437
1856.0847	6614.2808
1858.9065	6685.124
1861.7284	6571.8384
1864.5503	6649.2627
1867.3722	6659.8965
1870.194	6588.8223
1873.0159	6571.2495
1875.8378	6664.3188
1878.6597	6583.2266
1881.4814	6617.8545
1884.3033	6521.7388
1887.1252	6635.5439
1889.9471	6669.7559
1892.7689	6628.6899
1895.5908	6588.2495
1898.4127	6549.2349
1901.2346	6526.0527
1904.0564	6642.2832
1906.8783	6704.8062
1909.7002	6640.3501
1912.5221	6746.873
1915.3439	6608.9619
1918.1658	6723.0444
1920.9877	6841.7451
1923.8096	6628.5908
1926.6313	6586.1929
1929.4532	6727.4565
1932.2751	6637.0049
1935.097	6673.0151
1937.9188	6796.0156
1940.7407	6822.1743
1943.5626	6807.2603
1946.3845	6782.8438
1949.2063	6779.124
1952.0282	6809.9399
1954.8501	6766.147
1957.672	6742.3779
1960.4938	6748.5586
1963.3157	6784.6997
1966.1376	6852.7778
1968.9595	6838.793
1971.7813	6773.3286
1974.6031	6869.9985
1977.425	6869.2632
1980.2469	6744.854
1983.0687	6811.0889
1985.8906	6905.7441
1988.7125	6824.7554
1991.5344	6792.9399
1994.3562	6816.0806
1997.1781	6822.668
2000	6817.7368
