400	1777.0411
401.16534	1777.8988
402.33066	1799.1969
403.496	1818.3108
404.66132	1820.3096
405.82666	1777.3683
406.99197	1718.399
408.15732	1777.8246
409.32266	1758.0603
410.48798	1752.1505
411.65332	1761.0658
412.81863	1786.5463
413.98398	1760.6024
415.14932	1689.9152
416.31464	1748.0491
417.47998	1723.9568
418.64529	1701.4407
419.81064	1746.8175
420.97595	1725.8302
422.1413	1715.1133
423.30664	1738.9916
424.47195	1638.2736
425.6373	1756.3085
426.80261	1752.1573
427.96796	1719.3043
429.13327	1716.4362
430.29861	1725.5929
431.46396	1712.0626
432.62927	1678.4539
433.79462	1687.9502
434.95993	1696.5839
436.12527	1736.9845
437.29062	1722.1475
438.45593	1676.7524
439.62128	1651.0684
440.78659	1663.712
441.95193	1681.7833
443.11725	1698.2113
444.28259	1639.1602
445.44794	1671.1587
446.61325	1676.9983
447.77859	1652.1747
448.94391	1646.4691
450.10925	1634.9384
451.27457	1607.2338
452.43991	1687.9126
453.60526	1680.7273
454.77057	1715.9015
455.93591	1698.7614
457.10123	1624.3711
458.26657	1625.308
459.43192	1662.8149
460.59723	1622.9281
461.76257	1646.1249
462.92789	1661.2755
464.09323	1629.3505
465.25854	1620.597
466.42389	1665.528
467.58923	1651.9098
468.75455	1633.677
469.91989	1673.1367
471.08521	1617.5709
472.25055	1619.6951
473.41586	1620.1746
474.58121	1608.3593
475.74655	1639.4559
476.91187	1637
478.07721	1637
479.24252	1648.0706
480.40787	1611.3344
481.57321	1578.2467
482.73853	1562.9812
483.90387	1571.9968
485.06918	1605.6938
486.23453	1569.0084
487.39984	1629.0994
488.56519	1593.8461
489.73053	1578.743
490.89584	1559.9929
492.06119	1547.2128
493.2265	1545.4878
494.39185	1527.2043
495.55716	1633.6656
496.7225	1538.4701
497.88785	1578.1141
499.05316	1562.1522
500.21851	1562.0703
501.38382	1540.9674
502.54916	1488.1985
503.71451	1588.1108
504.87982	1537.4216
506.04517	1546.1957
507.21048	1569.7186
508.37582	1547.4802
509.54114	1539.7728
510.70648	1537.9978
511.87183	1509.7827
513.03717	1520.5056
514.20245	1560.7692
515.3678	1542.4658
516.53314	1594.1061
517.69849	1590.3636
518.86383	1577.8148
520.02911	1559.3932
521.19446	1523.5198
522.3598	1547.0039
523.52515	1588.2051
524.69043	1530.4861
525.85577	1512.1489
527.02112	1499.7792
528.18646	1504.3396
529.35181	1511.6685
530.51709	1520.3835
531.68243	1556.168
532.84778	1501.8075
534.01312	1462.2634
535.17847	1469.1915
536.34375	1493.5002
537.50909	1471.7426
538.67444	1478.9111
539.83978	1529.0387
541.00513	1505.0079
542.17041	1473.5643
543.33575	1486.7659
544.5011	1470.444
545.66644	1487.7096
546.83173	1511.9657
547.99707	1522.1218
549.16241	1511.7194
550.32776	1492.8046
551.4931	1496.7415
552.65839	1504.6744
553.82373	1541.3545
554.98907	1530.5465
556.15442	1492.355
557.31976	1475.0111
558.48505	1478.8429
559.65039	1480.1268
560.81573	1486.8451
561.98108	1527.1077
563.14642	1483.873
564.31171	1480.83
565.47705	1450.3757
566.6424	1479.2125
567.80774	1516.545
568.97302	1484.7874
570.13837	1413.4507
571.30371	1418.9143
572.46906	1433.1052
573.6344	1467.099
574.79968	1420.3191
575.96503	1400.6766
577.13037	1420.2765
578.29572	1428.3683
579.46106	1427.4978
580.62634	1464.7848
581.79169	1455.9076
582.95703	1458.5986
584.12238	1407.1698
585.28772	1411.9215
586.453	1400.8967
587.61835	1417.9771
588.78369	1428.6743
589.94904	1400.2887
591.11432	1401.6548
592.27966	1389.5725
593.44501	1401.1401
594.61035	1429.0858
595.7757	1372.9149
596.94098	1355.4742
598.10632	1397.4652
599.27167	1439.1862
600.43701	1440.5697
601.60236	1427.0851
602.76764	1407.9901
603.93298	1379.5583
605.09833	1399.5049
606.26367	1398.0051
607.42902	1401.426
608.5943	1405.9484
609.75964	1397.34
610.92499	1386.326
612.09033	1396.3904
613.25562	1394.3964
614.42096	1374.8246
615.5863	1358.5842
616.75165	1389.186
617.91699	1407.9109
619.08228	1411.7432
620.24762	1406.5159
621.41296	1378.3121
622.57831	1347.8319
623.74365	1418.776
624.90894	1352.755
626.07428	1440.3713
627.23962	1412.0621
628.40497	1433.7201
629.57031	1460.8098
630.7356	1411.3689
631.90094	1363.6908
633.06628	1411.2813
634.23163	1420.9512
635.39691	1460.4221
636.56226	1426.4459
637.7276	1437.8334
638.89294	1469.5
640.05829	1449.4651
641.22357	1455.1587
642.38892	1458.0533
643.55426	1434.8215
644.7196	1480.9578
645.88495	1526.821
647.05023	1519.6809
648.21558	1474.9352
649.38092	1393.7482
650.54626	1411.0302
651.71161	1436.2894
652.87689	1449.0059
654.04224	1452.9172
655.20758	1430.0397
656.37292	1405.2377
657.53821	1461.8677
658.70355	1381.9568
659.8689	1404.2793
661.03424	1433.6724
662.19958	1416.5535
663.36487	1372.178
664.53021	1363.1378
665.69556	1394.8671
666.8609	1410.0829
668.02625	1382.9963
669.19153	1350.149
670.35687	1388.0042
671.52222	1343.4546
672.68756	1364.4578
673.85291	1369.0226
675.01819	1345.2683
676.18353	1310.5923
677.34888	1313.4872
678.51422	1352.7401
679.6795	1342.4043
680.84485	1361.5179
682.01019	1407.5674
683.17554	1337.6528
684.34088	1335.7355
685.50616	1376.124
686.67151	1375.0531
687.83685	1377.3372
689.0022	1391.0706
690.16754	1383.1071
691.33282	1367.3915
692.49817	1305.5554
693.66351	1303.7791
694.82886	1340.7494
695.9942	1373.0311
697.15948	1365.663
698.32483	1302.6703
699.49017	1303.8883
700.65552	1360.5355
701.8208	1362.4774
702.98615	1307.6343
704.15149	1315.9135
705.31683	1314.5475
706.48218	1304.6068
707.64746	1307.5996
708.81281	1322.0221
709.97815	1351.2253
711.14349	1320.7003
712.30884	1324.0898
713.47412	1350.1638
714.63947	1338.175
715.80481	1346.4276
716.97015	1357.1716
718.1355	1327.0238
719.30078	1345.2261
720.46613	1341.4211
721.63147	1352.6193
722.79681	1360.551
723.9621	1386.12
725.12744	1449.5283
726.29279	1517.5107
727.45813	1553.3461
728.62347	1600.1672
729.78876	1720.9207
730.9541	1751.5421
732.11945	1772.5289
733.28479	1846.4948
734.45013	1896.3899
735.61542	1964.7379
736.78076	1954.8958
737.94611	1888.4999
739.11145	1852.9425
740.27679	1840.6489
741.44208	1771.8097
742.60742	1669.3217
743.77277	1604.9567
744.93811	1572.1406
746.10339	1490.5598
747.26874	1461.0541
748.43408	1439.8759
749.59943	1427.6572
750.76477	1411.9102
751.93005	1413.6019
753.0954	1400.0658
754.26074	1335.6121
755.42609	1304.8965
756.59143	1348.1475
757.75671	1384.1606
758.92206	1336.6022
760.0874	1354.1364
761.25275	1352.2051
762.41809	1314.1869
763.58337	1318.1991
764.74872	1295.8408
765.91406	1308.0819
767.07941	1350.5564
768.24469	1319.1857
769.41003	1315.575
770.57538	1318.2467
771.74072	1312.7953
772.90607	1308.2374
774.07135	1330.1992
775.23669	1334.7632
776.40204	1350.2229
777.56738	1333.8961
778.73273	1322.2524
779.89801	1298.7704
781.06335	1277.1139
782.2287	1308.1196
783.39404	1336.9922
784.55939	1317.8545
785.72467	1221.7853
786.89001	1363.5109
788.05536	1290.7816
789.2207	1298.8291
790.38599	1362.694
791.55133	1341.0063
792.71667	1291.6287
793.88202	1256.481
795.04736	1271.2502
796.21265	1309.0267
797.37799	1290.0936
798.54333	1297.7751
799.70868	1352.6479
800.87402	1313.5022
802.03931	1302.4646
803.20465	1374.032
804.37	1289.4359
805.53534	1279.7651
806.70068	1306.3584
807.86597	1278.0778
809.03131	1248.769
810.19666	1290.4038
811.362	1309.3549
812.52728	1231.4901
813.69263	1243.1862
814.85797	1263.6553
816.02332	1269.1669
817.18866	1271.9729
818.35394	1302.7126
819.51929	1269.6863
820.68463	1283.3745
821.84998	1269.5308
823.01532	1254.4132
824.1806	1258.3389
825.34595	1270.7706
826.51129	1282.9277
827.67664	1277.0369
828.84198	1246.6986
830.00726	1242.6875
831.17261	1192.7361
832.33795	1284.6135
833.5033	1316.7849
834.66858	1286.6121
835.83392	1311.6118
836.99927	1248.2769
838.16461	1242.3307
839.32996	1252.2502
840.49524	1266.8739
841.66058	1267.3762
842.82593	1267.9318
843.99127	1312.6954
845.15662	1299.1954
846.3219	1290.4342
847.48724	1296.6484
848.65259	1251.0947
849.81793	1239.879
850.98328	1276.8717
852.14856	1295.7301
853.3139	1254.3759
854.47925	1269.7853
855.64459	1258.5313
856.80988	1258.8682
857.97522	1278.689
859.14056	1272.0345
860.30591	1266.8783
861.47125	1273.9689
862.63654	1255.2981
863.80188	1273.5109
864.96722	1274.4305
866.13257	1274.4623
867.29791	1313.7009
868.4632	1282.8478
869.62854	1289.8181
870.79388	1265.0093
871.95923	1325.6201
873.12457	1309.8306
874.28986	1275.3479
875.4552	1274.2755
876.62054	1275.1331
877.78589	1284.1852
878.95117	1268.9327
880.11652	1236.3378
881.28186	1220.5125
882.4472	1241.9984
883.61255	1297.7568
884.77783	1261.259
885.94318	1276.5635
887.10852	1274.142
888.27386	1292.6239
889.43921	1299.0961
890.60449	1295.9883
891.76984	1282.8461
892.93518	1268.1438
894.10052	1275.0521
895.26587	1287.0671
896.43115	1273.5792
897.5965	1259.5765
898.76184	1266.0768
899.92719	1278.0045
901.09247	1211.6799
902.25781	1275.2314
903.42316	1263.0399
904.5885	1231.1317
905.75385	1234.2358
906.91913	1243.3494
908.08447	1232.6744
909.24982	1244.7753
910.41516	1291.5039
911.58051	1273.8716
912.74579	1238.2139
913.91113	1241.7419
915.07648	1256.4531
916.24182	1263.9954
917.40717	1246.9098
918.57245	1263.4115
919.73779	1247.543
920.90314	1262.493
922.06848	1245.9835
923.23376	1246.0153
924.39911	1297.9878
925.56445	1291.1085
926.7298	1312.2961
927.89514	1286.9038
929.06042	1265.1642
930.22577	1308.9167
931.39111	1326.2606
932.55646	1329.772
933.7218	1307.522
934.88708	1284.405
936.05243	1324.86
937.21777	1327.4707
938.38312	1250.9305
939.54846	1260.781
940.71375	1285.6799
941.87909	1238.0938
943.04443	1281.854
944.20978	1240.2002
945.37506	1272.2726
946.54041	1237.6591
947.70575	1267.4858
948.87109	1274.7125
950.03644	1245.0116
951.20172	1213.5638
952.36707	1246.7561
953.53241	1274.5533
954.69775	1266.5031
955.8631	1236.7657
957.02838	1219.2218
958.19373	1247.5135
959.35907	1296.9308
960.52441	1308.4617
961.68976	1247.28
962.85504	1251.4808
964.02039	1261.0116
965.18573	1210.1553
966.35107	1223.2993
967.51636	1228.0903
968.6817	1275.4524
969.84705	1253.8309
971.01239	1271.8805
972.17773	1232.5605
973.34302	1233.5929
974.50836	1270.0071
975.67371	1285.7207
976.83905	1256.2474
978.00439	1254.6207
979.16968	1308.5011
980.33502	1302.6194
981.50037	1276.472
982.66571	1289.248
983.83105	1239.507
984.99634	1239.9796
986.16168	1251.1906
987.32703	1231.2816
988.49237	1266.4279
989.65765	1214.1757
990.823	1229.3668
991.98834	1260.798
993.15369	1210.163
994.31903	1221.6649
995.48431	1242.1384
996.64966	1242.5299
997.815	1177.7472
998.98035	1211.9457
1000.1457	1230.8057
1001.311	1242.293
1002.4763	1218.1031
1003.6417	1214.6379
1004.807	1203.98
1005.9724	1205.2598
1007.1376	1233.1064
1008.303	1241.9512
1009.4683	1228.6827
1010.6337	1209.1597
1011.799	1229.1068
1012.9643	1226.306
1014.1296	1188.0824
1015.295	1194.6573
1016.4603	1231.9943
1017.6256	1200.8296
1018.791	1212.6367
1019.9563	1169.9293
1021.1216	1224.7479
1022.287	1210.0132
1023.4523	1226.5242
1024.6177	1228.7726
1025.783	1210.9213
1026.9482	1199.0856
1028.1136	1257.3376
1029.2789	1231.3032
1030.4443	1219.5458
1031.6096	1207.6849
1032.7749	1201.531
1033.9403	1202.9208
1035.1056	1199.993
1036.271	1197.1292
1037.4363	1199.2327
1038.6016	1200.6998
1039.767	1197.1847
1040.9323	1203.2999
1042.0977	1201.6207
1043.2629	1173.4998
1044.4282	1178.5696
1045.5936	1169.5305
1046.7589	1181.5488
1047.9242	1182.3818
1049.0896	1216.6068
1050.2549	1227.2137
1051.4203	1221.0352
1052.5856	1143.7524
1053.7509	1182.1438
1054.9163	1179.8691
1056.0815	1197.6194
1057.2469	1186.6498
1058.4122	1180.5148
1059.5775	1176.509
1060.7429	1164.1749
1061.9082	1151.1594
1063.0736	1149.9467
1064.2389	1162.3829
1065.4042	1188.618
1066.5696	1167.7976
1067.7349	1173.7798
1068.9003	1190.8632
1070.0656	1203.1896
1071.2308	1203.0959
1072.3962	1177.0322
1073.5615	1145.3051
1074.7269	1145.225
1075.8922	1169.2122
1077.0575	1165.078
1078.2229	1178.3904
1079.3882	1177.3317
1080.5536	1158.5294
1081.7189	1199.9725
1082.8842	1194.4908
1084.0496	1150.6495
1085.2148	1182.5793
1086.3802	1176.451
1087.5455	1136.9288
1088.7108	1190.8806
1089.8762	1180.4017
1091.0415	1127.0677
1092.2068	1215.489
1093.3722	1144.3809
1094.5375	1153.1342
1095.7029	1135.1897
1096.8682	1176.0806
1098.0334	1241.2277
1099.1989	1183.3684
1100.3641	1187.553
1101.5295	1231.0521
1102.6948	1206.5784
1103.8601	1184.072
1105.0255	1127.9019
1106.1908	1149.4644
1107.3562	1152.2847
1108.5215	1145.3901
1109.6868	1141.8767
1110.8522	1153.1338
1112.0175	1168.3268
1113.1829	1138.0358
1114.3481	1161.5709
1115.5134	1203.3772
1116.6788	1203.7406
1117.8441	1180.205
1119.0095	1174.283
1120.1748	1166.8004
1121.3401	1159.7706
1122.5055	1161.4852
1123.6708	1136.1288
1124.8362	1159.6099
1126.0015	1136.8069
1127.1667	1128.5361
1128.3322	1149.6686
1129.4974	1173.4524
1130.6628	1176.8536
1131.8281	1170.4613
1132.9934	1199.3182
1134.1588	1200.1011
1135.3241	1157.4718
1136.4894	1141.8715
1137.6548	1162.8273
1138.8201	1163.8387
1139.9855	1192.1355
1141.1508	1161.942
1142.316	1164.3608
1143.4814	1183.8676
1144.6467	1170.7419
1145.8121	1156.4194
1146.9774	1194.6705
1148.1427	1159.9353
1149.3081	1115.7574
1150.4734	1170.9763
1151.6388	1169.2638
1152.8041	1154.744
1153.9694	1140.9478
1155.1348	1166.6232
1156.3	1096.1409
1157.4655	1137.8358
1158.6307	1144.2162
1159.796	1141.7897
1160.9614	1179.0536
1162.1267	1183.6511
1163.2921	1164.855
1164.4574	1169.1135
1165.6227	1124.3734
1166.7881	1146.3787
1167.9534	1167.3103
1169.1188	1161.2043
1170.2841	1155.6121
1171.4493	1127.0604
1172.6147	1146.1378
1173.78	1096.4025
1174.9454	1123.4321
1176.1107	1148.6445
1177.276	1137.5267
1178.4414	1154.7031
1179.6067	1140.1373
1180.772	1109.2406
1181.9374	1154.7867
1183.1027	1139.5548
1184.2681	1102.7673
1185.4333	1127.1121
1186.5986	1145.4814
1187.764	1135.9019
1188.9293	1155.7202
1190.0947	1148.2257
1191.26	1165.8381
1192.4253	1147.3483
1193.5907	1173.7765
1194.756	1147.4393
1195.9214	1126.7284
1197.0867	1153.2007
1198.252	1172.1167
1199.4174	1132.6403
1200.5826	1126.1653
1201.748	1151.421
1202.9133	1134.5499
1204.0786	1159.2478
1205.244	1171.5779
1206.4093	1158.7037
1207.5747	1175.2693
1208.74	1189.3008
1209.9053	1167.3156
1211.0707	1167.0763
1212.236	1156.8453
1213.4014	1144.9429
1214.5667	1164.8032
1215.7319	1149.7821
1216.8973	1143.1808
1218.0626	1155.4724
1219.228	1148.7057
1220.3933	1155.8082
1221.5586	1164.1671
1222.724	1143.6753
1223.8893	1120.0314
1225.0546	1139.8392
1226.22	1156.0767
1227.3853	1117.0884
1228.5507	1108.5574
1229.7159	1162.296
1230.8812	1173.0591
1232.0466	1136.6062
1233.2119	1118.5455
1234.3773	1134.1383
1235.5426	1146.1318
1236.7079	1117.6241
1237.8733	1103.0427
1239.0386	1128.149
1240.204	1137.7462
1241.3693	1087.4309
1242.5345	1089.1719
1243.7	1136.9547
1244.8652	1107.6899
1246.0306	1104.4
1247.1959	1100.3566
1248.3612	1090.0868
1249.5266	1115.6298
1250.6919	1109.0558
1251.8573	1101.521
1253.0226	1102.0074
1254.1879	1106.9769
1255.3533	1104.1956
1256.5186	1145.0605
1257.684	1146.8086
1258.8492	1125.1768
1260.0145	1143.6721
1261.1799	1131.655
1262.3452	1148.4685
1263.5106	1184.5953
1264.6759	1153.2499
1265.8412	1157.7848
1267.0066	1176.3347
1268.1719	1180.2933
1269.3372	1180.4501
1270.5026	1235.5095
1271.6678	1221.4088
1272.8333	1215.1206
1273.9985	1202.0026
1275.1638	1189.6678
1276.3292	1194.9164
1277.4945	1194.4762
1278.6599	1187.6879
1279.8252	1169.9923
1280.9905	1168.9043
1282.1559	1179.55
1283.3212	1164.3911
1284.4866	1139.4662
1285.6519	1119.4203
1286.8171	1131.3812
1287.9825	1129.4301
1289.1478	1123.621
1290.3132	1113.5914
1291.4785	1112.285
1292.6438	1116.5656
1293.8092	1129.1771
1294.9745	1131.7047
1296.1399	1113.6401
1297.3052	1111.8867
1298.4705	1095.7314
1299.6359	1181.6597
1300.8011	1144.3224
1301.9666	1105.3116
1303.1318	1115.1049
1304.2971	1093.6936
1305.4625	1114.7521
1306.6278	1135.3226
1307.7932	1099.1299
1308.9585	1169.4584
1310.1238	1110.1622
1311.2892	1133.8137
1312.4545	1130.4492
1313.6198	1140.3363
1314.7852	1140.078
1315.9504	1132.7229
1317.1158	1170.5239
1318.2811	1137.1683
1319.4464	1147.8369
1320.6118	1126.39
1321.7771	1135.0481
1322.9425	1170.5327
1324.1078	1176.5021
1325.2731	1157.1527
1326.4385	1157.3462
1327.6038	1159.8071
1328.7692	1172.2853
1329.9344	1211.1123
1331.0997	1201.7694
1332.2651	1216.5062
1333.4304	1210.7872
1334.5958	1217.7332
1335.7611	1228.0156
1336.9264	1227.9836
1338.0918	1202.7458
1339.2571	1196.5912
1340.4225	1237.1382
1341.5878	1218.489
1342.7531	1226.7065
1343.9185	1200.324
1345.0837	1176.1655
1346.2491	1182.1692
1347.4144	1157.4175
1348.5797	1125.3295
1349.7451	1121.2128
1350.9104	1129.4496
1352.0758	1116.005
1353.2411	1143.1538
1354.4064	1132.6161
1355.5718	1126.1807
1356.7371	1076.177
1357.9023	1119.1936
1359.0677	1157.3949
1360.233	1101.8037
1361.3984	1098.1505
1362.5637	1076.2802
1363.729	1104.8854
1364.8944	1120.9308
1366.0597	1109.9675
1367.2251	1101.2942
1368.3904	1108.0344
1369.5557	1133.2722
1370.7211	1150.2455
1371.8864	1124.1938
1373.0518	1110.6938
1374.217	1108.3368
1375.3823	1112.9355
1376.5477	1122.7079
1377.713	1138.3817
1378.8784	1130.594
1380.0437	1127.4139
1381.209	1096.642
1382.3744	1078.0077
1383.5397	1094.1589
1384.7051	1091.8446
1385.8704	1086.3495
1387.0356	1078.5363
1388.201	1062.6266
1389.3663	1072.866
1390.5317	1065.7291
1391.697	1048.9098
1392.8623	1053.0331
1394.0277	1118.0715
1395.193	1095.5649
1396.3584	1083.9351
1397.5237	1060.3712
1398.689	1095.2855
1399.8544	1081.6879
1401.0197	1047.9781
1402.1849	1090.3105
1403.3503	1086.5778
1404.5156	1059.463
1405.681	1059.9941
1406.8463	1032.5764
1408.0116	1019.5266
1409.177	1032.0308
1410.3423	1019.9584
1411.5077	1001.4565
1412.673	1014.1558
1413.8383	996.96899
1415.0037	1008.1837
1416.1689	1031.4266
1417.3344	1029.7906
1418.4996	1018.4649
1419.6649	1018.0878
1420.8303	1016.0912
1421.9956	1017.4019
1423.161	1009.2841
1424.3263	1037.8838
1425.4916	1033.3738
1426.657	1005.8112
1427.8223	1008.261
1428.9877	1044.7244
1430.153	1045.7793
1431.3182	988.30078
1432.4836	1010.6992
1433.6489	1024.78
1434.8143	997.08081
1435.9796	1019.8451
1437.1449	1026.3463
1438.3103	1027.4791
1439.4756	1013.0764
1440.641	1017.2455
1441.8063	1028.9719
1442.9716	1005.6918
1444.137	999.28491
1445.3022	1037.0454
1446.4675	1053.8988
1447.6329	1045.6233
1448.7982	1024.3798
1449.9636	1037.3485
1451.1289	1036.6692
1452.2942	1042.5166
1453.4596	1042.7971
1454.6249	1020.2038
1455.7903	1036.1217
1456.9556	1050.2316
1458.1208	1058.339
1459.2863	1061.8499
1460.4515	1087.6072
1461.6169	1054.5327
1462.7822	1036.2732
1463.9475	1061.3558
1465.1129	1053.828
1466.2782	1055.4847
1467.4436	1041.5833
1468.6089	1011.8516
1469.7742	1014.9826
1470.9396	991.14209
1472.1049	990.04034
1473.2703	1012.7007
1474.4355	985.34741
1475.6008	966.13873
1476.7662	957.85278
1477.9315	986.04218
1479.0969	995.77844
1480.2622	975.11285
1481.4275	973.88666
1482.5929	971.6947
1483.7582	998.31329
1484.9236	978.41882
1486.0889	955.24951
1487.2542	962.34875
1488.4196	941.03857
1489.5848	954.2525
1490.7501	968.11298
1491.9155	973.25433
1493.0808	998.22888
1494.2462	976.98376
1495.4115	988.70313
1496.5768	997.47919
1497.7422	989.56635
1498.9075	976.21948
1500.0729	978.9574
1501.2382	954.22076
1502.4034	944.48242
1503.5688	952.97314
1504.7341	967.52588
1505.8995	991.57379
1507.0648	996.26904
1508.2301	1007.4775
1509.3955	1002.3128
1510.5608	953.86639
1511.7262	961.24542
1512.8915	936.21497
1514.0568	948.37189
1515.2222	959.97583
1516.3875	969.49591
1517.5529	930.39618
1518.7181	924.71851
1519.8834	949.65009
1521.0488	951.37451
1522.2141	973.25226
1523.3795	955.67517
1524.5448	937.64465
1525.7101	943.14075
1526.8755	966.65887
1528.0408	965.78003
1529.2062	946.51257
1530.3715	937.34613
1531.5367	935.42389
1532.7021	966.86859
1533.8674	960.66547
1535.0327	948.70898
1536.1981	943.43304
1537.3634	931.90771
1538.5288	966.85327
1539.6941	959.70251
1540.8594	938.36548
1542.0248	942.17468
1543.1901	967.07806
1544.3555	965.80518
1545.5208	969.15668
1546.686	961.49945
1547.8514	955.11432
1549.0167	984.12817
1550.1821	983.05029
1551.3474	941.40503
1552.5127	959.05884
1553.6781	946.1015
1554.8434	967.28564
1556.0088	1022.1091
1557.1741	909.50885
1558.3394	933.14624
1559.5048	918.112
1560.67	947.25751
1561.8354	914.966
1563.0007	904.33936
1564.166	903.64764
1565.3314	892.89984
1566.4967	920.09082
1567.6621	929.4314
1568.8274	938.06219
1569.9927	945.617
1571.1581	940.60437
1572.3234	922.68079
1573.4888	926.72925
1574.6541	891.61218
1575.8193	925.50769
1576.9847	888.46375
1578.15	925.95966
1579.3153	903.04413
1580.4807	893.71741
1581.646	901.4881
1582.8114	904.57312
1583.9767	904.1958
1585.142	891.72357
1586.3074	866.17529
1587.4727	891.84064
1588.6381	894.7113
1589.8033	885.39319
1590.9686	882.49518
1592.134	906.41309
1593.2993	919.33093
1594.4647	938.11707
1595.63	864.45282
1596.7953	899.23108
1597.9607	889.73572
1599.126	889.20422
1600.2914	875.43488
1601.4567	894.95587
1602.6219	887.91241
1603.7874	896.89386
1604.9526	898.86658
1606.118	876.77222
1607.2833	874.96381
1608.4486	864.74078
1609.614	896.01715
1610.7793	905.24896
1611.9447	868.48401
1613.11	878.40338
1614.2753	907.74567
1615.4407	894.01782
1616.606	869.84247
1617.7714	902.06976
1618.9366	905.34833
1620.1019	880.98096
1621.2673	909.53253
1622.4326	899.33655
1623.5979	909.77155
1624.7633	879.78479
1625.9286	865.77161
1627.094	911.05292
1628.2593	891.9975
1629.4246	873.12885
1630.59	853.68152
1631.7552	875.49725
1632.9207	898.31995
1634.0859	878.32562
1635.2512	904.77942
1636.4166	905.51666
1637.5819	886.03552
1638.7473	876.53137
1639.9126	888.2569
1641.0779	876.89783
1642.2433	881.76276
1643.4086	848.97308
1644.574	890.01978
1645.7393	851.39258
1646.9045	856.96277
1648.0699	849.03394
1649.2352	856.9718
1650.4006	887.7926
1651.5659	863.97217
1652.7312	879.0097
1653.8966	815.85999
1655.0619	851.48077
1656.2273	831.6817
1657.3926	842.19989
1658.5579	810.78326
1659.7233	823.92987
1660.8885	850.14496
1662.054	838.97009
1663.2192	855.53229
1664.3845	820.61621
1665.5499	800.60754
1666.7152	815.89642
1667.8805	833.46631
1669.0459	839.06525
1670.2112	803.07257
1671.3766	804.72705
1672.5419	813.63391
1673.7072	822.07391
1674.8726	815.04089
1676.0378	793.78192
1677.2032	798.06354
1678.3685	814.26813
1679.5338	801.50189
1680.6992	794.63416
1681.8645	810.12152
1683.0299	830.57129
1684.1952	811.84845
1685.3605	793.60547
1686.5259	823.57916
1687.6912	794.59167
1688.8566	808.22406
1690.0219	784.49835
1691.1871	764.71179
1692.3525	746.14288
1693.5178	783.16455
1694.6832	813.44818
1695.8485	849.09833
1697.0138	843.20288
1698.1792	781.83936
1699.3445	760.33221
1700.5099	801.68237
1701.6752	836.26208
1702.8405	828.94531
1704.0059	803.10468
1705.1711	789.24359
1706.3365	810.38739
1707.5018	795.72351
1708.6671	820.06439
1709.8325	832.19354
1710.9978	784.49475
1712.1631	786.65045
1713.3285	853.00653
1714.4938	827.96936
1715.6592	785.08118
1716.8245	793.81415
1717.9897	808.67535
1719.1552	787.96643
1720.3204	799.44427
1721.4858	753.75299
1722.6511	805.63873
1723.8164	815.83698
1724.9818	755.26593
1726.1471	800.5575
1727.3125	807.04938
1728.4778	762.46252
1729.6431	743.0968
1730.8085	749.73077
1731.9738	755.29041
1733.1392	769.89081
1734.3044	749.05914
1735.4697	749.42804
1736.6351	793.11816
1737.8004	814.21552
1738.9658	797.37762
1740.1311	766.93341
1741.2964	754.29388
1742.4618	764.86273
1743.6271	771.56934
1744.7925	790.06976
1745.9578	777.84619
1747.123	751.33649
1748.2885	737.1781
1749.4537	735.4848
1750.6191	764.74512
1751.7844	770.46741
1752.9497	751.60797
1754.1151	754.30225
1755.2804	788.49689
1756.4457	768.05707
1757.6111	776.09308
1758.7764	754.7561
1759.9418	765.75311
1761.1071	738.33783
1762.2723	769.09918
1763.4377	760.71112
1764.603	749.41577
1765.7684	750.09186
1766.9337	750.04755
1768.099	771.47284
1769.2644	769.29523
1770.4297	749.08783
1771.5951	722.88971
1772.7604	745.00366
1773.9257	744.6795
1775.0911	759.44568
1776.2563	754.9278
1777.4218	758.03461
1778.587	756.21381
1779.7523	715.53369
1780.9177	718.77167
1782.083	707.42133
1783.2484	723.80621
1784.4137	758.34937
1785.579	742.83038
1786.7444	757.24109
1787.9097	747.51746
1789.0751	730.6394
1790.2404	725.11707
1791.4056	726.11688
1792.571	725.36029
1793.7363	694.41016
1794.9017	717.67383
1796.067	724.6615
1797.2323	688.39398
1798.3977	677.17816
1799.563	693.01593
1800.7283	709.30493
1801.8937	694.47369
1803.059	722.38257
1804.2244	690.96051
1805.3896	735.63916
1806.5549	714.5014
1807.7203	688.95575
1808.8856	690.44763
1810.051	684.04895
1811.2163	691.1322
1812.3816	728.31647
1813.547	686.84381
1814.7123	683.97198
1815.8777	682.8092
1817.043	687.98712
1818.2083	680.87585
1819.3737	704.04785
1820.5389	715.15466
1821.7043	719.58398
1822.8696	715.12097
1824.0349	700.2384
1825.2003	709.80072
1826.3656	746.29968
1827.531	719.58752
1828.6963	777.32709
1829.8616	705.21759
1831.027	729.93103
1832.1923	704.39587
1833.3577	716.44635
1834.5229	717.44171
1835.6882	713.02393
1836.8536	684.35291
1838.0189	659.12097
1839.1843	670.92438
1840.3496	726.27911
1841.5149	721.3725
1842.6803	672.14569
1843.8456	679.31183
1845.0109	688.68756
1846.1763	674.08118
1847.3416	657.52582
1848.507	664.43439
1849.6722	687.84875
1850.8375	690.12701
1852.0029	655.87054
1853.1682	673.62598
1854.3336	680.40948
1855.4989	664.64899
1856.6642	640.31427
1857.8296	649.33789
1858.9949	631.11914
1860.1603	654.10315
1861.3256	647.66608
1862.4908	653.8385
1863.6563	643.95959
1864.8215	670.27405
1865.9869	708.96149
1867.1522	684.04895
1868.3175	681.77045
1869.4829	701.40503
1870.6482	696.86792
1871.8136	687.05511
1872.9789	668.8103
1874.1442	684.23975
1875.3096	702.70605
1876.4749	668.79492
1877.6403	663.22498
1878.8055	680.40204
1879.9708	670.72119
1881.1362	674.94904
1882.3015	687.06848
1883.4669	667.39307
1884.6322	675.28027
1885.7975	656.14294
1886.9629	685.1601
1888.1282	661.76483
1889.2935	654.36804
1890.4589	646.03448
1891.6241	633.06677
1892.7896	665.52411
1893.9548	663.229
1895.1201	625.6488
1896.2855	620.44824
1897.4508	603.25122
1898.6162	643.03833
1899.7815	640.90381
1900.9468	642.24371
1902.1122	668.20587
1903.2775	618.3924
1904.4429	670.98132
1905.6082	612.24384
1906.7734	617.70398
1907.9388	633.02551
1909.1041	645.99371
1910.2695	614.45355
1911.4348	611.47351
1912.6001	607.12695
1913.7655	641.60461
1914.9308	636.61908
1916.0962	617.80176
1917.2615	618.11603
1918.4268	609.91687
1919.5922	590.61078
1920.7574	639.61847
1921.9229	636.76306
1923.0881	602.37134
1924.2534	615.03955
1925.4188	628.61035
1926.5841	641.586
1927.7495	616.65222
1928.9148	655.65393
1930.0801	650.1322
1931.2455	622.5835
1932.4108	627.44409
1933.576	621.69464
1934.7415	648.45618
1935.9067	586.78656
1937.0721	573.76233
1938.2374	587.42859
1939.4027	584.55902
1940.5681	597.51404
1941.7334	592.46686
1942.8988	612.78027
1944.0641	596.55237
1945.2294	586.57404
1946.3948	636.19012
1947.5601	608.48376
1948.7255	602.90668
1949.8907	606.05597
1951.056	612.27893
1952.2214	567.77197
1953.3867	594.70477
1954.5521	577.38678
1955.7174	571.29706
1956.8827	585.32764
1958.0481	601.14526
1959.2134	579.60406
1960.3788	581.42255
1961.5441	582.8136
1962.7094	584.34161
1963.8748	574.46478
1965.04	578.67908
1966.2054	598.48126
1967.3707	593.3739
1968.536	608.97852
1969.7014	608.41254
1970.8667	595.87933
1972.0321	578.14807
1973.1974	595.29541
1974.3627	609.80237
1975.5281	618.64233
1976.6934	592.40491
1977.8586	582.35565
1979.024	606.73224
1980.1893	622.97333
1981.3547	599.63867
1982.52	604.4964
1983.6853	609.71674
1984.8507	575.00128
1986.016	584.57935
1987.1814	604.88593
1988.3467	608.10425
1989.512	565.24402
1990.6774	575.55774
1991.8427	576.38446
1993.0081	555.4812
1994.1733	569.7699
1995.3386	550.0816
1996.504	562.46869
1997.6693	571.42877
1998.8347	566.14423
2000	558.38104
