400	8197.5342
402.82187	8235.6797
405.64374	8222.623
408.46561	8193.3027
411.28748	8203.498
414.10934	8195.5742
416.93121	8108.6382
419.75308	8127.2256
422.57495	8105.3218
425.39682	8092.8477
428.21869	8020.0591
431.04056	8022.9609
433.86243	7971.1699
436.6843	8002.7905
439.50616	8022.6084
442.32803	7993.6509
445.1499	8036.9102
447.97177	7958.1948
450.79364	8037.6753
453.61551	8302.4023
456.43738	8164.0806
459.25925	8196.3535
462.08112	8225.3467
464.90298	8248.7607
467.72485	8269.9355
470.54672	8190.5015
473.36862	8124.7617
476.19049	8158.8154
479.01236	8197.0957
481.83423	8291.5996
484.6561	8372.9854
487.47797	8382.8564
490.29984	8426.0986
493.1217	8317.458
495.94357	8346.4902
498.76544	8408.958
501.58731	8443.6436
504.40918	8522.918
507.23105	9080.8301
510.05292	9904.085
512.87476	10133.57
515.69666	9701.9375
518.51849	9494.4131
521.34039	9520.5068
524.16223	9538.9756
526.98413	9315.7559
529.80597	8818.7109
532.62787	8663.3955
535.44971	8533.8203
538.27161	8477.9365
541.09344	8430.4551
543.91534	8427.4912
546.73724	8464.3965
549.55908	8465.9678
552.38098	8478.4551
555.20282	8492.9775
558.02472	8425.4883
560.84656	8537.5967
563.66846	8619.2129
566.4903	8506.1406
569.31219	8488.5596
572.13403	8447.2061
574.95593	8414.9014
577.77777	8298.6699
580.59967	8407.9336
583.42151	8535.0713
586.24341	8536.5703
589.06525	8552.2441
591.88715	8452.7344
594.70898	8489.0684
597.53088	8562.7803
600.35272	8575.7949
603.17462	8722.0352
605.99646	8797.6631
608.81836	8997.1885
611.6402	9025.5068
614.4621	9266.1982
617.28394	9224.3896
620.10583	9272.8691
622.92767	9448.9219
625.74957	9443.2803
628.57141	9306.9004
631.39331	9254.3809
634.21515	9261.0781
637.03705	9285.1006
639.85889	9271.7412
642.68079	9202.7119
645.50262	9233.6152
648.32452	9438.4443
651.14636	9229.9814
653.96826	9170.0166
656.7901	8965.8555
659.612	9017.7285
662.43384	9064.749
665.25574	8929.1631
668.07758	8869.6025
670.89948	8851.1357
673.72131	8774.9609
676.54321	8805.2695
679.36505	8854.6348
682.18695	8889.8369
685.00879	8789.2324
687.83069	8810.1582
690.65253	8799.4053
693.47443	8831.4131
696.29633	8742.5986
699.11816	8730.3262
701.94006	8807.9912
704.7619	8983.2041
707.5838	9176.4414
710.40564	9585.7295
713.22754	10273.297
716.04938	11643.007
718.87128	13998.87
721.69312	16680.668
724.51501	18294.844
727.33685	18232.566
730.15875	17398.492
732.98059	16209.244
735.80249	15249.235
738.62433	14270.669
741.44623	12553.115
744.26807	10985.219
747.08997	9807.4932
749.9118	9204.5781
752.7337	8888.4502
755.55554	8863.583
758.37744	8714.4229
761.19928	8643.3564
764.02118	8551.0771
766.84302	8442.4072
769.66492	8546.9141
772.48676	8604.9297
775.30865	8445.75
778.13049	8394.7139
780.95239	8481.8633
783.77423	8538.0566
786.59613	8368.2354
789.41797	8343.1387
792.23987	8406.1191
795.06171	8467.6318
797.88361	8611.3408
800.70544	8544.5635
803.52734	8433.793
806.34918	8528.5107
809.17108	8435.9082
811.99292	8578.2842
814.81482	8541.2168
817.63666	8680.7949
820.45856	8660.8008
823.2804	8573.0986
826.10229	8671.6465
828.92413	8692.3447
831.74603	8741.7275
834.56787	8860.7168
837.38977	8854.8242
840.21167	8849.3955
843.03351	8817.5654
845.85541	8913.1416
848.67725	8963.4629
851.49915	8792.8281
854.32098	8787.7559
857.14288	8903.541
859.96472	8881.8887
862.78662	8751.4961
865.60846	8884.0947
868.43036	8941.4902
871.2522	8944.0986
874.0741	9143.2803
876.89594	9146.1328
879.71783	9319.4717
882.53967	9337.2773
885.36157	9242.2549
888.18341	9307.9648
891.00531	9326.6045
893.82715	9331.1025
896.64905	9372.2207
899.47089	9301.0322
902.29279	9249.2891
905.11462	9262.8467
907.93652	9208.1367
910.75836	9215.0088
913.58026	9229.9287
916.4021	9140.8232
919.224	9198.6309
922.04584	9160.0371
924.86774	9174.1045
927.68958	9223.6816
930.51147	9273.4629
933.33331	9302.4502
936.15521	9431.6221
938.97705	9343.3799
941.79895	9785.0732
944.62079	9839.8369
947.44269	10070.622
950.26453	10221.05
953.08643	10198.693
955.90826	10232.475
958.73016	10157.825
961.552	10001.832
964.3739	9960.127
967.19574	9902.6426
970.01764	9849.541
972.83948	9688.207
975.66138	9645.6006
978.48322	9695.4697
981.30511	9718.2852
984.12701	9833.7881
986.94885	9886.667
989.77075	9932.3066
992.59259	9969.9619
995.41449	9971.7539
998.23633	10011.033
1001.0582	10080.583
1003.8801	10009.285
1006.702	10032.017
1009.5238	10221.446
1012.3457	10154.417
1015.1675	10134.092
1017.9894	10135.689
1020.8113	10121.397
1023.6332	10137.101
1026.4551	10144.815
1029.2769	10153.919
1032.0988	10072.098
1034.9207	10099.469
1037.7426	10015.947
1040.5643	9873.7598
1043.3862	9814.9346
1046.2081	9610.6699
1049.03	9683.1621
1051.8518	9694.9326
1054.6737	9629.1436
1057.4956	9420.9453
1060.3175	9451
1063.1393	9455.2988
1065.9612	9606.292
1068.7831	9368.2383
1071.605	9544.2871
1074.4268	9627.9971
1077.2487	9516.1631
1080.0706	9550.1895
1082.8925	9634.8701
1085.7142	9665.5576
1088.5361	9811.7051
1091.358	9791.1846
1094.1799	9733.1387
1097.0017	10103.081
1099.8236	10271.463
1102.6455	10259.488
1105.4674	10159.787
1108.2892	10333.336
1111.1111	10397.499
1113.933	10343.926
1116.7549	10402.349
1119.5767	10537.14
1122.3986	10455.011
1125.2205	10539.988
1128.0424	10571.692
1130.8643	10586.929
1133.686	10491.07
1136.5079	10537.827
1139.3298	10508.242
1142.1517	10634.213
1144.9735	10658.238
1147.7954	10725.067
1150.6173	10736.585
1153.4392	10847.097
1156.261	10685.845
1159.0829	10770.676
1161.9048	10991.202
1164.7267	11074.815
1167.5485	11119.596
1170.3704	11155.981
1173.1923	11232.403
1176.0142	11144.858
1178.8359	11186.154
1181.6578	11165.123
1184.4797	11056.897
1187.3016	10975.44
1190.1234	11048.705
1192.9453	11142.378
1195.7672	11018.965
1198.5891	10986.066
1201.4109	11025.215
1204.2328	11063.784
1207.0547	11243.457
1209.8766	11326.933
1212.6984	11446.18
1215.5203	11641.732
1218.3422	11734.936
1221.1641	11744.855
1223.9858	11950.701
1226.8077	12189.308
1229.6296	12327.776
1232.4515	12475.739
1235.2733	12649.528
1238.0952	12730.175
1240.9171	12672.691
1243.739	12604.067
1246.5608	12721.773
1249.3827	12648.786
1252.2046	12586.43
1255.0265	12576.368
1257.8483	12581.695
1260.6702	12442.427
1263.4921	12577.74
1266.314	12548.395
1269.1357	12659.206
1271.9576	12812.51
1274.7795	12711.81
1277.6014	12996.985
1280.4233	13049.464
1283.2451	12929.827
1286.067	13180.352
1288.8889	13392.281
1291.7108	13628.063
1294.5326	13890.101
1297.3545	14240.671
1300.1764	14666.707
1302.9983	15265.547
1305.8201	16022.333
1308.642	16833.463
1311.4639	17762.541
1314.2858	18778.768
1317.1075	19475.92
1319.9294	19957.465
1322.7513	20247.262
1325.5732	20600.137
1328.395	20359.51
1331.2169	19974.412
1334.0388	19125.984
1336.8607	18442.846
1339.6825	17541.168
1342.5044	16513.137
1345.3263	15815.537
1348.1482	15271.033
1350.97	14969.328
1353.7919	14555.159
1356.6138	14264.728
1359.4357	14080.24
1362.2574	14059.221
1365.0793	13962.383
1367.9012	14098.134
1370.7231	14038.248
1373.5449	13913.228
1376.3668	13796.679
1379.1887	13544.992
1382.0106	13454.156
1384.8324	13506.247
1387.6543	13662.158
1390.4762	13700.559
1393.2981	13713.521
1396.1199	13766.053
1398.9418	13634.045
1401.7637	13434.98
1404.5856	13237.589
1407.4073	13096.7
1410.2292	12860.694
1413.0511	12592.993
1415.873	12341.788
1418.6949	12269.38
1421.5167	12382.542
1424.3386	12461.072
1427.1605	12568.327
1429.9824	12755.625
1432.8042	12841.044
1435.6261	12854.211
1438.448	13088.683
1441.2699	13373.545
1444.0917	13457.395
1446.9136	13371.875
1449.7355	13409.629
1452.5574	13903.821
1455.3792	13647.087
1458.201	13668.783
1461.0229	13984.375
1463.8448	13872.229
1466.6666	13776.989
1469.4885	13569.899
1472.3104	13677.653
1475.1323	13461.416
1477.9541	13302.776
1480.776	13282.866
1483.5979	13315.457
1486.4198	13175.201
1489.2416	13110.023
1492.0635	13277.453
1494.8854	13378.024
1497.7073	13547.204
1500.5291	13590.909
1503.351	13792.681
1506.1729	13897.93
1508.9948	13855.166
1511.8165	14006.153
1514.6384	13996.532
1517.4603	13964.496
1520.2822	13852.373
1523.104	13818.619
1525.9259	13975.38
1528.7478	14046.826
1531.5697	14070.716
1534.3915	14360.604
1537.2134	14386.122
1540.0353	14458.441
1542.8572	14591.611
1545.679	14628.79
1548.5009	14819.271
1551.3228	15029.157
1554.1447	15190.872
1556.9664	15262.809
1559.7883	15299.442
1562.6102	15442.003
1565.4321	15638.975
1568.254	15605.301
1571.0758	15660.45
1573.8977	15850.188
1576.7196	15753.539
1579.5415	15744.468
1582.3633	15683.038
1585.1852	15510.945
1588.0071	15253.732
1590.829	15363.593
1593.6508	15186.966
1596.4727	15033.819
1599.2946	14778.917
1602.1165	14771.44
1604.9382	14404.23
1607.7601	14198.037
1610.582	14182.541
1613.4039	13810.963
1616.2257	13642.132
1619.0476	13523.68
1621.8695	13302.793
1624.6914	13046.708
1627.5132	12746.961
1630.3351	12627.983
1633.157	12432.587
1635.9789	12221.828
1638.8007	12335.594
1641.6226	11979.574
1644.4445	11870.195
1647.2664	11591.375
1650.0881	11476.111
1652.91	11221.077
1655.7319	11190.482
1658.5538	10920.321
1661.3756	10841.146
1664.1975	10643.556
1667.0194	10412.825
1669.8413	10201.654
1672.6631	10171.133
1675.485	10120.727
1678.3069	10024.682
1681.1288	9906.502
1683.9506	9748.8125
1686.7725	9789.8926
1689.5944	9657.1621
1692.4163	9752.2598
1695.238	9750.3584
1698.0599	9667.6035
1700.8818	9738.4209
1703.7037	9547.5977
1706.5255	9648.1709
1709.3474	9557.6963
1712.1693	9437.4463
1714.9912	9363.6592
1717.8131	9374.4072
1720.6349	9381.9668
1723.4568	9240.8848
1726.2787	9180.6309
1729.1006	9101.7324
1731.9224	9096.6367
1734.7443	9170.8066
1737.5662	9094.4932
1740.3881	8980.2129
1743.2098	8991.6543
1746.0317	8942.6094
1748.8536	8726.2803
1751.6755	8821.002
1754.4973	8784.9893
1757.3192	8745.3379
1760.1411	8777.542
1762.963	8765.6035
1765.7848	8652.5371
1768.6067	8664.7656
1771.4286	8652.9346
1774.2505	8694.2295
1777.0723	8658.915
1779.8942	8790.1797
1782.7161	8524.0049
1785.538	8671.957
1788.3597	8598.0518
1791.1816	8615.2324
1794.0035	8611.6787
1796.8254	8624.2451
1799.6472	8646.2871
1802.4691	8679.5967
1805.291	8623.2109
1808.1129	8662.8789
1810.9347	8554.4805
1813.7566	8615.585
1816.5785	8537.1465
1819.4004	8670.4033
1822.2222	8510.166
1825.0441	8511.2168
1827.866	8650.7354
1830.6879	8546.2881
1833.5096	8534.1328
1836.3315	8628.6348
1839.1534	8548.4199
1841.9753	8471.8398
1844.7971	8374.7266
1847.619	8407.6348
1850.4409	8505.0176
1853.2628	8543.6406
1856.0847	8490.2793
1858.9065	8412.6631
1861.7284	8355.875
1864.5503	8322.6484
1867.3722	8374.6074
1870.194	8481.4404
1873.0159	8306.8535
1875.8378	8300.2129
1878.6597	8271.6611
1881.4814	8369.3711
1884.3033	8339.3008
1887.1252	8491.0186
1889.9471	8336.5381
1892.7689	8380.1104
1895.5908	8291.1143
1898.4127	8332.0547
1901.2346	8387.5752
1904.0564	8411.1904
1906.8783	8455.6982
1909.7002	8436.9063
1912.5221	8445.5713
1915.3439	8382.2725
1918.1658	8470.5371
1920.9877	8412.2783
1923.8096	8521.7402
1926.6313	8503.4658
1929.4532	8483.9033
1932.2751	8546.9658
1935.097	8605.6758
1937.9188	8568.4443
1940.7407	8451.6846
1943.5626	8346.0889
1946.3845	8499.1074
1949.2063	8428.8916
1952.0282	8678.917
1954.8501	8563.0928
1957.672	8564.7168
1960.4938	8558.4609
1963.3157	8620.1826
1966.1376	8513.9385
1968.9595	8492.4043
1971.7813	8629.334
1974.6031	8633
1977.425	8566.1104
1980.2469	8617.7012
1983.0687	8604.3096
1985.8906	8498.0186
1988.7125	8604.7422
1991.5344	8540.0205
1994.3562	8558.5625
1997.1781	8604.2979
2000	8559.3389
