400	7359.8931
401.16534	7399.3433
402.33066	7329.811
403.496	7434.0322
404.66132	7504.0415
405.82666	7487.6719
406.99197	7474.1201
408.15732	7459.6489
409.32266	7420.1201
410.48798	7424.4688
411.65332	7357.7979
412.81863	7354.6274
413.98398	7370.2778
415.14932	7328.0942
416.31464	7332.7251
417.47998	7292.2842
418.64529	7284.2554
419.81064	7273.2275
420.97595	7235.2036
422.1413	7249.9458
423.30664	7293.4014
424.47195	7195.9165
425.6373	7301.8901
426.80261	7209.395
427.96796	7306.0078
429.13327	7226.4897
430.29861	7128.6567
431.46396	7153.2349
432.62927	7158.6963
433.79462	7137.1133
434.95993	7153.3096
436.12527	7141.5615
437.29062	7110.2451
438.45593	7105.0215
439.62128	7083.7593
440.78659	7026.9238
441.95193	7133.8887
443.11725	6942.8052
444.28259	7074.4849
445.44794	7166.9839
446.61325	7177.999
447.77859	7121.8423
448.94391	7053.8408
450.10925	7052.251
451.27457	6982.1235
452.43991	6943.4219
453.60526	6977.6104
454.77057	6976.9678
455.93591	6962.4258
457.10123	6986.0762
458.26657	7044.3828
459.43192	7054.6558
460.59723	6975.7495
461.76257	7049.6138
462.92789	6996.3008
464.09323	6953.4561
465.25854	6978.6978
466.42389	7001.8071
467.58923	6967.2559
468.75455	7048.002
469.91989	6964.874
471.08521	6995.9238
472.25055	7050.4341
473.41586	7005.5483
474.58121	6895.7734
475.74655	6858.7944
476.91187	6904.9302
478.07721	6937.9956
479.24252	6902.2539
480.40787	6823.2461
481.57321	6743.3633
482.73853	6740.9736
483.90387	6790.8193
485.06918	6767.9707
486.23453	6714.8477
487.39984	6765.3589
488.56519	6815.1538
489.73053	6752.3267
490.89584	6691.4941
492.06119	6683.4468
493.2265	6669.1084
494.39185	6606.957
495.55716	6764.0313
496.7225	6639.3047
497.88785	6610.9165
499.05316	6560.6079
500.21851	6548.2642
501.38382	6529.7573
502.54916	6463.188
503.71451	6486.6919
504.87982	6595.936
506.04517	6430.7725
507.21048	6516.1089
508.37582	6498.96
509.54114	6474.5576
510.70648	6491.9565
511.87183	6486.8804
513.03717	6476
514.20245	6476
515.3678	6482.7939
516.53314	6575.3599
517.69849	6585.3638
518.86383	6560.416
520.02911	6526.2744
521.19446	6473.4097
522.3598	6454.6016
523.52515	6508.9512
524.69043	6458.3701
525.85577	6584.2402
527.02112	6627.6968
528.18646	6646.6641
529.35181	6665.2979
530.51709	6670.4082
531.68243	6715.106
532.84778	6784.5977
534.01312	6701.9946
535.17847	6876.9214
536.34375	6808.1538
537.50909	6799.8774
538.67444	6856.8027
539.83978	6797.9175
541.00513	6662.6152
542.17041	6728.4199
543.33575	6691.4561
544.5011	6725.5059
545.66644	6694.2944
546.83173	6787.8428
547.99707	6831.7739
549.16241	6783.9209
550.32776	6800.7764
551.4931	6796.1934
552.65839	6926.6455
553.82373	6929.4639
554.98907	6790.8267
556.15442	6788.8628
557.31976	6871.915
558.48505	6913.8906
559.65039	6859.7036
560.81573	6774.6372
561.98108	6894.4063
563.14642	6972.02
564.31171	6758.7969
565.47705	6641.4063
566.6424	6641.9971
567.80774	6652.2754
568.97302	6591.3096
570.13837	6513.2075
571.30371	6547.481
572.46906	6313.7646
573.6344	6461.7446
574.79968	6395.4653
575.96503	6301.2617
577.13037	6226.5669
578.29572	6186.3799
579.46106	6187.1787
580.62634	6201.9868
581.79169	6177.7012
582.95703	6174.0659
584.12238	6091.3306
585.28772	6100.5522
586.453	5998.5303
587.61835	6006.8037
588.78369	6088.5015
589.94904	6074.6099
591.11432	6033.7388
592.27966	5971.52
593.44501	5979.4165
594.61035	5939.0327
595.7757	5999.833
596.94098	6041.8701
598.10632	6041.0068
599.27167	6045.5049
600.43701	6047.1982
601.60236	6006.5742
602.76764	6146.5493
603.93298	6129.5596
605.09833	6247.0586
606.26367	6240.4009
607.42902	6205.3691
608.5943	6272.3047
609.75964	6374.3257
610.92499	6434.7681
612.09033	6539.3052
613.25562	6647.9448
614.42096	6852.7988
615.5863	7089.626
616.75165	7225.0288
617.91699	7376.9521
619.08228	7561.207
620.24762	7752.5322
621.41296	7901.8442
622.57831	7996.791
623.74365	8148.1606
624.90894	8120.4014
626.07428	8145.585
627.23962	8014.5942
628.40497	8050.3193
629.57031	7928.811
630.7356	7795.1768
631.90094	7746.8774
633.06628	7625.1401
634.23163	7530.3643
635.39691	7490.0874
636.56226	7413.0322
637.7276	7546.6094
638.89294	7455.3896
640.05829	7378.8223
641.22357	7324.1372
642.38892	7279.7881
643.55426	7248.1313
644.7196	7199.958
645.88495	7237.8726
647.05023	7225.2334
648.21558	7111.1455
649.38092	7011.4395
650.54626	6925.1675
651.71161	6845.8984
652.87689	6798.2769
654.04224	6734.7534
655.20758	6582.4541
656.37292	6425.1904
657.53821	6504.2817
658.70355	6311.9712
659.8689	6272.9531
661.03424	6189.7271
662.19958	6116.9346
663.36487	6089.4697
664.53021	6101.4927
665.69556	6068.2744
666.8609	5969.1797
668.02625	5954.7925
669.19153	5964.144
670.35687	5981.1655
671.52222	5907.2969
672.68756	6035.7339
673.85291	6068.5337
675.01819	6029.8311
676.18353	6031.4653
677.34888	6073.8965
678.51422	6108.1577
679.6795	6154.207
680.84485	6169.6123
682.01019	6337.3521
683.17554	6257.5986
684.34088	6295.5205
685.50616	6226.4238
686.67151	6171.0918
687.83685	6123.9937
689.0022	6082.1724
690.16754	6027.5073
691.33282	5903.4878
692.49817	5931.6758
693.66351	5914.4092
694.82886	5827.7417
695.9942	5756.1279
697.15948	5866.064
698.32483	5808.0625
699.49017	5768.52
700.65552	5779.894
701.8208	5788.5596
702.98615	5843.064
704.15149	5855.0444
705.31683	5998.0981
706.48218	6046.9658
707.64746	6047.5396
708.81281	6091.7651
709.97815	6216.6152
711.14349	6294.4741
712.30884	6359.437
713.47412	6553.9668
714.63947	6876.3735
715.80481	7190.4995
716.97015	7543.3452
718.1355	7974.7495
719.30078	9005.8438
720.46613	10140.399
721.63147	11764.748
722.79681	13915.979
723.9621	16317.178
725.12744	18683.57
726.29279	21075.27
727.45813	23292.449
728.62347	24794.953
729.78876	25863.176
730.9541	26018.787
732.11945	25251.559
733.28479	23739.416
734.45013	21610.922
735.61542	19222.791
736.78076	16937.596
737.94611	14700.168
739.11145	12569.032
740.27679	10839.909
741.44208	9566.1465
742.60742	8475.9648
743.77277	7922.3242
744.93811	7286.2646
746.10339	6917.2852
747.26874	6649.3042
748.43408	6509.064
749.59943	6364.8315
750.76477	6257.9277
751.93005	6183.4009
753.0954	6079.4937
754.26074	5961.7915
755.42609	5924.333
756.59143	5975.7295
757.75671	5874.0889
758.92206	5897.7939
760.0874	5837.5576
761.25275	5797.8022
762.41809	5804.873
763.58337	5842.7524
764.74872	5827.5298
765.91406	5771.6753
767.07941	5737.8179
768.24469	5698.8579
769.41003	5627.7529
770.57538	5693.6035
771.74072	5685.4194
772.90607	5643.105
774.07135	5737.6743
775.23669	5708.4551
776.40204	5729.5259
777.56738	5763.1709
778.73273	5758.4351
779.89801	5770.5024
781.06335	5807.2749
782.2287	5830.5864
783.39404	5890.7222
784.55939	5964.623
785.72467	6007.9932
786.89001	5980.3008
788.05536	5963.1938
789.2207	5819.7437
790.38599	5767.5493
791.55133	5798.8022
792.71667	5662.7993
793.88202	5575.6084
795.04736	5604.2241
796.21265	5543.564
797.37799	5467.5928
798.54333	5541.8262
799.70868	5524.6602
800.87402	5567.4946
802.03931	5531.4297
803.20465	5543.5459
804.37	5566.9775
805.53534	5510.585
806.70068	5541.2983
807.86597	5557.4229
809.03131	5522.4985
810.19666	5451.3013
811.362	5425.0479
812.52728	5521.4434
813.69263	5514.2173
814.85797	5456.5386
816.02332	5403.6362
817.18866	5309.2197
818.35394	5493.1611
819.51929	5398.562
820.68463	5372.6372
821.84998	5409.5488
823.01532	5383.5234
824.1806	5366.3516
825.34595	5353.5498
826.51129	5337.4473
827.67664	5380.8496
828.84198	5389.4053
830.00726	5400.5381
831.17261	5430.4175
832.33795	5336.626
833.5033	5374.1421
834.66858	5374.1143
835.83392	5381.1528
836.99927	5361.5313
838.16461	5233.5054
839.32996	5242.5933
840.49524	5347.6099
841.66058	5385.0068
842.82593	5352.9888
843.99127	5339.6025
845.15662	5410.8403
846.3219	5420.0103
847.48724	5373.3169
848.65259	5301.5933
849.81793	5373.7407
850.98328	5366.3506
852.14856	5323.0483
853.3139	5337.3203
854.47925	5418.7837
855.64459	5472.6699
856.80988	5409.939
857.97522	5389.6011
859.14056	5371.1465
860.30591	5278.9048
861.47125	5366.5054
862.63654	5403.2451
863.80188	5416.938
864.96722	5316.729
866.13257	5432.4155
867.29791	5462.3438
868.4632	5413.3066
869.62854	5409.2715
870.79388	5500.0327
871.95923	5462.9839
873.12457	5450.3696
874.28986	5422.8145
875.4552	5459.6079
876.62054	5552.3862
877.78589	5542.6167
878.95117	5516.6377
880.11652	5469.8799
881.28186	5514.0972
882.4472	5632.6382
883.61255	5439.4912
884.77783	5592.0762
885.94318	5564.6758
887.10852	5684.1807
888.27386	5569.4434
889.43921	5492.6123
890.60449	5490.5005
891.76984	5541.2314
892.93518	5556.373
894.10052	5476.438
895.26587	5430.0557
896.43115	5477.5566
897.5965	5472.9868
898.76184	5474.6343
899.92719	5454.3442
901.09247	5461.6353
902.25781	5556.6274
903.42316	5288.5654
904.5885	5432.1089
905.75385	5475.144
906.91913	5430.9438
908.08447	5437.6836
909.24982	5461.5859
910.41516	5363.3706
911.58051	5404.8027
912.74579	5439.502
913.91113	5435.4365
915.07648	5519.2573
916.24182	5546.1963
917.40717	5595.3896
918.57245	5593.3228
919.73779	5606.2539
920.90314	5762.9751
922.06848	5821.5063
923.23376	5849.7202
924.39911	5701.1558
925.56445	5818.1821
926.7298	5649.3379
927.89514	5705.459
929.06042	5678.625
930.22577	5672.9263
931.39111	5651.9775
932.55646	5588.2813
933.7218	5524.3193
934.88708	5570.8496
936.05243	5621.5762
937.21777	5519.644
938.38312	5556.4116
939.54846	5594.064
940.71375	5516.5776
941.87909	5641.0679
943.04443	5629.9785
944.20978	5649.7842
945.37506	5607.0693
946.54041	5761.5459
947.70575	5911.2554
948.87109	5921.4048
950.03644	5968.1177
951.20172	6005.0566
952.36707	6063.8682
953.53241	6186.3462
954.69775	6267.7617
955.8631	6274.9536
957.02838	6260.8691
958.19373	6210.3828
959.35907	6100.6626
960.52441	5996.8379
961.68976	5995.9009
962.85504	6019.9878
964.02039	5828.27
965.18573	5879.4692
966.35107	5811.4531
967.51636	5686.6733
968.6817	5702.6313
969.84705	5623.3623
971.01239	5632.7529
972.17773	5590.7954
973.34302	5671.0747
974.50836	5697.8789
975.67371	5613.4312
976.83905	5609.0547
978.00439	5622.7324
979.16968	5590.4082
980.33502	5592.9536
981.50037	5559.9521
982.66571	5481.1563
983.83105	5487.2461
984.99634	5463.2437
986.16168	5459.8955
987.32703	5465.4966
988.49237	5425.7847
989.65765	5424.5938
990.823	5532.1001
991.98834	5461.5156
993.15369	5526.4336
994.31903	5576.7749
995.48431	5504.5029
996.64966	5465.7437
997.815	5456.0356
998.98035	5523.7803
1000.1457	5633.7056
1001.311	5629.3516
1002.4763	5668.959
1003.6417	5630.3296
1004.807	5694.2852
1005.9724	5763.27
1007.1376	5698.5562
1008.303	5628.9985
1009.4683	5636.7822
1010.6337	5701.8354
1011.799	5571.6509
1012.9643	5519.5952
1014.1296	5553.2573
1015.295	5589.1025
1016.4603	5528.2661
1017.6256	5585.4443
1018.791	5529.3325
1019.9563	5507.3633
1021.1216	5528.4189
1022.287	5440.0293
1023.4523	5397.4189
1024.6177	5367.3672
1025.783	5362.8062
1026.9482	5344.1152
1028.1136	5319.4536
1029.2789	5215.9448
1030.4443	5238.0649
1031.6096	5315.4351
1032.7749	5213.188
1033.9403	5223.2158
1035.1056	5236.9829
1036.271	5193.6895
1037.4363	5144.6802
1038.6016	5041.6929
1039.767	5014.1279
1040.9323	4991.7974
1042.0977	5020.4556
1043.2629	5118.4331
1044.4282	5001.0669
1045.5936	4862.8286
1046.7589	4924.4614
1047.9242	4940.6777
1049.0896	4808.9097
1050.2549	4842.8115
1051.4203	4810.8794
1052.5856	4780.8306
1053.7509	4836.5952
1054.9163	4837.6348
1056.0815	4830.2803
1057.2469	4864.9482
1058.4122	4752.5054
1059.5775	4773.4048
1060.7429	4825.0347
1061.9082	4824.439
1063.0736	4776.667
1064.2389	4809.0508
1065.4042	4753.0557
1066.5696	4751.0508
1067.7349	4796.5435
1068.9003	4845.0186
1070.0656	4830.7495
1071.2308	4720.6494
1072.3962	4724.4409
1073.5615	4780.5356
1074.7269	4745.373
1075.8922	4667.9565
1077.0575	4557.3706
1078.2229	4631.1167
1079.3882	4706.3608
1080.5536	4737.0952
1081.7189	4661.5
1082.8842	4709.8823
1084.0496	4729.1357
1085.2148	4684.3472
1086.3802	4645.4697
1087.5455	4700.3745
1088.7108	4706.6201
1089.8762	4747.2788
1091.0415	4718.6523
1092.2068	4713.7275
1093.3722	4730.2051
1094.5375	4670.6138
1095.7029	4673.9111
1096.8682	4753.6211
1098.0334	4893.6826
1099.1989	4910.458
1100.3641	4831.4712
1101.5295	4889.7314
1102.6948	4907.8931
1103.8601	4814.7886
1105.0255	4930.6221
1106.1908	4879.2456
1107.3562	4867.4458
1108.5215	4919.9824
1109.6868	4888.644
1110.8522	4927.8247
1112.0175	5032.5728
1113.1829	4952.3652
1114.3481	4835.377
1115.5134	4907.7378
1116.6788	4899.2095
1117.8441	4857.917
1119.0095	4903.6973
1120.1748	4890.8398
1121.3401	4888.498
1122.5055	4925.2603
1123.6708	4922.9224
1124.8362	4888.8564
1126.0015	4897.793
1127.1667	4867.3223
1128.3322	4876.0444
1129.4974	4850.6348
1130.6628	4814.1123
1131.8281	4841.3325
1132.9934	4787.335
1134.1588	4726.2285
1135.3241	4832.46
1136.4894	4992.3423
1137.6548	4817.4277
1138.8201	4799.8125
1139.9855	4861.3457
1141.1508	4869.5884
1142.316	4807.6934
1143.4814	4678.5078
1144.6467	4699.6899
1145.8121	4735.4438
1146.9774	4678.0762
1148.1427	4575.8301
1149.3081	4627.4331
1150.4734	4452.9126
1151.6388	4518.8911
1152.8041	4510.3638
1153.9694	4478.5
1155.1348	4474.9829
1156.3	4528.4688
1157.4655	4468.8071
1158.6307	4506.6631
1159.796	4400.6919
1160.9614	4502.627
1162.1267	4469.3696
1163.2921	4560.627
1164.4574	4474.2944
1165.6227	4514.3247
1166.7881	4541.6147
1167.9534	4490.3184
1169.1188	4518.7373
1170.2841	4538.2832
1171.4493	4500.5884
1172.6147	4552.311
1173.78	4558.9453
1174.9454	4519.5947
1176.1107	4493.3921
1177.276	4540.7114
1178.4414	4648.5034
1179.6067	4683.2783
1180.772	4673.8862
1181.9374	4681.4321
1183.1027	4698.1943
1184.2681	4714.9639
1185.4333	4793.0566
1186.5986	4775.7031
1187.764	4790.1616
1188.9293	4774.1343
1190.0947	4833.6943
1191.26	4911.9946
1192.4253	4938.625
1193.5907	4946.9551
1194.756	4954.853
1195.9214	4995.8711
1197.0867	5043.2544
1198.252	5072.2588
1199.4174	5082.4932
1200.5826	5096.0527
1201.748	5103.5391
1202.9133	5084.0371
1204.0786	4986.0625
1205.244	4953.4316
1206.4093	4988.2632
1207.5747	4985.7783
1208.74	4944.3706
1209.9053	4966.8662
1211.0707	4983.9741
1212.236	5011.3853
1213.4014	5026.8853
1214.5667	4984.7349
1215.7319	4943.2114
1216.8973	4930.0269
1218.0626	4902.7529
1219.228	4988.4922
1220.3933	4978.4375
1221.5586	4933.48
1222.724	4986.2549
1223.8893	5000.5913
1225.0546	4970.4253
1226.22	4971.3276
1227.3853	4965.1421
1228.5507	4964.2568
1229.7159	5016.2515
1230.8812	5018.2612
1232.0466	4980.9854
1233.2119	4907.9648
1234.3773	4844.873
1235.5426	4858.0405
1236.7079	4881.6274
1237.8733	4842.0581
1239.0386	4784.1636
1240.204	4767.0225
1241.3693	4781.3984
1242.5345	4806.1782
1243.7	4802.8188
1244.8652	4802.6035
1246.0306	4879.4487
1247.1959	4894.2002
1248.3612	4861.9678
1249.5266	4904.5176
1250.6919	4956.5918
1251.8573	5010.3848
1253.0226	5007.6729
1254.1879	5112.0449
1255.3533	5147.6909
1256.5186	5208.064
1257.684	5362.063
1258.8492	5445.4556
1260.0145	5507.5176
1261.1799	5663.8589
1262.3452	5750.1108
1263.5106	5837.1919
1264.6759	5914.6284
1265.8412	6007.5981
1267.0066	6011.8931
1268.1719	6073.729
1269.3372	5923.0361
1270.5026	5951.8066
1271.6678	5893.0225
1272.8333	5758.5815
1273.9985	5574.79
1275.1638	5456.7036
1276.3292	5373.8818
1277.4945	5239.4561
1278.6599	5131.8364
1279.8252	5111.7183
1280.9905	4971.9683
1282.1559	4867.4438
1283.3212	4844.8447
1284.4866	4730.0049
1285.6519	4787.5225
1286.8171	4804.2832
1287.9825	4858.4063
1289.1478	4770.8159
1290.3132	4804.8506
1291.4785	4871.8091
1292.6438	4885.1069
1293.8092	5014.9458
1294.9745	5023.0186
1296.1399	4983.7036
1297.3052	5126.9995
1298.4705	5141.9258
1299.6359	5270.834
1300.8011	5390.3696
1301.9666	5399.4937
1303.1318	5570.291
1304.2971	5630.2153
1305.4625	5797.394
1306.6278	6017.0688
1307.7932	6050.7358
1308.9585	6238.6772
1310.1238	6327.1099
1311.2892	6519.6772
1312.4545	6631.5557
1313.6198	6910.8672
1314.7852	7072.5181
1315.9504	7249.2056
1317.1158	7441.6104
1318.2811	7567.7329
1319.4464	7861.1162
1320.6118	8096.0313
1321.7771	8252.916
1322.9425	8398.7861
1324.1078	8654.9824
1325.2731	8829.9932
1326.4385	9141.4902
1327.6038	9247.4463
1328.7692	9352.8193
1329.9344	9504.4287
1331.0997	9553.3779
1332.2651	9467.3994
1333.4304	9470.2646
1334.5958	9365.1367
1335.7611	9135.7344
1336.9264	8926.0049
1338.0918	8648.5967
1339.2571	8383.7871
1340.4225	8065.2534
1341.5878	7796.7104
1342.7531	7481.6875
1343.9185	7178.2852
1345.0837	6888.4683
1346.2491	6560.8052
1347.4144	6364.3354
1348.5797	6169.4063
1349.7451	5985.4854
1350.9104	5854.5015
1352.0758	5797.4502
1353.2411	5715.748
1354.4064	5675.2686
1355.5718	5718.6665
1356.7371	5825.8574
1357.9023	5836.4351
1359.0677	5903.9287
1360.233	5945.5117
1361.3984	6176.4521
1362.5637	6343.2871
1363.729	6451.3701
1364.8944	6543.373
1366.0597	6736.4995
1367.2251	6828.4771
1368.3904	6934.4048
1369.5557	7011.9106
1370.7211	6960.6621
1371.8864	6963.3394
1373.0518	6848.7334
1374.217	6729.1313
1375.3823	6671.3076
1376.5477	6465.5879
1377.713	6183.8252
1378.8784	5985.9424
1380.0437	5866.3911
1381.209	5684.3228
1382.3744	5542.5313
1383.5397	5447.0952
1384.7051	5418.6299
1385.8704	5279.0005
1387.0356	5276.6416
1388.201	5317.3701
1389.3663	5383.1597
1390.5317	5455.1846
1391.697	5503.2661
1392.8623	5541.498
1394.0277	5591.0127
1395.193	5543.4019
1396.3584	5515.334
1397.5237	5363.0103
1398.689	5256.9224
1399.8544	5145.5244
1401.0197	4976.9961
1402.1849	4870.9048
1403.3503	4763.8989
1404.5156	4579.0024
1405.681	4434.5068
1406.8463	4386.0044
1408.0116	4271.5923
1409.177	4147.0449
1410.3423	4105.8442
1411.5077	4119.521
1412.673	4013.7815
1413.8383	3954.7446
1415.0037	3975.4316
1416.1689	3938.5198
1417.3344	3969.5107
1418.4996	3955.9563
1419.6649	3962.4419
1420.8303	3996.1123
1421.9956	4003.105
1423.161	4072.0676
1424.3263	4089.8049
1425.4916	4116.3389
1426.657	4113.3931
1427.8223	4151.0356
1428.9877	4157.042
1430.153	4242.2505
1431.3182	4252.2632
1432.4836	4272.4995
1433.6489	4385.5864
1434.8143	4344.2632
1435.9796	4404.7441
1437.1449	4373.7588
1438.3103	4475.9619
1439.4756	4459.4839
1440.641	4512.6182
1441.8063	4572.3491
1442.9716	4613.1646
1444.137	4673.9673
1445.3022	4769.1689
1446.4675	4884.1338
1447.6329	4938.0938
1448.7982	5124.7817
1449.9636	5259.3008
1451.1289	5320.812
1452.2942	5502.4355
1453.4596	5598.041
1454.6249	5620.4922
1455.7903	5602.1753
1456.9556	5572.3691
1458.1208	5543.9116
1459.2863	5392.9497
1460.4515	5161.9219
1461.6169	5092.6577
1462.7822	5019.4839
1463.9475	4858.9619
1465.1129	4796.0732
1466.2782	4590.3267
1467.4436	4548.0391
1468.6089	4476.2744
1469.7742	4389.0015
1470.9396	4382.9082
1472.1049	4268.7285
1473.2703	4219.7397
1474.4355	4176.5522
1475.6008	4143.6724
1476.7662	4042.5813
1477.9315	4059.4277
1479.0969	4031.4587
1480.2622	3960.4475
1481.4275	3990.6169
1482.5929	3900.908
1483.7582	3940.8113
1484.9236	3937.7576
1486.0889	3928.7776
1487.2542	3911.0974
1488.4196	3876.0186
1489.5848	3884.054
1490.7501	3914.093
1491.9155	3916.8904
1493.0808	3919.4185
1494.2462	3848.6545
1495.4115	3842.4221
1496.5768	3873.4514
1497.7422	3855.552
1498.9075	3806.647
1500.0729	3831.9614
1501.2382	3811.9072
1502.4034	3789.5762
1503.5688	3837.9639
1504.7341	3835.6775
1505.8995	3853.8909
1507.0648	3851.3516
1508.2301	3821.3975
1509.3955	3829.4729
1510.5608	3842.1609
1511.7262	3816.1086
1512.8915	3738.1687
1514.0568	3723.4961
1515.2222	3728.3979
1516.3875	3774.1736
1517.5529	3763.9736
1518.7181	3723.5886
1519.8834	3634.6956
1521.0488	3709.145
1522.2141	3641.7813
1523.3795	3661.9878
1524.5448	3626.4082
1525.7101	3605.615
1526.8755	3630.9941
1528.0408	3619.6321
1529.2062	3641.7488
1530.3715	3639.1646
1531.5367	3680.8748
1532.7021	3665.5813
1533.8674	3651.2273
1535.0327	3655.259
1536.1981	3690.9766
1537.3634	3719.0637
1538.5288	3758.3452
1539.6941	3789.3076
1540.8594	3819.9636
1542.0248	3903.9775
1543.1901	3930.1396
1544.3555	3967.2488
1545.5208	3910.9019
1546.686	3891.3618
1547.8514	3862.5383
1549.0167	3873.5518
1550.1821	3892.7502
1551.3474	3888.3037
1552.5127	3866.0781
1553.6781	3723.8428
1554.8434	3651.8459
1556.0088	3709.0657
1557.1741	3621.5024
1558.3394	3660.5701
1559.5048	3648.855
1560.67	3585.3335
1561.8354	3575.8406
1563.0007	3593.7534
1564.166	3629.4294
1565.3314	3654.2695
1566.4967	3581.6096
1567.6621	3610.9512
1568.8274	3653.3054
1569.9927	3663.0002
1571.1581	3666.3484
1572.3234	3689.7605
1573.4888	3664.3477
1574.6541	3658.4497
1575.8193	3686.3276
1576.9847	3644.1736
1578.15	3670.2327
1579.3153	3655.9824
1580.4807	3683.0857
1581.646	3634.8137
1582.8114	3639.7622
1583.9767	3634.7456
1585.142	3652.5364
1586.3074	3647.9812
1587.4727	3577.3054
1588.6381	3613.2051
1589.8033	3631.8813
1590.9686	3575.8057
1592.134	3603.3481
1593.2993	3543.0693
1594.4647	3512.8877
1595.63	3558.0586
1596.7953	3483.9026
1597.9607	3488.9387
1599.126	3447.5942
1600.2914	3458.7893
1601.4567	3523.7983
1602.6219	3520.2122
1603.7874	3482.8723
1604.9526	3438.5571
1606.118	3465.4783
1607.2833	3515.3982
1608.4486	3521.7158
1609.614	3554.2944
1610.7793	3399.6619
1611.9447	3636.3865
1613.11	3564.0259
1614.2753	3592.748
1615.4407	3613.0271
1616.606	3675.6943
1617.7714	3685.011
1618.9366	3640.7961
1620.1019	3624.4158
1621.2673	3702.8784
1622.4326	3750.4204
1623.5979	3718.8125
1624.7633	3772.5444
1625.9286	3700.8057
1627.094	3751.7715
1628.2593	3685.7668
1629.4246	3680.7793
1630.59	3677.8242
1631.7552	3696.6765
1632.9207	3704.0884
1634.0859	3618.4705
1635.2512	3615.8379
1636.4166	3618.1746
1637.5819	3517.8984
1638.7473	3570.8115
1639.9126	3481.2354
1641.0779	3525.3284
1642.2433	3435.6396
1643.4086	3383.1941
1644.574	3442.2854
1645.7393	3293.4653
1646.9045	3323.353
1648.0699	3294.1008
1649.2352	3321.9714
1650.4006	3297.4104
1651.5659	3246.7456
1652.7312	3250.9143
1653.8966	3162.7065
1655.0619	3214.1541
1656.2273	3098.3862
1657.3926	3098.6409
1658.5579	3044.6714
1659.7233	3074.0908
1660.8885	3004.0432
1662.054	3038.8816
1663.2192	3034.1245
1664.3845	3015.603
1665.5499	2963.5547
1666.7152	2964.7249
1667.8805	2996.9836
1669.0459	3003.613
1670.2112	2892.2463
1671.3766	2875.9531
1672.5419	2955.4028
1673.7072	2954.3149
1674.8726	2889.5857
1676.0378	2955.3386
1677.2032	2972.7485
1678.3685	2974.6345
1679.5338	2964.5313
1680.6992	2893.0134
1681.8645	2942.0371
1683.0299	2822.1467
1684.1952	2903.9404
1685.3605	2872.7173
1686.5259	2883.1711
1687.6912	2905.6882
1688.8566	2911.6448
1690.0219	2902.1414
1691.1871	2849.0149
1692.3525	2814.1184
1693.5178	2853.9077
1694.6832	2864.1438
1695.8485	2860.363
1697.0138	2800.989
1698.1792	2806.3406
1699.3445	2808.8267
1700.5099	2826.3926
1701.6752	2771.2229
1702.8405	2836.0527
1704.0059	2844.2236
1705.1711	2810.7563
1706.3365	2834.6655
1707.5018	2770.9885
1708.6671	2790.6257
1709.8325	2817.2095
1710.9978	2889.6387
1712.1631	2726.0623
1713.3285	2766.988
1714.4938	2839.7114
1715.6592	2820.2017
1716.8245	2800.9006
1717.9897	2784.1951
1719.1552	2743.6667
1720.3204	2779.3486
1721.4858	2829.1533
1722.6511	2872.0334
1723.8164	2788.4783
1724.9818	2727.7058
1726.1471	2735.9849
1727.3125	2698.906
1728.4778	2733.0637
1729.6431	2757.5293
1730.8085	2732.6909
1731.9738	2708.366
1733.1392	2739.4326
1734.3044	2696.5117
1735.4697	2700.4207
1736.6351	2785.5608
1737.8004	2656.1299
1738.9658	2683.8784
1740.1311	2715.2236
1741.2964	2650.1592
1742.4618	2681.9197
1743.6271	2708.1318
1744.7925	2714.7646
1745.9578	2726.0063
1747.123	2705.6963
1748.2885	2629.8254
1749.4537	2669.9434
1750.6191	2617.9321
1751.7844	2646.6609
1752.9497	2679.9097
1754.1151	2713.438
1755.2804	2664.033
1756.4457	2694.7776
1757.6111	2699.283
1758.7764	2653.0605
1759.9418	2612.1501
1761.1071	2595.4333
1762.2723	2623.4216
1763.4377	2577.3086
1764.603	2630.7954
1765.7684	2649.6436
1766.9337	2600.8413
1768.099	2615.8064
1769.2644	2605.0962
1770.4297	2587.1367
1771.5951	2597.1426
1772.7604	2571.6362
1773.9257	2557.3984
1775.0911	2602.1208
1776.2563	2589.1431
1777.4218	2595.0789
1778.587	2542.5186
1779.7523	2565.3423
1780.9177	2587.499
1782.083	2536.3091
1783.2484	2527.6357
1784.4137	2490.8931
1785.579	2484.7371
1786.7444	2417.8472
1787.9097	2486.9287
1789.0751	2484.3101
1790.2404	2486.74
1791.4056	2502.666
1792.571	2453.6675
1793.7363	2461.0938
1794.9017	2418.2227
1796.067	2390.1592
1797.2323	2448.7839
1798.3977	2443.6377
1799.563	2436.4104
1800.7283	2344.0293
1801.8937	2448.5066
1803.059	2386.033
1804.2244	2401.6355
1805.3896	2428.1174
1806.5549	2445.6963
1807.7203	2417.6973
1808.8856	2436.4941
1810.051	2442.0691
1811.2163	2405.6541
1812.3816	2396.1892
1813.547	2370.804
1814.7123	2460.501
1815.8777	2435.8975
1817.043	2471.937
1818.2083	2411.4548
1819.3737	2459.2253
1820.5389	2425.5264
1821.7043	2407.7825
1822.8696	2448.3611
1824.0349	2472.0593
1825.2003	2464.6606
1826.3656	2424.2063
1827.531	2400.0547
1828.6963	2450.2017
1829.8616	2395.5894
1831.027	2427.1519
1832.1923	2392.2075
1833.3577	2363.8472
1834.5229	2410.8821
1835.6882	2452.417
1836.8536	2443.2051
1838.0189	2371.4878
1839.1843	2379.364
1840.3496	2392.1406
1841.5149	2356.9124
1842.6803	2348.9929
1843.8456	2362.5752
1845.0109	2294.3098
1846.1763	2320.0713
1847.3416	2319.2637
1848.507	2274.9519
1849.6722	2282.5701
1850.8375	2308.4888
1852.0029	2322.3022
1853.1682	2290.8289
1854.3336	2250.3538
1855.4989	2254.5618
1856.6642	2246.9944
1857.8296	2267.2498
1858.9949	2305.6729
1860.1603	2219.3257
1861.3256	2273.8123
1862.4908	2339.0229
1863.6563	2349.6809
1864.8215	2319.9058
1865.9869	2361.0186
1867.1522	2349.8999
1868.3175	2324.2241
1869.4829	2378.5903
1870.6482	2366.9133
1871.8136	2311.2937
1872.9789	2322.3596
1874.1442	2292.0698
1875.3096	2309.449
1876.4749	2347.4766
1877.6403	2325.5762
1878.8055	2311.2029
1879.9708	2281.5801
1881.1362	2285.3259
1882.3015	2268.0603
1883.4669	2232.9053
1884.6322	2282.7002
1885.7975	2232.5007
1886.9629	2286.1978
1888.1282	2212.8445
1889.2935	2167.05
1890.4589	2210.4622
1891.6241	2195.8196
1892.7896	2145.6792
1893.9548	2140.0034
1895.1201	2115.2734
1896.2855	2129.5322
1897.4508	2133.9895
1898.6162	2130.3384
1899.7815	2126.1941
1900.9468	2071.5759
1902.1122	2125.3655
1903.2775	2145.45
1904.4429	2031.2917
1905.6082	2140.6912
1906.7734	2104.0444
1907.9388	2110.7617
1909.1041	2121.6753
1910.2695	2096.3406
1911.4348	2081.9331
1912.6001	2019.5438
1913.7655	2094.688
1914.9308	2114.9995
1916.0962	2066.2659
1917.2615	2089.873
1918.4268	2158.4214
1919.5922	2091.3174
1920.7574	2089.7864
1921.9229	2101.6965
1923.0881	2127.8525
1924.2534	2145.8684
1925.4188	2098.8359
1926.5841	2106.03
1927.7495	2133.4392
1928.9148	2143.9231
1930.0801	2064.4924
1931.2455	2091.7173
1932.4108	2107.1741
1933.576	2085.2104
1934.7415	2048.4841
1935.9067	2014.6805
1937.0721	2048.1702
1938.2374	2058.167
1939.4027	2016.4388
1940.5681	2023.5594
1941.7334	2012.7208
1942.8988	2020.7743
1944.0641	2070.2844
1945.2294	1954.4211
1946.3948	1989.5348
1947.5601	1984.7715
1948.7255	2015.4175
1949.8907	1978.3221
1951.056	1937.7297
1952.2214	1997.6278
1953.3867	1966.1409
1954.5521	1944.2646
1955.7174	1991.8528
1956.8827	1951.7303
1958.0481	1902.4404
1959.2134	1933.884
1960.3788	1944.748
1961.5441	1972.8752
1962.7094	1978.3505
1963.8748	1968.1344
1965.04	1941.7111
1966.2054	1968.4951
1967.3707	2007.7709
1968.536	1963.8827
1969.7014	2005.3196
1970.8667	1981.4093
1972.0321	1932.2574
1973.1974	1973.5967
1974.3627	1946.3403
1975.5281	2040.3544
1976.6934	1954.4331
1977.8586	1987.4192
1979.024	1982.7909
1980.1893	1998.3208
1981.3547	1996.4209
1982.52	2007.8425
1983.6853	1954.5366
1984.8507	1951.8539
1986.016	1933.849
1987.1814	1921.4105
1988.3467	1916.8552
1989.512	1903.8534
1990.6774	1900.4736
1991.8427	1881.2802
1993.0081	1871.2574
1994.1733	1880.5409
1995.3386	1810.5032
1996.504	1841.5574
1997.6693	1856.4636
1998.8347	1903.5714
2000	1830.916
