400	3625.4836
401.16534	3510.5652
402.33066	3523.4961
403.496	3521.5359
404.66132	3545.3489
405.82666	3577.335
406.99197	3576.1118
408.15732	3574.5742
409.32266	3399.2732
410.48798	3481.0872
411.65332	3508.4836
412.81863	3481.1011
413.98398	3478.4199
415.14932	3508.0847
416.31464	3446.467
417.47998	3427.5374
418.64529	3489.2593
419.81064	3504.697
420.97595	3467.104
422.1413	3462.2571
423.30664	3501.957
424.47195	3466.2908
425.6373	3468.8755
426.80261	3470.6401
427.96796	3485.325
429.13327	3473.4844
430.29861	3411.5874
431.46396	3377.9607
432.62927	3464.8452
433.79462	3431.1765
434.95993	3483.3613
436.12527	3445.7961
437.29062	3385.8552
438.45593	3359.592
439.62128	3393.73
440.78659	3437.4346
441.95193	3339.9272
443.11725	3401.3162
444.28259	3361.7925
445.44794	3391.8096
446.61325	3392.9983
447.77859	3366.0793
448.94391	3378.4861
450.10925	3428.2935
451.27457	3349.5085
452.43991	3384.0601
453.60526	3328.1975
454.77057	3333.0266
455.93591	3337.2786
457.10123	3303.3264
458.26657	3290.2524
459.43192	3282.2625
460.59723	3324.7502
461.76257	3336.0811
462.92789	3334.2346
464.09323	3354.281
465.25854	3370.8269
466.42389	3369.9529
467.58923	3382.9939
468.75455	3208.48
469.91989	3285.6179
471.08521	3330.1907
472.25055	3337.4089
473.41586	3314.5039
474.58121	3279.3867
475.74655	3260.8972
476.91187	3281.1714
478.07721	3249.8462
479.24252	3243.8369
480.40787	3264.155
481.57321	3254.8071
482.73853	3233.7849
483.90387	3237.998
485.06918	3241.3618
486.23453	3117.4885
487.39984	3087.0076
488.56519	3179.907
489.73053	3228.5972
490.89584	3230.9968
492.06119	3225.6064
493.2265	3224.8662
494.39185	3206.5549
495.55716	3188.2297
496.7225	3240.5742
497.88785	3224.7498
499.05316	3200.8103
500.21851	3180.426
501.38382	3160.5017
502.54916	3137.0295
503.71451	3119.3413
504.87982	3199.7449
506.04517	3089.8481
507.21048	3038.146
508.37582	3095.4177
509.54114	3107.939
510.70648	3078.001
511.87183	3079.853
513.03717	3042.6194
514.20245	3119.645
515.3678	3150.0273
516.53314	3189.0786
517.69849	3172.5564
518.86383	3152.0464
520.02911	3138.2839
521.19446	3099.5908
522.3598	3050.4487
523.52515	3070.6108
524.69043	3049.4875
525.85577	3151.4746
527.02112	3108.4714
528.18646	3093.4497
529.35181	3168.4983
530.51709	3188.1211
531.68243	3059.9902
532.84778	3136.291
534.01312	3196.0466
535.17847	3212.3813
536.34375	3189.3745
537.50909	3192.1484
538.67444	3192.4365
539.83978	3171.5061
541.00513	3156.5547
542.17041	3048.0203
543.33575	3188.8354
544.5011	3217.1621
545.66644	3113.8088
546.83173	3131.1528
547.99707	3235.9341
549.16241	3246.2754
550.32776	3134.6262
551.4931	3157.8608
552.65839	3209.8657
553.82373	3197.6272
554.98907	3255.3599
556.15442	3176.24
557.31976	3177.759
558.48505	3247.2888
559.65039	3260.2078
560.81573	3298.0869
561.98108	3310.0625
563.14642	3239.3953
564.31171	3206.5503
565.47705	3265.5955
566.6424	3239.374
567.80774	3163.2561
568.97302	3135.0352
570.13837	3147.5681
571.30371	3118.397
572.46906	3097.1296
573.6344	3068.1218
574.79968	3072.4695
575.96503	3034.4575
577.13037	3046.1243
578.29572	3048.4519
579.46106	3005.8584
580.62634	3006.7258
581.79169	2964.6328
582.95703	2879.5032
584.12238	3024.1624
585.28772	2948.5806
586.453	2908.4453
587.61835	2926.4534
588.78369	2897.0447
589.94904	2835.1323
591.11432	2886.2073
592.27966	2940.2759
593.44501	2923.3872
594.61035	2817.2761
595.7757	2886.5916
596.94098	2919.0261
598.10632	2883.9805
599.27167	2861.3582
600.43701	2860.5615
601.60236	2810.6836
602.76764	2821.4912
603.93298	2835.6946
605.09833	2882.7041
606.26367	2860.8044
607.42902	2898.1208
608.5943	2924.8274
609.75964	2885.6426
610.92499	2854.292
612.09033	2916.925
613.25562	2959.3884
614.42096	3038.6646
615.5863	3077.8367
616.75165	3107.0764
617.91699	3210.3198
619.08228	3245.9097
620.24762	3299.6555
621.41296	3438.0051
622.57831	3506.0056
623.74365	3522.8433
624.90894	3582.6194
626.07428	3686.7319
627.23962	3722.8113
628.40497	3767.2117
629.57031	3729.5566
630.7356	3660.4534
631.90094	3623.3503
633.06628	3623.3154
634.23163	3673.2102
635.39691	3576.6597
636.56226	3559.6274
637.7276	3530.439
638.89294	3502.7937
640.05829	3518.5662
641.22357	3457.936
642.38892	3425.7727
643.55426	3478.9712
644.7196	3444.594
645.88495	3483.3101
647.05023	3433.9766
648.21558	3414.365
649.38092	3365.4216
650.54626	3360.3616
651.71161	3306.9253
652.87689	3297.8447
654.04224	3263.1272
655.20758	3137.3267
656.37292	3147.7361
657.53821	3080.9084
658.70355	3022.4951
659.8689	3025.4136
661.03424	3024.1643
662.19958	2916.0872
663.36487	2897.9216
664.53021	2913.2766
665.69556	2895.7913
666.8609	2908.2415
668.02625	2905.6416
669.19153	2789.8459
670.35687	2838.4478
671.52222	2824.1753
672.68756	2857.1418
673.85291	2895.8071
675.01819	2897.9219
676.18353	2894.8579
677.34888	2893.7827
678.51422	2861.0806
679.6795	2828.7605
680.84485	2903.8167
682.01019	2931.7598
683.17554	2922.4929
684.34088	2996.126
685.50616	2957.0928
686.67151	2937.1321
687.83685	2965.7893
689.0022	2983.3997
690.16754	2941.1133
691.33282	2857.6218
692.49817	2850.1211
693.66351	2737.0857
694.82886	2780.7498
695.9942	2792.0112
697.15948	2743.825
698.32483	2772.1226
699.49017	2797.7964
700.65552	2770.8792
701.8208	2741.751
702.98615	2750.3257
704.15149	2763.6331
705.31683	2727.864
706.48218	2700.6379
707.64746	2693.2488
708.81281	2781.4355
709.97815	2820.3928
711.14349	2780.1538
712.30884	2817.2412
713.47412	2894.1172
714.63947	2904.3894
715.80481	2942.0339
716.97015	3061.8699
718.1355	3189.3069
719.30078	3352.8142
720.46613	3597.6199
721.63147	3909.6343
722.79681	4390.9736
723.9621	5024.7993
725.12744	5773.0449
726.29279	6641.3892
727.45813	7653.8047
728.62347	8708.1768
729.78876	9544.7949
730.9541	10385.975
732.11945	10670.206
733.28479	10790.217
734.45013	10528.226
735.61542	9966.3506
736.78076	9272.8203
737.94611	8305.9229
739.11145	7273.0151
740.27679	6417.4302
741.44208	5625.6519
742.60742	4956.5747
743.77277	4324.9077
744.93811	3925.2312
746.10339	3571.2993
747.26874	3504.9463
748.43408	3244.9592
749.59943	3124.728
750.76477	3075.3704
751.93005	3001.8386
753.0954	2977.8198
754.26074	2983.7334
755.42609	2864.7512
756.59143	2765.198
757.75671	2830.0103
758.92206	2828.1514
760.0874	2802.3079
761.25275	2766.3208
762.41809	2784.4617
763.58337	2780.0168
764.74872	2776.6887
765.91406	2722.386
767.07941	2698.1675
768.24469	2775.593
769.41003	2708.6636
770.57538	2703.7502
771.74072	2703.1235
772.90607	2675.5576
774.07135	2716.4358
775.23669	2742.9639
776.40204	2701.6235
777.56738	2671.4387
778.73273	2735.2302
779.89801	2785.0198
781.06335	2757.0676
782.2287	2729.781
783.39404	2729.2634
784.55939	2797.9219
785.72467	2895.6323
786.89001	2770.4717
788.05536	2736.1965
789.2207	2786.8696
790.38599	2803.8833
791.55133	2784.6355
792.71667	2713.9409
793.88202	2660.9026
795.04736	2671.0483
796.21265	2715.5068
797.37799	2718.1274
798.54333	2609.1328
799.70868	2595.7263
800.87402	2651.5063
802.03931	2680.9961
803.20465	2603.7903
804.37	2557.2451
805.53534	2622.7656
806.70068	2626.8047
807.86597	2643.4558
809.03131	2637.4038
810.19666	2634.2385
811.362	2661.9878
812.52728	2615.4971
813.69263	2602.2417
814.85797	2585.6719
816.02332	2584.5408
817.18866	2539.1985
818.35394	2629.1086
819.51929	2540.4084
820.68463	2553.5928
821.84998	2588.6311
823.01532	2586.8171
824.1806	2580.9551
825.34595	2591.262
826.51129	2579.8376
827.67664	2555.3018
828.84198	2583.3289
830.00726	2576.3416
831.17261	2646.8616
832.33795	2552.2041
833.5033	2557.6433
834.66858	2600.49
835.83392	2573.3157
836.99927	2582.1094
838.16461	2511.1648
839.32996	2551.3743
840.49524	2584.2981
841.66058	2571.4631
842.82593	2569.5342
843.99127	2483.3064
845.15662	2450.3708
846.3219	2546.2234
847.48724	2582.908
848.65259	2541.946
849.81793	2603.0876
850.98328	2657.6477
852.14856	2569.3215
853.3139	2566.1042
854.47925	2550.5535
855.64459	2549.3708
856.80988	2591.738
857.97522	2644.7048
859.14056	2613.0737
860.30591	2534.5925
861.47125	2561.3979
862.63654	2548.5835
863.80188	2573.5696
864.96722	2553.7695
866.13257	2622.8335
867.29791	2586.0996
868.4632	2567.9878
869.62854	2573.1387
870.79388	2582.4548
871.95923	2568.4165
873.12457	2629.8215
874.28986	2635.1411
875.4552	2599.9968
876.62054	2600.3933
877.78589	2605.6487
878.95117	2634.8323
880.11652	2615.062
881.28186	2610.7439
882.4472	2563.8696
883.61255	2670.7659
884.77783	2623.9048
885.94318	2655.1875
887.10852	2638.7192
888.27386	2599.2788
889.43921	2686.5457
890.60449	2625.3379
891.76984	2565.0615
892.93518	2550.6443
894.10052	2546.6865
895.26587	2581.5093
896.43115	2612.7271
897.5965	2600.0574
898.76184	2586.6125
899.92719	2639.0149
901.09247	2541.2129
902.25781	2620.3132
903.42316	2549.7659
904.5885	2635.2373
905.75385	2566.7803
906.91913	2514.8743
908.08447	2597.7766
909.24982	2571.0857
910.41516	2558.7651
911.58051	2562.5583
912.74579	2542.1924
913.91113	2539.4775
915.07648	2560.583
916.24182	2593.6248
917.40717	2656.3035
918.57245	2696.4404
919.73779	2673.2385
920.90314	2798.8486
922.06848	2728.1096
923.23376	2729.9683
924.39911	2762.8088
925.56445	2839.5071
926.7298	2794.3828
927.89514	2826.0327
929.06042	2776.5217
930.22577	2794.9412
931.39111	2738.4885
932.55646	2689.8777
933.7218	2734.5557
934.88708	2750.2261
936.05243	2732.6653
937.21777	2714.4321
938.38312	2615.6311
939.54846	2608.9575
940.71375	2656.4731
941.87909	2732.6357
943.04443	2673.7822
944.20978	2679.4382
945.37506	2707.4841
946.54041	2663.668
947.70575	2662.4087
948.87109	2682.053
950.03644	2713.4868
951.20172	2720.6567
952.36707	2661.436
953.53241	2725.137
954.69775	2782.6123
955.8631	2722.1458
957.02838	2703.4858
958.19373	2765.147
959.35907	2814.2288
960.52441	2839.1243
961.68976	2772.8044
962.85504	2711.9148
964.02039	2726.166
965.18573	2793.0898
966.35107	2702.7598
967.51636	2693.2129
968.6817	2729.9463
969.84705	2625.8237
971.01239	2692.1555
972.17773	2777.6475
973.34302	2776.9905
974.50836	2721.7012
975.67371	2712.5476
976.83905	2681.7974
978.00439	2660.6145
979.16968	2670.665
980.33502	2702.0149
981.50037	2737.0925
982.66571	2710.6963
983.83105	2634.2507
984.99634	2635.2681
986.16168	2728.6526
987.32703	2658.7922
988.49237	2610.8386
989.65765	2641.3538
990.823	2602.0378
991.98834	2636.3584
993.15369	2636.3301
994.31903	2600.6392
995.48431	2600.7568
996.64966	2649.2314
997.815	2589.4316
998.98035	2634.6558
1000.1457	2666.2419
1001.311	2657.665
1002.4763	2706.9424
1003.6417	2724.3521
1004.807	2679.2551
1005.9724	2632.4648
1007.1376	2662.5896
1008.303	2722.7444
1009.4683	2724.2144
1010.6337	2717.2825
1011.799	2700.5078
1012.9643	2724.1187
1014.1296	2714.5291
1015.295	2684.0005
1016.4603	2676.1172
1017.6256	2681.9927
1018.791	2639.6511
1019.9563	2616.8713
1021.1216	2654.3286
1022.287	2695.5056
1023.4523	2623.0142
1024.6177	2586.334
1025.783	2536.0149
1026.9482	2603.012
1028.1136	2563.5342
1029.2789	2575.7478
1030.4443	2538.0706
1031.6096	2521.4106
1032.7749	2523.2395
1033.9403	2520.3369
1035.1056	2496.0471
1036.271	2446.3867
1037.4363	2447.0327
1038.6016	2465.416
1039.767	2438.1951
1040.9323	2475.3442
1042.0977	2508.7703
1043.2629	2430.7217
1044.4282	2447.0737
1045.5936	2385.8618
1046.7589	2370.5828
1047.9242	2332.2354
1049.0896	2302.2456
1050.2549	2377.6592
1051.4203	2362.6108
1052.5856	2478.554
1053.7509	2344.793
1054.9163	2374.3054
1056.0815	2436.1682
1057.2469	2379.4529
1058.4122	2339.6665
1059.5775	2424.5173
1060.7429	2375.6592
1061.9082	2314.6648
1063.0736	2352.4119
1064.2389	2382.4182
1065.4042	2378.1467
1066.5696	2371.6895
1067.7349	2368.1653
1068.9003	2364.8152
1070.0656	2349.2219
1071.2308	2352.8523
1072.3962	2322.1333
1073.5615	2298.2141
1074.7269	2361.3533
1075.8922	2381.688
1077.0575	2338.6543
1078.2229	2315.6602
1079.3882	2327.5237
1080.5536	2327.7346
1081.7189	2380.8203
1082.8842	2371.8652
1084.0496	2307.1858
1085.2148	2320.2329
1086.3802	2392.8298
1087.5455	2278.7366
1088.7108	2328.7498
1089.8762	2348.175
1091.0415	2333.6455
1092.2068	2322.978
1093.3722	2358.0325
1094.5375	2304.6599
1095.7029	2380.5264
1096.8682	2274.1904
1098.0334	2287.186
1099.1989	2332.481
1100.3641	2285.9397
1101.5295	2388.0203
1102.6948	2390.7041
1103.8601	2388.9277
1105.0255	2402.3372
1106.1908	2370.3645
1107.3562	2343.1848
1108.5215	2387.3533
1109.6868	2393.2349
1110.8522	2406.0164
1112.0175	2424.0239
1113.1829	2424.6785
1114.3481	2387.8855
1115.5134	2392.4043
1116.6788	2379.8572
1117.8441	2348.6436
1119.0095	2383.1509
1120.1748	2379.3611
1121.3401	2355.5469
1122.5055	2413.2258
1123.6708	2455.0156
1124.8362	2423.1982
1126.0015	2415.7539
1127.1667	2436.4668
1128.3322	2414.7395
1129.4974	2419.2285
1130.6628	2383.6794
1131.8281	2395.179
1132.9934	2376.6125
1134.1588	2353.9639
1135.3241	2454.4377
1136.4894	2434.0452
1137.6548	2380.1772
1138.8201	2433.9919
1139.9855	2446.0251
1141.1508	2410.5645
1142.316	2420.0195
1143.4814	2448.1443
1144.6467	2431.7039
1145.8121	2290.7805
1146.9774	2295.3818
1148.1427	2338.1284
1149.3081	2359.7185
1150.4734	2377.4287
1151.6388	2358.8169
1152.8041	2342.9597
1153.9694	2291.9019
1155.1348	2372.9851
1156.3	2311.699
1157.4655	2226.0288
1158.6307	2272.2642
1159.796	2226.856
1160.9614	2318.1077
1162.1267	2290.0125
1163.2921	2247.5076
1164.4574	2302.2966
1165.6227	2278.6289
1166.7881	2338.6497
1167.9534	2325.1899
1169.1188	2292.7166
1170.2841	2288.3584
1171.4493	2287.449
1172.6147	2303.6677
1173.78	2269.9802
1174.9454	2292.386
1176.1107	2297.5815
1177.276	2283.3281
1178.4414	2357.0107
1179.6067	2384.5808
1180.772	2355.7485
1181.9374	2375.2058
1183.1027	2393.082
1184.2681	2369.9897
1185.4333	2370.1746
1186.5986	2371.406
1187.764	2402.7361
1188.9293	2468.0615
1190.0947	2389.9663
1191.26	2380.8486
1192.4253	2465.4939
1193.5907	2516.7485
1194.756	2550.156
1195.9214	2522.3069
1197.0867	2506.0337
1198.252	2552.7327
1199.4174	2564.71
1200.5826	2576.7339
1201.748	2557.2275
1202.9133	2542.5869
1204.0786	2553.5029
1205.244	2597.8665
1206.4093	2564.2903
1207.5747	2516.3958
1208.74	2524.0969
1209.9053	2500.1353
1211.0707	2458.9878
1212.236	2479.2791
1213.4014	2484.6157
1214.5667	2499.0129
1215.7319	2528.6052
1216.8973	2513.4075
1218.0626	2422.0581
1219.228	2428.6565
1220.3933	2492.3555
1221.5586	2459.1335
1222.724	2461.6714
1223.8893	2487.9875
1225.0546	2452.9841
1226.22	2466.3403
1227.3853	2481.9866
1228.5507	2447.8164
1229.7159	2453.6082
1230.8812	2492.6121
1232.0466	2420.8857
1233.2119	2427.8057
1234.3773	2436.4814
1235.5426	2409.2593
1236.7079	2402.7773
1237.8733	2388.2344
1239.0386	2391.2681
1240.204	2382.9094
1241.3693	2360.1411
1242.5345	2337.5708
1243.7	2380.8811
1244.8652	2417.0491
1246.0306	2405.7983
1247.1959	2389.499
1248.3612	2392.4175
1249.5266	2420.696
1250.6919	2417.188
1251.8573	2395.7666
1253.0226	2446.5486
1254.1879	2516.6143
1255.3533	2541.4839
1256.5186	2579.2302
1257.684	2649.2739
1258.8492	2670.105
1260.0145	2723.7363
1261.1799	2731.145
1262.3452	2750.5344
1263.5106	2840.3757
1264.6759	2898.7354
1265.8412	2954.6521
1267.0066	3019.9751
1268.1719	3107.8992
1269.3372	3084.811
1270.5026	3127.3091
1271.6678	3133.3298
1272.8333	3066.7493
1273.9985	2992.8542
1275.1638	2990.7854
1276.3292	2907.0305
1277.4945	2782.6868
1278.6599	2768.2283
1279.8252	2658.7366
1280.9905	2666.7476
1282.1559	2609.4861
1283.3212	2536.2158
1284.4866	2507.1294
1285.6519	2486.9133
1286.8171	2443.9548
1287.9825	2460.614
1289.1478	2421.3279
1290.3132	2469.5093
1291.4785	2414.8625
1292.6438	2440.2412
1293.8092	2461.6992
1294.9745	2498.3074
1296.1399	2473.1016
1297.3052	2423.2649
1298.4705	2462.4253
1299.6359	2502.9834
1300.8011	2567.5916
1301.9666	2554.8547
1303.1318	2663.9316
1304.2971	2697.1519
1305.4625	2739.031
1306.6278	2768.9543
1307.7932	2790.6111
1308.9585	2821.8342
1310.1238	2900.7971
1311.2892	2899.9971
1312.4545	2980.0139
1313.6198	3045.374
1314.7852	3073.8555
1315.9504	3140.3706
1317.1158	3192.2222
1318.2811	3262.7419
1319.4464	3339.8813
1320.6118	3445.7722
1321.7771	3498.5459
1322.9425	3646.6042
1324.1078	3748.4575
1325.2731	3813.2957
1326.4385	3873.7083
1327.6038	3968.7498
1328.7692	4103.3237
1329.9344	4248.2427
1331.0997	4238.9092
1332.2651	4284.1802
1333.4304	4331.7759
1334.5958	4330.6704
1335.7611	4281.731
1336.9264	4200.5205
1338.0918	4167.8179
1339.2571	4075.5
1340.4225	3991.4622
1341.5878	3916.8369
1342.7531	3772.8853
1343.9185	3629.5781
1345.0837	3536.3811
1346.2491	3405.9412
1347.4144	3274.0076
1348.5797	3118.4465
1349.7451	3049.0103
1350.9104	3031.0168
1352.0758	2915.4126
1353.2411	2860.8696
1354.4064	2894.1482
1355.5718	2855.084
1356.7371	2771.1135
1357.9023	2838.1511
1359.0677	2843.6479
1360.233	2909.3357
1361.3984	2998.5054
1362.5637	3106.2122
1363.729	3065.9011
1364.8944	3157.0347
1366.0597	3236.1689
1367.2251	3298.1033
1368.3904	3383.8208
1369.5557	3433.6873
1370.7211	3470.6311
1371.8864	3498.4893
1373.0518	3473.1763
1374.217	3486.8591
1375.3823	3465.6772
1376.5477	3396.6716
1377.713	3283.7622
1378.8784	3191.3042
1380.0437	3135.9644
1381.209	3000.5603
1382.3744	2932.6479
1383.5397	2852.8821
1384.7051	2771.6729
1385.8704	2762.1665
1387.0356	2705.8545
1388.201	2675.9004
1389.3663	2735.1809
1390.5317	2666.0032
1391.697	2708.1851
1392.8623	2700.0566
1394.0277	2716.8342
1395.193	2732.0886
1396.3584	2713.5562
1397.5237	2702.7571
1398.689	2634.8845
1399.8544	2625.3601
1401.0197	2582.6753
1402.1849	2512.0249
1403.3503	2417.481
1404.5156	2394.9194
1405.681	2336.7625
1406.8463	2256.4539
1408.0116	2186.948
1409.177	2174.3904
1410.3423	2136.2339
1411.5077	2117.8721
1412.673	2101.8669
1413.8383	2073.665
1415.0037	2081.6877
1416.1689	2099.0552
1417.3344	2069.2129
1418.4996	2063.2222
1419.6649	2034.3832
1420.8303	2060.675
1421.9956	2049.4966
1423.161	2052.4133
1424.3263	2070.6191
1425.4916	2064.05
1426.657	2041.2838
1427.8223	2075.405
1428.9877	2046.4448
1430.153	2135.2302
1431.3182	2150.4639
1432.4836	2124.0791
1433.6489	2176.2673
1434.8143	2204.3738
1435.9796	2224.3379
1437.1449	2196.8042
1438.3103	2211.7852
1439.4756	2220.1162
1440.641	2225.2285
1441.8063	2275.6353
1442.9716	2302.6726
1444.137	2325.0024
1445.3022	2367.3596
1446.4675	2356.9014
1447.6329	2396.0415
1448.7982	2471.6497
1449.9636	2506.6714
1451.1289	2618.8086
1452.2942	2715.47
1453.4596	2761.4209
1454.6249	2779.7161
1455.7903	2837.2002
1456.9556	2871.8315
1458.1208	2843.8271
1459.2863	2831.9487
1460.4515	2822.4656
1461.6169	2741.4143
1462.7822	2672.2034
1463.9475	2564.5623
1465.1129	2510.6345
1466.2782	2434.8965
1467.4436	2413.0576
1468.6089	2321.0801
1469.7742	2264.5952
1470.9396	2260.8164
1472.1049	2219.3088
1473.2703	2185.606
1474.4355	2159.6648
1475.6008	2119.5037
1476.7662	2110.8765
1477.9315	2048.3845
1479.0969	2082.3567
1480.2622	2080.6528
1481.4275	2099.2886
1482.5929	2051.7727
1483.7582	2059.3691
1484.9236	2053.0793
1486.0889	2008.4241
1487.2542	2067.5122
1488.4196	2061.4939
1489.5848	2059.3938
1490.7501	2054.0095
1491.9155	2031.2297
1493.0808	2019.4353
1494.2462	2053.2988
1495.4115	2045.6139
1496.5768	2029.5496
1497.7422	2004.3281
1498.9075	2018.2142
1500.0729	2035.3717
1501.2382	1986.3346
1502.4034	1957.3099
1503.5688	1974.6124
1504.7341	1995.3901
1505.8995	1994.6544
1507.0648	1955.8982
1508.2301	1961.4709
1509.3955	2025.5764
1510.5608	1947.8018
1511.7262	1937.1296
1512.8915	1965.0745
1514.0568	1885.0625
1515.2222	1955.8809
1516.3875	1926.2838
1517.5529	1953.8759
1518.7181	1925.118
1519.8834	1935.3434
1521.0488	1892.7253
1522.2141	1922.7396
1523.3795	1901.785
1524.5448	1888.1952
1525.7101	1919.4237
1526.8755	1923.4425
1528.0408	1940.3624
1529.2062	1927.4575
1530.3715	1881.7206
1531.5367	1890.1327
1532.7021	1895.9607
1533.8674	1882.2484
1535.0327	1926.5
1536.1981	1934.0179
1537.3634	1946.4774
1538.5288	1988.2775
1539.6941	1923.75
1540.8594	1993.1534
1542.0248	2047.0631
1543.1901	2048.7659
1544.3555	2071.3469
1545.5208	2078.3083
1546.686	2113.7632
1547.8514	2134.7131
1549.0167	2092.604
1550.1821	2062.0754
1551.3474	2079.7927
1552.5127	2097.073
1553.6781	2076.6929
1554.8434	2084.3533
1556.0088	1997.8943
1557.1741	2023.2587
1558.3394	1958.0254
1559.5048	1956.6469
1560.67	1941.0673
1561.8354	1924.4309
1563.0007	1896.3705
1564.166	1907.5227
1565.3314	1883.3679
1566.4967	1905.0175
1567.6621	1912.92
1568.8274	1891.0212
1569.9927	1898.8268
1571.1581	1901.1364
1572.3234	1892.4255
1573.4888	1916.167
1574.6541	1902.3593
1575.8193	1939.7675
1576.9847	1920.942
1578.15	1887.4229
1579.3153	1905.797
1580.4807	1863.1184
1581.646	1883.5088
1582.8114	1869.1925
1583.9767	1878.3943
1585.142	1826.5944
1586.3074	1846.7139
1587.4727	1864.7354
1588.6381	1837.6753
1589.8033	1889.9088
1590.9686	1830.8019
1592.134	1850.2739
1593.2993	1840.616
1594.4647	1818.9601
1595.63	1892.0492
1596.7953	1843.6825
1597.9607	1828.0138
1599.126	1805.9645
1600.2914	1787.7938
1601.4567	1784.8672
1602.6219	1807.7789
1603.7874	1830.8711
1604.9526	1799.2445
1606.118	1819.4893
1607.2833	1802.5769
1608.4486	1907.36
1609.614	1866.5972
1610.7793	1864.5984
1611.9447	1861.6753
1613.11	1879.7728
1614.2753	1883.4205
1615.4407	1910.3451
1616.606	1865.2594
1617.7714	1922.9479
1618.9366	1942.2194
1620.1019	1919.0299
1621.2673	1912.8662
1622.4326	1938.5918
1623.5979	1982.7106
1624.7633	1974.9327
1625.9286	1949.9984
1627.094	1904.9482
1628.2593	1981.61
1629.4246	1934.2701
1630.59	1984.9479
1631.7552	2004.791
1632.9207	2001.6095
1634.0859	1919.0757
1635.2512	1907.1951
1636.4166	1889.1619
1637.5819	1877.6028
1638.7473	1903.7405
1639.9126	1867.6272
1641.0779	1851.1332
1642.2433	1821.4594
1643.4086	1897.3247
1644.574	1817.4897
1645.7393	1843.7067
1646.9045	1860.2209
1648.0699	1813.9933
1649.2352	1777.531
1650.4006	1761.0189
1651.5659	1745.9806
1652.7312	1740.9965
1653.8966	1772.8932
1655.0619	1722.8851
1656.2273	1701.735
1657.3926	1704.7102
1658.5579	1719.0966
1659.7233	1672.2791
1660.8885	1705.8663
1662.054	1685.506
1663.2192	1671.8542
1664.3845	1669.9091
1665.5499	1629.9814
1666.7152	1592.7756
1667.8805	1543.9139
1669.0459	1588.1327
1670.2112	1676.2847
1671.3766	1633.2081
1672.5419	1702.5786
1673.7072	1628.6497
1674.8726	1594.8595
1676.0378	1646.0916
1677.2032	1635.5382
1678.3685	1600.1855
1679.5338	1610.6533
1680.6992	1636.9619
1681.8645	1637.5293
1683.0299	1581.5388
1684.1952	1583.9325
1685.3605	1587.3406
1686.5259	1563.4938
1687.6912	1566.873
1688.8566	1618.599
1690.0219	1609.4639
1691.1871	1616.9259
1692.3525	1589.0437
1693.5178	1587.5909
1694.6832	1578.6572
1695.8485	1601.2964
1697.0138	1537.4694
1698.1792	1537.4114
1699.3445	1554.0012
1700.5099	1523.4542
1701.6752	1510.7863
1702.8405	1534.1842
1704.0059	1554.5653
1705.1711	1548.5454
1706.3365	1556.8684
1707.5018	1601.4055
1708.6671	1594.8989
1709.8325	1596.4194
1710.9978	1578.208
1712.1631	1591.5864
1713.3285	1545.6385
1714.4938	1570.0105
1715.6592	1545.2596
1716.8245	1559.6971
1717.9897	1601.3164
1719.1552	1562.6705
1720.3204	1603.7318
1721.4858	1529.8019
1722.6511	1514.4985
1723.8164	1502.3926
1724.9818	1485.0963
1726.1471	1496.1185
1727.3125	1523.2657
1728.4778	1520.9019
1729.6431	1525.4186
1730.8085	1544.9148
1731.9738	1561.5656
1733.1392	1548.5658
1734.3044	1549.8933
1735.4697	1581.2255
1736.6351	1541.9591
1737.8004	1514.5779
1738.9658	1548.0449
1740.1311	1493.7931
1741.2964	1467.6176
1742.4618	1476.3777
1743.6271	1478.2947
1744.7925	1493.8196
1745.9578	1504.3485
1747.123	1552.8081
1748.2885	1467.1768
1749.4537	1490.5839
1750.6191	1503.1793
1751.7844	1528.6108
1752.9497	1493.8907
1754.1151	1476.4557
1755.2804	1494.4307
1756.4457	1470.9742
1757.6111	1493.8489
1758.7764	1477.6835
1759.9418	1471.3016
1761.1071	1537.2078
1762.2723	1511.578
1763.4377	1471.7373
1764.603	1442.4894
1765.7684	1503.7162
1766.9337	1476.8541
1768.099	1422.5734
1769.2644	1485.4528
1770.4297	1501.0026
1771.5951	1469.4587
1772.7604	1511.7745
1773.9257	1502.8157
1775.0911	1468.0159
1776.2563	1460.3154
1777.4218	1468.0693
1778.587	1437.0729
1779.7523	1404.4498
1780.9177	1428.1038
1782.083	1428.1744
1783.2484	1426.4818
1784.4137	1422.9078
1785.579	1418.8375
1786.7444	1398.7914
1787.9097	1411.5269
1789.0751	1466.1506
1790.2404	1427.0361
1791.4056	1405.1489
1792.571	1343.0247
1793.7363	1393.2727
1794.9017	1390.6134
1796.067	1420.2734
1797.2323	1391.4441
1798.3977	1386.9575
1799.563	1382.2789
1800.7283	1394.7251
1801.8937	1345.8896
1803.059	1382.6256
1804.2244	1373.1927
1805.3896	1351.7206
1806.5549	1373.7522
1807.7203	1418.7428
1808.8856	1397.5405
1810.051	1404.1989
1811.2163	1359.5823
1812.3816	1362.3473
1813.547	1346.7792
1814.7123	1392.3077
1815.8777	1348.6343
1817.043	1340.4554
1818.2083	1363.8646
1819.3737	1368.1089
1820.5389	1374.4227
1821.7043	1361.822
1822.8696	1389.8901
1824.0349	1363.4266
1825.2003	1338.1718
1826.3656	1352.3616
1827.531	1364.2667
1828.6963	1406.0449
1829.8616	1376.5939
1831.027	1355.1515
1832.1923	1378.1115
1833.3577	1366.8811
1834.5229	1428.7341
1835.6882	1392.3101
1836.8536	1376.7686
1838.0189	1358.8439
1839.1843	1380.7195
1840.3496	1393.1718
1841.5149	1395.6793
1842.6803	1336.6309
1843.8456	1334.9362
1845.0109	1346.2614
1846.1763	1332.2526
1847.3416	1352.2806
1848.507	1284.4561
1849.6722	1332.9974
1850.8375	1356.7142
1852.0029	1300.2351
1853.1682	1297.4812
1854.3336	1292.2614
1855.4989	1358.4985
1856.6642	1335.641
1857.8296	1355.7708
1858.9949	1307.9521
1860.1603	1287.449
1861.3256	1299.2439
1862.4908	1316.5453
1863.6563	1298.5614
1864.8215	1328.0337
1865.9869	1344.0906
1867.1522	1370.7871
1868.3175	1337.436
1869.4829	1334.9755
1870.6482	1332.2595
1871.8136	1349.9291
1872.9789	1337.4443
1874.1442	1317.9009
1875.3096	1279.5974
1876.4749	1321.1426
1877.6403	1320.6865
1878.8055	1321.481
1879.9708	1319.4396
1881.1362	1294.5817
1882.3015	1314.5824
1883.4669	1293.1971
1884.6322	1322.3236
1885.7975	1309.094
1886.9629	1281.7271
1888.1282	1314.1547
1889.2935	1252.8481
1890.4589	1279.6079
1891.6241	1267.403
1892.7896	1247.4299
1893.9548	1262.2085
1895.1201	1250.3905
1896.2855	1324.3922
1897.4508	1207.9353
1898.6162	1222.1243
1899.7815	1230.5198
1900.9468	1231.1687
1902.1122	1237.0066
1903.2775	1226.6086
1904.4429	1180.2008
1905.6082	1257.8013
1906.7734	1221.7732
1907.9388	1230.9688
1909.1041	1226.7673
1910.2695	1243.486
1911.4348	1248.8701
1912.6001	1263.528
1913.7655	1237.3436
1914.9308	1212.1271
1916.0962	1229.1448
1917.2615	1244.8616
1918.4268	1187.2106
1919.5922	1246.5402
1920.7574	1235.4226
1921.9229	1188.4279
1923.0881	1201.0782
1924.2534	1230.9148
1925.4188	1234.1438
1926.5841	1270.0702
1927.7495	1253.5892
1928.9148	1203.7029
1930.0801	1204.5629
1931.2455	1191.3118
1932.4108	1225.8634
1933.576	1219.097
1934.7415	1203.067
1935.9067	1199.64
1937.0721	1286.8416
1938.2374	1258.8257
1939.4027	1221.015
1940.5681	1185.9717
1941.7334	1206.0608
1942.8988	1230.722
1944.0641	1156.8895
1945.2294	1159.4084
1946.3948	1192.2323
1947.5601	1191.6598
1948.7255	1172.9747
1949.8907	1175.2177
1951.056	1203.6804
1952.2214	1189.5835
1953.3867	1167.1483
1954.5521	1146.2482
1955.7174	1179.5426
1956.8827	1153.1874
1958.0481	1138.3015
1959.2134	1141.1816
1960.3788	1176.8538
1961.5441	1182.9327
1962.7094	1151.9397
1963.8748	1141.1172
1965.04	1164.3068
1966.2054	1183.1083
1967.3707	1190.4407
1968.536	1195.7198
1969.7014	1160.6111
1970.8667	1193.3156
1972.0321	1184.0099
1973.1974	1221.5284
1974.3627	1172.4552
1975.5281	1120.8329
1976.6934	1187.9585
1977.8586	1179.2651
1979.024	1158.0765
1980.1893	1136.0983
1981.3547	1184.512
1982.52	1146.4829
1983.6853	1193.4258
1984.8507	1183.7649
1986.016	1186.4374
1987.1814	1181.2178
1988.3467	1186.5719
1989.512	1170.1571
1990.6774	1176.1329
1991.8427	1110.8347
1993.0081	1113.3344
1994.1733	1147.1218
1995.3386	1100.2781
1996.504	1084.1647
1997.6693	1125.7174
1998.8347	1083.2604
2000	1090.0538
