400	5601.9414
402.82187	5635.7407
405.64374	5636.5552
408.46561	5627.1313
411.28748	5655.0425
414.10934	5671.3296
416.93121	5636.3638
419.75308	5595.9355
422.57495	5622.4033
425.39682	5587.1113
428.21869	5604.9038
431.04056	5706.4751
433.86243	5609.979
436.6843	5618.4868
439.50616	5643.4014
442.32803	5548.3945
445.1499	5528.8477
447.97177	5454.0054
450.79364	5448.5283
453.61551	5639.731
456.43738	5577.4399
459.25925	5628.0703
462.08112	5592.2788
464.90298	5540.1255
467.72485	5529.644
470.54672	5492.0151
473.36862	5475.8462
476.19049	5546.2354
479.01236	5621.5557
481.83423	5653.0571
484.6561	5682.9453
487.47797	5538.1323
490.29984	5645.7769
493.1217	5610.957
495.94357	5623.4629
498.76544	5564.6548
501.58731	5640.5669
504.40918	5824.7236
507.23105	6285.9004
510.05292	6791.3457
512.87476	6803.1333
515.69666	6460.9897
518.51849	6292.0425
521.34039	6229.644
524.16223	6213.022
526.98413	5987.9111
529.80597	5660.8638
532.62787	5563.375
535.44971	5601.7651
538.27161	5495.6001
541.09344	5428.4546
543.91534	5451.1851
546.73724	5417.6133
549.55908	5378.1978
552.38098	5438.3008
555.20282	5411.4233
558.02472	5454.7876
560.84656	5490.1538
563.66846	5557.8579
566.4903	5471.5845
569.31219	5442.9185
572.13403	5473.8604
574.95593	5536.9443
577.77777	5528.4219
580.59967	5570.5435
583.42151	5625.7075
586.24341	5621.8345
589.06525	5622.5518
591.88715	5654.4399
594.70898	5726.7783
597.53088	5691.5469
600.35272	5671.6538
603.17462	5664.2021
605.99646	5686.6782
608.81836	5825.7979
611.6402	5846.5952
614.4621	5797.77
617.28394	5822.6787
620.10583	5892.6245
622.92767	5953.3193
625.74957	6080.3193
628.57141	6199.3818
631.39331	6189.3354
634.21515	6222.9907
637.03705	6307.7925
639.85889	6363.1343
642.68079	6411.8159
645.50262	6444.5918
648.32452	6503.2803
651.14636	6363.1606
653.96826	6316.8159
656.7901	6312.4731
659.612	6168.019
662.43384	6181.9165
665.25574	6144.6323
668.07758	6020.5156
670.89948	5853.7363
673.72131	5729.3008
676.54321	5794.2065
679.36505	5792.748
682.18695	5676.5151
685.00879	5705.0527
687.83069	5565.4741
690.65253	5586.0371
693.47443	5667.9409
696.29633	5633.5122
699.11816	5684.248
701.94006	5727.7563
704.7619	5796.2583
707.5838	5867.5854
710.40564	5865.8066
713.22754	5813.062
716.04938	5832.2085
718.87128	5902.187
721.69312	5943.6685
724.51501	5898.7974
727.33685	5817.3467
730.15875	5960.5615
732.98059	5953.8813
735.80249	6002.2197
738.62433	6024.6719
741.44623	5865.3804
744.26807	5915.5908
747.08997	5870.1826
749.9118	5849.707
752.7337	5981.8198
755.55554	5871.2188
758.37744	5831.7319
761.19928	5826.3423
764.02118	5810.3252
766.84302	5803
769.66492	5724.1509
772.48676	5671.8037
775.30865	5725.3252
778.13049	5684.4448
780.95239	5580.855
783.77423	5663.0078
786.59613	5744.5537
789.41797	5783.8877
792.23987	5737.0508
795.06171	5685.4063
797.88361	5826.3862
800.70544	5865.4985
803.52734	5755.1245
806.34918	5840.8013
809.17108	5799.7163
811.99292	5805.9316
814.81482	6010.9028
817.63666	5980.1567
820.45856	5874.6016
823.2804	5921.4307
826.10229	5956.7017
828.92413	5969.7622
831.74603	6014.8066
834.56787	6029.2871
837.38977	6048.7183
840.21167	6102.5337
843.03351	6150.3198
845.85541	6203.3311
848.67725	6122.439
851.49915	6102.7773
854.32098	6011.2056
857.14288	6057.0034
859.96472	6116.8799
862.78662	6035.2974
865.60846	6157.3257
868.43036	6089.5381
871.2522	6111.127
874.0741	6039.8091
876.89594	6085.7334
879.71783	6105.085
882.53967	6146.7144
885.36157	6197.0317
888.18341	6180.2539
891.00531	6188.0049
893.82715	6165.4277
896.64905	6119.3159
899.47089	6133.3643
902.29279	6142.1367
905.11462	6107.7695
907.93652	6101.9541
910.75836	6089.71
913.58026	6029.1108
916.4021	6032.2178
919.224	6101.5845
922.04584	6136.959
924.86774	6183.4629
927.68958	6037.0884
930.51147	6143.374
933.33331	6144.417
936.15521	6202.4077
938.97705	6170.8101
941.79895	6304.0752
944.62079	6305.4287
947.44269	6233.6724
950.26453	6277.5059
953.08643	6378.2676
955.90826	6215.3066
958.73016	6285.2241
961.552	6257.5493
964.3739	6316.5835
967.19574	6305.8213
970.01764	6290.5083
972.83948	6188.3232
975.66138	6216.7441
978.48322	6210.5547
981.30511	6296.4897
984.12701	6265.749
986.94885	6254.7632
989.77075	6339.3438
992.59259	6393.9922
995.41449	6357.4424
998.23633	6415.998
1001.0582	6390.6763
1003.8801	6298.1348
1006.702	6328.7241
1009.5238	6285.3857
1012.3457	6303.6382
1015.1675	6312.2554
1017.9894	6290.0601
1020.8113	6270.7451
1023.6332	6364.479
1026.4551	6385.6606
1029.2769	6413.7837
1032.0988	6362.1318
1034.9207	6289.3042
1037.7426	6403.5127
1040.5643	6248.4927
1043.3862	6163.833
1046.2081	6238.5684
1049.03	6332.7793
1051.8518	6366.8447
1054.6737	6336.6084
1057.4956	6328.5967
1060.3175	6279.4004
1063.1393	6355.5303
1065.9612	6445.3735
1068.7831	6390.2871
1071.605	6399.7949
1074.4268	6394.2173
1077.2487	6421.5229
1080.0706	6444.4966
1082.8925	6382.5273
1085.7142	6331.6963
1088.5361	6268.0898
1091.358	6310.248
1094.1799	6403.6567
1097.0017	6347.8701
1099.8236	6387.3105
1102.6455	6295.8301
1105.4674	6372.3003
1108.2892	6442.3818
1111.1111	6348.208
1113.933	6523.4746
1116.7549	6634.7617
1119.5767	6652.5288
1122.3986	6693.7573
1125.2205	6683.1479
1128.0424	6728.0151
1130.8643	6725.1582
1133.686	6704.0439
1136.5079	6786.5391
1139.3298	6722.0479
1142.1517	6710.6426
1144.9735	6777.1084
1147.7954	6821.4922
1150.6173	6890.5361
1153.4392	6965.9556
1156.261	6963.7251
1159.0829	6985.979
1161.9048	7007.2749
1164.7267	7138.4429
1167.5485	7141.4546
1170.3704	7144.1743
1173.1923	7240.7021
1176.0142	7176.9155
1178.8359	7009.7998
1181.6578	6956.1841
1184.4797	6967.2749
1187.3016	6969.1226
1190.1234	7009.1807
1192.9453	6942.4707
1195.7672	6785.0103
1198.5891	6897.627
1201.4109	6938.7583
1204.2328	6868.564
1207.0547	6928.918
1209.8766	6919.1304
1212.6984	6909.5605
1215.5203	6974.3677
1218.3422	6983.3184
1221.1641	7051.4927
1223.9858	7060.4902
1226.8077	7063.998
1229.6296	7071.9863
1232.4515	7087.8804
1235.2733	7097.0649
1238.0952	7080.4214
1240.9171	7063.5049
1243.739	7076.125
1246.5608	7108.2368
1249.3827	7082.5215
1252.2046	7182.8711
1255.0265	7070.96
1257.8483	7203.1963
1260.6702	7214.8975
1263.4921	7184.3203
1266.314	7224.6318
1269.1357	7352.7007
1271.9576	7461.6382
1274.7795	7389.7505
1277.6014	7332.6846
1280.4233	7475.6899
1283.2451	7577.6377
1286.067	7613.3237
1288.8889	7632.3198
1291.7108	7636.7939
1294.5326	7703.813
1297.3545	7575.4727
1300.1764	7596.8477
1302.9983	7697.106
1305.8201	7644.0889
1308.642	7721.9951
1311.4639	7584.0156
1314.2858	7650.4219
1317.1075	7738.9053
1319.9294	7470.064
1322.7513	7595.5273
1325.5732	7494.9209
1328.395	7669.3652
1331.2169	7453.3926
1334.0388	7597.4731
1336.8607	7721.0313
1339.6825	7493.8848
1342.5044	7654.1074
1345.3263	7594.5088
1348.1482	7607.4375
1350.97	7676.0278
1353.7919	7746.1211
1356.6138	7806.0239
1359.4357	7881.0474
1362.2574	7815.4824
1365.0793	7854.5103
1367.9012	7814.6475
1370.7231	7828.2349
1373.5449	7808.7827
1376.3668	7751.6631
1379.1887	7707.3525
1382.0106	7596.2036
1384.8324	7585.8843
1387.6543	7531.4609
1390.4762	7494.3882
1393.2981	7514.332
1396.1199	7525.4824
1398.9418	7493.4487
1401.7637	7498.8779
1404.5856	7559.1426
1407.4073	7543.5679
1410.2292	7469.8711
1413.0511	7514.8457
1415.873	7633.0112
1418.6949	7734.3901
1421.5167	7766
1424.3386	7842.646
1427.1605	7935.1504
1429.9824	8043.7524
1432.8042	7993.3042
1435.6261	7928.2593
1438.448	8026.9409
1441.2699	8141.0913
1444.0917	8086.5732
1446.9136	8075.2388
1449.7355	8168.1592
1452.5574	8020.8403
1455.3792	8055.2578
1458.201	7913.3799
1461.0229	7824.4658
1463.8448	7727.7803
1466.6666	7867.4424
1469.4885	7691.1694
1472.3104	7589.4517
1475.1323	7653.5264
1477.9541	7585.4263
1480.776	7594.4995
1483.5979	7676.457
1486.4198	7671.7778
1489.2416	7609.9526
1492.0635	7560.1782
1494.8854	7595.1807
1497.7073	7640.7256
1500.5291	7726.7734
1503.351	7795.6836
1506.1729	7942.1909
1508.9948	7989.8364
1511.8165	8047.6606
1514.6384	8296.2158
1517.4603	8297.6543
1520.2822	8470.3594
1523.104	8498.0234
1525.9259	8671.5752
1528.7478	8894.1758
1531.5697	9068.7725
1534.3915	9227.3193
1537.2134	9351.0459
1540.0353	9422.2969
1542.8572	9338.9053
1545.679	9365.9375
1548.5009	9416.9619
1551.3228	9406.4482
1554.1447	9221.4824
1556.9664	9056.0039
1559.7883	9094.2109
1562.6102	8982.416
1565.4321	8890.0029
1568.254	8779.1357
1571.0758	8680.7871
1573.8977	8621.543
1576.7196	8599.5674
1579.5415	8516.626
1582.3633	8403.7832
1585.1852	8400.7256
1588.0071	8414.6475
1590.829	8417.8506
1593.6508	8479.3789
1596.4727	8305.8223
1599.2946	8485.9297
1602.1165	8222.2959
1604.9382	8215.6445
1607.7601	8047.9492
1610.582	8059.3896
1613.4039	7994.2085
1616.2257	7941.2212
1619.0476	7814.5142
1621.8695	7740.6968
1624.6914	7697.8799
1627.5132	7570.7246
1630.3351	7463.2461
1633.157	7466.1211
1635.9789	7369.8101
1638.8007	7245.1426
1641.6226	7051.1372
1644.4445	7148.2729
1647.2664	7179.4087
1650.0881	7071.5288
1652.91	7052.4253
1655.7319	7021.7568
1658.5538	6907.1177
1661.3756	6762.8179
1664.1975	6758.2876
1667.0194	6773.2197
1669.8413	6656.7744
1672.6631	6614.502
1675.485	6582.3242
1678.3069	6565.3438
1681.1288	6681.1768
1683.9506	6705.2314
1686.7725	6716.5259
1689.5944	6607.1475
1692.4163	6740.2808
1695.238	6738.4351
1698.0599	6583.3677
1700.8818	6598.1729
1703.7037	6620.6143
1706.5255	6482.7891
1709.3474	6495.6001
1712.1693	6559.5103
1714.9912	6502.5537
1717.8131	6498.293
1720.6349	6430.0264
1723.4568	6464.4609
1726.2787	6368.5425
1729.1006	6448.6577
1731.9224	6389.9316
1734.7443	6392.582
1737.5662	6434.9531
1740.3881	6389.5796
1743.2098	6316.0151
1746.0317	6358.896
1748.8536	6345.9443
1751.6755	6407.4839
1754.4973	6218.2827
1757.3192	6314.3853
1760.1411	6365.0308
1762.963	6188.5439
1765.7848	6198.9077
1768.6067	6258.1582
1771.4286	6224.979
1774.2505	6173.6802
1777.0723	6139.8374
1779.8942	6321.603
1782.7161	6278.6279
1785.538	6237.8828
1788.3597	6203.1982
1791.1816	6207.1265
1794.0035	6255.9038
1796.8254	6191.2773
1799.6472	6208.7813
1802.4691	6289.999
1805.291	6251.0942
1808.1129	6268.9385
1810.9347	6255.1597
1813.7566	6272.0068
1816.5785	6197.1313
1819.4004	6155.8643
1822.2222	6197.6294
1825.0441	6198.0439
1827.866	6279.4688
1830.6879	6256.541
1833.5096	6148.5947
1836.3315	6175.7231
1839.1534	6157.7441
1841.9753	6192.1431
1844.7971	6053.5107
1847.619	6239.3071
1850.4409	6181.8862
1853.2628	6225.7432
1856.0847	6178.1948
1858.9065	6127.1968
1861.7284	6104.1064
1864.5503	6148.0767
1867.3722	6121.5791
1870.194	6122.7954
1873.0159	6100.4907
1875.8378	6040.9312
1878.6597	6078.7959
1881.4814	6135.3672
1884.3033	6095.3228
1887.1252	6049.2217
1889.9471	6083.1313
1892.7689	6094.7749
1895.5908	6118.021
1898.4127	6028.1094
1901.2346	6011.2651
1904.0564	6096.8853
1906.8783	6135.0044
1909.7002	6032.8232
1912.5221	6048.2524
1915.3439	6185.437
1918.1658	6170.3672
1920.9877	6188.9668
1923.8096	6260.0371
1926.6313	6237.6333
1929.4532	6157.5317
1932.2751	6168.4282
1935.097	6249.8384
1937.9188	6222.0796
1940.7407	6166.8521
1943.5626	6229.9351
1946.3845	6190.1016
1949.2063	6299.6631
1952.0282	6249.9663
1954.8501	6345.5449
1957.672	6360.5117
1960.4938	6348.9863
1963.3157	6316.8916
1966.1376	6288.5869
1968.9595	6256.1943
1971.7813	6311.9683
1974.6031	6186.002
1977.425	6360.4858
1980.2469	6308.9863
1983.0687	6272.5659
1985.8906	6227.6162
1988.7125	6241.2944
1991.5344	6169.6226
1994.3562	6293.3535
1997.1781	6294.438
2000	6212.0581
