400	4704.3066
401.16534	4733.4653
402.33066	4662.3252
403.496	4651.4814
404.66132	4667.5435
405.82666	4655.5229
406.99197	4640.873
408.15732	4747.9736
409.32266	4605.4263
410.48798	4630.6235
411.65332	4607.3115
412.81863	4616.6123
413.98398	4650.0376
415.14932	4651.5879
416.31464	4642.7075
417.47998	4547.9946
418.64529	4564.4277
419.81064	4619.0093
420.97595	4629.1992
422.1413	4593.9771
423.30664	4539.812
424.47195	4477.0215
425.6373	4514.0947
426.80261	4487.3882
427.96796	4493.229
429.13327	4500.0835
430.29861	4535.3735
431.46396	4554.7847
432.62927	4466.0229
433.79462	4446.167
434.95993	4432.3101
436.12527	4519.8989
437.29062	4492.6611
438.45593	4464.0664
439.62128	4457.3218
440.78659	4398.522
441.95193	4403.771
443.11725	4466.0244
444.28259	4392.4243
445.44794	4356.6206
446.61325	4422.1079
447.77859	4410.9395
448.94391	4259.1353
450.10925	4257.4307
451.27457	4363.9199
452.43991	4227.9839
453.60526	4232.5381
454.77057	4328.1577
455.93591	4334.9258
457.10123	4245.4258
458.26657	4234.1733
459.43192	4326.6084
460.59723	4311.8677
461.76257	4244.8652
462.92789	4210.8789
464.09323	4235.498
465.25854	4265.0386
466.42389	4251.8384
467.58923	4237.9697
468.75455	4300.4819
469.91989	4289.6646
471.08521	4241.3687
472.25055	4273.939
473.41586	4262.8447
474.58121	4212.9233
475.74655	4246.1436
476.91187	4256.4321
478.07721	4264.2637
479.24252	4138.1323
480.40787	4133.6055
481.57321	4199.7188
482.73853	4234.231
483.90387	4185.1289
485.06918	4111.5942
486.23453	4205.936
487.39984	4123.1455
488.56519	4115.7715
489.73053	4140.1519
490.89584	4142.5586
492.06119	4155.0239
493.2265	4161.4326
494.39185	4049.3618
495.55716	4021.438
496.7225	4098.3218
497.88785	4044.3779
499.05316	4103.4692
500.21851	4117.8574
501.38382	4057.1353
502.54916	4020.1504
503.71451	3999.7034
504.87982	3997.0815
506.04517	3958.0432
507.21048	3990.6663
508.37582	3939.2842
509.54114	3933.9773
510.70648	3966.9207
511.87183	3956.9851
513.03717	3995.2854
514.20245	3924.3862
515.3678	3934.6897
516.53314	3905.9482
517.69849	3960.3926
518.86383	4016.8525
520.02911	4019.1431
521.19446	4004.894
522.3598	4021.6812
523.52515	3993.6294
524.69043	3927.8567
525.85577	3975.7717
527.02112	3971.2974
528.18646	3956.469
529.35181	3923.4583
530.51709	3872.094
531.68243	3888.8442
532.84778	3831.0469
534.01312	3857.4094
535.17847	3905.7629
536.34375	3829.457
537.50909	3850.3638
538.67444	3862.1604
539.83978	3793.7874
541.00513	3846.9878
542.17041	3895.1633
543.33575	3874.041
544.5011	3801.2241
545.66644	3840.3938
546.83173	3888.5571
547.99707	3870.9636
549.16241	3840.3262
550.32776	3853.1301
551.4931	3789.239
552.65839	3791.8833
553.82373	3758.2925
554.98907	3750.551
556.15442	3745.7815
557.31976	3753.3123
558.48505	3805.24
559.65039	3868.0093
560.81573	3853.825
561.98108	3897.4172
563.14642	3954.8354
564.31171	3912.5151
565.47705	3901.2461
566.6424	3835.3628
567.80774	3793.0784
568.97302	3827.5518
570.13837	3885.7695
571.30371	3947.2222
572.46906	3886.2327
573.6344	3927.3486
574.79968	3793.2305
575.96503	3790.9875
577.13037	3818.5034
578.29572	3849.6667
579.46106	3847.803
580.62634	3733.9663
581.79169	3770.6343
582.95703	3708.6079
584.12238	3799.269
585.28772	3782.1636
586.453	3741.186
587.61835	3656.114
588.78369	3588.0325
589.94904	3611.127
591.11432	3670.1531
592.27966	3697.436
593.44501	3643.2947
594.61035	3602.1953
595.7757	3531.9746
596.94098	3578.8296
598.10632	3601.5557
599.27167	3556.0989
600.43701	3555.4475
601.60236	3625.7229
602.76764	3594.5139
603.93298	3581.198
605.09833	3582.5913
606.26367	3585.9949
607.42902	3542.9963
608.5943	3530.2905
609.75964	3522.1301
610.92499	3470.9321
612.09033	3454.8506
613.25562	3496.7581
614.42096	3625.9883
615.5863	3508.5132
616.75165	3496.4626
617.91699	3531.0562
619.08228	3525.5215
620.24762	3559.0979
621.41296	3630.877
622.57831	3594.937
623.74365	3572.395
624.90894	3592.9507
626.07428	3611.7932
627.23962	3683.7249
628.40497	3678.9204
629.57031	3703.4668
630.7356	3761.6902
631.90094	3773.3491
633.06628	3744.0354
634.23163	3782.7908
635.39691	3742.457
636.56226	3877.6138
637.7276	3845.6643
638.89294	3846.1514
640.05829	3898.7883
641.22357	3969.4753
642.38892	4002.364
643.55426	4008.8601
644.7196	4035.7817
645.88495	3968.1582
647.05023	3980.7444
648.21558	4013.3743
649.38092	4061.1873
650.54626	4062.1917
651.71161	3981.9158
652.87689	3903.968
654.04224	3890.6428
655.20758	3889.3118
656.37292	3819.6057
657.53821	3756.8562
658.70355	3782.9304
659.8689	3735.9492
661.03424	3800.0046
662.19958	3709.1707
663.36487	3627.3289
664.53021	3630.2271
665.69556	3592.3279
666.8609	3497.3938
668.02625	3562.5884
669.19153	3570.4316
670.35687	3606.4551
671.52222	3514.6858
672.68756	3523.8367
673.85291	3488.6045
675.01819	3459.2319
676.18353	3444.3855
677.34888	3483.896
678.51422	3579.8086
679.6795	3543.5239
680.84485	3356.4226
682.01019	3505.3298
683.17554	3580.0696
684.34088	3487.6147
685.50616	3483.3645
686.67151	3503.8486
687.83685	3536.0779
689.0022	3563.3984
690.16754	3583.8831
691.33282	3614.0579
692.49817	3468.7688
693.66351	3465.179
694.82886	3465.1799
695.9942	3440.3174
697.15948	3374.1003
698.32483	3383.5649
699.49017	3371.6294
700.65552	3350.8914
701.8208	3351.5278
702.98615	3332.0393
704.15149	3361.9382
705.31683	3373.6926
706.48218	3418.1421
707.64746	3351.7351
708.81281	3426.2949
709.97815	3410.1133
711.14349	3369.8276
712.30884	3362.3987
713.47412	3386.9797
714.63947	3424.2185
715.80481	3464.6194
716.97015	3510.3799
718.1355	3407.1638
719.30078	3525.2996
720.46613	3473.0063
721.63147	3525.0181
722.79681	3547.8008
723.9621	3630.4956
725.12744	3769.2173
726.29279	3934.7974
727.45813	4138.7588
728.62347	4388.7178
729.78876	4701.438
730.9541	5003.1543
732.11945	5582.6338
733.28479	6089.4668
734.45013	6630.2476
735.61542	7120.0918
736.78076	7585.4907
737.94611	7841.3857
739.11145	7893.314
740.27679	7768.2788
741.44208	7373.9028
742.60742	6940.8496
743.77277	6504.7212
744.93811	6085.0454
746.10339	5395.5767
747.26874	4909.0488
748.43408	4565.397
749.59943	4273.7881
750.76477	4026.9648
751.93005	3875.7102
753.0954	3782.5051
754.26074	3675.7168
755.42609	3617.3911
756.59143	3650.5649
757.75671	3548.7959
758.92206	3438.084
760.0874	3417.0024
761.25275	3393.1477
762.41809	3451.7996
763.58337	3461.3101
764.74872	3442.5989
765.91406	3441.2622
767.07941	3410.8528
768.24469	3374.3435
769.41003	3457.8184
770.57538	3475.8015
771.74072	3438.9626
772.90607	3440.8237
774.07135	3382.1538
775.23669	3394.3479
776.40204	3380.3889
777.56738	3331.0222
778.73273	3356.0247
779.89801	3405.6619
781.06335	3395.2852
782.2287	3353.9663
783.39404	3352.8984
784.55939	3494.9263
785.72467	3434.4045
786.89001	3438.1113
788.05536	3362.6812
789.2207	3391.5093
790.38599	3446.7305
791.55133	3390.0603
792.71667	3362.4412
793.88202	3368.1233
795.04736	3351.552
796.21265	3327.9993
797.37799	3320.4153
798.54333	3344.7063
799.70868	3348.9109
800.87402	3380.6255
802.03931	3237.6726
803.20465	3295.405
804.37	3277.79
805.53534	3288.6921
806.70068	3240.322
807.86597	3301.3528
809.03131	3326.1782
810.19666	3274.9648
811.362	3272.959
812.52728	3253.4761
813.69263	3292.0164
814.85797	3359.1016
816.02332	3293.3235
817.18866	3264.6816
818.35394	3267.3354
819.51929	3287.8938
820.68463	3224.5811
821.84998	3254.9668
823.01532	3271.7815
824.1806	3201.7754
825.34595	3184.655
826.51129	3240.4165
827.67664	3209.0632
828.84198	3159.6741
830.00726	3243.2285
831.17261	3195.176
832.33795	3162.7302
833.5033	3299.6094
834.66858	3222.1279
835.83392	3232.3909
836.99927	3161.304
838.16461	3169.5664
839.32996	3166.0264
840.49524	3132.7852
841.66058	3190.1399
842.82593	3271.0063
843.99127	3241.2964
845.15662	3247.9644
846.3219	3284.429
847.48724	3325.5269
848.65259	3194.3796
849.81793	3253.8618
850.98328	3225.3376
852.14856	3308.7583
853.3139	3258.7456
854.47925	3273.3625
855.64459	3233.9939
856.80988	3237.1555
857.97522	3298.9277
859.14056	3299.2739
860.30591	3256.0823
861.47125	3229.5413
862.63654	3223.4014
863.80188	3233.1692
864.96722	3258.0813
866.13257	3236.6318
867.29791	3209.74
868.4632	3260.2375
869.62854	3298.1365
870.79388	3276.3091
871.95923	3290.6785
873.12457	3309.2966
874.28986	3300.9204
875.4552	3279.4724
876.62054	3258.9802
877.78589	3258.9121
878.95117	3266.1335
880.11652	3232.0315
881.28186	3296.2568
882.4472	3289.0996
883.61255	3298.4158
884.77783	3270.3433
885.94318	3194.123
887.10852	3346.8354
888.27386	3364.3411
889.43921	3324.6099
890.60449	3327.1357
891.76984	3358.4846
892.93518	3302.0649
894.10052	3298.2334
895.26587	3347.5659
896.43115	3251.8337
897.5965	3211.9944
898.76184	3296.1956
899.92719	3257.426
901.09247	3183.9431
902.25781	3186.0281
903.42316	3264.0417
904.5885	3240.2473
905.75385	3261.1687
906.91913	3269.0999
908.08447	3209.2263
909.24982	3154.2002
910.41516	3194.2776
911.58051	3201.9043
912.74579	3215.1008
913.91113	3247.439
915.07648	3211.9604
916.24182	3199.2798
917.40717	3262.4756
918.57245	3271.4321
919.73779	3254.8896
920.90314	3253.7952
922.06848	3270.4661
923.23376	3231.8127
924.39911	3351.2266
925.56445	3392.4021
926.7298	3340.127
927.89514	3355.8525
929.06042	3430.926
930.22577	3418.3325
931.39111	3415.9805
932.55646	3380.0549
933.7218	3390.2632
934.88708	3469.561
936.05243	3471.321
937.21777	3433.9985
938.38312	3405.4961
939.54846	3401.0059
940.71375	3457.9292
941.87909	3435.9756
943.04443	3324.2854
944.20978	3310.1106
945.37506	3293.1331
946.54041	3306.8289
947.70575	3304.7998
948.87109	3259.0598
950.03644	3212.0278
951.20172	3218.4531
952.36707	3226.1782
953.53241	3193.8279
954.69775	3210.4114
955.8631	3221.0544
957.02838	3204.2991
958.19373	3227.4624
959.35907	3261.9404
960.52441	3303.2126
961.68976	3234.4404
962.85504	3209.2729
964.02039	3278.3582
965.18573	3265.2241
966.35107	3182.5098
967.51636	3190.1506
968.6817	3290.9827
969.84705	3237.3611
971.01239	3275.5723
972.17773	3221.6414
973.34302	3170.6089
974.50836	3238.5833
975.67371	3280.6602
976.83905	3257.0454
978.00439	3275.5452
979.16968	3270.9031
980.33502	3268.4443
981.50037	3253.8926
982.66571	3200.7739
983.83105	3285.603
984.99634	3303.3
986.16168	3180.4285
987.32703	3271
988.49237	3264.0664
989.65765	3301.5581
990.823	3268.0305
991.98834	3292.9072
993.15369	3261.4519
994.31903	3204.4165
995.48431	3233.7351
996.64966	3191.2156
997.815	3087.3118
998.98035	3157.0662
1000.1457	3152.8501
1001.311	3213.2458
1002.4763	3191.2561
1003.6417	3186.4734
1004.807	3200.5779
1005.9724	3189.7397
1007.1376	3179.6226
1008.303	3209.0051
1009.4683	3237.5972
1010.6337	3186.9487
1011.799	3183.0356
1012.9643	3141.7795
1014.1296	3217.8491
1015.295	3199.6262
1016.4603	3258.3162
1017.6256	3214.0894
1018.791	3142.4807
1019.9563	3187.5525
1021.1216	3178.928
1022.287	3184.1741
1023.4523	3127.9231
1024.6177	3201.25
1025.783	3214.8945
1026.9482	3168.3918
1028.1136	3123.9026
1029.2789	3082.8049
1030.4443	3168.7937
1031.6096	3118.2488
1032.7749	3101.4485
1033.9403	3157.0886
1035.1056	3177.4302
1036.271	3086.27
1037.4363	3011.1445
1038.6016	3039.3445
1039.767	3064.3838
1040.9323	3091.9158
1042.0977	3069.5842
1043.2629	3098.5789
1044.4282	3017.8181
1045.5936	3026.8149
1046.7589	3011.0701
1047.9242	3004.051
1049.0896	3028.0598
1050.2549	3006.8933
1051.4203	3003.1138
1052.5856	3065.9519
1053.7509	2976.8994
1054.9163	3018.895
1056.0815	2935.4021
1057.2469	2998.9121
1058.4122	2948.0029
1059.5775	2990.73
1060.7429	3017.5771
1061.9082	3000.8667
1063.0736	3030.2976
1064.2389	2993.5588
1065.4042	2941.5254
1066.5696	2991.7732
1067.7349	2966.6252
1068.9003	2995.0488
1070.0656	3038.9294
1071.2308	2973.7539
1072.3962	2950.6794
1073.5615	2971.0161
1074.7269	2992.877
1075.8922	3020.3557
1077.0575	2995.0657
1078.2229	3033.0757
1079.3882	3025.4915
1080.5536	2988.0725
1081.7189	3001.113
1082.8842	3023.7925
1084.0496	3031.4399
1085.2148	3060.0083
1086.3802	3010.6946
1087.5455	3001.9353
1088.7108	2951.6604
1089.8762	2994.061
1091.0415	2993.9099
1092.2068	3062.1392
1093.3722	2987.2871
1094.5375	2960.6162
1095.7029	3011.9087
1096.8682	3014.5247
1098.0334	3073.7419
1099.1989	2963.5222
1100.3641	3058.6724
1101.5295	3065.0042
1102.6948	3037.9146
1103.8601	2938.0513
1105.0255	2937.4546
1106.1908	2961.2644
1107.3562	2934.4045
1108.5215	2958.6245
1109.6868	2991.3958
1110.8522	2949.281
1112.0175	2956.1406
1113.1829	2958.1953
1114.3481	2974.9309
1115.5134	2977.8181
1116.6788	2925.2229
1117.8441	2932.9172
1119.0095	2980.7141
1120.1748	2938.9683
1121.3401	2894.9358
1122.5055	2922.7175
1123.6708	2970.3804
1124.8362	3007.5664
1126.0015	2913.29
1127.1667	2900.7476
1128.3322	2985.1807
1129.4974	2952.3193
1130.6628	2942.8333
1131.8281	3007.2981
1132.9934	3058.6177
1134.1588	2917.6467
1135.3241	2944.0469
1136.4894	2969.5615
1137.6548	2956.3982
1138.8201	2932.3762
1139.9855	2969.186
1141.1508	3011.0857
1142.316	2950.0415
1143.4814	3023.7371
1144.6467	2980.8794
1145.8121	2941.9438
1146.9774	3089.6433
1148.1427	2993.9282
1149.3081	3012.9819
1150.4734	3072.1377
1151.6388	3028.5117
1152.8041	3016.0142
1153.9694	3057.4358
1155.1348	3031.5469
1156.3	2989.0588
1157.4655	2997.5249
1158.6307	2977.2068
1159.796	2928.7996
1160.9614	2956.7471
1162.1267	2943.7766
1163.2921	2845.2119
1164.4574	2838.7073
1165.6227	2885.3164
1166.7881	2920.8638
1167.9534	2909.3477
1169.1188	2876.5698
1170.2841	2917.2117
1171.4493	2916.4463
1172.6147	2871.1831
1173.78	2890.1592
1174.9454	2956.3279
1176.1107	2914.3691
1177.276	2894.0173
1178.4414	2930.5779
1179.6067	2927.7349
1180.772	2957.4792
1181.9374	2915.6555
1183.1027	2859.3574
1184.2681	2885.1721
1185.4333	2920.4358
1186.5986	2944.5837
1187.764	2942.4832
1188.9293	2867.9177
1190.0947	2878.6133
1191.26	2920.2534
1192.4253	2934.8577
1193.5907	2926.1614
1194.756	2873.6748
1195.9214	2894.6567
1197.0867	2953.6421
1198.252	2921.123
1199.4174	2953.7036
1200.5826	2950.5676
1201.748	2925.2085
1202.9133	2953.6013
1204.0786	2995.7439
1205.244	3067.6577
1206.4093	3053.4019
1207.5747	2977.8281
1208.74	2935.3337
1209.9053	2941.7371
1211.0707	3013.3022
1212.236	3041.0313
1213.4014	2999.5208
1214.5667	2987.4902
1215.7319	3002.0942
1216.8973	3012.7483
1218.0626	2979.8928
1219.228	2956.1177
1220.3933	2937.4065
1221.5586	2993.3308
1222.724	2982.6636
1223.8893	2931.1406
1225.0546	2900.8098
1226.22	2877.7717
1227.3853	2906.7166
1228.5507	2907.1333
1229.7159	2930.9614
1230.8812	2941.3291
1232.0466	2931.5591
1233.2119	2890.9307
1234.3773	2890.4846
1235.5426	2920.27
1236.7079	2934.8445
1237.8733	2925.147
1239.0386	2854.0474
1240.204	2856.6467
1241.3693	2895.0959
1242.5345	2887.373
1243.7	2831.7627
1244.8652	2778.7822
1246.0306	2822.2732
1247.1959	2826.1169
1248.3612	2894.0579
1249.5266	2900.04
1250.6919	2853.0129
1251.8573	2836.5188
1253.0226	2893.6794
1254.1879	2904.8958
1255.3533	2918.1982
1256.5186	2920.9561
1257.684	2911.0024
1258.8492	2963.7217
1260.0145	2963.6326
1261.1799	2981.6389
1262.3452	3006.7808
1263.5106	3070.1338
1264.6759	3112.2202
1265.8412	3146.4221
1267.0066	3173.6121
1268.1719	3255.4629
1269.3372	3307.3359
1270.5026	3350.6042
1271.6678	3449.5977
1272.8333	3527.5732
1273.9985	3488.0115
1275.1638	3529.8799
1276.3292	3593.0442
1277.4945	3638.2598
1278.6599	3612.7339
1279.8252	3468.0852
1280.9905	3395.7991
1282.1559	3390.9832
1283.3212	3369.29
1284.4866	3255.0156
1285.6519	3158.3569
1286.8171	3162.2571
1287.9825	3062.5947
1289.1478	3073.9211
1290.3132	3018.5901
1291.4785	2979.6516
1292.6438	2959.7322
1293.8092	2938.3088
1294.9745	2940.3789
1296.1399	2969.7434
1297.3052	2910.592
1298.4705	2851.0493
1299.6359	2912.1606
1300.8011	2864.6604
1301.9666	2870.4375
1303.1318	2931.3584
1304.2971	2941.6538
1305.4625	2856.1716
1306.6278	2926.0342
1307.7932	2958.2048
1308.9585	2970.4268
1310.1238	2937.9104
1311.2892	2981.8176
1312.4545	3036.8496
1313.6198	3047.2295
1314.7852	3066.8416
1315.9504	3125.666
1317.1158	3150.981
1318.2811	3203.4419
1319.4464	3176.6824
1320.6118	3224.3467
1321.7771	3228.7856
1322.9425	3220.5242
1324.1078	3255.0432
1325.2731	3267.0444
1326.4385	3319.8657
1327.6038	3373.3899
1328.7692	3373.9546
1329.9344	3427.6956
1331.0997	3490.0864
1332.2651	3543.3496
1333.4304	3610.9089
1334.5958	3658.0159
1335.7611	3702.6846
1336.9264	3744.5505
1338.0918	3780.5957
1339.2571	3766.3831
1340.4225	3714.9272
1341.5878	3729.4653
1342.7531	3729.4189
1343.9185	3670.2866
1345.0837	3605.9548
1346.2491	3551.6252
1347.4144	3412.1782
1348.5797	3326.4299
1349.7451	3236.4338
1350.9104	3217.4548
1352.0758	3119.6553
1353.2411	3094.2402
1354.4064	3052.467
1355.5718	3015.7041
1356.7371	3027.5862
1357.9023	2978.7585
1359.0677	2971.1538
1360.233	2923.2813
1361.3984	3000.3647
1362.5637	2943.6587
1363.729	2947.521
1364.8944	2974.6372
1366.0597	3001.5227
1367.2251	3022.6597
1368.3904	3109.0144
1369.5557	3102.7593
1370.7211	3183.9541
1371.8864	3161.825
1373.0518	3181.5637
1374.217	3230.28
1375.3823	3278.4553
1376.5477	3250.5823
1377.713	3234.1382
1378.8784	3231.1218
1380.0437	3203.6406
1381.209	3148.0842
1382.3744	3127.8
1383.5397	3093.2686
1384.7051	3051.7666
1385.8704	2969.1118
1387.0356	2924.1057
1388.201	2875.125
1389.3663	2835.3486
1390.5317	2834.9968
1391.697	2861.1685
1392.8623	2856.2314
1394.0277	2855.8105
1395.193	2869.2656
1396.3584	2884.9082
1397.5237	2963.9629
1398.689	2931.3601
1399.8544	2878.8123
1401.0197	2870.8906
1402.1849	2872.9895
1403.3503	2837.1738
1404.5156	2835.5071
1405.681	2800.009
1406.8463	2791.3413
1408.0116	2761.2876
1409.177	2716.8435
1410.3423	2673.2222
1411.5077	2640.5996
1412.673	2624.3477
1413.8383	2597.3293
1415.0037	2545.512
1416.1689	2533.4783
1417.3344	2528.1309
1418.4996	2559.1538
1419.6649	2546.6409
1420.8303	2546.3928
1421.9956	2511.3613
1423.161	2555.5095
1424.3263	2512.0862
1425.4916	2552.5793
1426.657	2489.8679
1427.8223	2515.3459
1428.9877	2533.8445
1430.153	2568.1934
1431.3182	2492.2664
1432.4836	2539.9556
1433.6489	2570.1367
1434.8143	2596.7456
1435.9796	2608.0181
1437.1449	2583.4861
1438.3103	2578.3806
1439.4756	2549.4946
1440.641	2568.5986
1441.8063	2577.3308
1442.9716	2568.373
1444.137	2531.4456
1445.3022	2566.5649
1446.4675	2606.3784
1447.6329	2592.8325
1448.7982	2623.2947
1449.9636	2645.4248
1451.1289	2583.9348
1452.2942	2627.0334
1453.4596	2735.0029
1454.6249	2718.812
1455.7903	2759.8396
1456.9556	2803.429
1458.1208	2856.0872
1459.2863	2873.4844
1460.4515	2958.032
1461.6169	3052.5583
1462.7822	3048.5071
1463.9475	3056.8416
1465.1129	3021.1013
1466.2782	2958.7322
1467.4436	2938.9106
1468.6089	2936.7908
1469.7742	2867.2717
1470.9396	2799.9309
1472.1049	2735.2871
1473.2703	2699.9458
1474.4355	2608.8223
1475.6008	2563.833
1476.7662	2575.1245
1477.9315	2565.9197
1479.0969	2507.0969
1480.2622	2508.083
1481.4275	2518.9941
1482.5929	2479.0134
1483.7582	2497.2781
1484.9236	2499.459
1486.0889	2504.8892
1487.2542	2479.0042
1488.4196	2481.354
1489.5848	2479.9468
1490.7501	2436.948
1491.9155	2459.6743
1493.0808	2491.9419
1494.2462	2480.8679
1495.4115	2495.1914
1496.5768	2491.0762
1497.7422	2503.5071
1498.9075	2497.3679
1500.0729	2473.9651
1501.2382	2441.8306
1502.4034	2415.8469
1503.5688	2415.2378
1504.7341	2403.2209
1505.8995	2434.7529
1507.0648	2451.7532
1508.2301	2426.7192
1509.3955	2447.7295
1510.5608	2359.5696
1511.7262	2442.5186
1512.8915	2381.7312
1514.0568	2420.1282
1515.2222	2351.3071
1516.3875	2363.491
1517.5529	2319.3145
1518.7181	2345.5981
1519.8834	2355.0007
1521.0488	2330.0371
1522.2141	2391.6187
1523.3795	2358.3242
1524.5448	2310.3054
1525.7101	2311.2104
1526.8755	2322.9954
1528.0408	2297.3726
1529.2062	2334.4497
1530.3715	2343.4868
1531.5367	2307.4265
1532.7021	2332.688
1533.8674	2347.2039
1535.0327	2392.1072
1536.1981	2367.145
1537.3634	2337.2722
1538.5288	2383.313
1539.6941	2365.8501
1540.8594	2402.3303
1542.0248	2426.1689
1543.1901	2389.7747
1544.3555	2413.9934
1545.5208	2483.5498
1546.686	2511.7693
1547.8514	2493.4438
1549.0167	2547.5076
1550.1821	2589.6614
1551.3474	2621.4548
1552.5127	2612.0466
1553.6781	2579.4072
1554.8434	2599.3928
1556.0088	2601.1062
1557.1741	2627.4487
1558.3394	2542.335
1559.5048	2528.1589
1560.67	2488.0715
1561.8354	2481.4966
1563.0007	2410.5298
1564.166	2383.4321
1565.3314	2401.2021
1566.4967	2342.6716
1567.6621	2339.4133
1568.8274	2339.5237
1569.9927	2300.23
1571.1581	2321.5974
1572.3234	2300.8533
1573.4888	2264.3296
1574.6541	2283.2649
1575.8193	2287.8938
1576.9847	2280.5386
1578.15	2256.0803
1579.3153	2254.1816
1580.4807	2218.4834
1581.646	2202.6968
1582.8114	2253.3989
1583.9767	2268.0081
1585.142	2237.5803
1586.3074	2216.9414
1587.4727	2197.6406
1588.6381	2236.4429
1589.8033	2272.5491
1590.9686	2230.4141
1592.134	2222.4727
1593.2993	2256.833
1594.4647	2252.3127
1595.63	2245.3203
1596.7953	2173.5452
1597.9607	2172.635
1599.126	2189.429
1600.2914	2171.5083
1601.4567	2163.5022
1602.6219	2152.4937
1603.7874	2190.9812
1604.9526	2177.5879
1606.118	2169.9312
1607.2833	2183.5095
1608.4486	2228.3279
1609.614	2207.0979
1610.7793	2174.585
1611.9447	2192.7832
1613.11	2164.4648
1614.2753	2169.0122
1615.4407	2220.5227
1616.606	2196.8127
1617.7714	2159.5342
1618.9366	2162.9011
1620.1019	2200.0869
1621.2673	2191.8455
1622.4326	2208.415
1623.5979	2184.9063
1624.7633	2179.1567
1625.9286	2234.7698
1627.094	2233.178
1628.2593	2211.2983
1629.4246	2298.7224
1630.59	2196.113
1631.7552	2176.2231
1632.9207	2198.0664
1634.0859	2215.0964
1635.2512	2175.3542
1636.4166	2160.9905
1637.5819	2137.4912
1638.7473	2118.0364
1639.9126	2167.4424
1641.0779	2244.5669
1642.2433	2177.2783
1643.4086	2163.4155
1644.574	2186.8533
1645.7393	2143.7937
1646.9045	2125.5601
1648.0699	2075.5605
1649.2352	2073.8914
1650.4006	2090.0571
1651.5659	2113.4839
1652.7312	2098.0725
1653.8966	2062.625
1655.0619	2101.6785
1656.2273	2066.5005
1657.3926	2112.9294
1658.5579	2092.0313
1659.7233	2036.6826
1660.8885	2039.8225
1662.054	2055.0166
1663.2192	2028.5698
1664.3845	2029.5142
1665.5499	2035.8093
1666.7152	1994.5142
1667.8805	2035.1974
1669.0459	2093.7668
1670.2112	2004.4532
1671.3766	2082.5347
1672.5419	1985.3826
1673.7072	2044.5699
1674.8726	2029.3168
1676.0378	1992.1792
1677.2032	1969.4084
1678.3685	1975.7333
1679.5338	1961.8973
1680.6992	1927.5991
1681.8645	1929.6738
1683.0299	1995.9642
1684.1952	1976.517
1685.3605	1971.5773
1686.5259	1950.306
1687.6912	1943.3723
1688.8566	1916.217
1690.0219	1929.1716
1691.1871	1938.2255
1692.3525	1907.903
1693.5178	1910.2986
1694.6832	1942.4128
1695.8485	1935.9106
1697.0138	1916.0331
1698.1792	1877.756
1699.3445	1956.4988
1700.5099	1904.5767
1701.6752	1911.0944
1702.8405	1921.6635
1704.0059	1927.4843
1705.1711	1904.295
1706.3365	1904.0729
1707.5018	1914.9692
1708.6671	1966.5887
1709.8325	1816.3898
1710.9978	1893.4349
1712.1631	1951.2404
1713.3285	1888.6986
1714.4938	1879.2152
1715.6592	1928.8252
1716.8245	1924.6791
1717.9897	1889.6978
1719.1552	1861.9106
1720.3204	1852.8652
1721.4858	1912.795
1722.6511	1899.2458
1723.8164	1860.6879
1724.9818	1896.196
1726.1471	1831.9487
1727.3125	1856.3212
1728.4778	1896.0581
1729.6431	1842.0103
1730.8085	1882.1016
1731.9738	1854.1194
1733.1392	1842.2438
1734.3044	1842.6958
1735.4697	1932.0719
1736.6351	1851.3567
1737.8004	1849.1
1738.9658	1836.6095
1740.1311	1801.2887
1741.2964	1861.9852
1742.4618	1810.0968
1743.6271	1853.1862
1744.7925	1778.4268
1745.9578	1847.6943
1747.123	1819.6614
1748.2885	1849.1377
1749.4537	1820.1261
1750.6191	1855.4553
1751.7844	1837.9208
1752.9497	1844.0247
1754.1151	1828.4559
1755.2804	1818.1621
1756.4457	1877.7363
1757.6111	1898.257
1758.7764	1895.6494
1759.9418	1810.2316
1761.1071	1827.9119
1762.2723	1823.0526
1763.4377	1805.7789
1764.603	1808.1029
1765.7684	1797.8113
1766.9337	1813.0482
1768.099	1795.7028
1769.2644	1787.2953
1770.4297	1859.2719
1771.5951	1845.2094
1772.7604	1784.4015
1773.9257	1743.6393
1775.0911	1783.9404
1776.2563	1787.1997
1777.4218	1777.6969
1778.587	1764.8336
1779.7523	1741.5917
1780.9177	1739.4371
1782.083	1785.7681
1783.2484	1740.1765
1784.4137	1730.9387
1785.579	1722.7869
1786.7444	1794.1514
1787.9097	1740.953
1789.0751	1732.3818
1790.2404	1644.054
1791.4056	1743.9524
1792.571	1682.5608
1793.7363	1693.3828
1794.9017	1690.0718
1796.067	1667.8445
1797.2323	1746.405
1798.3977	1738.6881
1799.563	1727.6444
1800.7283	1694.2483
1801.8937	1690.2178
1803.059	1616.9718
1804.2244	1670.7815
1805.3896	1679.5419
1806.5549	1651.5166
1807.7203	1672.8134
1808.8856	1647.8103
1810.051	1709.5253
1811.2163	1694.5491
1812.3816	1695.6479
1813.547	1691.6444
1814.7123	1686.2798
1815.8777	1645.0475
1817.043	1625.3876
1818.2083	1609.9933
1819.3737	1666.3561
1820.5389	1685.3745
1821.7043	1621.8517
1822.8696	1676.9626
1824.0349	1699.4025
1825.2003	1632.2188
1826.3656	1651.4769
1827.531	1688.1323
1828.6963	1690.2383
1829.8616	1655.9229
1831.027	1632.9712
1832.1923	1651.2206
1833.3577	1720.4093
1834.5229	1676.7682
1835.6882	1681.788
1836.8536	1671.9288
1838.0189	1687.5389
1839.1843	1707.5023
1840.3496	1608.1794
1841.5149	1615.6029
1842.6803	1632.7917
1843.8456	1659.1912
1845.0109	1637.3032
1846.1763	1648.7438
1847.3416	1592.5879
1848.507	1611.4657
1849.6722	1601.3616
1850.8375	1601.9581
1852.0029	1575.306
1853.1682	1586.3007
1854.3336	1611.2805
1855.4989	1622.2593
1856.6642	1607.9762
1857.8296	1566.3351
1858.9949	1577.4355
1860.1603	1536.2864
1861.3256	1525.5221
1862.4908	1571.0847
1863.6563	1598.486
1864.8215	1616.1119
1865.9869	1575.7499
1867.1522	1608.8466
1868.3175	1595.1147
1869.4829	1573.5333
1870.6482	1602.11
1871.8136	1611.8732
1872.9789	1569.1555
1874.1442	1579.3718
1875.3096	1541.2909
1876.4749	1593.468
1877.6403	1596.7952
1878.8055	1604.0645
1879.9708	1594.1776
1881.1362	1596.1636
1882.3015	1605.4491
1883.4669	1611.8639
1884.6322	1598.3931
1885.7975	1523.8557
1886.9629	1564.8558
1888.1282	1524.6204
1889.2935	1507.8385
1890.4589	1552.0436
1891.6241	1520.8977
1892.7896	1532.0466
1893.9548	1485.9531
1895.1201	1476.7294
1896.2855	1489.5522
1897.4508	1522.0856
1898.6162	1544.0299
1899.7815	1527.6586
1900.9468	1458.1423
1902.1122	1475.8491
1903.2775	1453.7665
1904.4429	1471.845
1905.6082	1476.5814
1906.7734	1422.9198
1907.9388	1463.923
1909.1041	1466.6049
1910.2695	1423.6781
1911.4348	1344.7887
1912.6001	1474.1228
1913.7655	1436.339
1914.9308	1413.5214
1916.0962	1437.9044
1917.2615	1461.668
1918.4268	1413.7211
1919.5922	1396.0992
1920.7574	1428.655
1921.9229	1407.7072
1923.0881	1388.0513
1924.2534	1410.1949
1925.4188	1451.0933
1926.5841	1466.9875
1927.7495	1396.9441
1928.9148	1436.3209
1930.0801	1417.3452
1931.2455	1477.6136
1932.4108	1507.5814
1933.576	1434.658
1934.7415	1468.9847
1935.9067	1473.5625
1937.0721	1493.6563
1938.2374	1411.8749
1939.4027	1434.8375
1940.5681	1432.5132
1941.7334	1442.2233
1942.8988	1431.6396
1944.0641	1386.7122
1945.2294	1383.4932
1946.3948	1398.8982
1947.5601	1436.6876
1948.7255	1405.2809
1949.8907	1399.5247
1951.056	1416.4913
1952.2214	1393.3949
1953.3867	1379.7133
1954.5521	1330.6031
1955.7174	1319.3123
1956.8827	1358.2683
1958.0481	1342.6172
1959.2134	1399.2273
1960.3788	1364.1665
1961.5441	1327.9398
1962.7094	1370.1128
1963.8748	1341.6447
1965.04	1325.7396
1966.2054	1360.7924
1967.3707	1322.3009
1968.536	1404.5848
1969.7014	1368.5443
1970.8667	1357.6143
1972.0321	1357.0938
1973.1974	1304.6039
1974.3627	1395.2823
1975.5281	1374.0298
1976.6934	1415.0597
1977.8586	1396.2032
1979.024	1398.6591
1980.1893	1388.6565
1981.3547	1344.1263
1982.52	1366.7072
1983.6853	1432.3959
1984.8507	1357.6477
1986.016	1380.6378
1987.1814	1364.2928
1988.3467	1347.5112
1989.512	1370.2081
1990.6774	1390.9585
1991.8427	1338.4142
1993.0081	1360.3812
1994.1733	1288.6285
1995.3386	1289.6757
1996.504	1286.8026
1997.6693	1331.04
1998.8347	1296.524
2000	1330.162
