400	8204.0254
401.16449	8193.7324
402.32898	8144.7241
403.49344	8148.3296
404.65793	8142.7832
405.82242	8114.812
406.98691	8099.0337
408.1514	8069.5649
409.31586	8048.2251
410.48035	8034.4961
411.64484	8052
412.80933	8076.0259
413.97379	8085.9995
415.13828	8059.8838
416.30276	7961.6021
417.46725	7967.6221
418.63174	8028.0015
419.7962	8006.8496
420.96069	7944.6152
422.12518	7917.2109
423.28967	7928.228
424.45416	7878.5264
425.61862	7931.0898
426.78311	8003.4414
427.9476	7993.1504
429.11209	7979.5781
430.27655	7972.0889
431.44104	7941.4316
432.60553	7893.8589
433.77002	7928.0713
434.93451	7940.624
436.09897	7929.7021
437.26346	7887.2046
438.42795	7846.3633
439.59244	7843.0513
440.75693	7870.8799
441.92139	7844.8462
443.08588	7850.8955
444.25037	7861.8486
445.41486	7877.0752
446.57932	7863.1885
447.7438	7822.0146
448.90829	7794.2686
450.07278	7814.1704
451.23727	7776.9634
452.40173	7828.0107
453.56622	7800.9849
454.73071	7734.6465
455.8952	7725.2891
457.05969	7760.125
458.22415	7721.168
459.38864	7748.8931
460.55313	7674.9663
461.71762	7700.5024
462.88211	7717.3467
464.04657	7699.6479
465.21106	7710.8613
466.37555	7768.9619
467.54004	7709.4185
468.7045	7666.4355
469.86899	7702.1045
471.03348	7689.7681
472.19797	7615.3696
473.36246	7562.3853
474.52692	7591.1157
475.69141	7651.8369
476.8559	7608.0337
478.02039	7574.1167
479.18488	7567.7964
480.34933	7599.2842
481.51382	7581.4204
482.67831	7544.3096
483.8428	7554.5244
485.00726	7575.3574
486.17175	7616.7207
487.33624	7567.6235
488.50073	7544.4346
489.66522	7544.6489
490.82968	7557.5864
491.99417	7549.0767
493.15866	7511.8999
494.32315	7518.2271
495.48764	7431.4507
496.6521	7401.7866
497.81659	7483.0098
498.98108	7469.6831
500.14557	7409.2935
501.31006	7384.3882
502.47452	7386.4541
503.63901	7409.7852
504.8035	7345.5859
505.96799	7379.5522
507.13245	7362.0142
508.29694	7390.9277
509.46143	7419.0679
510.62592	7376.5039
511.79041	7304.605
512.9549	7329.1772
514.11938	7284.563
515.28381	7274.8701
516.4483	7258.7817
517.61279	7331.019
518.77728	7355.6851
519.94177	7302.7441
521.10626	7317.2949
522.27075	7311.4946
523.43524	7293.3887
524.59973	7305.4888
525.76422	7287.2129
526.92865	7308.2861
528.09314	7320.4668
529.25763	7321.5166
530.42212	7347.4141
531.58661	7275.6758
532.7511	7286.0791
533.91559	7292.5171
535.08008	7247.9316
536.24457	7283.6885
537.409	7317.8418
538.57349	7289.1782
539.73798	7251.2192
540.90247	7261.3745
542.06696	7271.9204
543.23145	7223.4722
544.39594	7210.1616
545.56042	7242.124
546.72491	7229.0913
547.8894	7184.856
549.05383	7177.8945
550.21832	7203.6968
551.38281	7242.2061
552.5473	7152.29
553.71179	7156.7539
554.87628	7224.7813
556.04077	7201.2856
557.20526	7188.624
558.36975	7215.9736
559.53418	7160.1055
560.69867	7159.9277
561.86316	7168.7505
563.02765	7183.9253
564.19214	7211.0386
565.35663	7177.9658
566.52112	7143.124
567.68561	7140.3184
568.8501	7146.6548
570.01453	7139.0439
571.17902	7079.6636
572.34351	7060.0723
573.508	7080.8242
574.67249	7106.022
575.83698	7126.0884
577.00146	7080.8315
578.16595	7026.6738
579.33044	7052.5024
580.49493	7025.0581
581.65936	7056.9233
582.82385	7061.666
583.98834	7028.2544
585.15283	6988.5645
586.31732	6967.3413
587.48181	6971.7466
588.6463	7010.0977
589.81079	7053.3423
590.97528	6971.3696
592.13971	6946.082
593.3042	6982.2573
594.46869	6932.0117
595.63318	6974.165
596.79767	7024.8174
597.96216	7003.9531
599.12665	6960.2949
600.29114	6970.6396
601.45563	6949.6587
602.62012	6900.6387
603.78455	6957.4033
604.94904	7039.7202
606.11353	7023.4473
607.27802	6988.9458
608.4425	6964.4663
609.60699	6942.8354
610.77148	6958.9023
611.93597	6986.1963
613.10046	6978.3184
614.26489	6962.1172
615.42938	6968.8955
616.59387	7013.6719
617.75836	7005.3374
618.92285	6961.3315
620.08734	6955.0063
621.25183	6981.3755
622.41632	6959.9106
623.58081	6946.0771
624.74524	6989.1519
625.90973	6971.1909
627.07422	7020.9009
628.23871	7013.9897
629.4032	6946.4966
630.56769	6915.0454
631.73218	6950.3486
632.89667	6968.3169
634.06116	6986.9595
635.22565	6927.4961
636.39008	6950.0869
637.55457	7014.793
638.71906	7023.4453
639.88354	6981.9932
641.04803	6945.0532
642.21252	6906.5068
643.37701	6852.7544
644.5415	6953.6133
645.70599	6895.7017
646.87042	6859.5688
648.03491	6888.7109
649.1994	6873.4038
650.36389	6815.9458
651.52838	6801.146
652.69287	6851.8213
653.85736	6908.3101
655.02185	6922.9258
656.18634	6864.1021
657.35083	6860.0605
658.51526	6850.1616
659.67975	6818.9839
660.84424	6817.3096
662.00873	6872.7241
663.17322	6893.5967
664.33771	6834.9072
665.5022	6790.7559
666.66669	6844.2031
667.83118	6918.627
668.99561	6816.7036
670.1601	6809.6802
671.32458	6816.4844
672.48907	6785.27
673.65356	6780.9355
674.81805	6807.7168
675.98254	6804.8867
677.14703	6771.7617
678.31152	6795.3647
679.47595	6787.2363
680.64044	6823.1611
681.80493	6788.3018
682.96942	6762.7529
684.13391	6804.9146
685.2984	6826.6777
686.46289	6855.0776
687.62738	6849.0864
688.79187	6785.7192
689.95636	6846.9741
691.12079	6764.2964
692.28528	6748.4883
693.44977	6818.2051
694.61426	6807.9067
695.77875	6758.6924
696.94324	6724.252
698.10773	6710.9243
699.27222	6699.0093
700.43671	6691.3413
701.60114	6703.2539
702.76563	6696.6035
703.93011	6699.4341
705.0946	6698.3901
706.25909	6716.6602
707.42358	6741.4927
708.58807	6744.7222
709.75256	6753.7134
710.91705	6739.6528
712.08154	6715.7349
713.24597	6722.2671
714.41046	6716.6528
715.57495	6777.5425
716.73944	6741.6919
717.90393	6751.541
719.06842	6727.8447
720.23291	6801.1997
721.3974	6847.1685
722.56189	6805.6011
723.72632	6827.1602
724.89081	6906.2227
726.0553	6916.6221
727.21979	7030.6021
728.38428	7093.3931
729.54877	7138.4155
730.71326	7195.354
731.87775	7286.3906
733.04224	7330.0688
734.20673	7275.2432
735.37115	7193.1855
736.53564	7111.9365
737.70013	7050.0347
738.86462	7002.0024
740.02911	6885.8008
741.1936	6842.1904
742.35809	6718.6885
743.52258	6795.8696
744.68707	6757.4268
745.8515	6693.3174
747.01599	6694.5142
748.18048	6672.0752
749.34497	6664.7817
750.50946	6687.3979
751.67395	6678.9336
752.83844	6652.9644
754.00293	6623.3228
755.16742	6661.7617
756.33185	6697.8491
757.49634	6633.0454
758.66083	6616.4673
759.82532	6624.564
760.98981	6590.9873
762.1543	6632.7769
763.31879	6671.8477
764.48328	6629.0474
765.64777	6576.3296
766.81226	6524.1099
767.97668	6614.292
769.14117	6609.9956
770.30566	6622.5059
771.47015	6552.0684
772.63464	6564.2783
773.79913	6571.9395
774.96362	6551.165
776.12811	6537.5459
777.2926	6540.8291
778.45703	6553.0708
779.62152	6559.3691
780.78601	6541.2212
781.9505	6564.7539
783.11499	6549.3853
784.27948	6607.292
785.44397	6563.7407
786.60846	6474.2305
787.77295	6448.6323
788.93744	6482.8638
790.10187	6516.0815
791.26636	6512.7905
792.43085	6490.5166
793.59534	6478.8345
794.75983	6498.9282
795.92432	6557.0171
797.08881	6465.7671
798.2533	6513.6733
799.41779	6494.8071
800.58221	6529.6509
801.7467	6502.0273
802.91119	6498.354
804.07568	6494.0562
805.24017	6484.2271
806.40466	6473.106
807.56915	6455.1958
808.73364	6448.8052
809.89813	6454.144
811.06256	6395.5054
812.22705	6442.9048
813.39154	6436.4395
814.55603	6477.3608
815.72052	6349.6318
816.88501	6401.1602
818.0495	6392.561
819.21399	6434.0972
820.37848	6432.7632
821.54297	6413.3281
822.7074	6433.6943
823.87189	6431.3311
825.03638	6429.6548
826.20087	6437.9644
827.36536	6424.5605
828.52985	6364.1357
829.69434	6426.231
830.85883	6447.9551
832.02332	6380.8887
833.18774	6340.1582
834.35223	6397.7041
835.51672	6392.3745
836.68121	6368.356
837.8457	6400.2119
839.01019	6393.7617
840.17468	6342.4971
841.33917	6380.0298
842.50366	6338.7173
843.66815	6358.6787
844.83258	6291.7837
845.99707	6347.2363
847.16156	6382.9614
848.32605	6430.2188
849.49054	6413.2422
850.65503	6366.3838
851.81952	6356.8315
852.98401	6345.9565
854.1485	6316.1221
855.31293	6302.2529
856.47742	6314.6465
857.64191	6327.4204
858.8064	6296.249
859.97089	6323.4951
861.13538	6367.8828
862.29987	6287.0801
863.46436	6316.5991
864.62885	6329.8198
865.79327	6254.5381
866.95776	6304.9346
868.12225	6306.8086
869.28674	6291.7646
870.45123	6282.1548
871.61572	6293.0225
872.78021	6334.0425
873.9447	6329.8516
875.10919	6291.2944
876.27368	6295.7861
877.43811	6316.8604
878.6026	6261.499
879.76709	6234.3765
880.93158	6183.4556
882.09607	6223.2139
883.26056	6242.6733
884.42505	6254.605
885.58954	6220.7598
886.75403	6217.9902
887.91846	6209.4097
889.08295	6225.231
890.24744	6243.1392
891.41193	6208.8438
892.57642	6221.689
893.74091	6211.3984
894.9054	6191.7935
896.06989	6203.2876
897.23438	6202.2539
898.39886	6136.5352
899.56329	6213.707
900.72778	6176.0933
901.89227	6187.8809
903.05676	6168.1611
904.22125	6173.978
905.38574	6167.2539
906.55023	6190.3633
907.71472	6201.5869
908.87921	6181.688
910.04364	6161.1885
911.20813	6127.3481
912.37262	6134.98
913.53711	6090.4858
914.7016	6126.4248
915.86609	6099.8286
917.03058	6115.2256
918.19507	6114.9609
919.35956	6147.5127
920.52405	6181.4326
921.68848	6172.4819
922.85297	6165.3101
924.01746	6129.2368
925.18195	6129.3584
926.34644	6165.207
927.51093	6148.1318
928.67542	6121.6187
929.8399	6129.9741
931.00439	6096.7739
932.16882	6075.4937
933.33331	6123.582
934.4978	6131.0049
935.66229	6125.8584
936.82678	6045.1602
937.99127	6114.0132
939.15576	6105.2217
940.32025	6100.374
941.48474	6069.5796
942.64917	6048.7642
943.81366	6068.9277
944.97815	6069.9854
946.14264	6066.2568
947.30713	6051.874
948.47162	6045.9028
949.63611	6036.1895
950.8006	6011.5029
951.96509	6019.897
953.12958	6067.6938
954.29401	6087.8447
955.4585	6033.085
956.62299	6068.8516
957.78748	6095.2539
958.95197	6041.2432
960.11646	6022.5864
961.28094	6037.3789
962.44543	6042.728
963.60992	6065.5342
964.77435	6061.7466
965.93884	6060.1904
967.10333	6004.5015
968.26782	6034.2607
969.43231	5998.2856
970.5968	5974.8477
971.76129	6011.5371
972.92578	6014.6851
974.09027	5985.8232
975.25476	5966.1191
976.41919	5983.604
977.58368	6032.9028
978.74817	6019.8398
979.91266	5977.3384
981.07715	6044.9795
982.24164	5981.5381
983.40613	6041.6616
984.57062	5995.7261
985.73511	6058.6689
986.89954	6030.1875
988.06403	6051.2563
989.22852	6002.1206
990.39301	6008.2197
991.5575	5955.7207
992.72198	5946.1396
993.88647	5945.6919
995.05096	5946.9531
996.21545	5967.7153
997.37988	6013.2456
998.54437	5987.4521
999.70886	5905.9658
1000.8734	5932.2373
1002.0378	5973.9307
1003.2023	5938.5073
1004.3668	5938.1387
1005.5313	5980.8271
1006.6958	6016.9648
1007.8603	5962.9829
1009.0247	5979.5054
1010.1892	5893.4565
1011.3537	5977.3662
1012.5182	5932.8838
1013.6827	5948.667
1014.8472	5962.7017
1016.0117	5946.7695
1017.1761	5908.9756
1018.3406	5948.186
1019.5051	5862.2627
1020.6696	5855.9531
1021.834	5814.3423
1022.9985	5799.5313
1024.1631	5826.9009
1025.3275	5873.8135
1026.4919	5911.7876
1027.6565	5885.2637
1028.8209	5876.6211
1029.9855	5889.7798
1031.1499	5865.6514
1032.3145	5880.1074
1033.4789	5856.1528
1034.6434	5834.2837
1035.8079	5821.834
1036.9723	5824.104
1038.1368	5847.2896
1039.3013	5800.9854
1040.4658	5855.9209
1041.6302	5828.5679
1042.7948	5815.9082
1043.9592	5712.3184
1045.1238	5791.6069
1046.2882	5817.2598
1047.4526	5770.2178
1048.6172	5713.2183
1049.7816	5693.8242
1050.9462	5777.4043
1052.1106	5801.7261
1053.2751	5788.7861
1054.4396	5803.9063
1055.6041	5784.7881
1056.7686	5730.8057
1057.933	5680.2065
1059.0975	5710.4775
1060.262	5769.8779
1061.4265	5780.5806
1062.5909	5811.6436
1063.7555	5776.0815
1064.9199	5735.7158
1066.0845	5743.6943
1067.2489	5703.2334
1068.4135	5663.979
1069.5779	5713.2891
1070.7423	5702.0942
1071.9069	5689.5522
1073.0713	5758.2739
1074.2358	5665.3164
1075.4003	5696.1738
1076.5648	5706.856
1077.7292	5621.6309
1078.8938	5693.6445
1080.0582	5712.4121
1081.2227	5772.292
1082.3872	5594.54
1083.5516	5538.6636
1084.7162	5611.0977
1085.8806	5627.0654
1087.0452	5646.7227
1088.2096	5594.8804
1089.3741	5608.4536
1090.5386	5657.2056
1091.703	5591.3115
1092.8676	5612.9678
1094.032	5608.6548
1095.1965	5627.5981
1096.361	5643.2476
1097.5255	5617.2031
1098.6899	5601.3237
1099.8545	5603.9707
1101.0189	5590.1416
1102.1833	5561.6372
1103.3479	5596.3066
1104.5123	5509.9644
1105.6769	5468.6436
1106.8413	5602.4233
1108.0059	5606.9131
1109.1703	5575.9263
1110.3348	5527.9624
1111.4993	5568.0342
1112.6637	5552.0703
1113.8282	5564.1841
1114.9927	5500.3042
1116.1572	5477.3013
1117.3217	5515.2495
1118.4862	5490.0396
1119.6506	5610.1235
1120.8152	5554.0732
1121.9796	5476.3276
1123.1442	5530.3555
1124.3086	5539.7119
1125.473	5513.3315
1126.6376	5435.0166
1127.802	5470.7529
1128.9666	5538.8125
1130.131	5525.1401
1131.2955	5490.9844
1132.46	5421.0269
1133.6245	5493.876
1134.7889	5515.5547
1135.9534	5504.3789
1137.1179	5449.9287
1138.2823	5505.1533
1139.4469	5429.0215
1140.6113	5488.8896
1141.7759	5497.5283
1142.9403	5409.4902
1144.1049	5410.061
1145.2693	5427.9087
1146.4337	5432.272
1147.5983	5395.0093
1148.7627	5370.4707
1149.9272	5417.4536
1151.0917	5424.1953
1152.2562	5430.6851
1153.4207	5402.5889
1154.5852	5463.8921
1155.7496	5492.0522
1156.9141	5397.1748
1158.0786	5356.6738
1159.243	5366.2866
1160.4076	5372.479
1161.572	5367.1333
1162.7366	5387.1533
1163.901	5375.5552
1165.0656	5384.9038
1166.23	5350.9927
1167.3944	5405.3467
1168.559	5423.3745
1169.7234	5343.2505
1170.8879	5384.0356
1172.0524	5403.4312
1173.2169	5353.6113
1174.3813	5304.2158
1175.5459	5410.3906
1176.7103	5376.6699
1177.8749	5331.4854
1179.0393	5288.9282
1180.2037	5290.8276
1181.3683	5272.187
1182.5327	5301.9912
1183.6973	5322.5845
1184.8617	5292.5337
1186.0262	5273.7676
1187.1907	5276.5542
1188.3552	5278.2227
1189.5197	5264.8208
1190.6841	5309.7261
1191.8486	5258.8608
1193.0131	5300.8145
1194.1776	5212.6685
1195.342	5256.7739
1196.5066	5310.603
1197.671	5273.1865
1198.8356	5306.1777
1200	5336.6255
1201.1644	5274.7559
1202.329	5318.3745
1203.4934	5298.9863
1204.658	5307.8335
1205.8224	5307.2637
1206.9869	5226.9673
1208.1514	5258.7773
1209.3159	5235.8623
1210.4803	5241.8975
1211.6448	5216.0762
1212.8093	5190.4795
1213.9738	5238.2168
1215.1383	5216.5562
1216.3027	5186.563
1217.4673	5247.6216
1218.6317	5232.1196
1219.7963	5231.4072
1220.9607	5172.2095
1222.1251	5277.6025
1223.2897	5212.0918
1224.4541	5199.5337
1225.6187	5214.3867
1226.7831	5274.207
1227.9476	5251.9956
1229.1121	5214.8398
1230.2766	5193.7666
1231.441	5151.3735
1232.6056	5007.1396
1233.77	5202.5347
1234.9344	5149.6382
1236.099	5187.2275
1237.2634	5143.8906
1238.428	5182.3203
1239.5924	5191.5181
1240.757	5252.583
1241.9214	5146.0947
1243.0859	5260.4189
1244.2504	5121.6084
1245.4148	5133.2256
1246.5793	5224.52
1247.7438	5205.1406
1248.9083	5139.1484
1250.0728	5113.9092
1251.2373	5222.6226
1252.4017	5153.6001
1253.5663	5070.02
1254.7307	5123.3896
1255.8951	5085.8071
1257.0597	5099.7026
1258.2241	5020.5381
1259.3887	5094.9487
1260.5531	5051.6064
1261.7177	5092.0996
1262.8821	5038.9878
1264.0466	5084.5029
1265.2111	5020.2676
1266.3755	5061.0679
1267.54	5041.2129
1268.7045	5105.9209
1269.869	5117.1489
1271.0334	5078.4072
1272.198	5079.3477
1273.3624	5092.0347
1274.527	5064.2822
1275.6914	5074.853
1276.8558	5112.6636
1278.0204	4991.2988
1279.1848	4998.4575
1280.3494	5006.6157
1281.5138	5002.7153
1282.6783	4979.7549
1283.8428	4964.5483
1285.0073	5002.0669
1286.1718	4986.9297
1287.3363	4993.0117
1288.5007	4993.6089
1289.6652	5034.9829
1290.8297	5003.1152
1291.9941	4985.2437
1293.1587	4984.3447
1294.3231	4981.6714
1295.4877	4957.793
1296.6521	4950.1519
1297.8167	4984.7441
1298.9811	5011.9194
1300.1455	4970.9526
1301.3101	4944.5981
1302.4745	4982.6343
1303.639	4988.7563
1304.8035	4980.2075
1305.968	5008.5093
1307.1324	5005.563
1308.297	5030.1289
1309.4614	5015.5176
1310.6259	5017.9917
1311.7904	5017.4365
1312.9548	5066.8115
1314.1194	5019.3921
1315.2838	5067.2212
1316.4484	5062.3174
1317.6128	5074.7891
1318.7773	5110.8755
1319.9418	5118.0464
1321.1062	5104.9951
1322.2708	5095.3501
1323.4352	5136.5259
1324.5997	5124.9102
1325.7642	5061.2085
1326.9287	5043.689
1328.0931	5119.3682
1329.2577	5060.8374
1330.4221	5118.0737
1331.5865	5083.7563
1332.7511	5170.4922
1333.9155	5127.0024
1335.0801	5081.4668
1336.2445	5233.7861
1337.4091	5114.2036
1338.5735	5062.0898
1339.738	5059.4814
1340.9025	5090.0122
1342.067	5082.186
1343.2314	5068.3403
1344.3959	5068.3989
1345.5604	5055.4351
1346.7249	4982.4336
1347.8894	5003.3999
1349.0538	5008.7847
1350.2184	5000.9536
1351.3828	4924.5732
1352.5474	4935.311
1353.7118	4903.0234
1354.8762	4915.2139
1356.0408	4891.3828
1357.2052	4882.6182
1358.3698	4886.3164
1359.5342	4887.5024
1360.6987	4896.0684
1361.8632	4886.1899
1363.0277	4843.9307
1364.1921	4870.4927
1365.3566	4899.168
1366.5211	4867.2524
1367.6855	4842.665
1368.8501	4917.957
1370.0145	4950.7402
1371.1791	4877.043
1372.3435	4888.2285
1373.5081	4934.0596
1374.6725	4887.9517
1375.8369	4889.124
1377.0015	4858.3311
1378.1659	4863.9888
1379.3304	4808.4961
1380.4949	4806.9893
1381.6594	4876.9648
1382.8239	4838.7935
1383.9884	4801.2271
1385.1528	4808.9209
1386.3173	4805.6924
1387.4818	4784.9888
1388.6462	4711.29
1389.8108	4764.5474
1390.9752	4726.7939
1392.1398	4716.708
1393.3042	4754.1196
1394.4688	4735.7358
1395.6332	4707.9761
1396.7977	4677.3198
1397.9622	4703.9482
1399.1266	4712.1831
1400.2911	4721.9004
1401.4556	4700.7671
1402.6201	4740.7656
1403.7845	4689.5713
1404.9491	4640.876
1406.1135	4620.1821
1407.2781	4621.252
1408.4425	4621.0439
1409.6069	4602.1851
1410.7715	4550.6719
1411.9359	4558.7661
1413.1005	4514.9893
1414.2649	4585.1821
1415.4294	4605.6377
1416.5939	4522.665
1417.7584	4527.4937
1418.9229	4533.2573
1420.0873	4504.8389
1421.2518	4519.3706
1422.4163	4496.2041
1423.5808	4444.6968
1424.7452	4468.4414
1425.9098	4446.374
1427.0742	4425.1558
1428.2388	4477.0923
1429.4032	4495.168
1430.5676	4489.4897
1431.7322	4442.3882
1432.8966	4498.6289
1434.0612	4457.8511
1435.2256	4466.2568
1436.3901	4523.9458
1437.5546	4450.1201
1438.7191	4428.979
1439.8835	4529.8594
1441.0481	4482.8188
1442.2125	4419.9229
1443.377	4441.3213
1444.5415	4455.3672
1445.7059	4492.0981
1446.8705	4449.2681
1448.0349	4456.0337
1449.1995	4478.2163
1450.3639	4462.2788
1451.5284	4421.897
1452.6929	4415.7539
1453.8573	4494.478
1455.0219	4409.3706
1456.1863	4425.9268
1457.3508	4414.1538
1458.5153	4422.8008
1459.6798	4414.6875
1460.8442	4460.9893
1462.0088	4439.6729
1463.1732	4371.6113
1464.3376	4380.6782
1465.5022	4374.792
1466.6666	4342.6021
1467.8312	4243.5063
1468.9956	4295.5439
1470.1602	4294.5122
1471.3246	4284.9175
1472.4891	4287.3765
1473.6536	4290.7017
1474.818	4272.5825
1475.9825	4254.8853
1477.147	4241.833
1478.3115	4238.4282
1479.476	4219.9492
1480.6405	4161.8521
1481.8049	4179.3052
1482.9695	4169.623
1484.1339	4154.5005
1485.2983	4244.6377
1486.4629	4217.0771
1487.6273	4182.3613
1488.7919	4140.9414
1489.9563	4128.8477
1491.1208	4149.313
1492.2853	4102.5518
1493.4498	4099.7671
1494.6143	4063.5642
1495.7788	4071.9832
1496.9432	4035.7065
1498.1077	4015.5337
1499.2722	4102.5713
1500.4366	4053.2407
1501.6012	4085.728
1502.7656	4111.1152
1503.9302	4034.9875
1505.0946	3990.2612
1506.2592	4012.2368
1507.4236	4013.9702
1508.588	3975.8582
1509.7526	4021.2437
1510.917	4024.6042
1512.0815	3976.6531
1513.246	3937.7476
1514.4105	4003.6235
1515.575	3962.9878
1516.7395	3946.8364
1517.9039	4037.2947
1519.0684	3943.0872
1520.2329	3969.6436
1521.3973	3943.8203
1522.5619	3939.4648
1523.7263	3904.3711
1524.8909	3972.0491
1526.0553	3981.8982
1527.2198	3946.916
1528.3843	3964.2407
1529.5487	3968.4807
1530.7133	3945.3125
1531.8777	3938.4189
1533.0422	3898.4785
1534.2067	3888.2336
1535.3712	3865.8513
1536.5356	3909.6677
1537.7002	3873.175
1538.8646	3904.1685
1540.0291	3940.4595
1541.1936	3816.1667
1542.358	3886.6458
1543.5226	3896.9814
1544.687	3892.0413
1545.8516	3874.5293
1547.016	3815.78
1548.1805	3844.5359
1549.345	3887.4912
1550.5095	3811.1873
1551.674	3785.1482
1552.8384	3804.8999
1554.0029	3847.2307
1555.1674	3750.4587
1556.3319	3835.4163
1557.4963	3796.7886
1558.6609	3795.4407
1559.8253	3821.356
1560.9899	3771.9517
1562.1543	3789.9507
1563.3187	3754.0701
1564.4833	3757.707
1565.6477	3802.9629
1566.8123	3804.6882
1567.9767	3761.9287
1569.1412	3736.0659
1570.3057	3742.1584
1571.4702	3684.5972
1572.6346	3704.3079
1573.7991	3764.5005
1574.9636	3808.4602
1576.1281	3774.1838
1577.2926	3737.2915
1578.457	3655.7749
1579.6216	3792.1973
1580.786	3635.2803
1581.9506	3700.6033
1583.115	3744.6013
1584.2794	3695.0723
1585.444	3783.574
1586.6084	3644.5186
1587.7729	3675.7642
1588.9374	3709.6904
1590.1019	3705.1606
1591.2664	3648.1042
1592.4309	3623.0452
1593.5953	3636.0117
1594.7598	3688.0198
1595.9243	3629.9243
1597.0887	3626.7039
1598.2533	3730.0149
1599.4177	3721.5037
1600.5823	3720.2217
1601.7467	3693.7107
1602.9113	3625.5034
1604.0757	3656.3789
1605.2402	3613.425
1606.4047	3645.6396
1607.5691	3709.6887
1608.7336	3670.0322
1609.8981	3594.0579
1611.0626	3636.3098
1612.2271	3628.2844
1613.3916	3704.8367
1614.556	3607.853
1615.7206	3531.1511
1616.885	3594.5588
1618.0494	3636.9294
1619.214	3579.4001
1620.3784	3585.4631
1621.543	3653.2354
1622.7074	3625.1091
1623.8719	3602.5808
1625.0364	3589.9177
1626.2009	3596.9143
1627.3654	3614.3535
1628.5298	3580.3086
1629.6943	3699.521
1630.8588	3602.4478
1632.0233	3486.738
1633.1877	3632.7134
1634.3523	3594.8457
1635.5167	3529.8718
1636.6813	3556.7866
1637.8457	3592.7617
1639.0101	3523.9067
1640.1747	3552.7632
1641.3391	3484.7361
1642.5037	3578.436
1643.6681	3580.3948
1644.8326	3505.9602
1645.9971	3438.4331
1647.1616	3462.6001
1648.326	3465.2568
1649.4905	3440.3574
1650.655	3470.7537
1651.8195	3402.3989
1652.984	3341.4622
1654.1484	3368.2949
1655.313	3408.0601
1656.4774	3411.1128
1657.642	3441.8008
1658.8064	3470.542
1659.9709	3440.3228
1661.1354	3296.6509
1662.2998	3308.0051
1663.4644	3283.1729
1664.6288	3300.9163
1665.7933	3414.8132
1666.9578	3387.0254
1668.1223	3303.1382
1669.2867	3263.4692
1670.4513	3338.1575
1671.6157	3264.6721
1672.7802	3263.3357
1673.9447	3285.0701
1675.1091	3219.0198
1676.2737	3262.9084
1677.4381	3325.7339
1678.6027	3242.0842
1679.7671	3200.6978
1680.9316	3282.4504
1682.0961	3250.4114
1683.2605	3246.3706
1684.425	3267.7283
1685.5895	3199.2339
1686.754	3158.1084
1687.9185	3196.5066
1689.083	3231.9268
1690.2474	3116.2151
1691.412	3189.0225
1692.5764	3167.054
1693.7408	3119.3813
1694.9054	3106.6907
1696.0698	3131.2041
1697.2344	3154.2974
1698.3988	3105.6577
1699.5634	3044.6987
1700.7278	2987.1108
1701.8923	3008.9714
1703.0568	3065.6909
1704.2212	3048.79
1705.3857	3031.9021
1706.5502	3043.0464
1707.7147	3070.9922
1708.8792	3002.9087
1710.0437	3019.0305
1711.2081	2973.0125
1712.3727	2941.5442
1713.5371	2924.8716
1714.7017	3044.644
1715.8661	2959.0342
1717.0305	3007.0479
1718.1951	2978.5298
1719.3595	2970.7639
1720.524	2989.667
1721.6885	2976.1809
1722.853	2995.2332
1724.0175	2928.9756
1725.182	2912.3127
1726.3464	2870.3123
1727.5109	2964.1379
1728.6754	2913.988
1729.8398	2898.3982
1731.0044	2902.2402
1732.1688	2899.8032
1733.3334	2889.1333
1734.4978	2906.4719
1735.6624	2875.3762
1736.8268	2874.0696
1737.9912	2860.5762
1739.1558	2807.8325
1740.3202	2827.397
1741.4847	2885.3413
1742.6492	2863.6914
1743.8137	2756.7651
1744.9781	2806.1848
1746.1427	2849.9548
1747.3071	2808.7935
1748.4716	2832.925
1749.6361	2814.6731
1750.8005	2902.0417
1751.9651	2778.0344
1753.1295	2770.9841
1754.2941	2770.187
1755.4585	2749.7158
1756.623	2730.4377
1757.7875	2775.8181
1758.9519	2814.123
1760.1165	2743.4631
1761.2809	2697.3135
1762.4454	2661.5957
1763.6099	2676.9932
1764.7744	2671.3169
1765.9388	2778.6338
1767.1034	2702.7769
1768.2678	2715.9395
1769.4324	2723.5276
1770.5968	2739.4639
1771.7612	2704.5505
1772.9258	2708.7375
1774.0902	2707.8242
1775.2548	2642.2664
1776.4192	2645.5347
1777.5837	2584.0457
1778.7482	2630.8723
1779.9127	2614.3677
1781.0771	2623.4551
1782.2416	2612.5779
1783.4061	2618.0315
1784.5706	2527.1865
1785.7351	2647.5647
1786.8995	2697.4443
1788.0641	2623.7539
1789.2285	2631.3479
1790.3931	2585.4087
1791.5575	2614.5234
1792.7219	2516.5925
1793.8865	2512.1868
1795.0509	2535.5986
1796.2155	2615.0103
1797.3799	2578.7698
1798.5444	2522.4534
1799.7089	2540.8069
1800.8734	2521.6125
1802.0378	2554.5173
1803.2023	2585.1008
1804.3668	2645.4705
1805.5313	2541.8596
1806.6958	2497.3982
1807.8602	2521.4712
1809.0248	2598.8247
1810.1892	2533.2405
1811.3538	2484.4929
1812.5182	2490.8506
1813.6827	2454.6797
1814.8472	2548.1401
1816.0116	2462.5066
1817.1761	2455.415
1818.3406	2458.2327
1819.5051	2543.6355
1820.6696	2437.7285
1821.8341	2450.0208
1822.9985	2451.3674
1824.1631	2453.2551
1825.3275	2478.51
1826.4919	2447.7175
1827.6565	2467.355
1828.8209	2414.7354
1829.9855	2452.1277
1831.1499	2426.0713
1832.3145	2416.5559
1833.4789	2387.6135
1834.6434	2414.8113
1835.8079	2402.5764
1836.9723	2418.717
1838.1368	2405.7502
1839.3013	2351.3826
1840.4658	2410.9268
1841.6302	2416.9099
1842.7948	2385.9084
1843.9592	2344.6624
1845.1238	2385.502
1846.2882	2401.6152
1847.4526	2380.3801
1848.6172	2368.2251
1849.7816	2324.8508
1850.9462	2292.9717
1852.1106	2271.0916
1853.2751	2341.854
1854.4396	2306.4827
1855.6041	2336.6545
1856.7686	2315.147
1857.933	2349.562
1859.0975	2344.6855
1860.262	2295.4827
1861.4265	2261.0132
1862.5909	2324.4114
1863.7555	2300.7161
1864.9199	2210.0103
1866.0845	2277.282
1867.2489	2207.3586
1868.4135	2305.0012
1869.5779	2313.3376
1870.7423	2191.488
1871.9069	2242.9048
1873.0713	2285.6069
1874.2358	2260.9883
1875.4003	2221.8677
1876.5648	2252.752
1877.7292	2202.032
1878.8938	2150.614
1880.0582	2215.1506
1881.2227	2200.657
1882.3872	2242.3657
1883.5516	2225.6851
1884.7162	2168.7954
1885.8806	2211.1008
1887.0452	2227.4141
1888.2096	2181.4229
1889.3741	2161.3721
1890.5386	2227.9082
1891.703	2114.1685
1892.8676	2188.9419
1894.032	2183.5298
1895.1965	2134.3838
1896.361	2135.2043
1897.5255	2128.9309
1898.6899	2123.1882
1899.8545	2148.0552
1901.0189	2061.5632
1902.1833	2157.4363
1903.3479	2122.2444
1904.5123	2120.4983
1905.6769	2125.0337
1906.8413	2153.8738
1908.0059	2069.5781
1909.1703	2080.468
1910.3348	2076.0032
1911.4993	2063.4124
1912.6637	2070.0667
1913.8282	2116.9546
1914.9927	2053.8867
1916.1572	2087.196
1917.3217	2104.8691
1918.4862	2131.7307
1919.6506	2040.7068
1920.8152	2031.0475
1921.9796	1977.8546
1923.1442	2018.5669
1924.3086	2005.4467
1925.473	2051.0129
1926.6376	1985.3461
1927.802	2029.0728
1928.9666	2023.2543
1930.131	2044.2272
1931.2955	1992.2058
1932.46	2019.5341
1933.6245	1987.5748
1934.7889	2028.082
1935.9534	1947.4836
1937.1179	1938.7794
1938.2823	1965.7854
1939.4469	1997.2108
1940.6113	1923.4757
1941.7759	1957.3383
1942.9403	1957.7125
1944.1049	1924.0546
1945.2693	1962.5248
1946.4337	1919.8523
1947.5983	1935.4899
1948.7627	1950.3973
1949.9272	1961.2213
1951.0917	1968.0048
1952.2562	1945.9125
1953.4207	1930.7642
1954.5852	1917.4691
1955.7496	1900.6096
1956.9141	1912.3429
1958.0786	1927.7583
1959.243	1921.3726
1960.4076	1914.7473
1961.572	1902.1747
1962.7366	1937.3356
1963.901	1879.944
1965.0656	1796.6899
1966.23	1847.4305
1967.3944	1849.3157
1968.559	1780.8722
1969.7234	1802.887
1970.8879	1821.562
1972.0524	1789.9008
1973.2169	1861.5479
1974.3813	1825.1782
1975.5459	1817.8888
1976.7103	1807.5631
1977.8749	1732.3777
1979.0393	1776.0807
1980.2037	1758.6996
1981.3683	1766.0427
1982.5327	1791.3059
1983.6973	1800.3983
1984.8617	1780.2108
1986.0262	1775.8395
1987.1907	1762.7035
1988.3552	1749.838
1989.5197	1762.1442
1990.6841	1725.983
1991.8486	1702.9598
1993.0131	1779.672
1994.1776	1765.8444
1995.342	1747.8304
1996.5066	1754.9916
1997.671	1683.1725
1998.8356	1660.4012
2000	1669.9115
