400	5012.3545
401.16449	4980.4766
402.32898	4948.1011
403.49344	4991.7998
404.65793	5013.9189
405.82242	4989.9604
406.98691	4963.0659
408.1514	4906.3623
409.31586	4971.2031
410.48035	4961.3677
411.64484	4941.5303
412.80933	4901.0215
413.97379	4854.8604
415.13828	4854.3872
416.30276	4936.0928
417.46725	4824.8057
418.63174	4786.2158
419.7962	4850.1572
420.96069	4855.1421
422.12518	4839.3691
423.28967	4888.9893
424.45416	4896.8643
425.61862	4814.5718
426.78311	4850.9263
427.9476	4800.9839
429.11209	4775.1187
430.27655	4800.833
431.44104	4810.1563
432.60553	4743.2495
433.77002	4791.5679
434.93451	4769.6118
436.09897	4768.0073
437.26346	4774.5806
438.42795	4726.6558
439.59244	4672.5859
440.75693	4722.1714
441.92139	4736.9365
443.08588	4730.4556
444.25037	4706.4097
445.41486	4709.2925
446.57932	4695.4629
447.7438	4685.832
448.90829	4712.2051
450.07278	4697.8291
451.23727	4685.9243
452.40173	4630.3618
453.56622	4655.7598
454.73071	4670.3115
455.8952	4645.834
457.05969	4619.3677
458.22415	4632.582
459.38864	4661.7515
460.55313	4675.835
461.71762	4626.3066
462.88211	4609.6294
464.04657	4622.7852
465.21106	4629.3687
466.37555	4614.9927
467.54004	4606.793
468.7045	4558.7441
469.86899	4557.8438
471.03348	4583.394
472.19797	4591.8408
473.36246	4573.1787
474.52692	4554.5586
475.69141	4558.7432
476.8559	4518.4492
478.02039	4511.6362
479.18488	4519.9854
480.34933	4513.0137
481.51382	4510.7124
482.67831	4499.9487
483.8428	4494.0366
485.00726	4554.0835
486.17175	4433.4766
487.33624	4423.9604
488.50073	4433.2725
489.66522	4421.0732
490.82968	4404.5791
491.99417	4385.8164
493.15866	4352.5396
494.32315	4336.4243
495.48764	4431.4199
496.6521	4410.6133
497.81659	4339.2954
498.98108	4356.29
500.14557	4348.6025
501.31006	4310.292
502.47452	4365.5742
503.63901	4379.7441
504.8035	4329.229
505.96799	4345.3438
507.13245	4308.0586
508.29694	4278.9424
509.46143	4273.627
510.62592	4291.6558
511.79041	4323.6313
512.9549	4290.5942
514.11938	4320.7739
515.28381	4247.3823
516.4483	4227.9082
517.61279	4221.6079
518.77728	4222.4355
519.94177	4240.0933
521.10626	4261.792
522.27075	4268.7241
523.43524	4327.3184
524.59973	4251.4204
525.76422	4188.5913
526.92865	4207.896
528.09314	4226.894
529.25763	4211.8027
530.42212	4213.6216
531.58661	4200.3037
532.7511	4223.4258
533.91559	4167.9058
535.08008	4170.5098
536.24457	4207.0527
537.409	4219.1899
538.57349	4219.1323
539.73798	4230.2686
540.90247	4184.6191
542.06696	4208.4131
543.23145	4163.334
544.39594	4120.9185
545.56042	4125.207
546.72491	4166.3833
547.8894	4181.46
549.05383	4145.9551
550.21832	4129.9463
551.38281	4167.8252
552.5473	4139.4692
553.71179	4145.7954
554.87628	4182.7046
556.04077	4188.3389
557.20526	4177.8755
558.36975	4182.6099
559.53418	4191.0425
560.69867	4181.8682
561.86316	4176.7217
563.02765	4181.2456
564.19214	4122.0269
565.35663	4108.5703
566.52112	4090.0278
567.68561	4061.3049
568.8501	4049.6458
570.01453	4021.1436
571.17902	4057.4788
572.34351	4008.6892
573.508	4071.4587
574.67249	4056.0618
575.83698	3985.8306
577.00146	3993.3586
578.16595	4021.8923
579.33044	3961.0942
580.49493	4025.0579
581.65936	3953.4421
582.82385	3976.4951
583.98834	3980.8743
585.15283	3976.7139
586.31732	3979.3223
587.48181	4017.0537
588.6463	4026.115
589.81079	3935.7424
590.97528	3951.3191
592.13971	3946.7346
593.3042	3963.3406
594.46869	3888.0642
595.63318	3916.5676
596.79767	3942.0056
597.96216	3897.3801
599.12665	3861.1338
600.29114	3907.3044
601.45563	3921.304
602.62012	3908.416
603.78455	3937.613
604.94904	3927.8425
606.11353	3932.5815
607.27802	3925.0012
608.4425	3910.009
609.60699	3910.8899
610.77148	3918.9973
611.93597	3924.3733
613.10046	3902.7085
614.26489	3924.0049
615.42938	3864.0693
616.59387	3919.77
617.75836	3943.9316
618.92285	3920.5574
620.08734	3901.186
621.25183	3889.5525
622.41632	3973.6841
623.58081	3940.3643
624.74524	3930.7874
625.90973	3862.6511
627.07422	3884.2649
628.23871	3922.5679
629.4032	3918.0278
630.56769	3874.8513
631.73218	3848.2275
632.89667	3902.8958
634.06116	3960.5276
635.22565	3931.9133
636.39008	3834.8379
637.55457	3844.2566
638.71906	3878.1914
639.88354	3874.2625
641.04803	3841.3582
642.21252	3832.3911
643.37701	3868.377
644.5415	3869.0371
645.70599	3869.4854
646.87042	3782.0037
648.03491	3774.4021
649.1994	3819.5852
650.36389	3851.8191
651.52838	3862.3811
652.69287	3836.4297
653.85736	3789.9587
655.02185	3808.8801
656.18634	3777.1719
657.35083	3780.9138
658.51526	3760.2402
659.67975	3784.9019
660.84424	3803.7473
662.00873	3773.321
663.17322	3750.3276
664.33771	3767.5991
665.5022	3775.5647
666.66669	3751.7168
667.83118	3714.6824
668.99561	3731.3179
670.1601	3672.9819
671.32458	3739.5215
672.48907	3714.6162
673.65356	3699.6565
674.81805	3703.7942
675.98254	3715.0339
677.14703	3764.989
678.31152	3748.9668
679.47595	3736.3625
680.64044	3760.2532
681.80493	3736.5068
682.96942	3722.0322
684.13391	3718.24
685.2984	3723.511
686.46289	3743.7683
687.62738	3726.5229
688.79187	3685.6873
689.95636	3761.6968
691.12079	3718.7798
692.28528	3720.5864
693.44977	3697.6265
694.61426	3705.7021
695.77875	3679.0208
696.94324	3668.5183
698.10773	3685.7595
699.27222	3688.4858
700.43671	3667.2651
701.60114	3655.0388
702.76563	3626.6145
703.93011	3712.5728
705.0946	3654.8306
706.25909	3678.0193
707.42358	3660.4121
708.58807	3642.675
709.75256	3643.821
710.91705	3662.8557
712.08154	3671.5706
713.24597	3659.1824
714.41046	3668.5674
715.57495	3659.4656
716.73944	3630.7251
717.90393	3694.1558
719.06842	3672.1675
720.23291	3667.5771
721.3974	3702.6572
722.56189	3729.8979
723.72632	3722.3743
724.89081	3743.8276
726.0553	3842.9673
727.21979	3911.5029
728.38428	3911.563
729.54877	3992.2092
730.71326	4027.1538
731.87775	4054.8044
733.04224	4002.825
734.20673	3958.1755
735.37115	3913.5791
736.53564	3831.5313
737.70013	3730.9045
738.86462	3682.0886
740.02911	3704.061
741.1936	3646.593
742.35809	3565.322
743.52258	3609.2019
744.68707	3575.0171
745.8515	3577.4424
747.01599	3587.5837
748.18048	3585.9321
749.34497	3582.2615
750.50946	3555.2004
751.67395	3540.6235
752.83844	3603.4316
754.00293	3565.0554
755.16742	3596.022
756.33185	3558.1912
757.49634	3562.4609
758.66083	3560.1953
759.82532	3599.833
760.98981	3566.6567
762.1543	3511.8472
763.31879	3536.5811
764.48328	3598.0435
765.64777	3591.3799
766.81226	3555.2297
767.97668	3565.9565
769.14117	3559.0583
770.30566	3532.4836
771.47015	3510.5691
772.63464	3550.6257
773.79913	3524.1902
774.96362	3470.2947
776.12811	3502.6492
777.2926	3533.1304
778.45703	3525.3721
779.62152	3554.2893
780.78601	3530.2944
781.9505	3537.0134
783.11499	3570.1448
784.27948	3557.2769
785.44397	3540.2422
786.60846	3498.2026
787.77295	3495.845
788.93744	3495.564
790.10187	3507.6965
791.26636	3547.9895
792.43085	3527.0828
793.59534	3447.2117
794.75983	3462.7583
795.92432	3467.8599
797.08881	3509.2754
798.2533	3441.2544
799.41779	3473.5645
800.58221	3449.3867
801.7467	3392.333
802.91119	3381.2915
804.07568	3421.5449
805.24017	3457.3352
806.40466	3434.1584
807.56915	3396.9207
808.73364	3424.9199
809.89813	3463.3027
811.06256	3419.0042
812.22705	3408.1731
813.39154	3411.0977
814.55603	3339.0181
815.72052	3312.991
816.88501	3358.783
818.0495	3368.489
819.21399	3362.8411
820.37848	3366.7166
821.54297	3416.0273
822.7074	3423.7559
823.87189	3354.8953
825.03638	3367.5415
826.20087	3356.4543
827.36536	3413.5229
828.52985	3370.7932
829.69434	3304.1335
830.85883	3365.6995
832.02332	3311.7419
833.18774	3329.7537
834.35223	3303.4045
835.51672	3279.218
836.68121	3280.845
837.8457	3291.8538
839.01019	3311.675
840.17468	3321.7646
841.33917	3301.5347
842.50366	3282.895
843.66815	3311.0425
844.83258	3295.2478
845.99707	3358.7241
847.16156	3287.468
848.32605	3303.2769
849.49054	3310.4746
850.65503	3259.5281
851.81952	3266.605
852.98401	3272.4937
854.1485	3271.9617
855.31293	3287.6228
856.47742	3268.6599
857.64191	3253.7229
858.8064	3240.1157
859.97089	3317.0188
861.13538	3307.3816
862.29987	3273.5864
863.46436	3236.6824
864.62885	3262.7595
865.79327	3282.8486
866.95776	3213.2498
868.12225	3194.4771
869.28674	3212.2393
870.45123	3224.4412
871.61572	3254.8845
872.78021	3273.0447
873.9447	3225.8655
875.10919	3189.6421
876.27368	3212.0979
877.43811	3191.113
878.6026	3202.1133
879.76709	3206.01
880.93158	3160.4426
882.09607	3216.0249
883.26056	3184.3154
884.42505	3158.4705
885.58954	3163.0027
886.75403	3163.1497
887.91846	3168.1262
889.08295	3150.9705
890.24744	3146.5293
891.41193	3179.2561
892.57642	3163.0347
893.74091	3155.4819
894.9054	3105.6904
896.06989	3153.063
897.23438	3223.3826
898.39886	3184.1074
899.56329	3152.7961
900.72778	3117.6152
901.89227	3168.5259
903.05676	3114.2925
904.22125	3122.2927
905.38574	3110.3713
906.55023	3099.8438
907.71472	3108.1584
908.87921	3101.4148
910.04364	3118.4072
911.20813	3160.5122
912.37262	3149.0452
913.53711	3114.8477
914.7016	3105.4011
915.86609	3084.0535
917.03058	3134.04
918.19507	3119.6292
919.35956	3120.9336
920.52405	3062.0042
921.68848	3036.2319
922.85297	3062.6858
924.01746	3058.9688
925.18195	3113.1643
926.34644	3132.9712
927.51093	3125.8306
928.67542	3084.3274
929.8399	3040.1267
931.00439	3082.4019
932.16882	3051.4954
933.33331	3041.6121
934.4978	3109.6465
935.66229	3146.9707
936.82678	3100.8425
937.99127	3109.5061
939.15576	3018.4954
940.32025	3041.7856
941.48474	3081.616
942.64917	3037.1775
943.81366	3058.1423
944.97815	3014.4717
946.14264	3024.5149
947.30713	3055.7827
948.47162	3059.5745
949.63611	3032.4331
950.8006	2995.1555
951.96509	2994.8574
953.12958	3010.9031
954.29401	3021.2866
955.4585	3016.7341
956.62299	3002.8337
957.78748	3043.9702
958.95197	2991.4302
960.11646	2985.1013
961.28094	2986.1602
962.44543	3012.7158
963.60992	3066.1101
964.77435	3047.8779
965.93884	2982.1489
967.10333	2960.7332
968.26782	2984.3013
969.43231	3003.3474
970.5968	2999.2144
971.76129	2972.687
972.92578	2967.1145
974.09027	2987.1814
975.25476	2980.7839
976.41919	2966.1365
977.58368	2965.2341
978.74817	2965.7566
979.91266	2997.4834
981.07715	2969.6929
982.24164	2985.2419
983.40613	2972.0779
984.57062	3006.1741
985.73511	2998.6145
986.89954	3030.1838
988.06403	2954.3945
989.22852	2956.3477
990.39301	2903.3542
991.5575	2913.687
992.72198	2972.3167
993.88647	2967.1602
995.05096	2940.9141
996.21545	2945.8528
997.37988	2945.478
998.54437	2949.7529
999.70886	2937.198
1000.8734	2900.7329
1002.0378	2936.0483
1003.2023	2953.1169
1004.3668	2955.8931
1005.5313	2916.9673
1006.6958	2866.3198
1007.8603	2945.6758
1009.0247	2935.1528
1010.1892	2825.4309
1011.3537	2856.1179
1012.5182	2947.2043
1013.6827	2968.2019
1014.8472	2939.0608
1016.0117	2941.3884
1017.1761	2900.0447
1018.3406	2869.4712
1019.5051	2852.9199
1020.6696	2867.9016
1021.834	2858.657
1022.9985	2889.6724
1024.1631	2898.0283
1025.3275	2876.1042
1026.4919	2870.032
1027.6565	2835.6143
1028.8209	2810.6694
1029.9855	2817.8218
1031.1499	2803.8669
1032.3145	2838.7151
1033.4789	2856.6729
1034.6434	2764.1365
1035.8079	2835.8257
1036.9723	2858.5566
1038.1368	2828.8901
1039.3013	2761.5403
1040.4658	2825.1499
1041.6302	2783.5317
1042.7948	2818.3833
1043.9592	2806.4614
1045.1238	2763.1748
1046.2882	2814.105
1047.4526	2807.9783
1048.6172	2787.5564
1049.7816	2796.9731
1050.9462	2801.6411
1052.1106	2794.0659
1053.2751	2792.9675
1054.4396	2787.2878
1055.6041	2821.9277
1056.7686	2845.156
1057.933	2827.428
1059.0975	2827.1978
1060.262	2815.5076
1061.4265	2786.177
1062.5909	2791.6094
1063.7555	2787.1362
1064.9199	2772.1882
1066.0845	2773.0186
1067.2489	2762.4644
1068.4135	2735.2212
1069.5779	2786.5754
1070.7423	2726.5525
1071.9069	2780.2151
1073.0713	2683.2112
1074.2358	2757.8674
1075.4003	2791.8306
1076.5648	2694.9709
1077.7292	2678.8962
1078.8938	2713.5166
1080.0582	2682.8767
1081.2227	2653.9697
1082.3872	2737.0164
1083.5516	2702.7112
1084.7162	2689.0117
1085.8806	2694.6777
1087.0452	2723.2561
1088.2096	2710.7502
1089.3741	2690.9724
1090.5386	2701.7258
1091.703	2687.8428
1092.8676	2688.0544
1094.032	2723.5249
1095.1965	2675.5969
1096.361	2639.6511
1097.5255	2632.6599
1098.6899	2629.198
1099.8545	2662.0508
1101.0189	2666.5747
1102.1833	2647.0952
1103.3479	2641.085
1104.5123	2675.8186
1105.6769	2683.762
1106.8413	2660.3052
1108.0059	2634.4321
1109.1703	2611.9685
1110.3348	2656.0896
1111.4993	2636.051
1112.6637	2626.9338
1113.8282	2606.644
1114.9927	2678.0688
1116.1572	2647.6233
1117.3217	2608.3582
1118.4862	2586.9055
1119.6506	2660.0271
1120.8152	2661.9185
1121.9796	2651.832
1123.1442	2689.2207
1124.3086	2641.9844
1125.473	2606.1472
1126.6376	2622.2559
1127.802	2612.3889
1128.9666	2638.116
1130.131	2564.8643
1131.2955	2591.4519
1132.46	2604.6833
1133.6245	2579.1433
1134.7889	2624.4573
1135.9534	2561.467
1137.1179	2631.5491
1138.2823	2605.1011
1139.4469	2536.1804
1140.6113	2571.7612
1141.7759	2610.1738
1142.9403	2518.1101
1144.1049	2543.6699
1145.2693	2587.1672
1146.4337	2568.2166
1147.5983	2582.0891
1148.7627	2617.3213
1149.9272	2580.9985
1151.0917	2539.0015
1152.2562	2570.8157
1153.4207	2586.9585
1154.5852	2556.1399
1155.7496	2555.1768
1156.9141	2588.1658
1158.0786	2587.4565
1159.243	2541.1821
1160.4076	2524.0542
1161.572	2534.6704
1162.7366	2548.814
1163.901	2592.1453
1165.0656	2576.2544
1166.23	2550.5557
1167.3944	2567.6289
1168.559	2511.7119
1169.7234	2528.7817
1170.8879	2525.3538
1172.0524	2472.6711
1173.2169	2535.8022
1174.3813	2536.2927
1175.5459	2566.6843
1176.7103	2548.6128
1177.8749	2532.001
1179.0393	2512.8374
1180.2037	2505.0823
1181.3683	2523.1924
1182.5327	2523.9534
1183.6973	2521.0986
1184.8617	2521.1646
1186.0262	2509.3562
1187.1907	2480.6104
1188.3552	2473.6743
1189.5197	2518.3896
1190.6841	2484.8113
1191.8486	2483.6213
1193.0131	2496.1199
1194.1776	2474.9604
1195.342	2497.3567
1196.5066	2544.4373
1197.671	2446.075
1198.8356	2506.292
1200	2470.6372
1201.1644	2517.9861
1202.329	2522.7449
1203.4934	2530.5869
1204.658	2511.3152
1205.8224	2508.6211
1206.9869	2515.5051
1208.1514	2441.842
1209.3159	2507.8464
1210.4803	2471.6111
1211.6448	2477.0996
1212.8093	2508.2878
1213.9738	2479.4827
1215.1383	2485.4985
1216.3027	2464.2617
1217.4673	2471.6333
1218.6317	2501.8774
1219.7963	2509.2734
1220.9607	2440.1064
1222.1251	2429.2625
1223.2897	2483.9753
1224.4541	2477.6011
1225.6187	2481.6824
1226.7831	2451.2271
1227.9476	2464.6445
1229.1121	2467.1958
1230.2766	2420.4148
1231.441	2476.3101
1232.6056	2447.5825
1233.77	2489.3875
1234.9344	2399.4319
1236.099	2420.582
1237.2634	2481.5239
1238.428	2453.3997
1239.5924	2434.1194
1240.757	2447.1738
1241.9214	2421.3521
1243.0859	2419.9026
1244.2504	2393.1865
1245.4148	2435.321
1246.5793	2427.738
1247.7438	2390.7715
1248.9083	2362.4998
1250.0728	2374.2397
1251.2373	2408.2278
1252.4017	2391.1816
1253.5663	2373.1631
1254.7307	2365.2478
1255.8951	2373.95
1257.0597	2380.2278
1258.2241	2429.8879
1259.3887	2387.0308
1260.5531	2374.7803
1261.7177	2381.0518
1262.8821	2354.2222
1264.0466	2403.6113
1265.2111	2411.8303
1266.3755	2415.042
1267.54	2356.1182
1268.7045	2353.6367
1269.869	2370.9204
1271.0334	2336.8203
1272.198	2345.405
1273.3624	2368.7703
1274.527	2357.7053
1275.6914	2334.0522
1276.8558	2324.0681
1278.0204	2321.9351
1279.1848	2336.0759
1280.3494	2347.8142
1281.5138	2361.1279
1282.6783	2343.5349
1283.8428	2335.7712
1285.0073	2305.071
1286.1718	2317.2156
1287.3363	2329.0808
1288.5007	2335.9861
1289.6652	2334.373
1290.8297	2350.292
1291.9941	2343.2139
1293.1587	2345.7617
1294.3231	2326.6265
1295.4877	2334.71
1296.6521	2344.1128
1297.8167	2332.2061
1298.9811	2335.9922
1300.1455	2339.7649
1301.3101	2357.0112
1302.4745	2350.8391
1303.639	2360.6858
1304.8035	2384.2344
1305.968	2361.5432
1307.1324	2353.9141
1308.297	2339.8562
1309.4614	2356.1946
1310.6259	2364.8772
1311.7904	2360.3645
1312.9548	2377.1484
1314.1194	2381.3987
1315.2838	2396.4617
1316.4484	2377.8245
1317.6128	2398.6467
1318.7773	2396.4954
1319.9418	2415.4226
1321.1062	2431.491
1322.2708	2413.8462
1323.4352	2397.2041
1324.5997	2407.9163
1325.7642	2404.7825
1326.9287	2438.1772
1328.0931	2434.196
1329.2577	2415.5105
1330.4221	2447.9392
1331.5865	2417.8413
1332.7511	2403.373
1333.9155	2463.4915
1335.0801	2437.6018
1336.2445	2452.8499
1337.4091	2462.7341
1338.5735	2453.418
1339.738	2384.9368
1340.9025	2391.457
1342.067	2387.7771
1343.2314	2366.1919
1344.3959	2414.7107
1345.5604	2388.405
1346.7249	2390.7288
1347.8894	2334.2969
1349.0538	2360.009
1350.2184	2376.093
1351.3828	2368.0496
1352.5474	2344.9319
1353.7118	2332.8657
1354.8762	2373.0703
1356.0408	2347.4617
1357.2052	2342.7874
1358.3698	2334.9636
1359.5342	2335.7795
1360.6987	2346.5239
1361.8632	2359.9939
1363.0277	2340.0486
1364.1921	2334.6284
1365.3566	2330.4746
1366.5211	2334.3433
1367.6855	2322.668
1368.8501	2332.2288
1370.0145	2339.4648
1371.1791	2339.427
1372.3435	2327.427
1373.5081	2295.1992
1374.6725	2296.1594
1375.8369	2311.6619
1377.0015	2313.3152
1378.1659	2299.5942
1379.3304	2294.9924
1380.4949	2279.1118
1381.6594	2296.6355
1382.8239	2265.7085
1383.9884	2260.2871
1385.1528	2244.4077
1386.3173	2271.2407
1387.4818	2269.9319
1388.6462	2264.1284
1389.8108	2252.2151
1390.9752	2245.7727
1392.1398	2258.1841
1393.3042	2259.324
1394.4688	2260.3965
1395.6332	2215.6621
1396.7977	2217.1064
1397.9622	2183.3887
1399.1266	2245.3066
1400.2911	2256.4314
1401.4556	2249.4871
1402.6201	2255.2876
1403.7845	2256.7227
1404.9491	2228.6619
1406.1135	2221.043
1407.2781	2205.0891
1408.4425	2190.502
1409.6069	2180.6748
1410.7715	2159.0901
1411.9359	2165.5161
1413.1005	2124.0745
1414.2649	2138.9788
1415.4294	2143.3479
1416.5939	2173.3164
1417.7584	2135.5535
1418.9229	2118.0767
1420.0873	2122.4265
1421.2518	2115.0339
1422.4163	2128.9041
1423.5808	2154.9133
1424.7452	2136.5022
1425.9098	2106.5525
1427.0742	2092.4666
1428.2388	2104.9829
1429.4032	2071.5466
1430.5676	2093.0955
1431.7322	2089.7676
1432.8966	2071.6582
1434.0612	2074.3008
1435.2256	2086.5229
1436.3901	2077.7637
1437.5546	2093.7034
1438.7191	2124.0911
1439.8835	2077.3057
1441.0481	2131.3293
1442.2125	2107.2651
1443.377	2070.8816
1444.5415	2090.2156
1445.7059	2093.4639
1446.8705	2107.9871
1448.0349	2081.6482
1449.1995	2067.0186
1450.3639	2064.6428
1451.5284	2069.7905
1452.6929	2071.4763
1453.8573	2064.3091
1455.0219	2045.3239
1456.1863	2058.8589
1457.3508	2054.2129
1458.5153	2070.4675
1459.6798	2067.4478
1460.8442	2056.2737
1462.0088	2064.6917
1463.1732	2013.3646
1464.3376	2038.5549
1465.5022	2037.1482
1466.6666	2008.9607
1467.8312	2052.2622
1468.9956	1997.6899
1470.1602	2017.9193
1471.3246	2018.0281
1472.4891	1978.7195
1473.6536	2009.9465
1474.818	1979.1902
1475.9825	1952.9867
1477.147	1950.1077
1478.3115	1962.6958
1479.476	1973.3364
1480.6405	1943.3215
1481.8049	1934.2115
1482.9695	1965.0414
1484.1339	1968.8654
1485.2983	1955.767
1486.4629	1919.0895
1487.6273	1923.359
1488.7919	1966.502
1489.9563	1938.353
1491.1208	1962.6794
1492.2853	1912.9419
1493.4498	1929.8488
1494.6143	1926.2438
1495.7788	1898.9641
1496.9432	1893.7335
1498.1077	1883.3285
1499.2722	1892.1587
1500.4366	1878.7452
1501.6012	1845.8711
1502.7656	1868.2219
1503.9302	1892.4758
1505.0946	1883.3864
1506.2592	1876.3058
1507.4236	1897.5651
1508.588	1878.5629
1509.7526	1881.1315
1510.917	1872.1168
1512.0815	1859.7848
1513.246	1881.5605
1514.4105	1858.2231
1515.575	1851.8698
1516.7395	1826.8428
1517.9039	1848.1088
1519.0684	1850.6157
1520.2329	1835.2662
1521.3973	1830.2455
1522.5619	1845.7443
1523.7263	1830.3303
1524.8909	1830.3663
1526.0553	1848.252
1527.2198	1836.2189
1528.3843	1846.7988
1529.5487	1817.8409
1530.7133	1832.7081
1531.8777	1806.2302
1533.0422	1814.5189
1534.2067	1841.5055
1535.3712	1851.8572
1536.5356	1820.9926
1537.7002	1802.0737
1538.8646	1790.2697
1540.0291	1797.6746
1541.1936	1766.0665
1542.358	1752.9895
1543.5226	1788.849
1544.687	1759.7979
1545.8516	1801.6932
1547.016	1803.3196
1548.1805	1789.8098
1549.345	1779.2076
1550.5095	1764.1815
1551.674	1782.0393
1552.8384	1797.8168
1554.0029	1793.9889
1555.1674	1765.7396
1556.3319	1792.7375
1557.4963	1801.8933
1558.6609	1766.3253
1559.8253	1770.3676
1560.9899	1783.0457
1562.1543	1791.0238
1563.3187	1780.6531
1564.4833	1786.9014
1565.6477	1771.4098
1566.8123	1751.0518
1567.9767	1759.426
1569.1412	1751.4424
1570.3057	1761.3394
1571.4702	1742.2626
1572.6346	1724.6414
1573.7991	1746.5973
1574.9636	1738.1439
1576.1281	1749.0791
1577.2926	1750.9183
1578.457	1721.2494
1579.6216	1723.2312
1580.786	1761.2064
1581.9506	1752.0145
1583.115	1748.6556
1584.2794	1710.3584
1585.444	1679.2
1586.6084	1753.4528
1587.7729	1748.0197
1588.9374	1731.5677
1590.1019	1709.8765
1591.2664	1708.3779
1592.4309	1730.34
1593.5953	1718.0056
1594.7598	1743.1931
1595.9243	1726.9744
1597.0887	1715.0797
1598.2533	1747.3645
1599.4177	1719.9618
1600.5823	1677.2205
1601.7467	1685.0989
1602.9113	1705.7726
1604.0757	1701.161
1605.2402	1718.7291
1606.4047	1718.5913
1607.5691	1710.1986
1608.7336	1717.1719
1609.8981	1704.2474
1611.0626	1698.603
1612.2271	1675.9882
1613.3916	1695.8807
1614.556	1659.3733
1615.7206	1662.7231
1616.885	1686.3188
1618.0494	1724.5929
1619.214	1680.0214
1620.3784	1691.2833
1621.543	1704.7411
1622.7074	1711.2738
1623.8719	1711.7102
1625.0364	1708.7373
1626.2009	1672.5187
1627.3654	1700.2075
1628.5298	1698.6538
1629.6943	1630.942
1630.8588	1708.5966
1632.0233	1665.9451
1633.1877	1670.3248
1634.3523	1640.365
1635.5167	1661.4375
1636.6813	1642.6761
1637.8457	1653.6377
1639.0101	1654.5012
1640.1747	1670.3329
1641.3391	1668.1772
1642.5037	1631.8904
1643.6681	1621.4589
1644.8326	1657.7795
1645.9971	1656.2664
1647.1616	1627.4038
1648.326	1671.5854
1649.4905	1651.9303
1650.655	1601.577
1651.8195	1614.5088
1652.984	1618.3108
1654.1484	1606.751
1655.313	1595.9138
1656.4774	1607.0626
1657.642	1597.9811
1658.8064	1616.174
1659.9709	1584.3009
1661.1354	1603.5172
1662.2998	1568.2932
1663.4644	1604.0754
1664.6288	1600.3779
1665.7933	1588.3259
1666.9578	1580.3538
1668.1223	1565.0634
1669.2867	1530.233
1670.4513	1525.1765
1671.6157	1547.8359
1672.7802	1551.4531
1673.9447	1543.4513
1675.1091	1539.0564
1676.2737	1475.0527
1677.4381	1512.1488
1678.6027	1494.8654
1679.7671	1526.7678
1680.9316	1527.7379
1682.0961	1538.2257
1683.2605	1542.077
1684.425	1506.6248
1685.5895	1501.0001
1686.754	1501.9139
1687.9185	1520.6927
1689.083	1495.8381
1690.2474	1408.9952
1691.412	1436.9528
1692.5764	1451.5913
1693.7408	1453.1899
1694.9054	1469.6353
1696.0698	1465.9901
1697.2344	1448.9302
1698.3988	1451.3629
1699.5634	1459.9646
1700.7278	1458.521
1701.8923	1407.3663
1703.0568	1451.198
1704.2212	1404.4897
1705.3857	1430.8268
1706.5502	1418.618
1707.7147	1426.5553
1708.8792	1444.299
1710.0437	1417.7587
1711.2081	1401.6224
1712.3727	1380.7953
1713.5371	1401.2528
1714.7017	1416.403
1715.8661	1402.9917
1717.0305	1402.2445
1718.1951	1388.1023
1719.3595	1378.1138
1720.524	1369.5776
1721.6885	1385.6875
1722.853	1383.9053
1724.0175	1392.2292
1725.182	1376.9285
1726.3464	1370.2242
1727.5109	1360.1915
1728.6754	1330.8136
1729.8398	1338.3525
1731.0044	1344.3578
1732.1688	1380.0356
1733.3334	1354.1805
1734.4978	1327.2236
1735.6624	1337.7545
1736.8268	1354.2938
1737.9912	1323.7064
1739.1558	1321.8495
1740.3202	1312.1483
1741.4847	1282.7067
1742.6492	1309.4904
1743.8137	1324.5012
1744.9781	1325.5842
1746.1427	1319.1066
1747.3071	1303.0186
1748.4716	1308.8654
1749.6361	1303.816
1750.8005	1333.7513
1751.9651	1342.9056
1753.1295	1309.1421
1754.2941	1293.4646
1755.4585	1284.5132
1756.623	1302.6957
1757.7875	1299.8491
1758.9519	1284.1364
1760.1165	1280.8221
1761.2809	1257.7524
1762.4454	1308.3752
1763.6099	1259.9995
1764.7744	1283.641
1765.9388	1295.8197
1767.1034	1269.1155
1768.2678	1272.9063
1769.4324	1254.6503
1770.5968	1233.7875
1771.7612	1245.2252
1772.9258	1249.3048
1774.0902	1217.1777
1775.2548	1234.0812
1776.4192	1254.3395
1777.5837	1257.2972
1778.7482	1286.7072
1779.9127	1251.6434
1781.0771	1242.0529
1782.2416	1252.9208
1783.4061	1278.3871
1784.5706	1182.1003
1785.7351	1223.5758
1786.8995	1209.89
1788.0641	1224.9875
1789.2285	1227.9161
1790.3931	1210.4526
1791.5575	1228.6074
1792.7219	1239.2902
1793.8865	1214.9238
1795.0509	1211.0343
1796.2155	1166.5444
1797.3799	1180.1045
1798.5444	1155.0081
1799.7089	1183.865
1800.8734	1195.2728
1802.0378	1183.4102
1803.2023	1181.8186
1804.3668	1187.3395
1805.5313	1168.824
1806.6958	1177.5497
1807.8602	1152.2976
1809.0248	1179.8821
1810.1892	1196.6406
1811.3538	1183.6415
1812.5182	1182.1597
1813.6827	1158.3466
1814.8472	1159.552
1816.0116	1165.3713
1817.1761	1194.209
1818.3406	1188.2545
1819.5051	1161.7902
1820.6696	1162.443
1821.8341	1172.8398
1822.9985	1159.0833
1824.1631	1152.5468
1825.3275	1163.2013
1826.4919	1157.3203
1827.6565	1141.5127
1828.8209	1154.2219
1829.9855	1160.1252
1831.1499	1138.1106
1832.3145	1107.1702
1833.4789	1120.3295
1834.6434	1134.8147
1835.8079	1136.4237
1836.9723	1140.2275
1838.1368	1128.8
1839.3013	1143.0593
1840.4658	1115.718
1841.6302	1111.3252
1842.7948	1111.4868
1843.9592	1120.0774
1845.1238	1113.928
1846.2882	1133.3127
1847.4526	1079.0328
1848.6172	1117.0159
1849.7816	1111.0355
1850.9462	1090.4773
1852.1106	1051.6555
1853.2751	1128.7382
1854.4396	1142.2228
1855.6041	1080.1606
1856.7686	1043.778
1857.933	1107.3689
1859.0975	1103.6202
1860.262	1085.3865
1861.4265	1094.3397
1862.5909	1086.7893
1863.7555	1131.7748
1864.9199	1065.2064
1866.0845	1065.5027
1867.2489	1067.3372
1868.4135	1084.0876
1869.5779	1083.1438
1870.7423	1067.5234
1871.9069	1054.4974
1873.0713	1055.9755
1874.2358	1047.4276
1875.4003	1067.0175
1876.5648	1067.5698
1877.7292	1066.9447
1878.8938	1053.8287
1880.0582	1054.5471
1881.2227	1058.4984
1882.3872	1056.0012
1883.5516	1048.7448
1884.7162	1047.1353
1885.8806	1023.312
1887.0452	1037.2555
1888.2096	1036.0741
1889.3741	1030.4584
1890.5386	1040.3175
1891.703	1049.9413
1892.8676	1037.5548
1894.032	1018.6629
1895.1965	1029.72
1896.361	1026.0033
1897.5255	1006.659
1898.6899	994.84351
1899.8545	1046.8021
1901.0189	1012.6271
1902.1833	1016.6428
1903.3479	1002.7059
1904.5123	987.10382
1905.6769	994.008
1906.8413	1002.829
1908.0059	1008.6889
1909.1703	1013.6073
1910.3348	1029.8195
1911.4993	999.40826
1912.6637	1002.3116
1913.8282	1000.9266
1914.9927	995.49762
1916.1572	970.16748
1917.3217	978.71509
1918.4862	987.67963
1919.6506	1019.1171
1920.8152	1021.792
1921.9796	990.80634
1923.1442	973.79431
1924.3086	984.77441
1925.473	956.38684
1926.6376	991.25104
1927.802	984.95935
1928.9666	956.83008
1930.131	946.96094
1931.2955	949.85236
1932.46	970.9491
1933.6245	987.67279
1934.7889	946.953
1935.9534	979.36591
1937.1179	971.28284
1938.2823	952.32245
1939.4469	933.67535
1940.6113	926.35968
1941.7759	975.83179
1942.9403	966.8288
1944.1049	953.92389
1945.2693	946.24353
1946.4337	951.55493
1947.5983	936.42371
1948.7627	934.52783
1949.9272	934.17175
1951.0917	935.23761
1952.2562	927.49554
1953.4207	939.57745
1954.5852	935.48456
1955.7496	933.25171
1956.9141	918.20099
1958.0786	923.72083
1959.243	928.93414
1960.4076	918.01013
1961.572	902.72986
1962.7366	912.06171
1963.901	908.37012
1965.0656	893.56195
1966.23	890.37189
1967.3944	882.71576
1968.559	905.45294
1969.7234	899.71075
1970.8879	920.58472
1972.0524	894.08875
1973.2169	910.4104
1974.3813	909.16907
1975.5459	898.95221
1976.7103	904.58459
1977.8749	884.22156
1979.0393	878.20508
1980.2037	859.2262
1981.3683	856.85687
1982.5327	879.06567
1983.6973	873.13641
1984.8617	866.67853
1986.0262	879.61584
1987.1907	878.34204
1988.3552	845.53497
1989.5197	854.73511
1990.6841	855.26691
1991.8486	847.80023
1993.0131	863.29297
1994.1776	873.29803
1995.342	856.21582
1996.5066	846.00348
1997.671	834.01349
1998.8356	842.67352
2000	844.40204
