400	5316.3188
401.16449	5359.9258
402.32898	5357.9102
403.49344	5296.5566
404.65793	5261.0127
405.82242	5241.064
406.98691	5214.2505
408.1514	5244.7109
409.31586	5127.6948
410.48035	5163.2783
411.64484	5155.3369
412.80933	5151.6655
413.97379	5143.501
415.13828	5111.9302
416.30276	5096.4849
417.46725	5027.853
418.63174	5077.7544
419.7962	5018.6113
420.96069	5019.6431
422.12518	5045.2407
423.28967	5023.125
424.45416	5004.104
425.61862	4998.7197
426.78311	4976.5933
427.9476	4898.7661
429.11209	4879.2944
430.27655	4884.1104
431.44104	4885.2876
432.60553	4893.6206
433.77002	4774.7109
434.93451	4816.3257
436.09897	4871.7764
437.26346	4844.5713
438.42795	4826.9937
439.59244	4850.6431
440.75693	4850.186
441.92139	4786.104
443.08588	4773.0098
444.25037	4759.7715
445.41486	4721.9614
446.57932	4724.8604
447.7438	4757.6138
448.90829	4755.6968
450.07278	4684.4253
451.23727	4633.374
452.40173	4644.4854
453.56622	4604.2749
454.73071	4541.3066
455.8952	4500.3066
457.05969	4506.4629
458.22415	4543.1968
459.38864	4545.7056
460.55313	4493.0264
461.71762	4474.5449
462.88211	4494.2969
464.04657	4453.0049
465.21106	4426.313
466.37555	4469.7764
467.54004	4420.7793
468.7045	4381.0825
469.86899	4375.1099
471.03348	4402.291
472.19797	4384.1382
473.36246	4366.4966
474.52692	4371.0508
475.69141	4362.4951
476.8559	4352.8569
478.02039	4328.5234
479.18488	4348.6104
480.34933	4354.0264
481.51382	4320.0171
482.67831	4293.0889
483.8428	4297.4878
485.00726	4291.168
486.17175	4287.2329
487.33624	4261.3188
488.50073	4272.356
489.66522	4251.5732
490.82968	4218.7661
491.99417	4210.7002
493.15866	4209.3721
494.32315	4149.1323
495.48764	4165.4829
496.6521	4226.1875
497.81659	4209.6406
498.98108	4201.8477
500.14557	4172.3511
501.31006	4138.6099
502.47452	4151.5625
503.63901	4172.8555
504.8035	4118.0479
505.96799	4141.3687
507.13245	4157.1182
508.29694	4147.2246
509.46143	4131.3408
510.62592	4127.437
511.79041	4134.4531
512.9549	4135.2642
514.11938	4077.0906
515.28381	4093.7649
516.4483	4107.8086
517.61279	4103.9375
518.77728	4054.9819
519.94177	4026.6707
521.10626	4080.1289
522.27075	4087.3535
523.43524	3979.011
524.59973	4018.3672
525.76422	4070.0947
526.92865	4055.7131
528.09314	4017.0217
529.25763	4003.4812
530.42212	4016.3579
531.58661	4026.8315
532.7511	4032.0959
533.91559	4013.5056
535.08008	4011.5288
536.24457	4111.0659
537.409	4146.7417
538.57349	4102.9766
539.73798	4092.7964
540.90247	4147.1826
542.06696	4214.2139
543.23145	4087.7778
544.39594	4076.1521
545.56042	4103.792
546.72491	4115.8135
547.8894	4095.8452
549.05383	4083.2527
550.21832	4113.127
551.38281	4089.5444
552.5473	4088.6636
553.71179	4090.7385
554.87628	4068.541
556.04077	4041.1628
557.20526	4063.9263
558.36975	4077.3013
559.53418	4015.614
560.69867	4003.8657
561.86316	3959.7209
563.02765	4014.2024
564.19214	3942.9067
565.35663	3922.6094
566.52112	3944.7197
567.68561	3941.0823
568.8501	3876.1709
570.01453	3784.9287
571.17902	3757.0723
572.34351	3772.5378
573.508	3751.6108
574.67249	3747.5759
575.83698	3752.4329
577.00146	3735.2583
578.16595	3707.2949
579.33044	3686.4187
580.49493	3640.6306
581.65936	3584.252
582.82385	3640.9512
583.98834	3668.6289
585.15283	3644.9456
586.31732	3596.9912
587.48181	3568.157
588.6463	3578.6895
589.81079	3607.7368
590.97528	3611.2378
592.13971	3578.4099
593.3042	3586.3254
594.46869	3598.7705
595.63318	3597.0383
596.79767	3586.3386
597.96216	3576.0225
599.12665	3552.917
600.29114	3525.936
601.45563	3573.4807
602.62012	3556.582
603.78455	3531.1907
604.94904	3521.9861
606.11353	3546.9065
607.27802	3526.1553
608.4425	3527.8513
609.60699	3580.9502
610.77148	3599.7546
611.93597	3584.2935
613.10046	3613.4529
614.26489	3634.0381
615.42938	3622.9116
616.59387	3628.7437
617.75836	3592.6577
618.92285	3550.5925
620.08734	3553.5649
621.25183	3577.5981
622.41632	3584.6841
623.58081	3727.853
624.74524	3684.0332
625.90973	3625.5032
627.07422	3579.9583
628.23871	3601.4028
629.4032	3637.811
630.56769	3630.7983
631.73218	3563.3447
632.89667	3478.0405
634.06116	3537.8779
635.22565	3535.8679
636.39008	3490.9692
637.55457	3436.8398
638.71906	3418.9202
639.88354	3421.5593
641.04803	3393.9329
642.21252	3341.2263
643.37701	3330.6995
644.5415	3375.0125
645.70599	3370.7419
646.87042	3314.7473
648.03491	3306.3113
649.1994	3314.5876
650.36389	3300.3735
651.52838	3275.8337
652.69287	3287.323
653.85736	3314.8477
655.02185	3286.2073
656.18634	3283.2388
657.35083	3250.481
658.51526	3256.0356
659.67975	3240.6545
660.84424	3210.8774
662.00873	3196.5186
663.17322	3201.3921
664.33771	3201.2917
665.5022	3189.8306
666.66669	3204.0938
667.83118	3251.1318
668.99561	3194.6716
670.1601	3170.0825
671.32458	3190.2815
672.48907	3194.1152
673.65356	3220.6248
674.81805	3214.4631
675.98254	3189.2202
677.14703	3191.1394
678.31152	3159.4175
679.47595	3166.979
680.64044	3258.4895
681.80493	3214.3606
682.96942	3243.1514
684.13391	3220.8799
685.2984	3193.9033
686.46289	3171.3838
687.62738	3134.3232
688.79187	3128.5649
689.95636	3184.5518
691.12079	3109.6887
692.28528	3096.582
693.44977	3103.2339
694.61426	3111.6853
695.77875	3112.9988
696.94324	3107.8726
698.10773	3115.9807
699.27222	3140.8979
700.43671	3137.2817
701.60114	3098.9956
702.76563	3143.2922
703.93011	3193.593
705.0946	3155.095
706.25909	3131.2649
707.42358	3167.8582
708.58807	3233.3083
709.75256	3265.3188
710.91705	3276.1973
712.08154	3307.1038
713.24597	3354.9419
714.41046	3382.8652
715.57495	3396.4375
716.73944	3404.0439
717.90393	3428.3247
719.06842	3440.6279
720.23291	3408.8354
721.3974	3405.3752
722.56189	3420.3162
723.72632	3448.6338
724.89081	3481.8469
726.0553	3520.0059
727.21979	3615.9456
728.38428	3805.9895
729.54877	3983.4639
730.71326	4282.1572
731.87775	4572.29
733.04224	4824.1201
734.20673	5050.3979
735.37115	5226.3125
736.53564	5260.1318
737.70013	5146.4321
738.86462	4944.6187
740.02911	4674.1733
741.1936	4406.8691
742.35809	4122.6616
743.52258	3938.969
744.68707	3800.5493
745.8515	3631.2922
747.01599	3566.3779
748.18048	3546.5442
749.34497	3485.675
750.50946	3411.7468
751.67395	3370.7366
752.83844	3331.1919
754.00293	3281.5657
755.16742	3267.5796
756.33185	3210.8977
757.49634	3173.9146
758.66083	3154.0308
759.82532	3152.4509
760.98981	3158.0491
762.1543	3121.8359
763.31879	3109.8574
764.48328	3088.4846
765.64777	3016.3916
766.81226	3011.9314
767.97668	3022.6169
769.14117	3014.0874
770.30566	3023.4006
771.47015	3003.0125
772.63464	2983.6643
773.79913	2963.7429
774.96362	2967.0564
776.12811	2969.1472
777.2926	2938.8816
778.45703	2917.4094
779.62152	2932.5234
780.78601	2932.0562
781.9505	2929.2244
783.11499	2912.8391
784.27948	2945.2354
785.44397	2950.3433
786.60846	2940.7654
787.77295	2920.4651
788.93744	2948.7432
790.10187	2990.4456
791.26636	2983.4089
792.43085	2965.2324
793.59534	2958.6104
794.75983	2922.5342
795.92432	2902.1433
797.08881	2875.1614
798.2533	2944.9094
799.41779	2940.5347
800.58221	2896.5713
801.7467	2897.1653
802.91119	2904.1946
804.07568	2901.855
805.24017	2902.0544
806.40466	2911.3962
807.56915	2911.0381
808.73364	2890.2415
809.89813	2864.6494
811.06256	2839.7524
812.22705	2843.2798
813.39154	2879.3232
814.55603	2860.0737
815.72052	2834.8691
816.88501	2873.1819
818.0495	2855.3047
819.21399	2839.6604
820.37848	2862.4146
821.54297	2861.5437
822.7074	2867.8101
823.87189	2913.9487
825.03638	2919.9026
826.20087	2904.209
827.36536	2897.3098
828.52985	2861.1316
829.69434	2846.3857
830.85883	2920.9763
832.02332	2887.8035
833.18774	2894.3662
834.35223	2863.2429
835.51672	2817.7051
836.68121	2825.365
837.8457	2833.052
839.01019	2825.2456
840.17468	2826.021
841.33917	2779.1987
842.50366	2752.1785
843.66815	2793.3801
844.83258	2800.4709
845.99707	2799.5417
847.16156	2781.7417
848.32605	2755.8623
849.49054	2788.4595
850.65503	2798.7705
851.81952	2783.4602
852.98401	2765.4075
854.1485	2745.3115
855.31293	2742.9587
856.47742	2762.7366
857.64191	2768.1946
858.8064	2766.1108
859.97089	2752.3042
861.13538	2790.2117
862.29987	2752.1575
863.46436	2743.4473
864.62885	2794.7729
865.79327	2728.9243
866.95776	2743.5535
868.12225	2740.3806
869.28674	2747.2473
870.45123	2746.2749
871.61572	2744.6873
872.78021	2733.5918
873.9447	2720.0317
875.10919	2760.9622
876.27368	2731.1265
877.43811	2667.1355
878.6026	2702.2515
879.76709	2671.9392
880.93158	2704.2424
882.09607	2653.459
883.26056	2686.4314
884.42505	2661.0195
885.58954	2657.4565
886.75403	2691.2041
887.91846	2676.7639
889.08295	2635.0181
890.24744	2630.0125
891.41193	2648.1184
892.57642	2656.0667
893.74091	2648.5159
894.9054	2620.072
896.06989	2634.7625
897.23438	2587.3069
898.39886	2601.1572
899.56329	2625.3328
900.72778	2584.291
901.89227	2634.3962
903.05676	2586.6196
904.22125	2623.3093
905.38574	2610.7288
906.55023	2576.5417
907.71472	2574.2402
908.87921	2588.1416
910.04364	2610.084
911.20813	2601.7312
912.37262	2556.1758
913.53711	2590.8735
914.7016	2610.8601
915.86609	2610.3455
917.03058	2627.0171
918.19507	2585.4854
919.35956	2648.2505
920.52405	2650.3977
921.68848	2714.8853
922.85297	2742.6306
924.01746	2743.9614
925.18195	2717.3208
926.34644	2702.4453
927.51093	2667.24
928.67542	2633.9275
929.8399	2629.8127
931.00439	2617.5098
932.16882	2611.9985
933.33331	2621.6833
934.4978	2605.6189
935.66229	2617.3506
936.82678	2605.0857
937.99127	2625.4204
939.15576	2606.2615
940.32025	2570.3184
941.48474	2569.176
942.64917	2580.9949
943.81366	2580.8542
944.97815	2568.6868
946.14264	2539.3206
947.30713	2525.9792
948.47162	2522.6401
949.63611	2541.085
950.8006	2553.0771
951.96509	2535.2634
953.12958	2529.4976
954.29401	2514.8049
955.4585	2503.7942
956.62299	2587.3679
957.78748	2596.8955
958.95197	2572.3967
960.11646	2619.447
961.28094	2612.4802
962.44543	2623.5862
963.60992	2758.9297
964.77435	2705.9797
965.93884	2699.8181
967.10333	2671.0024
968.26782	2650.6511
969.43231	2682.2461
970.5968	2695.6787
971.76129	2664.6365
972.92578	2619.9819
974.09027	2623.554
975.25476	2639.2957
976.41919	2613.387
977.58368	2628.0535
978.74817	2607.8904
979.91266	2562.468
981.07715	2532.365
982.24164	2620.9932
983.40613	2628.1541
984.57062	2692.6702
985.73511	2711.4307
986.89954	2677.8811
988.06403	2730.0469
989.22852	2795.2476
990.39301	2784.3076
991.5575	2792.9441
992.72198	2830.8521
993.88647	2861.637
995.05096	2898.8259
996.21545	2956.1169
997.37988	2980.8054
998.54437	2970.1433
999.70886	2939.1074
1000.8734	2890.1755
1002.0378	2846.7798
1003.2023	2794.6282
1004.3668	2746.2192
1005.5313	2664.7163
1006.6958	2577.885
1007.8603	2477.9863
1009.0247	2551.8071
1010.1892	2551.8044
1011.3537	2492.9136
1012.5182	2492.6003
1013.6827	2498.6973
1014.8472	2550.2566
1016.0117	2485.2456
1017.1761	2473.1873
1018.3406	2445.5198
1019.5051	2460.4065
1020.6696	2444.0718
1021.834	2412.5247
1022.9985	2434.488
1024.1631	2435.8975
1025.3275	2404.3816
1026.4919	2380.5806
1027.6565	2385.0742
1028.8209	2379.8611
1029.9855	2346.6016
1031.1499	2360.5938
1032.3145	2377.6228
1033.4789	2360.7061
1034.6434	2298.009
1035.8079	2228.7341
1036.9723	2238.8733
1038.1368	2245.0298
1039.3013	2278.4587
1040.4658	2220.0239
1041.6302	2210.6165
1042.7948	2222.7632
1043.9592	2181.1331
1045.1238	2159.79
1046.2882	2161.1514
1047.4526	2117.8228
1048.6172	2121.0986
1049.7816	2151.7888
1050.9462	2131.3879
1052.1106	2144.7434
1053.2751	2097.4819
1054.4396	2106.9944
1055.6041	2167.7434
1056.7686	2158.6833
1057.933	2135.8394
1059.0975	2138.0029
1060.262	2133.1431
1061.4265	2139.062
1062.5909	2145.5105
1063.7555	2143.3462
1064.9199	2144.7542
1066.0845	2151.7104
1067.2489	2212.9055
1068.4135	2199.6257
1069.5779	2179.9587
1070.7423	2148.9514
1071.9069	2156.4353
1073.0713	2211.1753
1074.2358	2124.5964
1075.4003	2104.6289
1076.5648	2160.094
1077.7292	2083.2634
1078.8938	2193.9709
1080.0582	2180.8225
1081.2227	2129.0498
1082.3872	2145.5359
1083.5516	2110.3208
1084.7162	2117.6658
1085.8806	2115.9937
1087.0452	2100.843
1088.2096	2053.001
1089.3741	2114.9028
1090.5386	2128.6802
1091.703	2102.8152
1092.8676	2096.2754
1094.032	2049.2622
1095.1965	2047.1444
1096.361	2055.2954
1097.5255	2021.3368
1098.6899	2013.0002
1099.8545	2021.1101
1101.0189	2015.7972
1102.1833	2033.7014
1103.3479	2052.6416
1104.5123	2030.6168
1105.6769	2026.6698
1106.8413	2034.74
1108.0059	2015.5399
1109.1703	2062.2451
1110.3348	2037.6246
1111.4993	2054.7517
1112.6637	2038.6475
1113.8282	2061.9211
1114.9927	2032.6031
1116.1572	2007.7781
1117.3217	2003.7889
1118.4862	2051.5525
1119.6506	2042.2477
1120.8152	2059.6174
1121.9796	2076.5225
1123.1442	2038.8591
1124.3086	2087.2278
1125.473	2031.8964
1126.6376	2080.2686
1127.802	2095.4363
1128.9666	2070.8918
1130.131	2044.8256
1131.2955	2104.9631
1132.46	2074.8699
1133.6245	2082.718
1134.7889	2108.4836
1135.9534	2103.0276
1137.1179	2122.7292
1138.2823	2099.4001
1139.4469	2108.0337
1140.6113	2079.8149
1141.7759	2108.0334
1142.9403	2101.5962
1144.1049	2094.4038
1145.2693	2110.375
1146.4337	2074.301
1147.5983	2086.0786
1148.7627	2078.0486
1149.9272	2070.562
1151.0917	2089.1079
1152.2562	2063.5068
1153.4207	2046.9934
1154.5852	2031.8877
1155.7496	2027.3179
1156.9141	2070.5657
1158.0786	2101.5154
1159.243	2062.4834
1160.4076	2002.9905
1161.572	2010.8501
1162.7366	2040.0658
1163.901	2072.1663
1165.0656	2100.0366
1166.23	2087.7732
1167.3944	2105.1814
1168.559	2098.4368
1169.7234	2093.5342
1170.8879	2112.0264
1172.0524	2094.158
1173.2169	2089.1389
1174.3813	2112.6541
1175.5459	2109.4243
1176.7103	2115.9023
1177.8749	2141.8499
1179.0393	2142.314
1180.2037	2120.4573
1181.3683	2145.022
1182.5327	2181.0828
1183.6973	2223.1919
1184.8617	2218.2925
1186.0262	2231.3696
1187.1907	2230.7532
1188.3552	2227.2732
1189.5197	2177.8745
1190.6841	2205.8154
1191.8486	2230.0327
1193.0131	2253.6428
1194.1776	2207.6201
1195.342	2214.4038
1196.5066	2183.7542
1197.671	2239.7671
1198.8356	2211.4355
1200	2189.6035
1201.1644	2148.6138
1202.329	2197.8167
1203.4934	2162.9189
1204.658	2091.3533
1205.8224	2179.7639
1206.9869	2117.468
1208.1514	2144.77
1209.3159	2130.6155
1210.4803	2084.426
1211.6448	2160.3296
1212.8093	2081.1411
1213.9738	2118.3306
1215.1383	2063.7944
1216.3027	2130.5696
1217.4673	2109.9004
1218.6317	2125.8984
1219.7963	2113.2661
1220.9607	2120.8381
1222.1251	2143.26
1223.2897	2118.5381
1224.4541	2163.9897
1225.6187	2127.7485
1226.7831	2201.1377
1227.9476	2141.8962
1229.1121	2195.166
1230.2766	2154.1519
1231.441	2204.123
1232.6056	2190.3313
1233.77	2223.7625
1234.9344	2277.2664
1236.099	2195.9395
1237.2634	2265.7693
1238.428	2233.9878
1239.5924	2268.6924
1240.757	2241.7983
1241.9214	2293.9434
1243.0859	2240.0618
1244.2504	2235.0161
1245.4148	2212.7109
1246.5793	2196.8855
1247.7438	2184.5457
1248.9083	2193.0066
1250.0728	2144.9348
1251.2373	2151.8782
1252.4017	2128.3809
1253.5663	2090.0698
1254.7307	2114.2175
1255.8951	2096.7002
1257.0597	2083.74
1258.2241	2118.4702
1259.3887	2111.9128
1260.5531	2111.6895
1261.7177	2112.5188
1262.8821	2080.885
1264.0466	2094.5381
1265.2111	2084.9375
1266.3755	2112.0632
1267.54	2099.6328
1268.7045	2121.5903
1269.869	2142.9148
1271.0334	2111.5486
1272.198	2127.1611
1273.3624	2116.3237
1274.527	2140.9983
1275.6914	2145.1086
1276.8558	2116.0269
1278.0204	2097.1182
1279.1848	2146.0276
1280.3494	2110.4607
1281.5138	2101.4307
1282.6783	2109.5042
1283.8428	2097.4382
1285.0073	2096.7361
1286.1718	2105.1008
1287.3363	2114.7212
1288.5007	2136.3115
1289.6652	2131.8298
1290.8297	2138.9363
1291.9941	2163.7827
1293.1587	2174.7747
1294.3231	2136.7808
1295.4877	2181.2385
1296.6521	2208.3284
1297.8167	2208.688
1298.9811	2226.8721
1300.1455	2236.8921
1301.3101	2222.2034
1302.4745	2209.3779
1303.639	2227.3345
1304.8035	2248.5994
1305.968	2253.3582
1307.1324	2260.5015
1308.297	2245.3108
1309.4614	2262.7341
1310.6259	2295.0837
1311.7904	2297.3137
1312.9548	2317.8672
1314.1194	2325.0056
1315.2838	2329.5159
1316.4484	2338.6804
1317.6128	2365.6646
1318.7773	2365.9888
1319.9418	2388.0942
1321.1062	2392.7354
1322.2708	2371.4543
1323.4352	2338.7795
1324.5997	2340.4739
1325.7642	2308.3589
1326.9287	2312.0649
1328.0931	2322.5339
1329.2577	2335.0298
1330.4221	2314.8359
1331.5865	2257.8906
1332.7511	2335.8496
1333.9155	2343.0215
1335.0801	2324.8254
1336.2445	2342.2173
1337.4091	2358.8242
1338.5735	2340.7544
1339.738	2298.1165
1340.9025	2352.53
1342.067	2400.9536
1343.2314	2370.0305
1344.3959	2373.3345
1345.5604	2401.1875
1346.7249	2420.1196
1347.8894	2384.7483
1349.0538	2400.2671
1350.2184	2383.2683
1351.3828	2402.094
1352.5474	2423.98
1353.7118	2401.4297
1354.8762	2381.5991
1356.0408	2380.1023
1357.2052	2368.7317
1358.3698	2369.2661
1359.5342	2363.2102
1360.6987	2333.0212
1361.8632	2282.0879
1363.0277	2248.885
1364.1921	2233.981
1365.3566	2241.2866
1366.5211	2236.3708
1367.6855	2224.8613
1368.8501	2206.8154
1370.0145	2219.7944
1371.1791	2241.0024
1372.3435	2260.2512
1373.5081	2262.2798
1374.6725	2257.9172
1375.8369	2241.1294
1377.0015	2221.5322
1378.1659	2231.5652
1379.3304	2234.405
1380.4949	2199.1882
1381.6594	2189.3892
1382.8239	2206.7893
1383.9884	2123.0291
1385.1528	2142.9814
1386.3173	2114.5
1387.4818	2101.6521
1388.6462	2079.3052
1389.8108	2026.3475
1390.9752	2021.0602
1392.1398	2036.5178
1393.3042	2042.9381
1394.4688	2074.1101
1395.6332	2009.4871
1396.7977	1988.1931
1397.9622	1995.7169
1399.1266	2014.5345
1400.2911	2023.2589
1401.4556	1989.967
1402.6201	2015.1901
1403.7845	1997.2111
1404.9491	1937.0117
1406.1135	1926.797
1407.2781	1947.5026
1408.4425	1922.2885
1409.6069	1898.145
1410.7715	1881.9159
1411.9359	1836.6123
1413.1005	1841.6534
1414.2649	1857.3267
1415.4294	1856.3037
1416.5939	1851.6172
1417.7584	1852.662
1418.9229	1825.9417
1420.0873	1865.2034
1421.2518	1844.7649
1422.4163	1866.3724
1423.5808	1860.191
1424.7452	1854.9778
1425.9098	1874.0243
1427.0742	1851.2037
1428.2388	1883.4402
1429.4032	1917.2457
1430.5676	1923.2391
1431.7322	1888.0793
1432.8966	1904.9583
1434.0612	1974.4424
1435.2256	1952.4666
1436.3901	1966.6072
1437.5546	1970.4127
1438.7191	2003.7887
1439.8835	2039.864
1441.0481	2002.4175
1442.2125	2042.8435
1443.377	2035.4235
1444.5415	2007.6935
1445.7059	2045.8264
1446.8705	2029.5402
1448.0349	2012.2805
1449.1995	2027.2106
1450.3639	2059.2957
1451.5284	2051.0791
1452.6929	2059.7568
1453.8573	2045.0265
1455.0219	2053.2439
1456.1863	2048.1409
1457.3508	2053.0398
1458.5153	2074.8027
1459.6798	2011.7798
1460.8442	2018.7258
1462.0088	2086.3489
1463.1732	2036.8107
1464.3376	2002.2163
1465.5022	1974.0787
1466.6666	1997.2307
1467.8312	1944.0582
1468.9956	1939.189
1470.1602	1889.0497
1471.3246	1839.4534
1472.4891	1875.5936
1473.6536	1831.2222
1474.818	1804.6437
1475.9825	1754.496
1477.147	1756.5675
1478.3115	1750.629
1479.476	1721.1906
1480.6405	1684.5369
1481.8049	1678.282
1482.9695	1663.9968
1484.1339	1638.7466
1485.2983	1631.6498
1486.4629	1640.2292
1487.6273	1606.9799
1488.7919	1608.7196
1489.9563	1579.9919
1491.1208	1587.2217
1492.2853	1565.4991
1493.4498	1559.6591
1494.6143	1575.5455
1495.7788	1568.5171
1496.9432	1547.8251
1498.1077	1530.9501
1499.2722	1559.5259
1500.4366	1606.9158
1501.6012	1565.5172
1502.7656	1568.5454
1503.9302	1552.8097
1505.0946	1560.5258
1506.2592	1566.0299
1507.4236	1514.1611
1508.588	1554.8246
1509.7526	1591.6418
1510.917	1595.1755
1512.0815	1599.6451
1513.246	1605.3461
1514.4105	1579.6274
1515.575	1556.9968
1516.7395	1575.2286
1517.9039	1577.101
1519.0684	1604.2677
1520.2329	1575.2661
1521.3973	1616.0681
1522.5619	1566.7665
1523.7263	1604.9874
1524.8909	1609.7365
1526.0553	1615.8461
1527.2198	1591.967
1528.3843	1599.7726
1529.5487	1589.8414
1530.7133	1592.5033
1531.8777	1611.0812
1533.0422	1638.8636
1534.2067	1617.5806
1535.3712	1631.7227
1536.5356	1664.297
1537.7002	1680.384
1538.8646	1657.5042
1540.0291	1618.5264
1541.1936	1715.553
1542.358	1710.0559
1543.5226	1666.458
1544.687	1650.5168
1545.8516	1689.7125
1547.016	1661.6606
1548.1805	1659.4276
1549.345	1656.9403
1550.5095	1668.04
1551.674	1701.6881
1552.8384	1685.4094
1554.0029	1650.998
1555.1674	1646.2411
1556.3319	1685.0031
1557.4963	1669.5723
1558.6609	1658.0974
1559.8253	1656.9918
1560.9899	1578.6221
1562.1543	1678.124
1563.3187	1645.7742
1564.4833	1649.8969
1565.6477	1630.4139
1566.8123	1619.4337
1567.9767	1637.3564
1569.1412	1625.8492
1570.3057	1612.0579
1571.4702	1643.0779
1572.6346	1632.726
1573.7991	1613.3105
1574.9636	1600.5704
1576.1281	1642.5074
1577.2926	1609.9121
1578.457	1597.173
1579.6216	1561.3568
1580.786	1661.7113
1581.9506	1631.8282
1583.115	1569.8246
1584.2794	1607.6731
1585.444	1615.0577
1586.6084	1536.9592
1587.7729	1532.9536
1588.9374	1548.423
1590.1019	1563.1216
1591.2664	1592.3105
1592.4309	1551.6041
1593.5953	1548.0297
1594.7598	1556.4778
1595.9243	1549.2296
1597.0887	1547.3087
1598.2533	1547.6527
1599.4177	1558.1357
1600.5823	1526.1573
1601.7467	1501.9796
1602.9113	1493.6073
1604.0757	1499.9658
1605.2402	1521.5229
1606.4047	1530.7089
1607.5691	1512.7834
1608.7336	1516.1975
1609.8981	1504.8073
1611.0626	1461.0723
1612.2271	1498.525
1613.3916	1445.452
1614.556	1470.7499
1615.7206	1454.9054
1616.885	1514.389
1618.0494	1469.2135
1619.214	1434.6055
1620.3784	1431.0007
1621.543	1438.8156
1622.7074	1437.2711
1623.8719	1423.0961
1625.0364	1455.8549
1626.2009	1460.3259
1627.3654	1457.96
1628.5298	1452.3735
1629.6943	1432.5602
1630.8588	1401.8317
1632.0233	1436.2673
1633.1877	1416.473
1634.3523	1391.4552
1635.5167	1386.3193
1636.6813	1396.3668
1637.8457	1391.0714
1639.0101	1368.3157
1640.1747	1369.5107
1641.3391	1364.7649
1642.5037	1376.7012
1643.6681	1341.6495
1644.8326	1369.9198
1645.9971	1333.9148
1647.1616	1315.8561
1648.326	1342.397
1649.4905	1364.3784
1650.655	1329.2521
1651.8195	1302.0457
1652.984	1275.7977
1654.1484	1295.5881
1655.313	1332.379
1656.4774	1311.201
1657.642	1274.4055
1658.8064	1272.4521
1659.9709	1244.1578
1661.1354	1214.2021
1662.2998	1258.1749
1663.4644	1218.7173
1664.6288	1225.036
1665.7933	1193.5927
1666.9578	1199.4885
1668.1223	1206.8787
1669.2867	1211.8147
1670.4513	1182.9844
1671.6157	1141.8768
1672.7802	1166.6056
1673.9447	1201.6211
1675.1091	1116.6191
1676.2737	1149.7871
1677.4381	1162.3195
1678.6027	1169.5549
1679.7671	1130.8451
1680.9316	1137.5726
1682.0961	1163.8741
1683.2605	1152.405
1684.425	1128.0948
1685.5895	1096.4944
1686.754	1109.0294
1687.9185	1115.0337
1689.083	1065.5649
1690.2474	1084.3784
1691.412	1041.1183
1692.5764	1053.2271
1693.7408	1078.3645
1694.9054	1056.8778
1696.0698	1052.4364
1697.2344	1072.4669
1698.3988	1029.6985
1699.5634	1057.4286
1700.7278	1044.7969
1701.8923	1019.5457
1703.0568	1069.1412
1704.2212	1007.605
1705.3857	997.95416
1706.5502	1025.1466
1707.7147	1061.791
1708.8792	1057.8287
1710.0437	1024.6039
1711.2081	1013.4557
1712.3727	1028.7534
1713.5371	994.60681
1714.7017	977.95062
1715.8661	1009.7809
1717.0305	972.95538
1718.1951	988.76935
1719.3595	1001.3093
1720.524	962.37854
1721.6885	970.91492
1722.853	988.36279
1724.0175	944.66913
1725.182	940.4671
1726.3464	930.8714
1727.5109	989.09857
1728.6754	946.37799
1729.8398	965.91882
1731.0044	942.55688
1732.1688	958.61145
1733.3334	957.58984
1734.4978	941.36456
1735.6624	918.53082
1736.8268	882.36755
1737.9912	927.74768
1739.1558	945.86768
1740.3202	871.87592
1741.4847	903.52936
1742.6492	900.04456
1743.8137	924.02588
1744.9781	926.4281
1746.1427	907.27948
1747.3071	913.47101
1748.4716	909.94409
1749.6361	920.93201
1750.8005	914.05725
1751.9651	923.90912
1753.1295	862.19739
1754.2941	869.04523
1755.4585	886.6524
1756.623	882.04022
1757.7875	864.33386
1758.9519	867.06775
1760.1165	875.36072
1761.2809	928.95215
1762.4454	846.61133
1763.6099	856.12457
1764.7744	873.38397
1765.9388	871.95471
1767.1034	819.30249
1768.2678	855.51843
1769.4324	858.15424
1770.5968	852.10559
1771.7612	833.16418
1772.9258	807.89484
1774.0902	865.35565
1775.2548	859.15411
1776.4192	804.08405
1777.5837	813.57855
1778.7482	805.80896
1779.9127	844.79956
1781.0771	812.9715
1782.2416	799.31714
1783.4061	852.95032
1784.5706	811.29077
1785.7351	813.29163
1786.8995	834.04773
1788.0641	820.71643
1789.2285	847.104
1790.3931	850.6875
1791.5575	819.86603
1792.7219	823.62915
1793.8865	811.78693
1795.0509	811.20624
1796.2155	781.13696
1797.3799	827.71735
1798.5444	834.3645
1799.7089	831.22876
1800.8734	817.29749
1802.0378	788.66235
1803.2023	800.39111
1804.3668	788.3548
1805.5313	840.61865
1806.6958	773.23254
1807.8602	779.97198
1809.0248	782.95923
1810.1892	846.51099
1811.3538	800.08411
1812.5182	766.45313
1813.6827	816.65533
1814.8472	783.02185
1816.0116	763.59332
1817.1761	790.86267
1818.3406	831.93542
1819.5051	786.13013
1820.6696	765.57916
1821.8341	779.70184
1822.9985	786.86304
1824.1631	783.16034
1825.3275	795.23273
1826.4919	798.5307
1827.6565	720.03137
1828.8209	767.0918
1829.9855	753.61584
1831.1499	785.50488
1832.3145	768.07147
1833.4789	768.15887
1834.6434	717.58807
1835.8079	800.71545
1836.9723	811.75122
1838.1368	752.56866
1839.3013	724.88977
1840.4658	755.01599
1841.6302	767.74915
1842.7948	756.70575
1843.9592	785.86847
1845.1238	708.66577
1846.2882	768.88782
1847.4526	723.13519
1848.6172	768.95734
1849.7816	753.81976
1850.9462	719.62695
1852.1106	755.45569
1853.2751	761.55017
1854.4396	722.75055
1855.6041	754.93488
1856.7686	752.08319
1857.933	754.36072
1859.0975	719.00061
1860.262	729.67108
1861.4265	743.74042
1862.5909	742.73627
1863.7555	750.83148
1864.9199	717.22601
1866.0845	705.05157
1867.2489	718.75739
1868.4135	718.50806
1869.5779	710.24939
1870.7423	716.16888
1871.9069	754.02887
1873.0713	746.89825
1874.2358	727.00452
1875.4003	724.57111
1876.5648	751.80066
1877.7292	726.92883
1878.8938	705.88385
1880.0582	684.49567
1881.2227	710.05103
1882.3872	716.3476
1883.5516	686.35333
1884.7162	716.21515
1885.8806	725.51099
1887.0452	725.4671
1888.2096	699.04749
1889.3741	723.66858
1890.5386	752.52936
1891.703	720.87579
1892.8676	723.10968
1894.032	703.4776
1895.1965	712.87683
1896.361	697.49164
1897.5255	691.3645
1898.6899	693.94641
1899.8545	703.32458
1901.0189	719.52478
1902.1833	690.02649
1903.3479	700.98108
1904.5123	696.68396
1905.6769	678.92279
1906.8413	719.78113
1908.0059	676.34656
1909.1703	685.26465
1910.3348	667.13684
1911.4993	665.52557
1912.6637	689.40942
1913.8282	676.72803
1914.9927	653.12195
1916.1572	669.20697
1917.3217	662.32874
1918.4862	692.94531
1919.6506	675.3606
1920.8152	667.92224
1921.9796	672.05432
1923.1442	685.87903
1924.3086	707.01678
1925.473	691.05536
1926.6376	676.74084
1927.802	656.07758
1928.9666	679.38672
1930.131	658.06244
1931.2955	654.71716
1932.46	645.39935
1933.6245	666.88745
1934.7889	653.44696
1935.9534	658.29443
1937.1179	648.28607
1938.2823	648.75952
1939.4469	655.11078
1940.6113	675.24573
1941.7759	646.81464
1942.9403	639.44385
1944.1049	664.05359
1945.2693	657.93695
1946.4337	670.66718
1947.5983	660.15417
1948.7627	624.15955
1949.9272	661.55518
1951.0917	643.72168
1952.2562	615.23322
1953.4207	623.54724
1954.5852	634.57776
1955.7496	652.60352
1956.9141	645.06348
1958.0786	615.98041
1959.243	600.88513
1960.4076	598.92969
1961.572	625.98102
1962.7366	636.48291
1963.901	619.10107
1965.0656	638.33057
1966.23	634.06519
1967.3944	629.65857
1968.559	632.86206
1969.7234	614.16595
1970.8879	632.93835
1972.0524	626.28979
1973.2169	633.77692
1974.3813	614.7193
1975.5459	626.64502
1976.7103	625.35114
1977.8749	613.42987
1979.0393	585.79718
1980.2037	616.7619
1981.3683	598.88293
1982.5327	604.26349
1983.6973	603.77228
1984.8617	613.55438
1986.0262	606.29309
1987.1907	613.51868
1988.3552	577.86847
1989.5197	599.64587
1990.6841	603.51135
1991.8486	601.70453
1993.0131	610.96405
1994.1776	584.19769
1995.342	610.48938
1996.5066	612.96368
1997.671	585.03363
1998.8356	584.78955
2000	581.55157
