400	3799.3813
401.16449	3794.7212
402.32898	3769.7192
403.49344	3784.8772
404.65793	3756.8101
405.82242	3717.0691
406.98691	3757.0667
408.1514	3804.7
409.31586	3764.3352
410.48035	3788.146
411.64484	3781.6775
412.80933	3740.3525
413.97379	3735.623
415.13828	3792.7712
416.30276	3764.9517
417.46725	3762.7441
418.63174	3790.8635
419.7962	3690.3223
420.96069	3674.4092
422.12518	3728.4102
423.28967	3714.6926
424.45416	3653.0349
425.61862	3703.0708
426.78311	3709.3914
427.9476	3705.4631
429.11209	3701.0022
430.27655	3677.8877
431.44104	3643.7722
432.60553	3651.4414
433.77002	3697.1711
434.93451	3693.2561
436.09897	3645.0669
437.26346	3651.2266
438.42795	3641.4983
439.59244	3636.729
440.75693	3712.8752
441.92139	3571.3564
443.08588	3703.082
444.25037	3644.0669
445.41486	3631.6628
446.57932	3585.845
447.7438	3548.4822
448.90829	3615.3984
450.07278	3661.0122
451.23727	3589.1362
452.40173	3593.3296
453.56622	3531.6565
454.73071	3544.8374
455.8952	3579.5532
457.05969	3583.1318
458.22415	3621.4502
459.38864	3559.8767
460.55313	3571.8708
461.71762	3549.8999
462.88211	3546.698
464.04657	3548.0378
465.21106	3538.8696
466.37555	3511.4568
467.54004	3446.5701
468.7045	3469.0889
469.86899	3494.0872
471.03348	3490.7939
472.19797	3487.1289
473.36246	3488.4399
474.52692	3496.9182
475.69141	3510.0442
476.8559	3457.2258
478.02039	3478.4746
479.18488	3452.0527
480.34933	3495.8408
481.51382	3472.4893
482.67831	3420.9553
483.8428	3441.2246
485.00726	3452.1809
486.17175	3422.1379
487.33624	3441.9915
488.50073	3431.1418
489.66522	3408.8054
490.82968	3371.7981
491.99417	3358.9644
493.15866	3401.4736
494.32315	3418.9678
495.48764	3377.978
496.6521	3325.6333
497.81659	3353.6724
498.98108	3378.7327
500.14557	3385.9656
501.31006	3373.0061
502.47452	3341.7632
503.63901	3359.9258
504.8035	3285.2454
505.96799	3329.8491
507.13245	3381.8376
508.29694	3333.1372
509.46143	3294.4285
510.62592	3318.2979
511.79041	3312.0171
512.9549	3304.3005
514.11938	3351.5237
515.28381	3265.0842
516.4483	3290.3582
517.61279	3308.5559
518.77728	3301.8137
519.94177	3299.0344
521.10626	3306.4719
522.27075	3347.7256
523.43524	3208.3279
524.59973	3286.665
525.76422	3215.2791
526.92865	3227.5381
528.09314	3255.1604
529.25763	3247.2405
530.42212	3270.3484
531.58661	3206.5388
532.7511	3283.8064
533.91559	3249.7261
535.08008	3231.2505
536.24457	3223.0156
537.409	3224.5713
538.57349	3232.0166
539.73798	3228.2434
540.90247	3199.1575
542.06696	3200.0361
543.23145	3193.2751
544.39594	3170.2063
545.56042	3156.2444
546.72491	3166.9487
547.8894	3205.6531
549.05383	3248.2605
550.21832	3252.8591
551.38281	3238.1616
552.5473	3246.0364
553.71179	3207.1738
554.87628	3182.125
556.04077	3176.6387
557.20526	3204.3359
558.36975	3211.9907
559.53418	3152.0964
560.69867	3189.2683
561.86316	3199.8552
563.02765	3169.4033
564.19214	3124.5537
565.35663	3131.0349
566.52112	3120.7231
567.68561	3099.5732
568.8501	3115.9651
570.01453	3131.969
571.17902	3137.4116
572.34351	3090.9211
573.508	3072.6152
574.67249	3120.9519
575.83698	3087.6262
577.00146	3079.5339
578.16595	3105.207
579.33044	3065.762
580.49493	3128.1458
581.65936	3070.627
582.82385	3028.5581
583.98834	3045.9524
585.15283	3119.3254
586.31732	3104.9707
587.48181	3057.4468
588.6463	3072.1018
589.81079	3100.783
590.97528	3081.0198
592.13971	3133.3694
593.3042	3065.3201
594.46869	3046.2251
595.63318	3024.3101
596.79767	3026.7319
597.96216	3032.7898
599.12665	3038.9902
600.29114	3074.0803
601.45563	3010.115
602.62012	2995.894
603.78455	2994.5918
604.94904	3044.3413
606.11353	3059.3206
607.27802	3042.363
608.4425	3012.6306
609.60699	3015.3623
610.77148	3055.9985
611.93597	2944.1123
613.10046	3011.3174
614.26489	2966.6357
615.42938	2992.0647
616.59387	3022.3054
617.75836	3035.3474
618.92285	3019.9709
620.08734	2982.5681
621.25183	2959.3594
622.41632	2981.5388
623.58081	2986.9536
624.74524	3052.074
625.90973	3003.7107
627.07422	3009.7505
628.23871	3019.791
629.4032	3001.0972
630.56769	2986.8218
631.73218	3000.7119
632.89667	3003.5706
634.06116	3006.3281
635.22565	2973.2429
636.39008	3002.3542
637.55457	2948.8774
638.71906	2963.1501
639.88354	3008.043
641.04803	3029.99
642.21252	3007.644
643.37701	2930.9976
644.5415	2908.1418
645.70599	2969.0369
646.87042	2956.7554
648.03491	2973.5715
649.1994	2966.3171
650.36389	2934.2104
651.52838	2927.7991
652.69287	2954.2844
653.85736	2964.0002
655.02185	2930.2927
656.18634	2887.3269
657.35083	2958.2773
658.51526	2954.6404
659.67975	2944.1755
660.84424	2930.9055
662.00873	2904.8469
663.17322	2929.7131
664.33771	2971.3174
665.5022	2936.8101
666.66669	2922.9326
667.83118	2934.9236
668.99561	2898.0564
670.1601	2880.1804
671.32458	2917.4622
672.48907	2924.1133
673.65356	2914.3174
674.81805	2859.1255
675.98254	2828.5654
677.14703	2911.8354
678.31152	2941.0581
679.47595	2980.4495
680.64044	2868.2683
681.80493	2903.5308
682.96942	2896.5742
684.13391	2841.8003
685.2984	2871.4902
686.46289	2916.2407
687.62738	2908.228
688.79187	2913.5425
689.95636	2939.9976
691.12079	2893.8857
692.28528	2868.1414
693.44977	2908.905
694.61426	2903.9834
695.77875	2901.8433
696.94324	2900.2244
698.10773	2902.1526
699.27222	2889.499
700.43671	2862.7576
701.60114	2860.052
702.76563	2852.9524
703.93011	2861.8716
705.0946	2925.8413
706.25909	2892.9202
707.42358	2843.9619
708.58807	2860.314
709.75256	2869.9871
710.91705	2856.7954
712.08154	2866.4226
713.24597	2876.8267
714.41046	2821.1584
715.57495	2839.8804
716.73944	2876.6223
717.90393	2863.3472
719.06842	2804.0723
720.23291	2861.9221
721.3974	2880.8145
722.56189	2845.0759
723.72632	2845.689
724.89081	2874.6448
726.0553	2861.6477
727.21979	2860.5088
728.38428	2844.2551
729.54877	2847.9541
730.71326	2797.7927
731.87775	2817.957
733.04224	2815.866
734.20673	2813.9099
735.37115	2852.4966
736.53564	2882.1863
737.70013	2837.676
738.86462	2770.4778
740.02911	2790.2434
741.1936	2791.9761
742.35809	2744.9753
743.52258	2772.4951
744.68707	2753.9578
745.8515	2789.8059
747.01599	2796.7432
748.18048	2803.0881
749.34497	2797.7939
750.50946	2766.1824
751.67395	2755.3708
752.83844	2777.1138
754.00293	2731.6636
755.16742	2766.1692
756.33185	2783.0869
757.49634	2738.4094
758.66083	2820.3118
759.82532	2805.2625
760.98981	2787
762.1543	2800.5774
763.31879	2803.2244
764.48328	2793.313
765.64777	2783.418
766.81226	2753.9641
767.97668	2804.178
769.14117	2777.9602
770.30566	2771.5457
771.47015	2799.8464
772.63464	2769.4104
773.79913	2778.678
774.96362	2799.7175
776.12811	2777.8208
777.2926	2729.3992
778.45703	2733.8887
779.62152	2765.7266
780.78601	2714.2808
781.9505	2791.981
783.11499	2780.7593
784.27948	2697.1167
785.44397	2769.312
786.60846	2763.21
787.77295	2706.8826
788.93744	2730.1008
790.10187	2722.0691
791.26636	2698.5261
792.43085	2756.9998
793.59534	2789.324
794.75983	2690.1841
795.92432	2749.2563
797.08881	2741.5596
798.2533	2699.2263
799.41779	2697.2051
800.58221	2725.1768
801.7467	2708.5437
802.91119	2726.5991
804.07568	2729.8069
805.24017	2711.8984
806.40466	2691.8022
807.56915	2695.748
808.73364	2712.9727
809.89813	2683.939
811.06256	2674.0151
812.22705	2676.355
813.39154	2714.1768
814.55603	2778.6472
815.72052	2743.3762
816.88501	2662.8506
818.0495	2653.2473
819.21399	2660.3564
820.37848	2644.5313
821.54297	2662.7007
822.7074	2682.8201
823.87189	2643.7124
825.03638	2636.9468
826.20087	2661.0762
827.36536	2647.1228
828.52985	2677.4214
829.69434	2642.6045
830.85883	2645.157
832.02332	2602.0713
833.18774	2663.7839
834.35223	2695.4524
835.51672	2698.8196
836.68121	2680.5066
837.8457	2663.8752
839.01019	2675.9126
840.17468	2671.6401
841.33917	2633.927
842.50366	2655.9314
843.66815	2657.2568
844.83258	2681.9399
845.99707	2666.8569
847.16156	2584.8638
848.32605	2623.5796
849.49054	2656.217
850.65503	2636.4644
851.81952	2639.8657
852.98401	2631.8142
854.1485	2613.1113
855.31293	2619.981
856.47742	2624.5278
857.64191	2617.8521
858.8064	2604.3274
859.97089	2584.9446
861.13538	2536.335
862.29987	2586.1611
863.46436	2618.7024
864.62885	2615.561
865.79327	2586.9309
866.95776	2569.127
868.12225	2583.0327
869.28674	2633.9158
870.45123	2648.0774
871.61572	2577.3354
872.78021	2539.8989
873.9447	2588.1121
875.10919	2551.1201
876.27368	2536.8872
877.43811	2539.9626
878.6026	2605.7004
879.76709	2524.3328
880.93158	2533.6814
882.09607	2569.2341
883.26056	2555.2778
884.42505	2571.938
885.58954	2545.9395
886.75403	2540.4746
887.91846	2559.2366
889.08295	2538.3074
890.24744	2518.2727
891.41193	2540.3813
892.57642	2525.6995
893.74091	2502.605
894.9054	2547.1604
896.06989	2538.8562
897.23438	2542.4543
898.39886	2536.4148
899.56329	2525.3081
900.72778	2499.1221
901.89227	2489.7769
903.05676	2529.658
904.22125	2531.968
905.38574	2509.9424
906.55023	2494.7837
907.71472	2501.7664
908.87921	2507.7029
910.04364	2511.8867
911.20813	2525.9326
912.37262	2485.7461
913.53711	2469.8591
914.7016	2498.2356
915.86609	2465.2097
917.03058	2477.4998
918.19507	2456.4565
919.35956	2474.4348
920.52405	2447.448
921.68848	2485.7842
922.85297	2441.1375
924.01746	2503.2695
925.18195	2524.8477
926.34644	2474.1472
927.51093	2452.4578
928.67542	2491.9814
929.8399	2525.4907
931.00439	2485.9111
932.16882	2448.6128
933.33331	2491.4338
934.4978	2475.864
935.66229	2440.0164
936.82678	2497.4609
937.99127	2456.8191
939.15576	2396.6831
940.32025	2425.2192
941.48474	2455.8235
942.64917	2459.5845
943.81366	2422.6753
944.97815	2425.8208
946.14264	2444.1243
947.30713	2471.0957
948.47162	2446.7485
949.63611	2396.8123
950.8006	2382.0972
951.96509	2392.0771
953.12958	2419.8406
954.29401	2419.219
955.4585	2435.5784
956.62299	2424.4417
957.78748	2433.6353
958.95197	2434.4639
960.11646	2418.3079
961.28094	2466.1221
962.44543	2412.0984
963.60992	2395.8105
964.77435	2399.5605
965.93884	2409.1401
967.10333	2389.437
968.26782	2406.426
969.43231	2434.0718
970.5968	2423.9368
971.76129	2409.5195
972.92578	2434.2227
974.09027	2476.3179
975.25476	2488.7935
976.41919	2447.031
977.58368	2381.0669
978.74817	2394.4937
979.91266	2442.592
981.07715	2418.6694
982.24164	2416.894
983.40613	2370.9236
984.57062	2425.4102
985.73511	2439.9495
986.89954	2392.2681
988.06403	2373.8452
989.22852	2384.5278
990.39301	2364.6716
991.5575	2385.7983
992.72198	2392.9973
993.88647	2425.0146
995.05096	2422.2224
996.21545	2412.4871
997.37988	2412.0735
998.54437	2392.698
999.70886	2383.3855
1000.8734	2392.9229
1002.0378	2394.4023
1003.2023	2380.2141
1004.3668	2401.1829
1005.5313	2382
1006.6958	2345.2144
1007.8603	2433.7649
1009.0247	2414.5222
1010.1892	2394.105
1011.3537	2403.168
1012.5182	2397.0818
1013.6827	2401.8457
1014.8472	2381.1008
1016.0117	2347.7646
1017.1761	2356.1331
1018.3406	2367.8962
1019.5051	2358.291
1020.6696	2329.802
1021.834	2315.8638
1022.9985	2334.4326
1024.1631	2372.0354
1025.3275	2352.1328
1026.4919	2317.5591
1027.6565	2336.9973
1028.8209	2355.929
1029.9855	2348.186
1031.1499	2301.9312
1032.3145	2297.1147
1033.4789	2348.6106
1034.6434	2322.6355
1035.8079	2301.8423
1036.9723	2347.7717
1038.1368	2320.8716
1039.3013	2324.7551
1040.4658	2316.1287
1041.6302	2314.6724
1042.7948	2306.6719
1043.9592	2292.6736
1045.1238	2298.8181
1046.2882	2300.9377
1047.4526	2318.3301
1048.6172	2310.5881
1049.7816	2313.3533
1050.9462	2288.021
1052.1106	2293.5728
1053.2751	2302.6665
1054.4396	2315.1841
1055.6041	2309.4487
1056.7686	2297.583
1057.933	2301.2312
1059.0975	2286.792
1060.262	2273.6636
1061.4265	2295.0527
1062.5909	2331.8247
1063.7555	2352.4194
1064.9199	2308.177
1066.0845	2296.853
1067.2489	2281.6436
1068.4135	2258.4575
1069.5779	2295.1714
1070.7423	2231.4329
1071.9069	2210.3147
1073.0713	2277.6921
1074.2358	2248.5259
1075.4003	2258.1946
1076.5648	2263.0022
1077.7292	2231.9934
1078.8938	2218.4863
1080.0582	2281.4443
1081.2227	2254.1404
1082.3872	2268.9182
1083.5516	2211.1001
1084.7162	2206.9016
1085.8806	2260.4114
1087.0452	2235.2505
1088.2096	2213.7429
1089.3741	2242.5491
1090.5386	2271.5398
1091.703	2223.4988
1092.8676	2218.4443
1094.032	2230.4172
1095.1965	2225.6028
1096.361	2229.4282
1097.5255	2239.2581
1098.6899	2222.6555
1099.8545	2178.1284
1101.0189	2197.7302
1102.1833	2235.1394
1103.3479	2206.5769
1104.5123	2223.446
1105.6769	2234.2544
1106.8413	2224.4709
1108.0059	2231.5557
1109.1703	2182.4739
1110.3348	2184.2322
1111.4993	2182.4797
1112.6637	2155.9036
1113.8282	2191.9456
1114.9927	2174.4951
1116.1572	2182.9692
1117.3217	2177.8455
1118.4862	2168.6746
1119.6506	2139.0342
1120.8152	2157.9541
1121.9796	2186.8152
1123.1442	2216.7593
1124.3086	2171.5554
1125.473	2208.8425
1126.6376	2143.8108
1127.802	2195.2786
1128.9666	2179.7334
1130.131	2175.3127
1131.2955	2165.2844
1132.46	2195.5154
1133.6245	2144.4268
1134.7889	2171.0598
1135.9534	2159.458
1137.1179	2119.7715
1138.2823	2130.156
1139.4469	2130.0049
1140.6113	2155.9375
1141.7759	2167.7114
1142.9403	2173.2427
1144.1049	2146.3433
1145.2693	2137.5513
1146.4337	2131.6255
1147.5983	2150.5996
1148.7627	2179.0933
1149.9272	2171.2312
1151.0917	2162.6438
1152.2562	2172.5464
1153.4207	2164.5339
1154.5852	2157.1509
1155.7496	2163.5767
1156.9141	2148.1921
1158.0786	2113.1865
1159.243	2107.5
1160.4076	2129.9558
1161.572	2162.2632
1162.7366	2187.3066
1163.901	2161.5913
1165.0656	2155.7039
1166.23	2168.4021
1167.3944	2134.8433
1168.559	2111.4185
1169.7234	2116.0537
1170.8879	2149.793
1172.0524	2147.6267
1173.2169	2137.9946
1174.3813	2173.887
1175.5459	2162.2698
1176.7103	2133.6379
1177.8749	2145.7786
1179.0393	2170.2712
1180.2037	2138.8911
1181.3683	2145.4851
1182.5327	2120.7009
1183.6973	2132.738
1184.8617	2116.5679
1186.0262	2048.2822
1187.1907	2093.9231
1188.3552	2107.0725
1189.5197	2080.9385
1190.6841	2076.1316
1191.8486	2081.5254
1193.0131	2090.9216
1194.1776	2075.5498
1195.342	2111.5422
1196.5066	2130.8025
1197.671	2110.0723
1198.8356	2100.3772
1200	2099.8276
1201.1644	2080.7554
1202.329	2119.6519
1203.4934	2114.2307
1204.658	2145.1467
1205.8224	2067.2383
1206.9869	2102.3611
1208.1514	2115.2795
1209.3159	2108.9663
1210.4803	2075.9607
1211.6448	2126.0466
1212.8093	2110.5498
1213.9738	2146.5645
1215.1383	2053.7256
1216.3027	2087.0359
1217.4673	2078.699
1218.6317	2116.3621
1219.7963	2091.8242
1220.9607	2069.9363
1222.1251	2057.8252
1223.2897	2080.6611
1224.4541	2108.7495
1225.6187	2121.812
1226.7831	2089.6077
1227.9476	2086.124
1229.1121	2080.1406
1230.2766	2111.7192
1231.441	2096.4214
1232.6056	2054.3357
1233.77	2079.7754
1234.9344	2024.1853
1236.099	2097.7737
1237.2634	2128.5647
1238.428	2086.2717
1239.5924	2090.156
1240.757	2098.1824
1241.9214	2082.0945
1243.0859	2097.8821
1244.2504	2071.1851
1245.4148	2065.9844
1246.5793	2050.2375
1247.7438	2035.8401
1248.9083	2067.9888
1250.0728	2035.944
1251.2373	2088.2307
1252.4017	2045.0938
1253.5663	2061.248
1254.7307	2061.4216
1255.8951	2050.6467
1257.0597	2008.047
1258.2241	2046.4449
1259.3887	2070.3191
1260.5531	2040.599
1261.7177	2036.8094
1262.8821	2073.2
1264.0466	2072.959
1265.2111	2030.8929
1266.3755	2026.2261
1267.54	2045.3589
1268.7045	2041.0647
1269.869	2045.088
1271.0334	2019.4893
1272.198	2042.3682
1273.3624	2064.0461
1274.527	2053.2207
1275.6914	2018.7062
1276.8558	2010.584
1278.0204	2011.2665
1279.1848	2014.3513
1280.3494	2048.2024
1281.5138	2071.8655
1282.6783	2029.2461
1283.8428	2020.6364
1285.0073	2025.0356
1286.1718	2047.5568
1287.3363	2044.9059
1288.5007	2036.869
1289.6652	2054.7488
1290.8297	2037.0861
1291.9941	2020.6049
1293.1587	2032.0566
1294.3231	2037.3053
1295.4877	2030.7693
1296.6521	2021.3978
1297.8167	2032.1819
1298.9811	2039.7516
1300.1455	2038.9788
1301.3101	2032.7029
1302.4745	2021.9578
1303.639	2026.4834
1304.8035	2028.4221
1305.968	2051.4241
1307.1324	2051.0471
1308.297	2039.9998
1309.4614	2029.4146
1310.6259	2036.3116
1311.7904	2008.1378
1312.9548	2023.0813
1314.1194	2045.7388
1315.2838	2059.7485
1316.4484	2058.4785
1317.6128	2044.1183
1318.7773	2050.5288
1319.9418	2043.5465
1321.1062	2048.2449
1322.2708	2071.9309
1323.4352	2067.7488
1324.5997	2082.1968
1325.7642	2059.0613
1326.9287	2075.8765
1328.0931	2089.4851
1329.2577	2070.4734
1330.4221	2068.9768
1331.5865	2062.7859
1332.7511	2095.6013
1333.9155	2061.8462
1335.0801	2069.1777
1336.2445	2032.1483
1337.4091	2089.4766
1338.5735	2060.6702
1339.738	2109.8909
1340.9025	2090.1636
1342.067	2049.4695
1343.2314	2073.9512
1344.3959	2056.6799
1345.5604	2063.7998
1346.7249	2064.0522
1347.8894	2063.688
1349.0538	2048.2129
1350.2184	2073.6428
1351.3828	2064.3782
1352.5474	2043.0504
1353.7118	2026.4219
1354.8762	2054.4551
1356.0408	2041.1969
1357.2052	2031.7721
1358.3698	2024.4908
1359.5342	2033.9553
1360.6987	2074.8887
1361.8632	2092.3191
1363.0277	2060.7092
1364.1921	2045.8308
1365.3566	2054.3123
1366.5211	2041.2948
1367.6855	2020.4556
1368.8501	2027.3599
1370.0145	2046.1304
1371.1791	2027.0195
1372.3435	2001.0704
1373.5081	2006.478
1374.6725	2002.5912
1375.8369	2017.2178
1377.0015	2022.7466
1378.1659	2052.2446
1379.3304	2050.3162
1380.4949	2027.3845
1381.6594	2026.7938
1382.8239	2007.3141
1383.9884	2043.826
1385.1528	1993.4103
1386.3173	2019.8679
1387.4818	2040.3195
1388.6462	1982.559
1389.8108	1973.0619
1390.9752	1963.1353
1392.1398	2002.1819
1393.3042	1976.9
1394.4688	1983.7235
1395.6332	1990.2533
1396.7977	1986.726
1397.9622	1953.575
1399.1266	1976.1179
1400.2911	1976.2736
1401.4556	1972.5679
1402.6201	1959.2815
1403.7845	1965.1687
1404.9491	2009.8759
1406.1135	1994.2482
1407.2781	1965.6525
1408.4425	1963.9349
1409.6069	1972.4645
1410.7715	1949.3424
1411.9359	1936.5375
1413.1005	1931.672
1414.2649	1897.3376
1415.4294	1929.1161
1416.5939	1939.791
1417.7584	1935.3773
1418.9229	1965.8416
1420.0873	1931.6337
1421.2518	1916.0483
1422.4163	1926.7506
1423.5808	1926.6344
1424.7452	1921.3455
1425.9098	1933.301
1427.0742	1906.6078
1428.2388	1889.7831
1429.4032	1877.9957
1430.5676	1878.9852
1431.7322	1875.2141
1432.8966	1899.6821
1434.0612	1825.4583
1435.2256	1847.1111
1436.3901	1883.7942
1437.5546	1895.6089
1438.7191	1894.5082
1439.8835	1917.1985
1441.0481	1887.8296
1442.2125	1888.9152
1443.377	1889.9238
1444.5415	1880.5729
1445.7059	1836.7811
1446.8705	1833.8184
1448.0349	1871.8339
1449.1995	1820.3953
1450.3639	1844.1932
1451.5284	1851.9708
1452.6929	1853.0448
1453.8573	1821.9957
1455.0219	1833.2616
1456.1863	1849.2113
1457.3508	1836.8701
1458.5153	1816.4227
1459.6798	1823.6053
1460.8442	1821.6316
1462.0088	1810.7412
1463.1732	1793.9205
1464.3376	1816.4272
1465.5022	1809.7638
1466.6666	1799.7405
1467.8312	1830.4824
1468.9956	1789.103
1470.1602	1805.6365
1471.3246	1791.5753
1472.4891	1819.7784
1473.6536	1780.3245
1474.818	1782.7844
1475.9825	1764.0094
1477.147	1767.9991
1478.3115	1807.0278
1479.476	1784.7294
1480.6405	1781.6166
1481.8049	1811.5239
1482.9695	1804.0713
1484.1339	1787.4148
1485.2983	1760.8115
1486.4629	1753.5697
1487.6273	1731.6144
1488.7919	1737.4189
1489.9563	1777.395
1491.1208	1779.5282
1492.2853	1748.8561
1493.4498	1683.9164
1494.6143	1752.849
1495.7788	1748.1243
1496.9432	1726.6125
1498.1077	1706.5948
1499.2722	1721.0365
1500.4366	1732.2164
1501.6012	1719.0742
1502.7656	1730.4124
1503.9302	1735.7684
1505.0946	1715.1101
1506.2592	1720.4316
1507.4236	1713.6891
1508.588	1718.2572
1509.7526	1713.6263
1510.917	1700.5592
1512.0815	1682.7496
1513.246	1701.9595
1514.4105	1697.2435
1515.575	1655.3074
1516.7395	1704.1779
1517.9039	1662.6198
1519.0684	1702.7711
1520.2329	1691.075
1521.3973	1670.4172
1522.5619	1680.3203
1523.7263	1653.0802
1524.8909	1677.8234
1526.0553	1670.4303
1527.2198	1661.6136
1528.3843	1672.9222
1529.5487	1657.9307
1530.7133	1628.7261
1531.8777	1651.5397
1533.0422	1645.8153
1534.2067	1633.2389
1535.3712	1616.6125
1536.5356	1636.5605
1537.7002	1685.0657
1538.8646	1631.5503
1540.0291	1627.3679
1541.1936	1646.7855
1542.358	1665.9824
1543.5226	1670.8827
1544.687	1626.8416
1545.8516	1630.2463
1547.016	1630.8264
1548.1805	1633.9537
1549.345	1608.7786
1550.5095	1626.0581
1551.674	1617.1522
1552.8384	1632.8956
1554.0029	1636.2606
1555.1674	1658.7784
1556.3319	1631.4547
1557.4963	1630.5397
1558.6609	1610.3303
1559.8253	1619.0492
1560.9899	1584.8104
1562.1543	1589.1964
1563.3187	1608.0024
1564.4833	1630.7646
1565.6477	1600.5659
1566.8123	1603.5979
1567.9767	1615.9849
1569.1412	1616.5576
1570.3057	1589.6027
1571.4702	1578.5856
1572.6346	1588.2297
1573.7991	1578.8563
1574.9636	1572.0344
1576.1281	1581.0593
1577.2926	1579.4824
1578.457	1611.0889
1579.6216	1537.0527
1580.786	1595.0977
1581.9506	1628.7855
1583.115	1536.384
1584.2794	1488.3049
1585.444	1520.2925
1586.6084	1586.494
1587.7729	1574.8783
1588.9374	1551.9503
1590.1019	1566.6779
1591.2664	1606.9254
1592.4309	1608.7213
1593.5953	1624.6213
1594.7598	1603.8461
1595.9243	1561.2915
1597.0887	1568.8077
1598.2533	1565.2621
1599.4177	1579.3981
1600.5823	1556.4746
1601.7467	1551.202
1602.9113	1522.9415
1604.0757	1561.9882
1605.2402	1587.5176
1606.4047	1573.379
1607.5691	1593.616
1608.7336	1563.1699
1609.8981	1530.0353
1611.0626	1557.5006
1612.2271	1572.6031
1613.3916	1584.3151
1614.556	1628.5767
1615.7206	1556.5962
1616.885	1546.0768
1618.0494	1569.4261
1619.214	1528.564
1620.3784	1551.3279
1621.543	1586.9971
1622.7074	1535.7943
1623.8719	1522.1835
1625.0364	1511.1903
1626.2009	1540.308
1627.3654	1576.3698
1628.5298	1545.0326
1629.6943	1539.3296
1630.8588	1537.8896
1632.0233	1571.2061
1633.1877	1521.4674
1634.3523	1540.6448
1635.5167	1568.4393
1636.6813	1525.5212
1637.8457	1516.9521
1639.0101	1541.822
1640.1747	1541.8396
1641.3391	1516.8727
1642.5037	1509.7648
1643.6681	1487.7186
1644.8326	1524.8749
1645.9971	1526.2891
1647.1616	1513.0156
1648.326	1513.3186
1649.4905	1517.0361
1650.655	1482.1085
1651.8195	1479.226
1652.984	1527.7595
1654.1484	1538.1608
1655.313	1499.0023
1656.4774	1506.5575
1657.642	1523.0907
1658.8064	1507.4518
1659.9709	1443.8602
1661.1354	1451.7031
1662.2998	1440.0759
1663.4644	1473.6008
1664.6288	1476.3831
1665.7933	1452.0078
1666.9578	1414.0868
1668.1223	1451.8037
1669.2867	1472.1396
1670.4513	1447.2113
1671.6157	1400.6875
1672.7802	1384.0665
1673.9447	1464.8141
1675.1091	1386.527
1676.2737	1379.6146
1677.4381	1405.1227
1678.6027	1370.6328
1679.7671	1409.4567
1680.9316	1399.1249
1682.0961	1414.8008
1683.2605	1386.1682
1684.425	1396.5828
1685.5895	1374.235
1686.754	1406.1744
1687.9185	1360.5667
1689.083	1453.5079
1690.2474	1418.2887
1691.412	1326.915
1692.5764	1373.3066
1693.7408	1375.7151
1694.9054	1393.4751
1696.0698	1389.2432
1697.2344	1370.4553
1698.3988	1392.7693
1699.5634	1364.4857
1700.7278	1370.3383
1701.8923	1415.9729
1703.0568	1340.7349
1704.2212	1331.6318
1705.3857	1316.9403
1706.5502	1317.2141
1707.7147	1307.3958
1708.8792	1315.9456
1710.0437	1340.6238
1711.2081	1337.1819
1712.3727	1338.9817
1713.5371	1288.4255
1714.7017	1317.291
1715.8661	1287.223
1717.0305	1260.7279
1718.1951	1302.5264
1719.3595	1250.9276
1720.524	1286.5735
1721.6885	1305.1622
1722.853	1286.5692
1724.0175	1277.4218
1725.182	1260.6882
1726.3464	1257.0443
1727.5109	1234.3313
1728.6754	1254.3762
1729.8398	1260.1871
1731.0044	1277.1792
1732.1688	1297.1556
1733.3334	1288.7759
1734.4978	1290.0098
1735.6624	1280.2207
1736.8268	1273.8334
1737.9912	1292.1555
1739.1558	1279.7932
1740.3202	1302.9453
1741.4847	1197.5636
1742.6492	1249.5132
1743.8137	1227.777
1744.9781	1213.4344
1746.1427	1243.7802
1747.3071	1227.4916
1748.4716	1216.1533
1749.6361	1237.2351
1750.8005	1300.6555
1751.9651	1262.7257
1753.1295	1254.7264
1754.2941	1232.6761
1755.4585	1186.2507
1756.623	1179.2407
1757.7875	1180.9147
1758.9519	1190.5952
1760.1165	1228.1332
1761.2809	1200.3369
1762.4454	1195.0081
1763.6099	1194.1111
1764.7744	1189.7671
1765.9388	1162.4006
1767.1034	1171.6633
1768.2678	1182.9501
1769.4324	1157.5411
1770.5968	1195.0945
1771.7612	1195.3164
1772.9258	1162.9751
1774.0902	1249.7408
1775.2548	1211.6792
1776.4192	1177.0433
1777.5837	1108.0514
1778.7482	1140.6111
1779.9127	1154.635
1781.0771	1167.0443
1782.2416	1106.6116
1783.4061	1068.0518
1784.5706	1165.9917
1785.7351	1144.7877
1786.8995	1189.7241
1788.0641	1153.9425
1789.2285	1160.4233
1790.3931	1156.0546
1791.5575	1128.9194
1792.7219	1088.3491
1793.8865	1112.6093
1795.0509	1154.3566
1796.2155	1151.6644
1797.3799	1120.6978
1798.5444	1131.0253
1799.7089	1147.6389
1800.8734	1116.0806
1802.0378	1123.0415
1803.2023	1103.6949
1804.3668	1134.6626
1805.5313	1094.989
1806.6958	1116.8209
1807.8602	1115.1727
1809.0248	1110.3811
1810.1892	1095.5284
1811.3538	1093.8613
1812.5182	1082.4001
1813.6827	1074.4545
1814.8472	1104.3811
1816.0116	1081.3456
1817.1761	1090.2455
1818.3406	1115.4407
1819.5051	1118.8602
1820.6696	1072.8889
1821.8341	1090.3984
1822.9985	1097.3124
1824.1631	1078.9908
1825.3275	1079.7296
1826.4919	1084.2469
1827.6565	1116.8729
1828.8209	1110.0288
1829.9855	1062.6782
1831.1499	1089.8086
1832.3145	1105.0964
1833.4789	1111.0477
1834.6434	1083.3323
1835.8079	1040.4308
1836.9723	1044.0443
1838.1368	1049.3575
1839.3013	1048.0573
1840.4658	1011.6277
1841.6302	1054.5562
1842.7948	1063.5944
1843.9592	1080.1482
1845.1238	1039.0229
1846.2882	1050.4509
1847.4526	1020.8408
1848.6172	1030.833
1849.7816	1039.5457
1850.9462	1053.9945
1852.1106	1067.9823
1853.2751	1022.1745
1854.4396	1051.786
1855.6041	1029.6017
1856.7686	1063.2477
1857.933	1011.1575
1859.0975	1017.5966
1860.262	1030.2932
1861.4265	981.39404
1862.5909	987.76898
1863.7555	1126.8855
1864.9199	1061.4821
1866.0845	1031.4615
1867.2489	1019.2456
1868.4135	990.35248
1869.5779	1001.3827
1870.7423	990.92908
1871.9069	1001.1818
1873.0713	1037.9794
1874.2358	973.43781
1875.4003	990.70026
1876.5648	1027.037
1877.7292	1003.6876
1878.8938	974.60773
1880.0582	968.26465
1881.2227	969.289
1882.3872	1010.7245
1883.5516	963.80164
1884.7162	931.73297
1885.8806	993.31604
1887.0452	983.32123
1888.2096	1022.6919
1889.3741	997.31927
1890.5386	977.45258
1891.703	952.72369
1892.8676	935.67499
1894.032	980.48419
1895.1965	946.68677
1896.361	934.86542
1897.5255	981.87018
1898.6899	993.75568
1899.8545	975.96838
1901.0189	952.35217
1902.1833	963.11707
1903.3479	986.63434
1904.5123	934.64459
1905.6769	941.06787
1906.8413	940.3067
1908.0059	981.02057
1909.1703	967.60364
1910.3348	898.49799
1911.4993	932.87482
1912.6637	968.50104
1913.8282	893.52014
1914.9927	926.08472
1916.1572	980.16522
1917.3217	959.29724
1918.4862	985.02142
1919.6506	935.43677
1920.8152	922.48126
1921.9796	928.98151
1923.1442	947.62866
1924.3086	941.51935
1925.473	888.3584
1926.6376	944.09723
1927.802	941.19452
1928.9666	921.89429
1930.131	915.5083
1931.2955	909.83826
1932.46	906.98676
1933.6245	908.53363
1934.7889	944.77582
1935.9534	917.28345
1937.1179	902.05182
1938.2823	945.85443
1939.4469	898.26581
1940.6113	900.89697
1941.7759	887.06506
1942.9403	920.72412
1944.1049	893.76575
1945.2693	895.72144
1946.4337	881.22058
1947.5983	910.20032
1948.7627	906.19922
1949.9272	900.09607
1951.0917	914.04437
1952.2562	886.66998
1953.4207	854.94049
1954.5852	879.29669
1955.7496	882.4259
1956.9141	848.52191
1958.0786	902.92493
1959.243	850.04547
1960.4076	834.43134
1961.572	860.71234
1962.7366	846.28156
1963.901	849.16968
1965.0656	912.48114
1966.23	832.40668
1967.3944	850.60443
1968.559	877.77301
1969.7234	866.26233
1970.8879	850.33716
1972.0524	830.87897
1973.2169	823.73956
1974.3813	832.37689
1975.5459	860.81598
1976.7103	868.6745
1977.8749	804.78424
1979.0393	836.5592
1980.2037	832.15955
1981.3683	828.49908
1982.5327	874.73779
1983.6973	836.03485
1984.8617	825.3493
1986.0262	802.90778
1987.1907	856.59375
1988.3552	847.24445
1989.5197	838.04437
1990.6841	851.80817
1991.8486	842.76447
1993.0131	819.46063
1994.1776	822.64148
1995.342	859.3963
1996.5066	828.47998
1997.671	812.13501
1998.8356	820.04431
2000	803.55768
