400	3731.6084
401.16449	3757.8191
402.32898	3722.7422
403.49344	3720.8848
404.65793	3722.6228
405.82242	3705.115
406.98691	3686.1677
408.1514	3700.3716
409.31586	3727.8535
410.48035	3713.1421
411.64484	3692.1287
412.80933	3668.0737
413.97379	3681.2241
415.13828	3730.0835
416.30276	3670.554
417.46725	3614.175
418.63174	3641.6255
419.7962	3667.6282
420.96069	3639.7578
422.12518	3599.5725
423.28967	3595.4387
424.45416	3590.0754
425.61862	3641.3462
426.78311	3643.4597
427.9476	3573.9063
429.11209	3544.9258
430.27655	3588.8154
431.44104	3623.7046
432.60553	3541.363
433.77002	3532.3035
434.93451	3521.5847
436.09897	3539.8306
437.26346	3555.5925
438.42795	3553.8572
439.59244	3541.8796
440.75693	3535.0464
441.92139	3525.9756
443.08588	3478.4473
444.25037	3508.2871
445.41486	3525.6506
446.57932	3496.5188
447.7438	3470.0303
448.90829	3486.8198
450.07278	3471.7581
451.23727	3469.1624
452.40173	3445.9851
453.56622	3443.2268
454.73071	3444.4182
455.8952	3425.0793
457.05969	3419.9209
458.22415	3494.0479
459.38864	3512.6755
460.55313	3441.1826
461.71762	3454.5686
462.88211	3439.4539
464.04657	3429.46
465.21106	3428.9131
466.37555	3414.3667
467.54004	3437.3599
468.7045	3436.1462
469.86899	3423.2537
471.03348	3393.7783
472.19797	3360.2646
473.36246	3345.0388
474.52692	3346.3911
475.69141	3344.052
476.8559	3372.905
478.02039	3368.1221
479.18488	3366.6953
480.34933	3351.981
481.51382	3373.0403
482.67831	3380.4456
483.8428	3327.1106
485.00726	3302.2134
486.17175	3354.4619
487.33624	3331.3184
488.50073	3252.7612
489.66522	3246.501
490.82968	3287.6304
491.99417	3300.9434
493.15866	3277.9731
494.32315	3316.155
495.48764	3299.1487
496.6521	3241.6189
497.81659	3205.5654
498.98108	3196.052
500.14557	3194.5854
501.31006	3203.0388
502.47452	3224.728
503.63901	3200.8726
504.8035	3216.0686
505.96799	3194.7754
507.13245	3192.3267
508.29694	3166.5369
509.46143	3150.5349
510.62592	3143.2366
511.79041	3115.2429
512.9549	3184.332
514.11938	3180.7813
515.28381	3193.0989
516.4483	3130.8142
517.61279	3096.5862
518.77728	3097.947
519.94177	3090.8752
521.10626	3065.0164
522.27075	3064.5422
523.43524	3095.2273
524.59973	3097.5415
525.76422	3095.4536
526.92865	3065.488
528.09314	3078.0691
529.25763	3122.4099
530.42212	3102.2783
531.58661	3054.0991
532.7511	3134.001
533.91559	3125.9363
535.08008	3139.6953
536.24457	3110.8169
537.409	3091.2793
538.57349	3093.0002
539.73798	3069.8613
540.90247	3044.5552
542.06696	3127.5508
543.23145	3017.1045
544.39594	3004.592
545.56042	3012.9182
546.72491	3034.0623
547.8894	3049.7114
549.05383	3036.4639
550.21832	3006.3306
551.38281	2975.6794
552.5473	2995.5139
553.71179	2997.2468
554.87628	3010.4338
556.04077	3020.6843
557.20526	3031.375
558.36975	3025.0671
559.53418	2989.364
560.69867	3008.6152
561.86316	2968.8623
563.02765	2977.2703
564.19214	2988.7136
565.35663	2993.0356
566.52112	2973.6035
567.68561	2944.7485
568.8501	2928.7122
570.01453	2916.8945
571.17902	2906.4409
572.34351	2906.4409
573.508	2900.1936
574.67249	2892.4517
575.83698	2890.8408
577.00146	2865.4673
578.16595	2832.6243
579.33044	2842.6611
580.49493	2865.6328
581.65936	2837.6985
582.82385	2861.0737
583.98834	2848.4854
585.15283	2860.6992
586.31732	2839.7332
587.48181	2798.9626
588.6463	2805.8252
589.81079	2867.4143
590.97528	2876.1965
592.13971	2813.6433
593.3042	2787.7563
594.46869	2828.6941
595.63318	2827.2275
596.79767	2817.458
597.96216	2813.052
599.12665	2806.949
600.29114	2813.9282
601.45563	2813.791
602.62012	2848.8989
603.78455	2771.4302
604.94904	2783.9617
606.11353	2784.5784
607.27802	2781.7292
608.4425	2788.1074
609.60699	2785.5042
610.77148	2769.231
611.93597	2781.8193
613.10046	2806.8401
614.26489	2804.5632
615.42938	2760.335
616.59387	2768.2644
617.75836	2789.7654
618.92285	2766.9912
620.08734	2756.2974
621.25183	2817.5437
622.41632	2772.6287
623.58081	2789.5859
624.74524	2785.1375
625.90973	2772.9495
627.07422	2796.1633
628.23871	2817.7161
629.4032	2811.7112
630.56769	2799.999
631.73218	2790.95
632.89667	2742.8792
634.06116	2775.9519
635.22565	2754.0439
636.39008	2803.7222
637.55457	2784.3145
638.71906	2752.145
639.88354	2731.863
641.04803	2733.0898
642.21252	2743.762
643.37701	2728.1929
644.5415	2704.1108
645.70599	2760.1479
646.87042	2717.3721
648.03491	2735.2739
649.1994	2701.4355
650.36389	2677.4397
651.52838	2687.2039
652.69287	2701.6157
653.85736	2700.2129
655.02185	2689.7581
656.18634	2661.0886
657.35083	2707.8291
658.51526	2690.9448
659.67975	2691.3804
660.84424	2636.8975
662.00873	2597.2778
663.17322	2609.4766
664.33771	2630.8208
665.5022	2639.4592
666.66669	2677.884
667.83118	2595.8992
668.99561	2594.5503
670.1601	2632.4849
671.32458	2640.1089
672.48907	2624.5823
673.65356	2604.6223
674.81805	2593.8706
675.98254	2597.3943
677.14703	2614.616
678.31152	2635.6287
679.47595	2617.0483
680.64044	2618.3865
681.80493	2616.3584
682.96942	2620.7363
684.13391	2580.5322
685.2984	2585.1287
686.46289	2591.1484
687.62738	2572.7666
688.79187	2578.8281
689.95636	2576.4119
691.12079	2580.5347
692.28528	2566.0815
693.44977	2606.533
694.61426	2559.9788
695.77875	2564.4241
696.94324	2546.5056
698.10773	2532.427
699.27222	2541.0039
700.43671	2540.0029
701.60114	2532.2202
702.76563	2533.5364
703.93011	2516.604
705.0946	2544.6863
706.25909	2571.1218
707.42358	2546.813
708.58807	2537.9941
709.75256	2537.0601
710.91705	2540.7075
712.08154	2555.8206
713.24597	2572.1021
714.41046	2565.4707
715.57495	2510.4023
716.73944	2562.1357
717.90393	2602.0251
719.06842	2557.8064
720.23291	2570.1763
721.3974	2555.9607
722.56189	2600.2593
723.72632	2679.2537
724.89081	2717.5029
726.0553	2753.2434
727.21979	2822.6631
728.38428	2859.5129
729.54877	2975.8948
730.71326	3049.1191
731.87775	3066.3652
733.04224	3112.7476
734.20673	3126.5608
735.37115	3058.5525
736.53564	2943.4331
737.70013	2845.0608
738.86462	2775.0159
740.02911	2702.6272
741.1936	2653.3267
742.35809	2588.1438
743.52258	2597.8303
744.68707	2575.7144
745.8515	2531.916
747.01599	2541.4673
748.18048	2543.3298
749.34497	2529.0503
750.50946	2506.2424
751.67395	2478.0261
752.83844	2470.7915
754.00293	2447.6516
755.16742	2481.0706
756.33185	2457.3167
757.49634	2460.7297
758.66083	2424.2378
759.82532	2438.3237
760.98981	2463.3735
762.1543	2475.0452
763.31879	2448.655
764.48328	2428.8459
765.64777	2447.979
766.81226	2414.5464
767.97668	2422.554
769.14117	2410.5576
770.30566	2447.6707
771.47015	2378.8247
772.63464	2407.363
773.79913	2377.3203
774.96362	2380.5486
776.12811	2402.9382
777.2926	2372.3103
778.45703	2343.532
779.62152	2370.928
780.78601	2355.1929
781.9505	2382.8555
783.11499	2353.7778
784.27948	2384.1099
785.44397	2363.5852
786.60846	2348.2239
787.77295	2344.311
788.93744	2347.3979
790.10187	2350.7947
791.26636	2356.1406
792.43085	2353.7974
793.59534	2353.051
794.75983	2367.272
795.92432	2328.1716
797.08881	2331.4045
798.2533	2366.8735
799.41779	2300.7964
800.58221	2278.2014
801.7467	2322.9548
802.91119	2355.4392
804.07568	2329.9104
805.24017	2311.8787
806.40466	2294.2561
807.56915	2291.2825
808.73364	2330.2429
809.89813	2311.781
811.06256	2297.5891
812.22705	2306.6108
813.39154	2274.6924
814.55603	2294.2517
815.72052	2264.6956
816.88501	2312.783
818.0495	2326.8894
819.21399	2269.7849
820.37848	2273.4512
821.54297	2295.7783
822.7074	2268.1067
823.87189	2261.1899
825.03638	2281.6887
826.20087	2268.6831
827.36536	2261.0083
828.52985	2284.9729
829.69434	2272.3662
830.85883	2265.9497
832.02332	2244.543
833.18774	2275.3198
834.35223	2246.1003
835.51672	2229.3865
836.68121	2251.0366
837.8457	2241.3657
839.01019	2231.2666
840.17468	2269.2776
841.33917	2244.2402
842.50366	2229.0874
843.66815	2259.0315
844.83258	2272.9128
845.99707	2177.7119
847.16156	2187.9641
848.32605	2205.071
849.49054	2247.4773
850.65503	2225.606
851.81952	2240.5244
852.98401	2232.3948
854.1485	2195.2214
855.31293	2182.9607
856.47742	2169.7148
857.64191	2182.6458
858.8064	2210.1045
859.97089	2160.9209
861.13538	2208.9355
862.29987	2204.6987
863.46436	2164.4739
864.62885	2186.127
865.79327	2174.9836
866.95776	2173.9453
868.12225	2177.2029
869.28674	2172.1335
870.45123	2163.3523
871.61572	2166.1501
872.78021	2166.374
873.9447	2155.3042
875.10919	2157.5833
876.27368	2109.4407
877.43811	2100.8474
878.6026	2096.999
879.76709	2164.2417
880.93158	2145.3921
882.09607	2165.8623
883.26056	2106.2817
884.42505	2096.1711
885.58954	2118.626
886.75403	2158.2002
887.91846	2142.1704
889.08295	2118.261
890.24744	2106.283
891.41193	2106.8506
892.57642	2173.4595
893.74091	2121.1692
894.9054	2114.2249
896.06989	2114.4893
897.23438	2097.1633
898.39886	2139.356
899.56329	2067.0466
900.72778	2069.6724
901.89227	2108.9209
903.05676	2079.1726
904.22125	2117.2451
905.38574	2120.7864
906.55023	2062.5815
907.71472	2037.9459
908.87921	2049.053
910.04364	2064.8345
911.20813	2093.9749
912.37262	2083.9963
913.53711	2087.2529
914.7016	2097.481
915.86609	2053.4946
917.03058	2037.1097
918.19507	2056.1802
919.35956	2027.5085
920.52405	2039.5688
921.68848	2010.1368
922.85297	2004.9995
924.01746	2031.0605
925.18195	2010.1421
926.34644	2027.5896
927.51093	2043.9476
928.67542	2046.0482
929.8399	2066.5476
931.00439	2046.4012
932.16882	2033.5822
933.33331	2021.9364
934.4978	2014.3721
935.66229	1983.3647
936.82678	1997.5428
937.99127	2025.4249
939.15576	1995.321
940.32025	2026.6403
941.48474	2020.4327
942.64917	1989.6831
943.81366	1996.0153
944.97815	2010.5769
946.14264	2003.7416
947.30713	1975.7379
948.47162	1959.2424
949.63611	1968.626
950.8006	1988.6681
951.96509	2006.8049
953.12958	2010.7235
954.29401	2005.8995
955.4585	2021.2223
956.62299	1980.2534
957.78748	1992.8513
958.95197	2039.1729
960.11646	2045.385
961.28094	2013.676
962.44543	2002.2424
963.60992	1989.3575
964.77435	1988.1401
965.93884	1974.5175
967.10333	1973.9563
968.26782	1960.1212
969.43231	1966.5524
970.5968	1967.5043
971.76129	1990.1116
972.92578	2009.8998
974.09027	1984.9193
975.25476	1940.1995
976.41919	1902.9214
977.58368	1953.2966
978.74817	1962.1307
979.91266	1984.3787
981.07715	1990.9802
982.24164	1943.7114
983.40613	1969.2104
984.57062	2011.1284
985.73511	1975.5078
986.89954	1975.5194
988.06403	1931.8555
989.22852	1934.7584
990.39301	1963.2178
991.5575	1961.1931
992.72198	1949.9648
993.88647	1947.674
995.05096	1945.6228
996.21545	1973.8329
997.37988	1977.6882
998.54437	1941.6766
999.70886	1932.2018
1000.8734	1930.7798
1002.0378	1917.5588
1003.2023	1923.9211
1004.3668	1957.5302
1005.5313	1948.2102
1006.6958	1916.0428
1007.8603	1943.3779
1009.0247	1879.8444
1010.1892	1856.3665
1011.3537	1925.4122
1012.5182	1886.8494
1013.6827	1906.3918
1014.8472	1855.2378
1016.0117	1887.5139
1017.1761	1894.5869
1018.3406	1903.2611
1019.5051	1925.7018
1020.6696	1919.6958
1021.834	1905.1865
1022.9985	1892.0448
1024.1631	1857.2991
1025.3275	1873.6536
1026.4919	1888.9821
1027.6565	1873.0956
1028.8209	1884.9507
1029.9855	1863.947
1031.1499	1854.1095
1032.3145	1810.158
1033.4789	1869.7058
1034.6434	1849.2429
1035.8079	1875.2932
1036.9723	1835.3287
1038.1368	1834.8252
1039.3013	1845.3114
1040.4658	1853.9285
1041.6302	1817.4633
1042.7948	1819.7125
1043.9592	1807.9619
1045.1238	1836.0472
1046.2882	1833.5897
1047.4526	1851.6152
1048.6172	1805.8661
1049.7816	1795.1013
1050.9462	1794.4485
1052.1106	1802.7644
1053.2751	1807.9636
1054.4396	1819.908
1055.6041	1805.6577
1056.7686	1769.4436
1057.933	1772.8037
1059.0975	1796.645
1060.262	1794.2933
1061.4265	1781.9993
1062.5909	1780.6423
1063.7555	1782.9827
1064.9199	1751.7852
1066.0845	1729.9929
1067.2489	1775.0187
1068.4135	1809.7059
1069.5779	1830.4352
1070.7423	1776.9933
1071.9069	1766.3322
1073.0713	1728.4761
1074.2358	1745.6674
1075.4003	1739.6761
1076.5648	1778.5204
1077.7292	1724.8992
1078.8938	1789.7461
1080.0582	1749.0835
1081.2227	1742.6398
1082.3872	1758.9677
1083.5516	1742.0459
1084.7162	1726.9092
1085.8806	1731.9695
1087.0452	1729.7708
1088.2096	1725.1541
1089.3741	1713.8215
1090.5386	1702.521
1091.703	1674.0719
1092.8676	1702.6714
1094.032	1681.1917
1095.1965	1689.9581
1096.361	1744.0892
1097.5255	1735.7623
1098.6899	1704.5975
1099.8545	1718.9818
1101.0189	1726.7598
1102.1833	1709.0266
1103.3479	1741.5483
1104.5123	1752.1034
1105.6769	1719.7665
1106.8413	1702.7897
1108.0059	1720.1926
1109.1703	1715.7085
1110.3348	1707.218
1111.4993	1701.2485
1112.6637	1710.6022
1113.8282	1736.354
1114.9927	1676.9141
1116.1572	1720.934
1117.3217	1723.5718
1118.4862	1676.5571
1119.6506	1685.3156
1120.8152	1709.4231
1121.9796	1660.8267
1123.1442	1697.6049
1124.3086	1714.4574
1125.473	1717.8271
1126.6376	1693.3685
1127.802	1690.1725
1128.9666	1720.2023
1130.131	1742.1832
1131.2955	1761.0741
1132.46	1728.2748
1133.6245	1682.8878
1134.7889	1636.7694
1135.9534	1687.7813
1137.1179	1693.0343
1138.2823	1680.9177
1139.4469	1666.4996
1140.6113	1645.8478
1141.7759	1667.2067
1142.9403	1699.4285
1144.1049	1668.5443
1145.2693	1661.6187
1146.4337	1635.2711
1147.5983	1632.778
1148.7627	1663.2264
1149.9272	1672.5055
1151.0917	1670.4982
1152.2562	1657.1193
1153.4207	1664.4136
1154.5852	1676.6019
1155.7496	1660.0703
1156.9141	1661.0991
1158.0786	1670.8168
1159.243	1661.923
1160.4076	1667.6229
1161.572	1663.4536
1162.7366	1639.1871
1163.901	1646.6807
1165.0656	1656.5929
1166.23	1632.417
1167.3944	1632.8674
1168.559	1674.7816
1169.7234	1641.0249
1170.8879	1620.4447
1172.0524	1617.9402
1173.2169	1666.149
1174.3813	1662.577
1175.5459	1591.536
1176.7103	1625.3319
1177.8749	1626.2211
1179.0393	1646.1283
1180.2037	1684.5087
1181.3683	1652.278
1182.5327	1643.3638
1183.6973	1608.3146
1184.8617	1601.4227
1186.0262	1599.4403
1187.1907	1613.2538
1188.3552	1649.7625
1189.5197	1592.2783
1190.6841	1652.1667
1191.8486	1622.7292
1193.0131	1562.4324
1194.1776	1611.4086
1195.342	1653.0918
1196.5066	1628.0393
1197.671	1567.3007
1198.8356	1596.2432
1200	1629.7794
1201.1644	1611.8834
1202.329	1640.8674
1203.4934	1640.698
1204.658	1647.0673
1205.8224	1619.0601
1206.9869	1622.7166
1208.1514	1615.7943
1209.3159	1591.8201
1210.4803	1589.0006
1211.6448	1596.9053
1212.8093	1612.6447
1213.9738	1606.4008
1215.1383	1587.6003
1216.3027	1586.0255
1217.4673	1594.4883
1218.6317	1585.2897
1219.7963	1604.5898
1220.9607	1571.1383
1222.1251	1613.2244
1223.2897	1613.8317
1224.4541	1568.7692
1225.6187	1560.2725
1226.7831	1569.9606
1227.9476	1630.8457
1229.1121	1595.4375
1230.2766	1598.516
1231.441	1607.4283
1232.6056	1592.7391
1233.77	1618.8674
1234.9344	1588.0397
1236.099	1557.8818
1237.2634	1591.6755
1238.428	1604.1565
1239.5924	1573.157
1240.757	1553.6099
1241.9214	1568.4459
1243.0859	1566.2375
1244.2504	1541.656
1245.4148	1601.3087
1246.5793	1589.7596
1247.7438	1603.1339
1248.9083	1579.5891
1250.0728	1526.0328
1251.2373	1556.8643
1252.4017	1589.29
1253.5663	1575.1559
1254.7307	1585.9067
1255.8951	1527.1857
1257.0597	1561.8748
1258.2241	1577.4325
1259.3887	1558.307
1260.5531	1596.0885
1261.7177	1548.0052
1262.8821	1540.7239
1264.0466	1530.7742
1265.2111	1538.5565
1266.3755	1554.3618
1267.54	1528.7542
1268.7045	1583.2856
1269.869	1586.1202
1271.0334	1543.7806
1272.198	1585.8744
1273.3624	1560.9442
1274.527	1559.98
1275.6914	1552.7937
1276.8558	1548.8994
1278.0204	1512.074
1279.1848	1506.3464
1280.3494	1529.191
1281.5138	1547.2245
1282.6783	1543.1714
1283.8428	1532.4791
1285.0073	1568.9524
1286.1718	1564.7806
1287.3363	1537.0009
1288.5007	1546.9823
1289.6652	1530.1548
1290.8297	1548.1902
1291.9941	1537.9777
1293.1587	1528.0958
1294.3231	1551.0381
1295.4877	1568.2699
1296.6521	1573.5277
1297.8167	1591.8373
1298.9811	1563.6077
1300.1455	1521.8826
1301.3101	1535.0751
1302.4745	1572.4216
1303.639	1575.7701
1304.8035	1560.5162
1305.968	1566.7896
1307.1324	1558.0411
1308.297	1582.2733
1309.4614	1590.4353
1310.6259	1585.7686
1311.7904	1595.213
1312.9548	1600.1843
1314.1194	1639.733
1315.2838	1654.0084
1316.4484	1634.5713
1317.6128	1608.9298
1318.7773	1649.7087
1319.9418	1652.0477
1321.1062	1658.9885
1322.2708	1651.5806
1323.4352	1656.1528
1324.5997	1653.8562
1325.7642	1663.3214
1326.9287	1678.2874
1328.0931	1697.3428
1329.2577	1699.8223
1330.4221	1717.6442
1331.5865	1719.5355
1332.7511	1706.585
1333.9155	1695.1484
1335.0801	1697.2357
1336.2445	1714.2277
1337.4091	1723.8328
1338.5735	1713.0767
1339.738	1715.5343
1340.9025	1717.2751
1342.067	1710.0734
1343.2314	1728.3822
1344.3959	1694.3043
1345.5604	1674.661
1346.7249	1690.6564
1347.8894	1658.9526
1349.0538	1679.2424
1350.2184	1667.1635
1351.3828	1672.2261
1352.5474	1641.6498
1353.7118	1617.2452
1354.8762	1596.1664
1356.0408	1653.9342
1357.2052	1638.2277
1358.3698	1628.943
1359.5342	1641.0985
1360.6987	1611.1989
1361.8632	1593.097
1363.0277	1592.2822
1364.1921	1617.0563
1365.3566	1635.3226
1366.5211	1621.3787
1367.6855	1618.902
1368.8501	1629.1798
1370.0145	1643.9286
1371.1791	1624.188
1372.3435	1641.1793
1373.5081	1630.7557
1374.6725	1640.0676
1375.8369	1628.42
1377.0015	1630.2161
1378.1659	1646.8066
1379.3304	1608.5299
1380.4949	1606.3965
1381.6594	1577.3936
1382.8239	1595.9261
1383.9884	1590.2213
1385.1528	1583.5031
1386.3173	1592.1666
1387.4818	1571.8877
1388.6462	1546.5012
1389.8108	1539.944
1390.9752	1497.9552
1392.1398	1532.4669
1393.3042	1513.0908
1394.4688	1517.7867
1395.6332	1516.5996
1396.7977	1516.9244
1397.9622	1505.0271
1399.1266	1546.0953
1400.2911	1534.042
1401.4556	1524.3179
1402.6201	1538.11
1403.7845	1517.1548
1404.9491	1510.4232
1406.1135	1509.9836
1407.2781	1460.6788
1408.4425	1453.4276
1409.6069	1495.2621
1410.7715	1500.9622
1411.9359	1475.6992
1413.1005	1457.9286
1414.2649	1449.3971
1415.4294	1452.3977
1416.5939	1487.1436
1417.7584	1442.1884
1418.9229	1441.2494
1420.0873	1461.2402
1421.2518	1448.6996
1422.4163	1416.4382
1423.5808	1419.069
1424.7452	1418.6311
1425.9098	1420.1678
1427.0742	1411.1904
1428.2388	1417.6429
1429.4032	1408.5905
1430.5676	1410.9208
1431.7322	1430.4138
1432.8966	1413.2847
1434.0612	1373.2362
1435.2256	1388.821
1436.3901	1372.5867
1437.5546	1391.7932
1438.7191	1411.4972
1439.8835	1410.8287
1441.0481	1439.002
1442.2125	1409.942
1443.377	1421.4982
1444.5415	1408.215
1445.7059	1403.4779
1446.8705	1396.0044
1448.0349	1410.3835
1449.1995	1399.5685
1450.3639	1383.4292
1451.5284	1373.5471
1452.6929	1383.2264
1453.8573	1381.2457
1455.0219	1389.7188
1456.1863	1368.7048
1457.3508	1365.4803
1458.5153	1375.9974
1459.6798	1368.7814
1460.8442	1371.6531
1462.0088	1416.1191
1463.1732	1355.1028
1464.3376	1379.46
1465.5022	1366.3536
1466.6666	1321.3036
1467.8312	1366.3007
1468.9956	1308.696
1470.1602	1351.4589
1471.3246	1367.4595
1472.4891	1323.7385
1473.6536	1327.0186
1474.818	1309.3164
1475.9825	1301.0544
1477.147	1313.3876
1478.3115	1321.9536
1479.476	1334.6233
1480.6405	1315.1176
1481.8049	1296.9386
1482.9695	1287.2032
1484.1339	1282.0293
1485.2983	1283.1099
1486.4629	1311.4928
1487.6273	1275.7478
1488.7919	1253.443
1489.9563	1272.1147
1491.1208	1285.7843
1492.2853	1257.3383
1493.4498	1288.9735
1494.6143	1227.8068
1495.7788	1228.2878
1496.9432	1235.0679
1498.1077	1247.3824
1499.2722	1233.9664
1500.4366	1244.4835
1501.6012	1235.5776
1502.7656	1237.755
1503.9302	1220.1227
1505.0946	1215.0403
1506.2592	1229.7903
1507.4236	1218.2781
1508.588	1177.0259
1509.7526	1206.6372
1510.917	1218.6847
1512.0815	1205.3309
1513.246	1249.5625
1514.4105	1187.1177
1515.575	1181.4619
1516.7395	1207.5736
1517.9039	1223.4117
1519.0684	1248.3787
1520.2329	1226.1211
1521.3973	1176.3568
1522.5619	1171.21
1523.7263	1185.7156
1524.8909	1192.1605
1526.0553	1189.9642
1527.2198	1158.4403
1528.3843	1160.0776
1529.5487	1175.3423
1530.7133	1210.8942
1531.8777	1194.0049
1533.0422	1169.5951
1534.2067	1173.0388
1535.3712	1158.2892
1536.5356	1151.8524
1537.7002	1161.7175
1538.8646	1209.9569
1540.0291	1171.9655
1541.1936	1199.6508
1542.358	1190.3973
1543.5226	1179.2012
1544.687	1173.48
1545.8516	1145.8684
1547.016	1157.4402
1548.1805	1162.6162
1549.345	1152.182
1550.5095	1160.1152
1551.674	1129.7494
1552.8384	1126.4711
1554.0029	1190.6533
1555.1674	1161.7968
1556.3319	1131.442
1557.4963	1166.7122
1558.6609	1152.5131
1559.8253	1124.9465
1560.9899	1132.5646
1562.1543	1171.6622
1563.3187	1169.7377
1564.4833	1165.066
1565.6477	1146.4435
1566.8123	1128.3993
1567.9767	1143.448
1569.1412	1131.3015
1570.3057	1133.4446
1571.4702	1117.2123
1572.6346	1103.0895
1573.7991	1121.4899
1574.9636	1110.2235
1576.1281	1106.3461
1577.2926	1107.6023
1578.457	1130.7074
1579.6216	1154.1871
1580.786	1068.2559
1581.9506	1101.8995
1583.115	1092.6354
1584.2794	1161.7467
1585.444	1096.5557
1586.6084	1164.0674
1587.7729	1157.7223
1588.9374	1094.8137
1590.1019	1128.5693
1591.2664	1139.6224
1592.4309	1130.7578
1593.5953	1115.8688
1594.7598	1104.6208
1595.9243	1155.184
1597.0887	1134.1912
1598.2533	1174.2493
1599.4177	1125.8147
1600.5823	1153.4814
1601.7467	1135.6874
1602.9113	1142.0236
1604.0757	1151.1351
1605.2402	1139.8928
1606.4047	1094.2084
1607.5691	1102.8971
1608.7336	1131.0002
1609.8981	1164.2395
1611.0626	1100.8108
1612.2271	1160.9309
1613.3916	1149.0504
1614.556	1105.5991
1615.7206	1106.0701
1616.885	1106.1641
1618.0494	1132.2618
1619.214	1120.9631
1620.3784	1155.9806
1621.543	1132.8199
1622.7074	1104.7302
1623.8719	1089.0321
1625.0364	1118.4746
1626.2009	1147.1376
1627.3654	1083.7488
1628.5298	1093.2784
1629.6943	1181.7964
1630.8588	1120.2332
1632.0233	1083.0243
1633.1877	1152.3805
1634.3523	1120.7947
1635.5167	1069.5645
1636.6813	1118.6606
1637.8457	1133.1227
1639.0101	1139.0942
1640.1747	1117.4336
1641.3391	1092.3181
1642.5037	1059.7201
1643.6681	1094.9883
1644.8326	1099.6102
1645.9971	1088.2673
1647.1616	1095.9886
1648.326	1104.3041
1649.4905	1105.1552
1650.655	1115.2828
1651.8195	1087.0245
1652.984	1087.0842
1654.1484	1092.7257
1655.313	1101.2357
1656.4774	1062.0479
1657.642	1037.2561
1658.8064	1055.505
1659.9709	1034.6205
1661.1354	1073.7509
1662.2998	1068.4254
1663.4644	1074.4429
1664.6288	1055.3942
1665.7933	1074.1458
1666.9578	1034.4988
1668.1223	1048.1412
1669.2867	1003.6092
1670.4513	1029.2325
1671.6157	1024.924
1672.7802	987.08905
1673.9447	995.5553
1675.1091	1035.2684
1676.2737	966.28308
1677.4381	977.33716
1678.6027	974.72894
1679.7671	991.77051
1680.9316	996.7951
1682.0961	989.9646
1683.2605	1005.2739
1684.425	972.08923
1685.5895	960.1153
1686.754	997.11993
1687.9185	928.59497
1689.083	991.61847
1690.2474	979.72894
1691.412	971.49188
1692.5764	936.82733
1693.7408	956.7218
1694.9054	943.25818
1696.0698	944.1803
1697.2344	969.84265
1698.3988	913.18066
1699.5634	918.28766
1700.7278	953.94025
1701.8923	906.21472
1703.0568	896.08258
1704.2212	904.13104
1705.3857	901.12885
1706.5502	898.39581
1707.7147	928.64777
1708.8792	920.2254
1710.0437	890.75391
1711.2081	897.56403
1712.3727	907.64563
1713.5371	887.75165
1714.7017	870.40326
1715.8661	882.35199
1717.0305	895.85168
1718.1951	904.13037
1719.3595	908.40204
1720.524	872.85529
1721.6885	859.17725
1722.853	875.91187
1724.0175	887.5163
1725.182	901.51428
1726.3464	881.30963
1727.5109	833.30304
1728.6754	905.99554
1729.8398	862.76465
1731.0044	856.74756
1732.1688	861.02448
1733.3334	812.25488
1734.4978	794.16949
1735.6624	821.0329
1736.8268	819.69775
1737.9912	789.64001
1739.1558	819.99695
1740.3202	820.81409
1741.4847	805.97089
1742.6492	826.4101
1743.8137	840.36102
1744.9781	832.09619
1746.1427	833.36859
1747.3071	822.15009
1748.4716	796.90332
1749.6361	767.60742
1750.8005	809.10535
1751.9651	805.68463
1753.1295	826.3147
1754.2941	820.81079
1755.4585	791.28461
1756.623	802.06091
1757.7875	810.22382
1758.9519	814.83051
1760.1165	785.36743
1761.2809	780.61023
1762.4454	763.41827
1763.6099	756.86255
1764.7744	767.24066
1765.9388	787.36108
1767.1034	744.72626
1768.2678	773.99957
1769.4324	790.70953
1770.5968	783.19879
1771.7612	771.14825
1772.9258	779.65436
1774.0902	790.82739
1775.2548	797.83685
1776.4192	760.16931
1777.5837	767.93573
1778.7482	774.23108
1779.9127	779.77924
1781.0771	783.30829
1782.2416	785.52765
1783.4061	733.34131
1784.5706	784.90912
1785.7351	760.51532
1786.8995	744.86151
1788.0641	774.78851
1789.2285	733.20007
1790.3931	735.67737
1791.5575	760.35394
1792.7219	784.36322
1793.8865	715.54962
1795.0509	730.39642
1796.2155	737.30707
1797.3799	765.59155
1798.5444	722.53723
1799.7089	714.12781
1800.8734	735.05688
1802.0378	744.98596
1803.2023	716.97003
1804.3668	715.36707
1805.5313	744.62305
1806.6958	729.83466
1807.8602	714.21521
1809.0248	695.93683
1810.1892	713.69708
1811.3538	734.72894
1812.5182	726.99811
1813.6827	707.54932
1814.8472	714.96448
1816.0116	663.30981
1817.1761	735.24713
1818.3406	664.69757
1819.5051	728.69989
1820.6696	729.07202
1821.8341	745.2771
1822.9985	695.42798
1824.1631	702.67505
1825.3275	712.57159
1826.4919	729.69879
1827.6565	744.92871
1828.8209	709.56232
1829.9855	713.55341
1831.1499	674.80438
1832.3145	719.40924
1833.4789	705.43585
1834.6434	695.33911
1835.8079	652.16473
1836.9723	694.93073
1838.1368	708.94751
1839.3013	666.56439
1840.4658	664.50665
1841.6302	663.38751
1842.7948	671.88391
1843.9592	699.32245
1845.1238	693.18231
1846.2882	720.86639
1847.4526	671.22693
1848.6172	688.47888
1849.7816	667.13007
1850.9462	676.37439
1852.1106	673.11945
1853.2751	681.79041
1854.4396	670.61023
1855.6041	643.40302
1856.7686	657.56757
1857.933	634.27484
1859.0975	662.51099
1860.262	671.43976
1861.4265	685.25897
1862.5909	647.95636
1863.7555	671.92633
1864.9199	642.25647
1866.0845	661.88843
1867.2489	703.84082
1868.4135	675.50732
1869.5779	662.22131
1870.7423	621.95795
1871.9069	657.18695
1873.0713	665.7594
1874.2358	659.25336
1875.4003	637.3078
1876.5648	603.01044
1877.7292	607.82495
1878.8938	623.11218
1880.0582	654.11584
1881.2227	646.29712
1882.3872	599.98315
1883.5516	629.47162
1884.7162	620.37469
1885.8806	615.52124
1887.0452	644.19336
1888.2096	656.06677
1889.3741	636.74475
1890.5386	608.56586
1891.703	598.53552
1892.8676	597.9068
1894.032	610.37836
1895.1965	611.20917
1896.361	634.30334
1897.5255	626.11737
1898.6899	617.46564
1899.8545	631.55408
1901.0189	581.63586
1902.1833	595.61823
1903.3479	595.80573
1904.5123	612.27509
1905.6769	627.74072
1906.8413	630.63513
1908.0059	604.8728
1909.1703	578.77515
1910.3348	593.43335
1911.4993	588.61713
1912.6637	584.40717
1913.8282	594.81317
1914.9927	592.02057
1916.1572	585.72894
1917.3217	570.68677
1918.4862	625.11218
1919.6506	609.27478
1920.8152	615.33228
1921.9796	605.31091
1923.1442	591.99164
1924.3086	585.82727
1925.473	604.41486
1926.6376	559.54504
1927.802	577.34937
1928.9666	568.09656
1930.131	577.58276
1931.2955	576.24152
1932.46	597.42517
1933.6245	575.896
1934.7889	533.7157
1935.9534	555.95117
1937.1179	566.60443
1938.2823	574.24707
1939.4469	568.63965
1940.6113	567.53375
1941.7759	557.11804
1942.9403	551.08594
1944.1049	569.2713
1945.2693	547.88995
1946.4337	538.94733
1947.5983	551.47809
1948.7627	573.26605
1949.9272	531.9209
1951.0917	552.72961
1952.2562	555.76428
1953.4207	548.70178
1954.5852	560.12012
1955.7496	530.83466
1956.9141	575.49152
1958.0786	537.02246
1959.243	536.31708
1960.4076	577.35162
1961.572	568.05994
1962.7366	530.4964
1963.901	564.08624
1965.0656	533.58643
1966.23	515.72131
1967.3944	534.20007
1968.559	528.68243
1969.7234	521.85278
1970.8879	502.03693
1972.0524	529.56006
1973.2169	527.78217
1974.3813	502.61884
1975.5459	516.98682
1976.7103	547.89368
1977.8749	540.97864
1979.0393	531.89209
1980.2037	497.03906
1981.3683	511.26825
1982.5327	538.61871
1983.6973	529.00903
1984.8617	530.50543
1986.0262	505.17267
1987.1907	482.03397
1988.3552	489.08835
1989.5197	529.14697
1990.6841	536.48169
1991.8486	521.4599
1993.0131	529.09766
1994.1776	539.59467
1995.342	520.58496
1996.5066	509.98199
1997.671	489.75162
1998.8356	488.22849
2000	496.59937
