400	10734.867
401.16449	10786.973
402.32898	10668.038
403.49344	10566.469
404.65793	10554.068
405.82242	10556.933
406.98691	10479.813
408.1514	10399.8
409.31586	10426.423
410.48035	10373.604
411.64484	10336.534
412.80933	10332.487
413.97379	10301.623
415.13828	10221.659
416.30276	10223.144
417.46725	10251.523
418.63174	10250.02
419.7962	10276.682
420.96069	10279.779
422.12518	10249.505
423.28967	10201.514
424.45416	10140.79
425.61862	10175.904
426.78311	10141.319
427.9476	10119.737
429.11209	10159.164
430.27655	10155.049
431.44104	10084.239
432.60553	10078.583
433.77002	9967.9063
434.93451	9911.1172
436.09897	9838.7168
437.26346	9677.7178
438.42795	9551.8262
439.59244	9511.4336
440.75693	9461.6777
441.92139	9353.5264
443.08588	9398.1914
444.25037	9373.8506
445.41486	9431.4678
446.57932	9420.5098
447.7438	9361.124
448.90829	9390.1221
450.07278	9486.8623
451.23727	9461.9854
452.40173	9390.1465
453.56622	9440.8867
454.73071	9403.8506
455.8952	9403.8701
457.05969	9503.6514
458.22415	9525.2803
459.38864	9640.9463
460.55313	9628.2178
461.71762	9669.1064
462.88211	9620.71
464.04657	9583.6455
465.21106	9556.2285
466.37555	9456.1904
467.54004	9346.9082
468.7045	9384.8213
469.86899	9332.0088
471.03348	9259.2764
472.19797	9184.8066
473.36246	9189.3984
474.52692	9221.7549
475.69141	9131.5967
476.8559	9091.333
478.02039	9148.2949
479.18488	9130.6455
480.34933	9185.1953
481.51382	9202.5938
482.67831	9177.6113
483.8428	9167.999
485.00726	9157.9658
486.17175	9177.1777
487.33624	9061.1445
488.50073	9051.4893
489.66522	9015.6563
490.82968	8915.8271
491.99417	8862.7783
493.15866	8895.833
494.32315	8768.4004
495.48764	8719.3418
496.6521	8720.6982
497.81659	8679.1592
498.98108	8698.1504
500.14557	8655.1846
501.31006	8552.0029
502.47452	8523.3428
503.63901	8473.8389
504.8035	8378.6318
505.96799	8350.8838
507.13245	8280.2959
508.29694	8291.5576
509.46143	8350.6611
510.62592	8369.7764
511.79041	8327.0195
512.9549	8272.207
514.11938	8230.1885
515.28381	8202.9375
516.4483	8205.8662
517.61279	8249.1221
518.77728	8277.2861
519.94177	8283.6455
521.10626	8295.4727
522.27075	8232.3926
523.43524	8391.7432
524.59973	8321.7764
525.76422	8210.6484
526.92865	8108.5728
528.09314	8125.354
529.25763	8202.1553
530.42212	8188.2466
531.58661	8187.8091
532.7511	8241.792
533.91559	8209.2256
535.08008	8189.8052
536.24457	8212.8496
537.409	8209.29
538.57349	8202.9219
539.73798	8230.8438
540.90247	8185.3315
542.06696	8237.8594
543.23145	8224.0283
544.39594	8238.5107
545.56042	8211.791
546.72491	8168.3105
547.8894	8157.7979
549.05383	8189.4683
550.21832	8227.3145
551.38281	8277.5859
552.5473	8285.2939
553.71179	8168.748
554.87628	8083.9604
556.04077	8009.5171
557.20526	7994.8501
558.36975	8012.2622
559.53418	7977.5776
560.69867	7997.6846
561.86316	7943.4238
563.02765	7875.7974
564.19214	7894.2324
565.35663	7928.7358
566.52112	7872.562
567.68561	7856.3867
568.8501	7949.7256
570.01453	7919.1768
571.17902	7894.083
572.34351	8017.2642
573.508	8020.7192
574.67249	7988.4067
575.83698	7969.6523
577.00146	7919.4927
578.16595	7867.0063
579.33044	7846.9888
580.49493	7720.4741
581.65936	7722.6865
582.82385	7668.2607
583.98834	7645.6519
585.15283	7628.5063
586.31732	7630.4565
587.48181	7700.0566
588.6463	7749.3169
589.81079	7660.373
590.97528	7657.4443
592.13971	7602.4331
593.3042	7681.4282
594.46869	7645.2935
595.63318	7570.5981
596.79767	7592.001
597.96216	7624.4043
599.12665	7630.0132
600.29114	7731.6875
601.45563	7797.0693
602.62012	7946.8267
603.78455	7920.4136
604.94904	8000.8652
606.11353	7999.8135
607.27802	8015.2329
608.4425	8032.9976
609.60699	8010.9194
610.77148	8018.5771
611.93597	8044.7285
613.10046	8130.0342
614.26489	8111.7544
615.42938	8128.7168
616.59387	8251.8818
617.75836	8330.2949
618.92285	8324.2744
620.08734	8305.6523
621.25183	8319.4424
622.41632	8314.0645
623.58081	8131.0659
624.74524	8131.5791
625.90973	8142.1855
627.07422	8145.688
628.23871	8173.6553
629.4032	8194.3818
630.56769	8169.5259
631.73218	8110.5703
632.89667	8076.2725
634.06116	8153.7319
635.22565	8144.5483
636.39008	8127.2329
637.55457	8129.1558
638.71906	8139.6475
639.88354	8134.3892
641.04803	8108.6621
642.21252	8049.9106
643.37701	7966.0874
644.5415	7983.8184
645.70599	8003.9556
646.87042	8063.8115
648.03491	8033.9272
649.1994	8084.6636
650.36389	8000.376
651.52838	7932.2163
652.69287	7967.667
653.85736	7988.2275
655.02185	7998.0962
656.18634	7992.5547
657.35083	7984.4717
658.51526	7997.0513
659.67975	7985.4053
660.84424	7924.8408
662.00873	7928.23
663.17322	7944.583
664.33771	7919.2754
665.5022	7890.4292
666.66669	7833.5005
667.83118	7737.9019
668.99561	7682.5645
670.1601	7689.0811
671.32458	7658.5708
672.48907	7624.2251
673.65356	7611.3408
674.81805	7618.1069
675.98254	7649.2227
677.14703	7664.8394
678.31152	7576.4546
679.47595	7609.7651
680.64044	7627.1196
681.80493	7624.48
682.96942	7515.666
684.13391	7469.0903
685.2984	7487.396
686.46289	7507.0454
687.62738	7476.6992
688.79187	7430.9204
689.95636	7444.1982
691.12079	7354.8472
692.28528	7356.8623
693.44977	7168.125
694.61426	7193.1499
695.77875	7154.1406
696.94324	7182.3491
698.10773	7179.9653
699.27222	7139.4878
700.43671	7146.7212
701.60114	7172.2236
702.76563	7247.0166
703.93011	7223.1255
705.0946	7231.5044
706.25909	7196.4775
707.42358	7168.7251
708.58807	7158.7178
709.75256	7146.3032
710.91705	7114.1807
712.08154	7091.5171
713.24597	7126.4346
714.41046	7195.9321
715.57495	7192.5562
716.73944	7201.6709
717.90393	7308.27
719.06842	7380.7856
720.23291	7435.1943
721.3974	7510.4175
722.56189	7580.8726
723.72632	7648.4751
724.89081	7747.8022
726.0553	7854.3315
727.21979	7920.5938
728.38428	8154.5537
729.54877	8422.4141
730.71326	8639.8662
731.87775	8945.4033
733.04224	9151.6787
734.20673	9307.6426
735.37115	9402.918
736.53564	9367.7451
737.70013	9224.8154
738.86462	9041.7695
740.02911	8781.8789
741.1936	8483.0723
742.35809	8220.1357
743.52258	8084.3013
744.68707	7960.5376
745.8515	7779.1392
747.01599	7715.4014
748.18048	7635.2544
749.34497	7574.9561
750.50946	7583.8237
751.67395	7600.707
752.83844	7603.4731
754.00293	7579.5796
755.16742	7520.9502
756.33185	7535.2935
757.49634	7449.6724
758.66083	7386.8286
759.82532	7415.7534
760.98981	7453.4619
762.1543	7425.7954
763.31879	7367.269
764.48328	7315.064
765.64777	7261.7891
766.81226	7252.916
767.97668	7344.1851
769.14117	7356.2935
770.30566	7261.9072
771.47015	7343.4434
772.63464	7348.8477
773.79913	7293.6362
774.96362	7280.5649
776.12811	7278.3394
777.2926	7278.8906
778.45703	7244.2676
779.62152	7181.416
780.78601	7248.7227
781.9505	7314.8486
783.11499	7297.5269
784.27948	7283.7397
785.44397	7352.9185
786.60846	7311.4199
787.77295	7344.7168
788.93744	7351.0078
790.10187	7354.5801
791.26636	7342.5078
792.43085	7332.1475
793.59534	7331.3696
794.75983	7284.9434
795.92432	7291.9448
797.08881	7239.7949
798.2533	7420.7695
799.41779	7393.6807
800.58221	7433.5054
801.7467	7481.2729
802.91119	7505.6328
804.07568	7507.5894
805.24017	7482.8525
806.40466	7486.4487
807.56915	7558.46
808.73364	7627.7725
809.89813	7627.3677
811.06256	7664.5103
812.22705	7746.6616
813.39154	7795.8608
814.55603	7833.0205
815.72052	7856.8691
816.88501	7806.4219
818.0495	7937.6558
819.21399	7983.3804
820.37848	7970.0977
821.54297	7986.9351
822.7074	8031.1636
823.87189	8093.9673
825.03638	8146.8975
826.20087	8165.2319
827.36536	8126.8179
828.52985	8155.0044
829.69434	8177.2471
830.85883	8148.2896
832.02332	8121.0142
833.18774	8056.8682
834.35223	7983.0166
835.51672	7898.5342
836.68121	7841.103
837.8457	7847.1304
839.01019	7890.9849
840.17468	7892.2383
841.33917	7851.4155
842.50366	7933.6055
843.66815	7881.4331
844.83258	8055.2783
845.99707	8067.2095
847.16156	8089.6118
848.32605	8035.2412
849.49054	8031.001
850.65503	8006.9043
851.81952	7967.2329
852.98401	7949.5977
854.1485	7886.5708
855.31293	7832.8281
856.47742	7833.1768
857.64191	7737.9102
858.8064	7784.2222
859.97089	7934.6479
861.13538	7837.3091
862.29987	8033.7754
863.46436	7945.5288
864.62885	7980.9331
865.79327	8011.9502
866.95776	8080.877
868.12225	8088.5649
869.28674	8169.9521
870.45123	8263.5244
871.61572	8308.3994
872.78021	8313.9883
873.9447	8271.123
875.10919	8282.6328
876.27368	8255.3174
877.43811	8107.0723
878.6026	7972.9316
879.76709	7795.6909
880.93158	7726.2446
882.09607	7659.3081
883.26056	7629.9814
884.42505	7709.3145
885.58954	7680.2544
886.75403	7617.0532
887.91846	7629.6396
889.08295	7575.3003
890.24744	7499.7217
891.41193	7536.2603
892.57642	7526.8931
893.74091	7492.2432
894.9054	7419.2417
896.06989	7393.9985
897.23438	7414.1807
898.39886	7475.0063
899.56329	7445.27
900.72778	7376.9453
901.89227	7344.1582
903.05676	7352.835
904.22125	7335.688
905.38574	7352.4321
906.55023	7351.3965
907.71472	7450.084
908.87921	7529.9985
910.04364	7508.2842
911.20813	7549.3867
912.37262	7448.187
913.53711	7468.7979
914.7016	7434.8716
915.86609	7375.9868
917.03058	7432.4028
918.19507	7270.6162
919.35956	7297.8623
920.52405	7245.166
921.68848	7303.1533
922.85297	7327.5874
924.01746	7323.626
925.18195	7349.439
926.34644	7339.3105
927.51093	7357.999
928.67542	7408.2671
929.8399	7426.252
931.00439	7428.457
932.16882	7386.52
933.33331	7360.7725
934.4978	7311.585
935.66229	7283.5244
936.82678	7251.9956
937.99127	7267.8374
939.15576	7284.5239
940.32025	7256.939
941.48474	7195.6191
942.64917	7270.1636
943.81366	7214.1245
944.97815	7268.6421
946.14264	7299.8755
947.30713	7304.0762
948.47162	7263.0742
949.63611	7241.2441
950.8006	7258.3555
951.96509	7209.3052
953.12958	7163.2627
954.29401	7165.4155
955.4585	7154.979
956.62299	7154.0391
957.78748	7216.6406
958.95197	7231.3037
960.11646	7260.4136
961.28094	7196.1069
962.44543	7297.9717
963.60992	7291.8984
964.77435	7324.6631
965.93884	7341.5044
967.10333	7224.687
968.26782	7197.5474
969.43231	7201.4351
970.5968	7090.5371
971.76129	6993.9326
972.92578	6988.9526
974.09027	6977.0381
975.25476	6902.8794
976.41919	6807.7495
977.58368	6754.0854
978.74817	6672.8789
979.91266	6697.0078
981.07715	6589.3018
982.24164	6552.7964
983.40613	6563.5415
984.57062	6525.3828
985.73511	6524.4209
986.89954	6540.1138
988.06403	6479.4741
989.22852	6502.9263
990.39301	6523.021
991.5575	6492.6133
992.72198	6511.5078
993.88647	6483.6167
995.05096	6490.3794
996.21545	6559.4243
997.37988	6581.2886
998.54437	6566.2192
999.70886	6594.4819
1000.8734	6649.5078
1002.0378	6711.0552
1003.2023	6752.7813
1004.3668	6688.085
1005.5313	6692.7314
1006.6958	6616.563
1007.8603	6711.373
1009.0247	6604.3174
1010.1892	6562.3423
1011.3537	6528.0835
1012.5182	6560.1602
1013.6827	6477.7056
1014.8472	6448.5703
1016.0117	6477.6914
1017.1761	6479.1597
1018.3406	6477.5576
1019.5051	6427.5347
1020.6696	6450.5078
1021.834	6425.9204
1022.9985	6398.8955
1024.1631	6393.8032
1025.3275	6386.9004
1026.4919	6387.6934
1027.6565	6397.4893
1028.8209	6421.7749
1029.9855	6421.9229
1031.1499	6397.5952
1032.3145	6431.1167
1033.4789	6455.6577
1034.6434	6415.9146
1035.8079	6477.7983
1036.9723	6397.7759
1038.1368	6415.6504
1039.3013	6342.6997
1040.4658	6405.1221
1041.6302	6328.5059
1042.7948	6333.0278
1043.9592	6361.2681
1045.1238	6360.9697
1046.2882	6348.8311
1047.4526	6351.7861
1048.6172	6310.9736
1049.7816	6277.9053
1050.9462	6278.1812
1052.1106	6255.1235
1053.2751	6256.728
1054.4396	6267.7891
1055.6041	6264.9043
1056.7686	6245.8843
1057.933	6253.2505
1059.0975	6292.5483
1060.262	6329.103
1061.4265	6355.6196
1062.5909	6363.0708
1063.7555	6368.0933
1064.9199	6350.0054
1066.0845	6311.6416
1067.2489	6363.1475
1068.4135	6413.7388
1069.5779	6410.8555
1070.7423	6475.7915
1071.9069	6578.9048
1073.0713	6512.7505
1074.2358	6558.5308
1075.4003	6595.3999
1076.5648	6655.6621
1077.7292	6553.686
1078.8938	6690.4229
1080.0582	6678.6758
1081.2227	6655.5117
1082.3872	6547.5068
1083.5516	6523.8511
1084.7162	6538.4336
1085.8806	6499.0332
1087.0452	6504.3384
1088.2096	6553.2373
1089.3741	6593.1855
1090.5386	6579.2358
1091.703	6604.2656
1092.8676	6682.6479
1094.032	6667.0771
1095.1965	6655.7437
1096.361	6758.0713
1097.5255	6828.4546
1098.6899	6843.3779
1099.8545	6815.4243
1101.0189	6842.6753
1102.1833	6926.4429
1103.3479	6887.3247
1104.5123	6922.1372
1105.6769	6975.5137
1106.8413	6984.3369
1108.0059	6969.2598
1109.1703	6972.3374
1110.3348	7024.9531
1111.4993	7143.8027
1112.6637	7176.064
1113.8282	7146.3184
1114.9927	7185.2148
1116.1572	7131.8193
1117.3217	7150.4146
1118.4862	7210.2969
1119.6506	7187.1851
1120.8152	7324.2144
1121.9796	7358.3237
1123.1442	7365.915
1124.3086	7470.3726
1125.473	7432.9243
1126.6376	7645.9287
1127.802	7697.7651
1128.9666	7707.6875
1130.131	7772.2954
1131.2955	7830.7178
1132.46	7732.3945
1133.6245	7798.228
1134.7889	7877.8945
1135.9534	7843.0601
1137.1179	7972.4712
1138.2823	8083.3486
1139.4469	8169.4844
1140.6113	8200.7471
1141.7759	8275.8672
1142.9403	8247.7939
1144.1049	8325.1709
1145.2693	8500.4463
1146.4337	8614.1709
1147.5983	8595.8652
1148.7627	8621.3037
1149.9272	8619.8408
1151.0917	8506.6963
1152.2562	8513.1396
1153.4207	8529.5254
1154.5852	8479.9141
1155.7496	8518.5996
1156.9141	8524.7539
1158.0786	8515.416
1159.243	8540.5107
1160.4076	8537.9121
1161.572	8592.8682
1162.7366	8628.9014
1163.901	8576.376
1165.0656	8533.3477
1166.23	8577.627
1167.3944	8659.3857
1168.559	8717.0098
1169.7234	8788.8311
1170.8879	8900.4443
1172.0524	8998.4512
1173.2169	9063.1533
1174.3813	9009.7646
1175.5459	8980.9756
1176.7103	9030.1533
1177.8749	9038.7715
1179.0393	9024.4443
1180.2037	8964.9414
1181.3683	8958.46
1182.5327	8943.4727
1183.6973	8951.1484
1184.8617	8850.7578
1186.0262	8797.3789
1187.1907	8818.9287
1188.3552	8714.9063
1189.5197	8685.5391
1190.6841	8607.915
1191.8486	8641.2627
1193.0131	8529.8564
1194.1776	8478.9141
1195.342	8394.7139
1196.5066	8487.7041
1197.671	8368.8359
1198.8356	8235.0098
1200	8102.5835
1201.1644	7980.3438
1202.329	7893.6494
1203.4934	7769.9741
1204.658	7702.144
1205.8224	7683.8682
1206.9869	7625.9561
1208.1514	7696.0864
1209.3159	7580.2046
1210.4803	7631.9336
1211.6448	7568.355
1212.8093	7519.4614
1213.9738	7596.4287
1215.1383	7642.7891
1216.3027	7651.9287
1217.4673	7613.77
1218.6317	7691.5313
1219.7963	7745.606
1220.9607	7775.5088
1222.1251	7793.876
1223.2897	7803.1182
1224.4541	7878.4707
1225.6187	7962.1592
1226.7831	7908.0581
1227.9476	7973.5674
1229.1121	7982.0576
1230.2766	8106.8657
1231.441	8140.0039
1232.6056	8111.9302
1233.77	8217.3643
1234.9344	8246.085
1236.099	8260.1465
1237.2634	8268.9072
1238.428	8292.7266
1239.5924	8311.4287
1240.757	8347.2744
1241.9214	8309.375
1243.0859	8215.6572
1244.2504	8276.7188
1245.4148	8334.5898
1246.5793	8317.8496
1247.7438	8381.2627
1248.9083	8402.0654
1250.0728	8473.8398
1251.2373	8455.6709
1252.4017	8491.2754
1253.5663	8457.2881
1254.7307	8408.8311
1255.8951	8399.293
1257.0597	8215.1934
1258.2241	8236.6689
1259.3887	8149.3579
1260.5531	8124.6074
1261.7177	8062.5649
1262.8821	8122.6343
1264.0466	8091.3564
1265.2111	8114.3882
1266.3755	8138.8628
1267.54	8148.1626
1268.7045	8169.3418
1269.869	8160.3096
1271.0334	8202.4336
1272.198	8157.418
1273.3624	8215.0371
1274.527	8130.2412
1275.6914	8044.687
1276.8558	7979.0737
1278.0204	7972.7979
1279.1848	7961.2095
1280.3494	7861.0439
1281.5138	7813.2715
1282.6783	7747.4067
1283.8428	7722.2002
1285.0073	7692.0015
1286.1718	7684.5977
1287.3363	7724.6465
1288.5007	7667.1362
1289.6652	7683.1279
1290.8297	7682.3066
1291.9941	7697.7588
1293.1587	7741.0015
1294.3231	7727.5039
1295.4877	7749.3389
1296.6521	7756.0586
1297.8167	7779.1646
1298.9811	7779.1343
1300.1455	7782.0562
1301.3101	7792.5132
1302.4745	7770.5498
1303.639	7752.5449
1304.8035	7800.0918
1305.968	7837.9321
1307.1324	7822.9312
1308.297	7840.2632
1309.4614	7833.5635
1310.6259	7802.7666
1311.7904	7819.6255
1312.9548	7774.0718
1314.1194	7735.0107
1315.2838	7709.2119
1316.4484	7679.5054
1317.6128	7691.6626
1318.7773	7695.791
1319.9418	7623.5444
1321.1062	7513.8496
1322.2708	7521.6343
1323.4352	7452.4717
1324.5997	7446.333
1325.7642	7386.7197
1326.9287	7296.002
1328.0931	7287.7607
1329.2577	7262.4858
1330.4221	7301.5669
1331.5865	7254.0493
1332.7511	7288.7715
1333.9155	7200.4253
1335.0801	7204.7637
1336.2445	7165.7905
1337.4091	7186.8232
1338.5735	7132.0801
1339.738	7085.6816
1340.9025	7157.9468
1342.067	7089.4639
1343.2314	7075.0366
1344.3959	7034.7046
1345.5604	7027.6074
1346.7249	6981.1777
1347.8894	6938.4175
1349.0538	6905.0693
1350.2184	6845.4443
1351.3828	6868.353
1352.5474	6811.23
1353.7118	6821.1685
1354.8762	6811.0513
1356.0408	6730.6738
1357.2052	6719.1499
1358.3698	6739.1768
1359.5342	6713.7202
1360.6987	6668.9189
1361.8632	6600.3066
1363.0277	6598.2192
1364.1921	6676.1924
1365.3566	6683.4834
1366.5211	6641.3257
1367.6855	6708.4336
1368.8501	6724.5068
1370.0145	6711.5322
1371.1791	6720.5757
1372.3435	6717.9292
1373.5081	6696.3325
1374.6725	6613.5679
1375.8369	6539.6294
1377.0015	6454.6519
1378.1659	6411.2339
1379.3304	6308.772
1380.4949	6285.8203
1381.6594	6257.8408
1382.8239	6187.6494
1383.9884	6178.3599
1385.1528	6113.6104
1386.3173	6105.1772
1387.4818	6138.0039
1388.6462	6112.7388
1389.8108	6077.46
1390.9752	6106.9375
1392.1398	6082.3691
1393.3042	6121.0347
1394.4688	6169.9512
1395.6332	6166.3682
1396.7977	6186.0103
1397.9622	6218.0708
1399.1266	6308.1431
1400.2911	6392.6772
1401.4556	6404.4678
1402.6201	6354.1338
1403.7845	6396.9561
1404.9491	6433.1943
1406.1135	6435.0928
1407.2781	6424.1509
1408.4425	6426.9434
1409.6069	6384.6074
1410.7715	6361.1152
1411.9359	6405.9771
1413.1005	6381.0439
1414.2649	6344.7837
1415.4294	6411.5718
1416.5939	6467.4863
1417.7584	6460.6592
1418.9229	6506.7856
1420.0873	6500.6943
1421.2518	6570.228
1422.4163	6593.7036
1423.5808	6649.8369
1424.7452	6688.2207
1425.9098	6672.0796
1427.0742	6707.9321
1428.2388	6776.6284
1429.4032	6806.6997
1430.5676	6895.272
1431.7322	6895.4839
1432.8966	6938.7271
1434.0612	6966.9531
1435.2256	7030.2588
1436.3901	7052.1089
1437.5546	7012.9658
1438.7191	7044.3804
1439.8835	7145.6895
1441.0481	7144.4346
1442.2125	7213.0957
1443.377	7173.9858
1444.5415	7193.8682
1445.7059	7196.3867
1446.8705	7180.0151
1448.0349	7178.5708
1449.1995	7183.5928
1450.3639	7179.355
1451.5284	7213.9595
1452.6929	7235.5112
1453.8573	7229.208
1455.0219	7234.9033
1456.1863	7267.8594
1457.3508	7252.0029
1458.5153	7266.2417
1459.6798	7293.1899
1460.8442	7263.2104
1462.0088	7276.2446
1463.1732	7242.7393
1464.3376	7292.209
1465.5022	7260.4087
1466.6666	7248.0854
1467.8312	7262.2563
1468.9956	7209.8066
1470.1602	7297.2036
1471.3246	7292.3066
1472.4891	7275.7778
1473.6536	7310.79
1474.818	7395.0625
1475.9825	7399.1704
1477.147	7413.96
1478.3115	7427.7393
1479.476	7426.4204
1480.6405	7415.3315
1481.8049	7440.3052
1482.9695	7430.6958
1484.1339	7472.1953
1485.2983	7493.3242
1486.4629	7509.3096
1487.6273	7480.3521
1488.7919	7556.2485
1489.9563	7578.1768
1491.1208	7622.5293
1492.2853	7671.2573
1493.4498	7712.7104
1494.6143	7803.1841
1495.7788	7836.2925
1496.9432	7887.563
1498.1077	7921.041
1499.2722	7944.8491
1500.4366	8034.7837
1501.6012	8067.8433
1502.7656	8058.6406
1503.9302	8148.4844
1505.0946	8148.7324
1506.2592	8163.6538
1507.4236	8193.5898
1508.588	8222.5703
1509.7526	8243.5322
1510.917	8273.9971
1512.0815	8285.46
1513.246	8288.0195
1514.4105	8311.6719
1515.575	8324.5615
1516.7395	8357.8428
1517.9039	8327.2832
1519.0684	8345.6123
1520.2329	8500.875
1521.3973	8468.9209
1522.5619	8412.8047
1523.7263	8371.9697
1524.8909	8401.4346
1526.0553	8392.6689
1527.2198	8347.8408
1528.3843	8335.8145
1529.5487	8344.5723
1530.7133	8334.1807
1531.8777	8262.2939
1533.0422	8196.5313
1534.2067	8141.6636
1535.3712	8129.999
1536.5356	8119.5073
1537.7002	8162.7495
1538.8646	8062.1064
1540.0291	8075.0469
1541.1936	8089.5225
1542.358	8042.168
1543.5226	8113.2212
1544.687	8110.7681
1545.8516	8136.8906
1547.016	8102.8623
1548.1805	8131.9102
1549.345	8031.9937
1550.5095	8011.9741
1551.674	7973.5327
1552.8384	7927.8047
1554.0029	7888.8423
1555.1674	7778.8101
1556.3319	7704.9766
1557.4963	7666.4648
1558.6609	7675.5083
1559.8253	7677.2192
1560.9899	7660.8301
1562.1543	7673.4063
1563.3187	7572.9893
1564.4833	7615.3379
1565.6477	7574.6104
1566.8123	7526.1704
1567.9767	7512.9531
1569.1412	7502.5298
1570.3057	7444.5923
1571.4702	7394.2202
1572.6346	7373.0728
1573.7991	7351.1396
1574.9636	7329.9028
1576.1281	7293.5942
1577.2926	7264.6533
1578.457	7251.3271
1579.6216	7267.1689
1580.786	7245.0225
1581.9506	7249.106
1583.115	7181.3696
1584.2794	7162.9448
1585.444	7130.8423
1586.6084	7065.8774
1587.7729	6998.6675
1588.9374	6909.0151
1590.1019	6809.332
1591.2664	6774.6704
1592.4309	6673.8794
1593.5953	6595.6338
1594.7598	6504.2476
1595.9243	6430.4014
1597.0887	6423.5342
1598.2533	6317.6626
1599.4177	6312.5859
1600.5823	6233.3457
1601.7467	6196.9087
1602.9113	6093.2183
1604.0757	5984.3843
1605.2402	5955.3818
1606.4047	5873.5562
1607.5691	5742.1196
1608.7336	5630.5342
1609.8981	5603.1318
1611.0626	5551.4043
1612.2271	5394.2358
1613.3916	5319.3647
1614.556	5226.103
1615.7206	5153.7202
1616.885	4874.6279
1618.0494	4788.9639
1619.214	4658.3569
1620.3784	4595.6328
1621.543	4514.8911
1622.7074	4371.0825
1623.8719	4291.3364
1625.0364	4203.2324
1626.2009	4037.8867
1627.3654	3965.8931
1628.5298	3832.2334
1629.6943	3665.9731
1630.8588	3653.6348
1632.0233	3583.7451
1633.1877	3492.4485
1634.3523	3371.3364
1635.5167	3345.998
1636.6813	3337.6169
1637.8457	3231.0764
1639.0101	3213.0737
1640.1747	3119.804
1641.3391	3024.2859
1642.5037	3008.7004
1643.6681	2969.1057
1644.8326	2958.5315
1645.9971	2894.0063
1647.1616	2851.3474
1648.326	2755.4426
1649.4905	2713.9634
1650.655	2698.9827
1651.8195	2597.2747
1652.984	2501.8171
1654.1484	2487.8311
1655.313	2409.1045
1656.4774	2388.7441
1657.642	2334.8801
1658.8064	2188.4883
1659.9709	2146.6133
1661.1354	2185.5032
1662.2998	2077.4417
1663.4644	2090.5427
1664.6288	1987.1783
1665.7933	1977.1844
1666.9578	1965.079
1668.1223	1883.5167
1669.2867	1886.34
1670.4513	1858.1251
1671.6157	1806.8654
1672.7802	1774.153
1673.9447	1723.8619
1675.1091	1668.5477
1676.2737	1658.8002
1677.4381	1637.4972
1678.6027	1664.2119
1679.7671	1630.8961
1680.9316	1620.0577
1682.0961	1572.7963
1683.2605	1544.5189
1684.425	1490.4994
1685.5895	1537.9264
1686.754	1514.5033
1687.9185	1524.5084
1689.083	1490.2045
1690.2474	1442.8348
1691.412	1500.3129
1692.5764	1488.6986
1693.7408	1442.5438
1694.9054	1407.1207
1696.0698	1391.402
1697.2344	1362.515
1698.3988	1382.444
1699.5634	1382.3824
1700.7278	1370.984
1701.8923	1355.9791
1703.0568	1358.8197
1704.2212	1365.8654
1705.3857	1289.202
1706.5502	1277.1744
1707.7147	1291.4701
1708.8792	1325.3365
1710.0437	1307.1361
1711.2081	1288.6783
1712.3727	1327.045
1713.5371	1293.6034
1714.7017	1282.9464
1715.8661	1282.7579
1717.0305	1257.371
1718.1951	1271.7352
1719.3595	1292.0454
1720.524	1278.1324
1721.6885	1238.4291
1722.853	1252.3187
1724.0175	1256.1539
1725.182	1245.4308
1726.3464	1215.9542
1727.5109	1204.4076
1728.6754	1204.6031
1729.8398	1172.3192
1731.0044	1207.8693
1732.1688	1202.3492
1733.3334	1169.0663
1734.4978	1170.576
1735.6624	1152.7355
1736.8268	1159.3866
1737.9912	1112.5863
1739.1558	1075.9413
1740.3202	1061.3856
1741.4847	1063.0641
1742.6492	1081.9723
1743.8137	1072.1976
1744.9781	1078.2052
1746.1427	1059.4674
1747.3071	998.06775
1748.4716	1021.2418
1749.6361	1048.524
1750.8005	1009.2496
1751.9651	984.3512
1753.1295	1019.4432
1754.2941	1006.7228
1755.4585	1032.7731
1756.623	975.64563
1757.7875	978.12048
1758.9519	962.35046
1760.1165	964.19666
1761.2809	912.57751
1762.4454	919.61829
1763.6099	918.52844
1764.7744	918.59753
1765.9388	881.33386
1767.1034	870.0177
1768.2678	864.18494
1769.4324	888.88318
1770.5968	876.94006
1771.7612	886.98328
1772.9258	880.6051
1774.0902	820.57922
1775.2548	834.08411
1776.4192	855.55408
1777.5837	810.84619
1778.7482	816.70032
1779.9127	820.2323
1781.0771	798.10083
1782.2416	780.82642
1783.4061	771.69397
1784.5706	788.90259
1785.7351	809.53088
1786.8995	792.10364
1788.0641	809.84204
1789.2285	780.59839
1790.3931	769.37927
1791.5575	787.32434
1792.7219	770.76953
1793.8865	740.17224
1795.0509	706.67371
1796.2155	736.84229
1797.3799	768.56116
1798.5444	747.31995
1799.7089	742.40277
1800.8734	734.29382
1802.0378	694.98267
1803.2023	682.37659
1804.3668	710.50317
1805.5313	688.61584
1806.6958	698.26447
1807.8602	679.01208
1809.0248	674.98132
1810.1892	705.10718
1811.3538	713.06116
1812.5182	685.04126
1813.6827	677.58691
1814.8472	691.08533
1816.0116	637.99573
1817.1761	660.78339
1818.3406	666.74646
1819.5051	665.22681
1820.6696	668.39978
1821.8341	655.75452
1822.9985	666.65393
1824.1631	626.20178
1825.3275	640.08313
1826.4919	625.25464
1827.6565	665.58972
1828.8209	640.23743
1829.9855	642.9231
1831.1499	616.69434
1832.3145	606.2356
1833.4789	594.57678
1834.6434	598.47913
1835.8079	621.52039
1836.9723	650.30115
1838.1368	588.354
1839.3013	604.07422
1840.4658	595.29651
1841.6302	572.87891
1842.7948	593.76733
1843.9592	568.14063
1845.1238	572.03345
1846.2882	581.50549
1847.4526	585.06738
1848.6172	580.60474
1849.7816	580.14893
1850.9462	559.75269
1852.1106	561.69934
1853.2751	536.39832
1854.4396	546.98792
1855.6041	505.79553
1856.7686	544.08472
1857.933	516.09094
1859.0975	498.5708
1860.262	505.73914
1861.4265	496.3829
1862.5909	511.6134
1863.7555	519.55383
1864.9199	475.61133
1866.0845	488.33374
1867.2489	482.24292
1868.4135	466.16617
1869.5779	456.02673
1870.7423	484.46619
1871.9069	523.34265
1873.0713	508.94934
1874.2358	441.45544
1875.4003	450.99243
1876.5648	449.26758
1877.7292	452.07202
1878.8938	477.01611
1880.0582	470.06934
1881.2227	436.10791
1882.3872	418.78333
1883.5516	460.57971
1884.7162	457.72083
1885.8806	438.73154
1887.0452	443.34607
1888.2096	421.55478
1889.3741	429.19727
1890.5386	458.24353
1891.703	437.79541
1892.8676	464.97778
1894.032	438.34753
1895.1965	421.47437
1896.361	429.08554
1897.5255	475.68567
1898.6899	385.44885
1899.8545	425.2417
1901.0189	396.26059
1902.1833	422.54337
1903.3479	407.69946
1904.5123	419.45789
1905.6769	403.55786
1906.8413	418.49304
1908.0059	404.9194
1909.1703	399.98593
1910.3348	409.06543
1911.4993	403.88245
1912.6637	397.03467
1913.8282	382.51355
1914.9927	378.8772
1916.1572	367.89856
1917.3217	379.42764
1918.4862	384.51431
1919.6506	357.58313
1920.8152	389.03088
1921.9796	385.9465
1923.1442	360.84802
1924.3086	346.11084
1925.473	322.79175
1926.6376	328.30591
1927.802	330.93872
1928.9666	340.72131
1930.131	343.09827
1931.2955	348.59424
1932.46	333.88477
1933.6245	353.9364
1934.7889	318.05737
1935.9534	333.2616
1937.1179	298.84558
1938.2823	292.04395
1939.4469	320.85291
1940.6113	328.7583
1941.7759	264.0686
1942.9403	298.46118
1944.1049	292.26086
1945.2693	295.81909
1946.4337	273.15637
1947.5983	278.4574
1948.7627	252.50539
1949.9272	250.82323
1951.0917	251.63525
1952.2562	281.16052
1953.4207	272.46521
1954.5852	272.85559
1955.7496	268.021
1956.9141	248.78625
1958.0786	255.40651
1959.243	221.30176
1960.4076	253.6765
1961.572	275.59583
1962.7366	239.03625
1963.901	244.98474
1965.0656	236.84705
1966.23	248.95461
1967.3944	231.22377
1968.559	241.05273
1969.7234	236.66516
1970.8879	214.79283
1972.0524	147.05017
1973.2169	222.26367
1974.3813	211.2373
1975.5459	235.21838
1976.7103	211.03625
1977.8749	191.92456
1979.0393	192.02966
1980.2037	224.17433
1981.3683	210.00195
1982.5327	214.58765
1983.6973	213.36963
1984.8617	202.18933
1986.0262	206.40686
1987.1907	198.07629
1988.3552	147.58752
1989.5197	193.86475
1990.6841	184.82593
1991.8486	170.94934
1993.0131	167.32739
1994.1776	182.27051
1995.342	179.69006
1996.5066	158.27441
1997.671	171.29077
1998.8356	155.26978
2000	168.46411
