400	6341.4292
402.82187	6347.0356
405.64374	6331.9009
408.46561	6386.4507
411.28748	6275.5767
414.10934	6382.8037
416.93121	6405.1719
419.75308	6381.436
422.57495	6352.7544
425.39682	6311.5356
428.21869	6308.2539
431.04056	6320.209
433.86243	6283.6816
436.6843	6214.5942
439.50616	6166.5474
442.32803	6063.4717
445.1499	6039.7119
447.97177	5986.209
450.79364	6030.2314
453.61551	5967.2017
456.43738	5944.9531
459.25925	5906.4531
462.08112	5916.2808
464.90298	5892.416
467.72485	5797.7603
470.54672	5781.0908
473.36862	5784.1621
476.19049	5762.2803
479.01236	5782.1763
481.83423	5693.8022
484.6561	5765.1274
487.47797	5767.063
490.29984	5698.9517
493.1217	5740.0112
495.94357	5710.6636
498.76544	5627.4697
501.58731	5604.4658
504.40918	5559.9199
507.23105	5486.2236
510.05292	5485.2515
512.87476	5404.3857
515.69666	5573.3843
518.51849	5413.2524
521.34039	5411.8911
524.16223	5393.2119
526.98413	5426.2705
529.80597	5470.7734
532.62787	5518.7354
535.44971	5541.0942
538.27161	5603.8325
541.09344	5734.5298
543.91534	5708.5024
546.73724	5715.3413
549.55908	5751.645
552.38098	5838.9243
555.20282	5812.6274
558.02472	5825.5483
560.84656	5867.2871
563.66846	5780.6089
566.4903	5717.1138
569.31219	5587.4429
572.13403	5435.6338
574.95593	5350.5972
577.77777	5301.3774
580.59967	5281.1128
583.42151	5242.3838
586.24341	5260.0449
589.06525	5225.6177
591.88715	5189.1265
594.70898	5178.9199
597.53088	5197.7441
600.35272	5211.6777
603.17462	5193.6318
605.99646	5289.4482
608.81836	5374.5908
611.6402	5438.5898
614.4621	5555.2749
617.28394	5694.7144
620.10583	5778.8276
622.92767	5775.5396
625.74957	5818.1147
628.57141	5807.8931
631.39331	5708.498
634.21515	5631.2969
637.03705	5610.1689
639.85889	5509.7998
642.68079	5436.8804
645.50262	5386.145
648.32452	5265.9736
651.14636	5242.8042
653.96826	5253.1758
656.7901	5196.0723
659.612	5110.7632
662.43384	5066.1685
665.25574	5110.2544
668.07758	5070.8838
670.89948	5001.0024
673.72131	5042.8198
676.54321	4987.8608
679.36505	5111.6978
682.18695	5119.813
685.00879	5199.1099
687.83069	5245.3232
690.65253	5331.3906
693.47443	5356.3076
696.29633	5306.4707
699.11816	5308.3574
701.94006	5260.9912
704.7619	5206.0181
707.5838	5291.6514
710.40564	5350.1743
713.22754	5440.71
716.04938	5790.48
718.87128	6227.356
721.69312	7025.9014
724.51501	8420.1934
727.33685	10487.942
730.15875	13071.171
732.98059	14998.385
735.80249	15732.932
738.62433	15379.889
741.44623	13580.063
744.26807	10973.808
747.08997	8724.3252
749.9118	7213.9883
752.7337	6347.915
755.55554	5968.7495
758.37744	5835.5859
761.19928	5789.1152
764.02118	5747.2446
766.84302	5634.8555
769.66492	5486.6367
772.48676	5455.4771
775.30865	5386.2983
778.13049	5279.6772
780.95239	5270.3818
783.77423	5180.3315
786.59613	5267.396
789.41797	5262.2959
792.23987	5167.9468
795.06171	5237.0005
797.88361	5221.7227
800.70544	5154.4561
803.52734	5129.5137
806.34918	5086.8364
809.17108	5010.7749
811.99292	4947.8955
814.81482	4916.2412
817.63666	4914.9189
820.45856	4906.5396
823.2804	4880.5229
826.10229	4901.1118
828.92413	4907.7822
831.74603	4991.6641
834.56787	4942.8257
837.38977	4953.4077
840.21167	4968.2056
843.03351	4940.5088
845.85541	5077.2925
848.67725	5038.9048
851.49915	5030.5259
854.32098	5053.6904
857.14288	5051.9805
859.96472	5021.0259
862.78662	5071.561
865.60846	5097.3257
868.43036	5058.208
871.2522	5058.3438
874.0741	5039.3833
876.89594	5071.0547
879.71783	5149.646
882.53967	5203.605
885.36157	5292.3594
888.18341	5219.8267
891.00531	5233.8218
893.82715	5290.9307
896.64905	5234.9941
899.47089	5152.3721
902.29279	5193.8135
905.11462	5043.6704
907.93652	5075.252
910.75836	5152.1455
913.58026	5094.2583
916.4021	5203.3496
919.224	5131.2656
922.04584	5080.8003
924.86774	5252.7632
927.68958	5379.7422
930.51147	5366.6064
933.33331	5296.9795
936.15521	5241.8867
938.97705	5199.7061
941.79895	5266.9795
944.62079	5263.814
947.44269	5290.4258
950.26453	5356.1724
953.08643	5476.8184
955.90826	5647.0298
958.73016	5808.4424
961.552	5886.313
964.3739	5929.4727
967.19574	5991.5049
970.01764	5884.4258
972.83948	5794.2017
975.66138	5774.2739
978.48322	5756.0078
981.30511	5697.0117
984.12701	5806.459
986.94885	5857.5625
989.77075	5791.1475
992.59259	5917.9014
995.41449	5946.8545
998.23633	5944.8491
1001.0582	6071.3633
1003.8801	6200.5806
1006.702	6214.4741
1009.5238	6183.5127
1012.3457	6327.7109
1015.1675	6307.0986
1017.9894	6272.8384
1020.8113	6348.2207
1023.6332	6296.6406
1026.4551	6180.165
1029.2769	6100.1455
1032.0988	6039.9639
1034.9207	6004.0835
1037.7426	5997.5381
1040.5643	5884.3257
1043.3862	5844.3647
1046.2081	5821.02
1049.03	5829.3418
1051.8518	5723.7964
1054.6737	5651.5913
1057.4956	5701.0283
1060.3175	5803.002
1063.1393	5743.1714
1065.9612	5724.1523
1068.7831	5680.3638
1071.605	5598.5142
1074.4268	5596.5913
1077.2487	5538.3564
1080.0706	5459.0269
1082.8925	5471.0298
1085.7142	5449.7534
1088.5361	5359.187
1091.358	5309.8311
1094.1799	5345.8032
1097.0017	5389.4438
1099.8236	5353.5
1102.6455	5396.1558
1105.4674	5483.209
1108.2892	5539.9639
1111.1111	5588.144
1113.933	5626.9961
1116.7549	5690.603
1119.5767	5773.3223
1122.3986	5742.2275
1125.2205	5840.4521
1128.0424	5960.2871
1130.8643	5955.7231
1133.686	5976.668
1136.5079	6111.1841
1139.3298	6070.8848
1142.1517	6098.0249
1144.9735	6126.3389
1147.7954	6119.8296
1150.6173	5995.3169
1153.4392	5986.0371
1156.261	5944.9844
1159.0829	5997.5044
1161.9048	5986.6392
1164.7267	6079.0308
1167.5485	6013.7549
1170.3704	6084.8975
1173.1923	6128.5249
1176.0142	6022.5996
1178.8359	6151.0459
1181.6578	6152.8311
1184.4797	6047.4971
1187.3016	6180.3682
1190.1234	6193.5439
1192.9453	6143.7251
1195.7672	6211.5034
1198.5891	6332.7368
1201.4109	6263.4185
1204.2328	6412.96
1207.0547	6339.6465
1209.8766	6489.313
1212.6984	6552.5898
1215.5203	6671.1538
1218.3422	6771.3276
1221.1641	6864.3008
1223.9858	7258.0854
1226.8077	7304.6646
1229.6296	7386.6494
1232.4515	7466.0796
1235.2733	7537.8999
1238.0952	7570.3188
1240.9171	7644.0015
1243.739	7654.3086
1246.5608	7593.8887
1249.3827	7498.7534
1252.2046	7455.9834
1255.0265	7405.2715
1257.8483	7202.6479
1260.6702	7151.2939
1263.4921	7160.7168
1266.314	7188.0317
1269.1357	7090.7383
1271.9576	7207.8101
1274.7795	7241.6685
1277.6014	7349.2412
1280.4233	7309.2632
1283.2451	7242.5527
1286.067	7357.4634
1288.8889	7382.6606
1291.7108	7457.8037
1294.5326	7497.4585
1297.3545	7741.3052
1300.1764	8018.0259
1302.9983	8192.5303
1305.8201	8465.3076
1308.642	8957.3633
1311.4639	9359.7627
1314.2858	9982.4785
1317.1075	10537.897
1319.9294	11078.981
1322.7513	11764.53
1325.5732	12421.299
1328.395	12860.833
1331.2169	13036.361
1334.0388	13023.901
1336.8607	12943.402
1339.6825	12738.992
1342.5044	12322.374
1345.3263	11795.079
1348.1482	11152.009
1350.97	10387.116
1353.7919	9683.917
1356.6138	9110.6904
1359.4357	8730.873
1362.2574	8510.4082
1365.0793	8399.0332
1367.9012	8459.7051
1370.7231	8595.0088
1373.5449	8740.043
1376.3668	8714.0977
1379.1887	8754.7012
1382.0106	8752.748
1384.8324	8494.4082
1387.6543	8273.7646
1390.4762	8257.6563
1393.2981	8280.0391
1396.1199	8402.7813
1398.9418	8558.4521
1401.7637	8702.666
1404.5856	8898.3389
1407.4073	8905.1035
1410.2292	8676.1953
1413.0511	8429.583
1415.873	8078.5723
1418.6949	7739.6733
1421.5167	7566.0313
1424.3386	7260.6558
1427.1605	7179.585
1429.9824	7098.731
1432.8042	7106.1436
1435.6261	7169.9868
1438.448	7145.3525
1441.2699	7336.1362
1444.0917	7511.5371
1446.9136	7589.2607
1449.7355	7645.0986
1452.5574	7735.8965
1455.3792	7807.7393
1458.201	7884.6489
1461.0229	7984.9102
1463.8448	8092.6392
1466.6666	8170.1387
1469.4885	8212.5527
1472.3104	8159.9824
1475.1323	8117.209
1477.9541	8070.3896
1480.776	7945.1621
1483.5979	7805.3218
1486.4198	7708.5674
1489.2416	7523.02
1492.0635	7439.5283
1494.8854	7287.9219
1497.7073	7368.1021
1500.5291	7366.1025
1503.351	7194.0386
1506.1729	7171.1245
1508.9948	7061.1978
1511.8165	7179.8809
1514.6384	7203.5464
1517.4603	7116.2686
1520.2822	7058.2627
1523.104	7093.8145
1525.9259	7043.3516
1528.7478	6989.7808
1531.5697	6925.9678
1534.3915	6894.4497
1537.2134	6989.0386
1540.0353	7018.4224
1542.8572	6982.873
1545.679	7064.6968
1548.5009	7231.8755
1551.3228	7445.7534
1554.1447	7608.3433
1556.9664	7833.0835
1559.7883	7856.373
1562.6102	7895.6611
1565.4321	7803.9336
1568.254	7728.0728
1571.0758	7587.8032
1573.8977	7717.8838
1576.7196	7913.8965
1579.5415	7874.2378
1582.3633	7770.3203
1585.1852	7701.5752
1588.0071	7601.5962
1590.829	7507.3887
1593.6508	7475.4956
1596.4727	7522.8047
1599.2946	7513.728
1602.1165	7478.4141
1604.9382	7459.7207
1607.7601	7580.6016
1610.582	7572.4351
1613.4039	7586.7754
1616.2257	7738.7671
1619.0476	7771.5635
1621.8695	7757.6592
1624.6914	7717.0308
1627.5132	7647.9268
1630.3351	7845.9106
1633.157	7802.2261
1635.9789	7822.2397
1638.8007	7801.2905
1641.6226	7806.2295
1644.4445	7846.1406
1647.2664	7711.7407
1650.0881	7569.4575
1652.91	7507.2573
1655.7319	7552.9092
1658.5538	7452.4727
1661.3756	7338.0732
1664.1975	7150.3013
1667.0194	7001.0981
1669.8413	7015.5723
1672.6631	6832.6094
1675.485	6736.4575
1678.3069	6598.1934
1681.1288	6597.9595
1683.9506	6430.9292
1686.7725	6407.2397
1689.5944	6264.2041
1692.4163	6386.436
1695.238	6366.022
1698.0599	6256.8569
1700.8818	6160.5947
1703.7037	6100.3916
1706.5255	6081.4229
1709.3474	5981.9849
1712.1693	6032.1572
1714.9912	6051.9785
1717.8131	5802.1597
1720.6349	5847.1597
1723.4568	5910.9351
1726.2787	5930.7583
1729.1006	5817.2871
1731.9224	5837.5615
1734.7443	5745.5742
1737.5662	5624.0034
1740.3881	5633.0786
1743.2098	5677.3364
1746.0317	5601.3008
1748.8536	5591.3267
1751.6755	5568.4648
1754.4973	5566.5498
1757.3192	5514.4648
1760.1411	5433.1436
1762.963	5336.272
1765.7848	5392.978
1768.6067	5406.6758
1771.4286	5382.3311
1774.2505	5281.2153
1777.0723	5338.5713
1779.8942	5386.1563
1782.7161	5401.1489
1785.538	5306.7085
1788.3597	5340.4019
1791.1816	5337.7549
1794.0035	5287.9326
1796.8254	5360.5298
1799.6472	5374.9253
1802.4691	5378.4785
1805.291	5336.7813
1808.1129	5227.4844
1810.9347	5350.5132
1813.7566	5374.644
1816.5785	5426.4214
1819.4004	5279.5649
1822.2222	5316.9097
1825.0441	5400.7612
1827.866	5427.9116
1830.6879	5430.6606
1833.5096	5375.7354
1836.3315	5404.4609
1839.1534	5493.7266
1841.9753	5407.8174
1844.7971	5501.5112
1847.619	5496.3657
1850.4409	5456.8643
1853.2628	5418.0679
1856.0847	5445.8369
1858.9065	5496.1069
1861.7284	5504.4473
1864.5503	5512.5957
1867.3722	5491.1436
1870.194	5432.2583
1873.0159	5540.9014
1875.8378	5570.8672
1878.6597	5599.6797
1881.4814	5631.9731
1884.3033	5561.7876
1887.1252	5562.0576
1889.9471	5607.8315
1892.7689	5540.5103
1895.5908	5590.8037
1898.4127	5757.3462
1901.2346	5691.0493
1904.0564	5768.4336
1906.8783	5770.1333
1909.7002	5803.0645
1912.5221	5788.8726
1915.3439	5770.2935
1918.1658	5801.1182
1920.9877	5752.5142
1923.8096	5815.8281
1926.6313	5827.6084
1929.4532	5918.5508
1932.2751	5861.0767
1935.097	5948.75
1937.9188	5871.729
1940.7407	5970.0625
1943.5626	5921.3989
1946.3845	6019.5703
1949.2063	6078.7163
1952.0282	5984.5034
1954.8501	6075.1821
1957.672	6022.9277
1960.4938	5997.0132
1963.3157	6112.7783
1966.1376	5955.4775
1968.9595	5951.7754
1971.7813	6018.8662
1974.6031	6043.6514
1977.425	6026.167
1980.2469	6057.8608
1983.0687	6099.9707
1985.8906	6116.8247
1988.7125	6109.2905
1991.5344	6056.3774
1994.3562	5988.9941
1997.1781	6015.4678
2000	6162.8853
