400	9146.4082
401.16449	9161.418
402.32898	9148.0146
403.49344	9174.7715
404.65793	9207.3838
405.82242	9223.0078
406.98691	9202.5576
408.1514	9089.3965
409.31586	9222.5742
410.48035	9187.5488
411.64484	9155.1104
412.80933	9098.7695
413.97379	9058.6045
415.13828	9065.8418
416.30276	8994.4229
417.46725	8990.123
418.63174	8971.2773
419.7962	8887.6016
420.96069	8805.876
422.12518	8770.6172
423.28967	8765.0654
424.45416	8727.6143
425.61862	8687.2686
426.78311	8630.625
427.9476	8647.8477
429.11209	8640.8955
430.27655	8596.1563
431.44104	8548.0479
432.60553	8524.8701
433.77002	8577.9355
434.93451	8630.1426
436.09897	8601.7705
437.26346	8599.7969
438.42795	8559.8057
439.59244	8493.249
440.75693	8495.5059
441.92139	8459.3926
443.08588	8433.5303
444.25037	8540.8252
445.41486	8578.9658
446.57932	8651.4736
447.7438	8712.4307
448.90829	8665.6592
450.07278	8646.1104
451.23727	8748.2129
452.40173	8748.5107
453.56622	8669.6641
454.73071	8717.9238
455.8952	8749.7598
457.05969	8690.04
458.22415	8714.8994
459.38864	8677.0547
460.55313	8595.8447
461.71762	8603.8555
462.88211	8558.0313
464.04657	8490.0527
465.21106	8439.1035
466.37555	8419.4932
467.54004	8459.9775
468.7045	8459.6797
469.86899	8409.9717
471.03348	8382.0889
472.19797	8389.4463
473.36246	8350.7334
474.52692	8265.1504
475.69141	8229.0088
476.8559	8168.6558
478.02039	8070.8823
479.18488	8033.4146
480.34933	7982.6763
481.51382	7962.4292
482.67831	7967.1846
483.8428	7961.709
485.00726	7946.895
486.17175	7914.7065
487.33624	7959.7915
488.50073	7958.5732
489.66522	7925.4014
490.82968	7912.1904
491.99417	7888.1733
493.15866	7816.5049
494.32315	7799.5498
495.48764	7814.5938
496.6521	7773.1514
497.81659	7768.229
498.98108	7728.9229
500.14557	7698.7676
501.31006	7721.3076
502.47452	7758.2686
503.63901	7723.7598
504.8035	7718.9551
505.96799	7720.2534
507.13245	7712.9097
508.29694	7689.123
509.46143	7640.6909
510.62592	7588.7676
511.79041	7563.2407
512.9549	7539.3896
514.11938	7610.5181
515.28381	7593.4438
516.4483	7637.6309
517.61279	7594.5547
518.77728	7547.4556
519.94177	7560.9399
521.10626	7556.5278
522.27075	7513.4131
523.43524	7477.6226
524.59973	7467.0342
525.76422	7467.9272
526.92865	7474.5889
528.09314	7463.4165
529.25763	7461.6641
530.42212	7498.4292
531.58661	7478.7051
532.7511	7397.4233
533.91559	7335.3945
535.08008	7286.7388
536.24457	7251.585
537.409	7207.6118
538.57349	7169.748
539.73798	7186.5796
540.90247	7259.2764
542.06696	7185.1855
543.23145	7191.8145
544.39594	7230.833
545.56042	7256.3682
546.72491	7229.1929
547.8894	7235.9858
549.05383	7315.7402
550.21832	7342.2998
551.38281	7336.5693
552.5473	7364.5386
553.71179	7369.3447
554.87628	7383.8276
556.04077	7442.6797
557.20526	7443.8037
558.36975	7370.0732
559.53418	7328.6748
560.69867	7301.8691
561.86316	7243.1973
563.02765	7129.4146
564.19214	7123.7578
565.35663	7139.4448
566.52112	7148.5352
567.68561	7127.0874
568.8501	7090.9517
570.01453	7111.3555
571.17902	7125.6787
572.34351	7107.6509
573.508	7180.4111
574.67249	7109.7891
575.83698	7124.8369
577.00146	7168.769
578.16595	7173.3521
579.33044	7199.9058
580.49493	7223.2227
581.65936	7168.2378
582.82385	7265.543
583.98834	7256.4116
585.15283	7194.4448
586.31732	7207.2593
587.48181	7267.5713
588.6463	7289.9692
589.81079	7273.2437
590.97528	7285.9531
592.13971	7314.8516
593.3042	7450.9346
594.46869	7539.1279
595.63318	7525.917
596.79767	7532.8335
597.96216	7560.9097
599.12665	7583.7393
600.29114	7646.6396
601.45563	7691.3618
602.62012	7739.7368
603.78455	7811.3799
604.94904	7807.5898
606.11353	7882.0664
607.27802	7927.375
608.4425	7937.0015
609.60699	7887.541
610.77148	7732.6055
611.93597	7773.7842
613.10046	7641.4824
614.26489	7632.6206
615.42938	7645.2612
616.59387	7648.1958
617.75836	7660.7368
618.92285	7659.2646
620.08734	7654.8428
621.25183	7704.3218
622.41632	7778.8462
623.58081	7821.6855
624.74524	7868.4624
625.90973	7874.207
627.07422	7941.23
628.23871	7999.4683
629.4032	8015.6255
630.56769	8017.5571
631.73218	8016.1426
632.89667	7981.9204
634.06116	8014.9907
635.22565	7936.5215
636.39008	7928.5146
637.55457	7949.564
638.71906	7888.8223
639.88354	7868.2295
641.04803	7904.9063
642.21252	7911.8662
643.37701	7884.02
644.5415	7873.7964
645.70599	7810.1978
646.87042	7720.8462
648.03491	7640.2036
649.1994	7627.4302
650.36389	7630.2632
651.52838	7655.6387
652.69287	7715.2334
653.85736	7757.1851
655.02185	7732.4287
656.18634	7762.2808
657.35083	7776.3613
658.51526	7755.3506
659.67975	7773.5342
660.84424	7736.6182
662.00873	7696.5278
663.17322	7723.041
664.33771	7733.1675
665.5022	7660.332
666.66669	7683.8457
667.83118	7678.9189
668.99561	7647.5098
670.1601	7658.8452
671.32458	7608.9585
672.48907	7584.3203
673.65356	7498.7163
674.81805	7428.3926
675.98254	7433.4551
677.14703	7421.1689
678.31152	7352.6943
679.47595	7282.9365
680.64044	7210.3662
681.80493	7180.2949
682.96942	7093.5396
684.13391	7064.6636
685.2984	7081.2319
686.46289	7124.9204
687.62738	7165.2407
688.79187	7181.5332
689.95636	7182.3394
691.12079	7045.0854
692.28528	6950.3833
693.44977	6874.3696
694.61426	6771.7759
695.77875	6740.5596
696.94324	6760.5879
698.10773	6764.1777
699.27222	6770.8994
700.43671	6832.3213
701.60114	6901.9688
702.76563	6899.186
703.93011	6997.0898
705.0946	6987.1895
706.25909	6955.1157
707.42358	6905.3149
708.58807	6911.897
709.75256	6922.812
710.91705	6902.8979
712.08154	6930.1035
713.24597	7014.8164
714.41046	7009.5366
715.57495	7057.5068
716.73944	7030.6235
717.90393	7166.1304
719.06842	7127.5186
720.23291	7100.3701
721.3974	7099.6499
722.56189	7160.2666
723.72632	7271.7324
724.89081	7349.209
726.0553	7382.1216
727.21979	7482.1055
728.38428	7495.4194
729.54877	7585.9189
730.71326	7633.3574
731.87775	7806.1694
733.04224	7899.8755
734.20673	7939.6318
735.37115	7896.5234
736.53564	7845.2656
737.70013	7812.8906
738.86462	7711.7749
740.02911	7554.8276
741.1936	7434.3247
742.35809	7277.3271
743.52258	7121.2354
744.68707	7006.0396
745.8515	6918.606
747.01599	6825.5737
748.18048	6775.4585
749.34497	6777.0518
750.50946	6752.5718
751.67395	6689.877
752.83844	6652.2432
754.00293	6536.7573
755.16742	6493.2681
756.33185	6473.0684
757.49634	6507.3931
758.66083	6588.0757
759.82532	6550.7866
760.98981	6544.2827
762.1543	6563.9893
763.31879	6573.0088
764.48328	6589.5396
765.64777	6602.2114
766.81226	6580.8813
767.97668	6623.2021
769.14117	6564.0005
770.30566	6624.71
771.47015	6637.8013
772.63464	6573.7915
773.79913	6600.5464
774.96362	6650.3057
776.12811	6658.6919
777.2926	6665.8403
778.45703	6678.0093
779.62152	6671.7793
780.78601	6714.8516
781.9505	6786.312
783.11499	6781.6899
784.27948	6766.4043
785.44397	6857.0913
786.60846	6807.5303
787.77295	6841.2559
788.93744	6862.937
790.10187	6877.4966
791.26636	6921.3579
792.43085	7009.4663
793.59534	7102.5933
794.75983	7133.2905
795.92432	7158.5068
797.08881	7234.0762
798.2533	7319.2949
799.41779	7318.7114
800.58221	7408.5718
801.7467	7420.6753
802.91119	7428.8784
804.07568	7493.7505
805.24017	7564.645
806.40466	7552.686
807.56915	7497.9653
808.73364	7494.7319
809.89813	7529.3901
811.06256	7626.4917
812.22705	7701.5015
813.39154	7703.3486
814.55603	7784.8994
815.72052	7843.1973
816.88501	7905.5859
818.0495	7963.7749
819.21399	7938.9531
820.37848	7914.6919
821.54297	7868.8804
822.7074	7830.9258
823.87189	7858.5449
825.03638	7844.5981
826.20087	7861.2646
827.36536	7921.6494
828.52985	7906.4189
829.69434	7928.2026
830.85883	7874.3237
832.02332	7782.1416
833.18774	7768.6016
834.35223	7684.0474
835.51672	7659.7007
836.68121	7652.4253
837.8457	7604.502
839.01019	7565.8999
840.17468	7541.0503
841.33917	7516.1357
842.50366	7503.0708
843.66815	7385.8535
844.83258	7327.8521
845.99707	7353.2422
847.16156	7327.2148
848.32605	7281.5962
849.49054	7260.8706
850.65503	7370.2432
851.81952	7384.7773
852.98401	7406.4624
854.1485	7429.1113
855.31293	7373.4292
856.47742	7374.1216
857.64191	7432.3545
858.8064	7404.042
859.97089	7428.1724
861.13538	7435.7041
862.29987	7429.5308
863.46436	7472.1548
864.62885	7417.7427
865.79327	7268.6538
866.95776	7244.6909
868.12225	7205.7578
869.28674	7187.4023
870.45123	7146.7109
871.61572	7111.1865
872.78021	7081.4077
873.9447	7010.2065
875.10919	7038.9907
876.27368	7024.3486
877.43811	7101.5317
878.6026	7039.8145
879.76709	7173.7969
880.93158	7163.5259
882.09607	7114.1558
883.26056	7066.2925
884.42505	7115.0278
885.58954	7119.8994
886.75403	7077.498
887.91846	7026.7168
889.08295	7025.7754
890.24744	7030.25
891.41193	6987.5972
892.57642	6981.9766
893.74091	7006.5293
894.9054	7048.7158
896.06989	6929.062
897.23438	7037.9717
898.39886	7099.9321
899.56329	7111.3394
900.72778	7098.314
901.89227	7080.0586
903.05676	7004.9536
904.22125	7021.8496
905.38574	7032.0596
906.55023	7089.3384
907.71472	7128.231
908.87921	7145.4497
910.04364	7213.5215
911.20813	7260.3643
912.37262	7322.5439
913.53711	7358.4131
914.7016	7353.7725
915.86609	7308.1797
917.03058	7440.2261
918.19507	7399.4888
919.35956	7380.521
920.52405	7308.9204
921.68848	7297.0884
922.85297	7185.3398
924.01746	7045.7021
925.18195	6984.9258
926.34644	6926.2368
927.51093	6879.7261
928.67542	6879.5518
929.8399	6903.751
931.00439	6932.0117
932.16882	6924.3232
933.33331	6919.9746
934.4978	6902.0186
935.66229	6947.5576
936.82678	6899.21
937.99127	6817.874
939.15576	6806.8608
940.32025	6892.4136
941.48474	6913.4482
942.64917	6893.3921
943.81366	6838.7373
944.97815	6840.2158
946.14264	6768.1914
947.30713	6740.9336
948.47162	6757.896
949.63611	6711.8169
950.8006	6604.8354
951.96509	6549.1528
953.12958	6573.916
954.29401	6524.375
955.4585	6530.2549
956.62299	6512.1592
957.78748	6520.4707
958.95197	6527.1636
960.11646	6462.54
961.28094	6420.5439
962.44543	6378.8193
963.60992	6342.79
964.77435	6360.3101
965.93884	6335.9199
967.10333	6344.1895
968.26782	6289.5786
969.43231	6275.3569
970.5968	6276.8208
971.76129	6220.5942
972.92578	6228.9663
974.09027	6276.4434
975.25476	6234.4092
976.41919	6233.752
977.58368	6272.5991
978.74817	6238.8926
979.91266	6245.4546
981.07715	6269.1328
982.24164	6213.9033
983.40613	6296.4814
984.57062	6278.4126
985.73511	6232.0469
986.89954	6248.1162
988.06403	6242.7407
989.22852	6280.0938
990.39301	6301.6982
991.5575	6310.4839
992.72198	6313.2183
993.88647	6326.4927
995.05096	6379.2715
996.21545	6388.5142
997.37988	6381.3877
998.54437	6403.3613
999.70886	6432.7046
1000.8734	6438.9077
1002.0378	6360.9517
1003.2023	6301.2334
1004.3668	6291.7002
1005.5313	6249.1108
1006.6958	6237.606
1007.8603	6148.4219
1009.0247	6166.3545
1010.1892	6089.1938
1011.3537	6159.0024
1012.5182	6148.2627
1013.6827	6141.6187
1014.8472	6187.2227
1016.0117	6251.0962
1017.1761	6283.9927
1018.3406	6190.2427
1019.5051	6117.6709
1020.6696	6049.8115
1021.834	6030.8047
1022.9985	6003.519
1024.1631	6001.1807
1025.3275	5960.7383
1026.4919	5949.3608
1027.6565	6015.415
1028.8209	6037.4502
1029.9855	6067.9209
1031.1499	6084.4487
1032.3145	6105.1367
1033.4789	6073.5737
1034.6434	6100.021
1035.8079	6163.4727
1036.9723	6097.7749
1038.1368	6084.1719
1039.3013	6082.5498
1040.4658	6007.0132
1041.6302	6002.4341
1042.7948	6013.4893
1043.9592	6045.4907
1045.1238	6074.0483
1046.2882	6019.6772
1047.4526	6031.5181
1048.6172	6020.9116
1049.7816	6049.7383
1050.9462	6028.7178
1052.1106	6071.3354
1053.2751	6041.8184
1054.4396	6058.8906
1055.6041	6043.9961
1056.7686	6040.27
1057.933	6064.6338
1059.0975	6050.0439
1060.262	6065.0684
1061.4265	6103.7026
1062.5909	6123.8984
1063.7555	6125.6382
1064.9199	6123.7788
1066.0845	6146.8633
1067.2489	6238.4424
1068.4135	6279.6646
1069.5779	6286.1123
1070.7423	6386.3428
1071.9069	6468.0723
1073.0713	6504.1191
1074.2358	6584.835
1075.4003	6588.6362
1076.5648	6630.6323
1077.7292	6627.3833
1078.8938	6578.123
1080.0582	6625.9409
1081.2227	6555.687
1082.3872	6500.5723
1083.5516	6484.2153
1084.7162	6539.3569
1085.8806	6494.4683
1087.0452	6474.5571
1088.2096	6478.4409
1089.3741	6466.1553
1090.5386	6463.7358
1091.703	6454.2202
1092.8676	6461.0303
1094.032	6422.9966
1095.1965	6427.6626
1096.361	6427.2832
1097.5255	6442.123
1098.6899	6469.8804
1099.8545	6473.5835
1101.0189	6507.4678
1102.1833	6516.7427
1103.3479	6542.1182
1104.5123	6574.8906
1105.6769	6567.6909
1106.8413	6619.2534
1108.0059	6675.126
1109.1703	6719.1348
1110.3348	6748.9893
1111.4993	6805.7266
1112.6637	6750.1841
1113.8282	6758.0083
1114.9927	6718.0522
1116.1572	6740.3447
1117.3217	6778.2754
1118.4862	6792.8369
1119.6506	6886.915
1120.8152	6659.7983
1121.9796	6693.1904
1123.1442	6890.5635
1124.3086	6829.3672
1125.473	6975.9365
1126.6376	6865.0688
1127.802	7046.3179
1128.9666	7036.0205
1130.131	7176.5288
1131.2955	7204.293
1132.46	7213.4424
1133.6245	7220.0488
1134.7889	7157.229
1135.9534	7270.0439
1137.1179	7206.2344
1138.2823	7235.854
1139.4469	7191.936
1140.6113	7196.1353
1141.7759	7232.1787
1142.9403	7324.5737
1144.1049	7368.2881
1145.2693	7367.5068
1146.4337	7397.3271
1147.5983	7464.3579
1148.7627	7489.9526
1149.9272	7445.5269
1151.0917	7396.2051
1152.2562	7372.4019
1153.4207	7398.8823
1154.5852	7406.6396
1155.7496	7402.6563
1156.9141	7420.4951
1158.0786	7442.3882
1159.243	7535.1313
1160.4076	7644.6699
1161.572	7665.0645
1162.7366	7695.709
1163.901	7747.8301
1165.0656	7789.2817
1166.23	7856.0601
1167.3944	7803.501
1168.559	7804.334
1169.7234	7803
1170.8879	7747.8584
1172.0524	7777.4829
1173.2169	7734.1025
1174.3813	7697.9189
1175.5459	7568.9766
1176.7103	7552.269
1177.8749	7502.999
1179.0393	7485.9214
1180.2037	7507.6504
1181.3683	7494.2119
1182.5327	7472.9058
1183.6973	7459.0415
1184.8617	7396.562
1186.0262	7305.4058
1187.1907	7270.3599
1188.3552	7195.0923
1189.5197	7137.1343
1190.6841	7043.3174
1191.8486	7080.1304
1193.0131	7003.144
1194.1776	6971.2134
1195.342	6939.3955
1196.5066	7076.0796
1197.671	6980.6675
1198.8356	7001.6196
1200	7033.8579
1201.1644	7027.7065
1202.329	7081.1411
1203.4934	7056.5371
1204.658	7112.9497
1205.8224	7069.2827
1206.9869	7044.7632
1208.1514	7138.9824
1209.3159	7078.5898
1210.4803	7101.9004
1211.6448	7156.502
1212.8093	7188.8447
1213.9738	7173.8936
1215.1383	7109.6548
1216.3027	7086.021
1217.4673	7017.4248
1218.6317	7032.5884
1219.7963	7023.9941
1220.9607	6937.4849
1222.1251	6976.2417
1223.2897	6947.543
1224.4541	6972.8491
1225.6187	6976.0444
1226.7831	6904.4619
1227.9476	6872.2759
1229.1121	6906.2725
1230.2766	6896.3091
1231.441	6876.3296
1232.6056	6876.75
1233.77	6888.6582
1234.9344	6951.7783
1236.099	6863.7358
1237.2634	6857.7524
1238.428	6786.6191
1239.5924	6784.334
1240.757	6674.9063
1241.9214	6718.834
1243.0859	6648.2344
1244.2504	6701.1973
1245.4148	6744.8257
1246.5793	6704.5811
1247.7438	6718.0518
1248.9083	6776.6104
1250.0728	6793.3237
1251.2373	6809.7153
1252.4017	6760.3203
1253.5663	6774.9189
1254.7307	6757.7969
1255.8951	6747.5439
1257.0597	6723.9326
1258.2241	6738.7275
1259.3887	6719.2061
1260.5531	6721.2544
1261.7177	6766.356
1262.8821	6756.4712
1264.0466	6730.8398
1265.2111	6737.582
1266.3755	6795.3716
1267.54	6769.3228
1268.7045	6741.0415
1269.869	6820.6299
1271.0334	6775.4341
1272.198	6903.8755
1273.3624	6843.647
1274.527	6861.252
1275.6914	6847.5405
1276.8558	6924.7295
1278.0204	6904.4043
1279.1848	6971.0952
1280.3494	6990.7432
1281.5138	7020.9233
1282.6783	7030.646
1283.8428	6978.5679
1285.0073	6956.7104
1286.1718	6940.5508
1287.3363	6888.2451
1288.5007	6881.3198
1289.6652	6839.5396
1290.8297	6836.8545
1291.9941	6846.335
1293.1587	6796.1396
1294.3231	6812.6431
1295.4877	6845.022
1296.6521	6829.6377
1297.8167	6865.7832
1298.9811	6908.0771
1300.1455	6897.9053
1301.3101	6904.1191
1302.4745	6911.3145
1303.639	6865.5552
1304.8035	6848.7368
1305.968	6846.8633
1307.1324	6799.2847
1308.297	6765.7197
1309.4614	6705.5713
1310.6259	6682.7046
1311.7904	6655.2432
1312.9548	6651.625
1314.1194	6609.2217
1315.2838	6549.2153
1316.4484	6478.1387
1317.6128	6451.5786
1318.7773	6447.1494
1319.9418	6467.481
1321.1062	6448.6743
1322.2708	6393.2036
1323.4352	6385.6938
1324.5997	6358.3545
1325.7642	6335.8374
1326.9287	6351.0381
1328.0931	6343.4614
1329.2577	6280.1094
1330.4221	6305.355
1331.5865	6239.9688
1332.7511	6219.7324
1333.9155	6234.7046
1335.0801	6199.3379
1336.2445	6133.9409
1337.4091	6118.7495
1338.5735	6146.2129
1339.738	6051.708
1340.9025	6057.7646
1342.067	6023.7168
1343.2314	6019.2324
1344.3959	5986.3818
1345.5604	5959.9297
1346.7249	6006.4204
1347.8894	5993.3223
1349.0538	5955.2944
1350.2184	6029.1855
1351.3828	6035.3257
1352.5474	6050.7466
1353.7118	6087.397
1354.8762	6087.9902
1356.0408	6105.1714
1357.2052	6101.8965
1358.3698	6102.4692
1359.5342	6116.6289
1360.6987	6117.479
1361.8632	6060.4019
1363.0277	6078.7466
1364.1921	6142.1621
1365.3566	6140.2119
1366.5211	6161.7383
1367.6855	6177.6323
1368.8501	6141.2441
1370.0145	6128.5303
1371.1791	6097.5874
1372.3435	6089.0435
1373.5081	6052.9307
1374.6725	6002.5708
1375.8369	5957.4844
1377.0015	5909.0518
1378.1659	5904.4209
1379.3304	5826.7358
1380.4949	5799.9341
1381.6594	5740.6802
1382.8239	5757.8218
1383.9884	5716.0713
1385.1528	5730.7808
1386.3173	5734.9893
1387.4818	5773.0195
1388.6462	5712.3198
1389.8108	5701.752
1390.9752	5711.4932
1392.1398	5830.8018
1393.3042	5814.9585
1394.4688	5831.9336
1395.6332	5865.2437
1396.7977	5874.9814
1397.9622	5892.4253
1399.1266	5966.5332
1400.2911	5930.6733
1401.4556	5981.2222
1402.6201	6027.2925
1403.7845	5999.1807
1404.9491	6010.3682
1406.1135	6031.8696
1407.2781	6058.0708
1408.4425	6066.2783
1409.6069	6091.3799
1410.7715	6130.1694
1411.9359	6175.9233
1413.1005	6195.4951
1414.2649	6219.8931
1415.4294	6259.1265
1416.5939	6326.9521
1417.7584	6376.4214
1418.9229	6433.29
1420.0873	6441.8662
1421.2518	6468.5024
1422.4163	6539.562
1423.5808	6503.4189
1424.7452	6470.2007
1425.9098	6460.3696
1427.0742	6462.3047
1428.2388	6458.9941
1429.4032	6456.6631
1430.5676	6472.7368
1431.7322	6499.0415
1432.8966	6515.7725
1434.0612	6535.1436
1435.2256	6529.0444
1436.3901	6552.772
1437.5546	6531.2441
1438.7191	6555.4629
1439.8835	6520.4385
1441.0481	6619.1929
1442.2125	6617.5112
1443.377	6579.0073
1444.5415	6604.0767
1445.7059	6622.8188
1446.8705	6702.541
1448.0349	6772.2534
1449.1995	6756.9604
1450.3639	6810.2383
1451.5284	6830.8423
1452.6929	6814.4629
1453.8573	6865.3438
1455.0219	6898.2754
1456.1863	6906.0557
1457.3508	6887.6641
1458.5153	6894.5391
1459.6798	6920.522
1460.8442	6902.3921
1462.0088	6877.0415
1463.1732	6832.6113
1464.3376	6851.752
1465.5022	6816.8687
1466.6666	6798.4727
1467.8312	6677.0825
1468.9956	6715.7798
1470.1602	6732.7734
1471.3246	6665.5669
1472.4891	6707.0361
1473.6536	6671.3594
1474.818	6656.8872
1475.9825	6668.5913
1477.147	6705.7178
1478.3115	6706.4375
1479.476	6677.8403
1480.6405	6683.2104
1481.8049	6704.0322
1482.9695	6708.6958
1484.1339	6727.2891
1485.2983	6737.2222
1486.4629	6803.1411
1487.6273	6816.5601
1488.7919	6841.9414
1489.9563	6919.3945
1491.1208	6905.9409
1492.2853	6990.5688
1493.4498	6986.3555
1494.6143	7003.8218
1495.7788	6986.7236
1496.9432	7005.5747
1498.1077	6972.7783
1499.2722	6907.8091
1500.4366	6939.001
1501.6012	6961.4131
1502.7656	7028.5889
1503.9302	7042.4521
1505.0946	7109.1343
1506.2592	7155.7056
1507.4236	7205.1616
1508.588	7251.0781
1509.7526	7243.0688
1510.917	7273.3901
1512.0815	7356.5737
1513.246	7410.1138
1514.4105	7490.4707
1515.575	7543.5464
1516.7395	7615.2725
1517.9039	7683.4941
1519.0684	7677.1426
1520.2329	7687.6685
1521.3973	7619.7822
1522.5619	7589.5679
1523.7263	7516.5918
1524.8909	7433.3613
1526.0553	7315.4707
1527.2198	7275.0767
1528.3843	7182.0449
1529.5487	7110.7764
1530.7133	7031.9678
1531.8777	6982.4106
1533.0422	6990.8022
1534.2067	6995.48
1535.3712	6973.9331
1536.5356	6913.2817
1537.7002	7015.9326
1538.8646	6954.0005
1540.0291	6876.1768
1541.1936	6977.0762
1542.358	6985.2998
1543.5226	6919.5073
1544.687	6948.2871
1545.8516	6899.1377
1547.016	6922.7012
1548.1805	6911.0815
1549.345	6923.5439
1550.5095	6903.2813
1551.674	7026.4238
1552.8384	7063.9331
1554.0029	7127.5352
1555.1674	7176.6406
1556.3319	7212.6387
1557.4963	7213.77
1558.6609	7205.7446
1559.8253	7329.772
1560.9899	7270.4893
1562.1543	7249.209
1563.3187	7196.0381
1564.4833	7121.8042
1565.6477	7040.5322
1566.8123	6975.9609
1567.9767	6929.3193
1569.1412	6875.1348
1570.3057	6901.2573
1571.4702	6838.3022
1572.6346	6781.7617
1573.7991	6757.4268
1574.9636	6786.8159
1576.1281	6773.0503
1577.2926	6726.2314
1578.457	6645.4668
1579.6216	6667.2661
1580.786	6691.188
1581.9506	6731.7749
1583.115	6713.5825
1584.2794	6670.2163
1585.444	6604.8252
1586.6084	6559.1885
1587.7729	6512.9136
1588.9374	6453.27
1590.1019	6314.8843
1591.2664	6258.5698
1592.4309	6210.8018
1593.5953	6205.3467
1594.7598	6192.5112
1595.9243	6141.9072
1597.0887	6069.2622
1598.2533	6089.9614
1599.4177	6011.8379
1600.5823	5934.3423
1601.7467	5884.6846
1602.9113	5903.0654
1604.0757	5890.2832
1605.2402	5869.0361
1606.4047	5811.8252
1607.5691	5710.8198
1608.7336	5684.5044
1609.8981	5618.3599
1611.0626	5576.1245
1612.2271	5593.3057
1613.3916	5515.6802
1614.556	5457.1357
1615.7206	5340.2207
1616.885	5222.7031
1618.0494	5065.3105
1619.214	5058.0791
1620.3784	4992.8501
1621.543	4799.0479
1622.7074	4685.4761
1623.8719	4614.8721
1625.0364	4544.7754
1626.2009	4447.4248
1627.3654	4364.7349
1628.5298	4284.4536
1629.6943	4166.1138
1630.8588	4117.2007
1632.0233	4089.9714
1633.1877	4010.2312
1634.3523	3925.3433
1635.5167	3851.2876
1636.6813	3826.9407
1637.8457	3787.9131
1639.0101	3690.3762
1640.1747	3659.4004
1641.3391	3625.7498
1642.5037	3542.4626
1643.6681	3486.4648
1644.8326	3447.4692
1645.9971	3384.3374
1647.1616	3312.7876
1648.326	3238.5581
1649.4905	3157.7561
1650.655	3142.71
1651.8195	3097.7019
1652.984	3025.4358
1654.1484	2986.4634
1655.313	2936.9868
1656.4774	2911.5444
1657.642	2855.3958
1658.8064	2806.2981
1659.9709	2736.3154
1661.1354	2672.217
1662.2998	2667.1243
1663.4644	2658.3293
1664.6288	2631.1147
1665.7933	2599.5967
1666.9578	2566.5864
1668.1223	2516.8279
1669.2867	2481.2139
1670.4513	2442.6228
1671.6157	2446.4226
1672.7802	2436.8662
1673.9447	2386.6885
1675.1091	2345.1499
1676.2737	2366.1624
1677.4381	2302.9036
1678.6027	2364.0103
1679.7671	2337.4375
1680.9316	2320.4592
1682.0961	2276.8127
1683.2605	2232.9902
1684.425	2244.0002
1685.5895	2236.7622
1686.754	2258.2957
1687.9185	2233.4631
1689.083	2200.2681
1690.2474	2192.8669
1691.412	2148.5071
1692.5764	2167.0645
1693.7408	2160.8301
1694.9054	2164.3718
1696.0698	2163.4871
1697.2344	2149.7039
1698.3988	2146.1829
1699.5634	2154.3511
1700.7278	2130.2688
1701.8923	2083.4385
1703.0568	2118.1477
1704.2212	2116.7529
1705.3857	2062.8984
1706.5502	2050.2632
1707.7147	2068.6711
1708.8792	2053.1284
1710.0437	2056.3503
1711.2081	2068.8052
1712.3727	2059.4421
1713.5371	2039.4067
1714.7017	2035.1183
1715.8661	2026.1804
1717.0305	2017.4559
1718.1951	2022.0189
1719.3595	1971.1343
1720.524	2001.6967
1721.6885	2011.9963
1722.853	2016.2494
1724.0175	2028.9983
1725.182	1986.0636
1726.3464	1983.6394
1727.5109	1949.5753
1728.6754	1942.8052
1729.8398	1964.1907
1731.0044	1949.5327
1732.1688	1931.0619
1733.3334	1935.9043
1734.4978	1941.3297
1735.6624	1944.3048
1736.8268	1912.3201
1737.9912	1895.0208
1739.1558	1912.0963
1740.3202	1872.3461
1741.4847	1804.3497
1742.6492	1842.412
1743.8137	1847.5118
1744.9781	1852.6359
1746.1427	1813.9636
1747.3071	1830.7372
1748.4716	1806.4399
1749.6361	1845.641
1750.8005	1837.5981
1751.9651	1793.8123
1753.1295	1827.762
1754.2941	1812.6245
1755.4585	1806.2764
1756.623	1825.6128
1757.7875	1813.85
1758.9519	1777.3472
1760.1165	1742.5929
1761.2809	1764.3794
1762.4454	1777.4336
1763.6099	1794.5458
1764.7744	1771.459
1765.9388	1779.0093
1767.1034	1730.4708
1768.2678	1696.2946
1769.4324	1702.5219
1770.5968	1717.7638
1771.7612	1752.5952
1772.9258	1715.1454
1774.0902	1729.0554
1775.2548	1662.3124
1776.4192	1714.0826
1777.5837	1705.2571
1778.7482	1692.7157
1779.9127	1676.2209
1781.0771	1682.4155
1782.2416	1691.3014
1783.4061	1686.6827
1784.5706	1675.3638
1785.7351	1665.7139
1786.8995	1695.347
1788.0641	1679.7605
1789.2285	1656.0157
1790.3931	1656.2782
1791.5575	1672.962
1792.7219	1647.8672
1793.8865	1631.9885
1795.0509	1580.2714
1796.2155	1652.0824
1797.3799	1619.5865
1798.5444	1605.5605
1799.7089	1612.8412
1800.8734	1625.27
1802.0378	1603.6947
1803.2023	1569.4603
1804.3668	1592.1714
1805.5313	1674.924
1806.6958	1565.5737
1807.8602	1599.9546
1809.0248	1618.5754
1810.1892	1590.8826
1811.3538	1589.7467
1812.5182	1583.0264
1813.6827	1561.1517
1814.8472	1570.3085
1816.0116	1569.0784
1817.1761	1575.8945
1818.3406	1549.5748
1819.5051	1548.2034
1820.6696	1538.3184
1821.8341	1535.0732
1822.9985	1562.8485
1824.1631	1597.3269
1825.3275	1535.7134
1826.4919	1533.0321
1827.6565	1534.6804
1828.8209	1533.2552
1829.9855	1532.3757
1831.1499	1523.89
1832.3145	1527.9664
1833.4789	1551.7958
1834.6434	1524.6152
1835.8079	1510.142
1836.9723	1511.8362
1838.1368	1503.1509
1839.3013	1507.6112
1840.4658	1519.2825
1841.6302	1488.09
1842.7948	1483.9076
1843.9592	1457.3783
1845.1238	1510.7432
1846.2882	1511.9614
1847.4526	1523.207
1848.6172	1477.4344
1849.7816	1480.5757
1850.9462	1472.3302
1852.1106	1452.4058
1853.2751	1467.5033
1854.4396	1433.752
1855.6041	1420.9229
1856.7686	1412.0577
1857.933	1438.8938
1859.0975	1448.8961
1860.262	1428.0499
1861.4265	1431.2928
1862.5909	1437.0905
1863.7555	1420.0784
1864.9199	1409.8699
1866.0845	1436.951
1867.2489	1386.157
1868.4135	1394.121
1869.5779	1409.7773
1870.7423	1421.7308
1871.9069	1407.0248
1873.0713	1426.4962
1874.2358	1390.7003
1875.4003	1382.405
1876.5648	1369.4254
1877.7292	1384.5753
1878.8938	1421.6547
1880.0582	1377.2274
1881.2227	1371.91
1882.3872	1371.3883
1883.5516	1353.4241
1884.7162	1383.2035
1885.8806	1388.2505
1887.0452	1401.3082
1888.2096	1369.0696
1889.3741	1371.0056
1890.5386	1361.1433
1891.703	1368.6499
1892.8676	1336.5543
1894.032	1330.0663
1895.1965	1349.7592
1896.361	1350.2543
1897.5255	1355.0676
1898.6899	1364.0787
1899.8545	1302.5787
1901.0189	1344.2432
1902.1833	1335.2136
1903.3479	1338.1658
1904.5123	1318.3676
1905.6769	1329.26
1906.8413	1332.4656
1908.0059	1315.0953
1909.1703	1303.9762
1910.3348	1291.3926
1911.4993	1267.5624
1912.6637	1283.6481
1913.8282	1309.1212
1914.9927	1309.9861
1916.1572	1263.6743
1917.3217	1275.9686
1918.4862	1279.4243
1919.6506	1263.6392
1920.8152	1252.3397
1921.9796	1282.6864
1923.1442	1259.7966
1924.3086	1293.5782
1925.473	1281.5399
1926.6376	1247.1405
1927.802	1262.0182
1928.9666	1245.2443
1930.131	1264.0475
1931.2955	1259.145
1932.46	1206.124
1933.6245	1239.3008
1934.7889	1246.6742
1935.9534	1216.4872
1937.1179	1225.5245
1938.2823	1228.8785
1939.4469	1252.8444
1940.6113	1238.5139
1941.7759	1182.657
1942.9403	1199.0746
1944.1049	1207.2445
1945.2693	1182.0852
1946.4337	1195.8514
1947.5983	1223.7032
1948.7627	1249.0885
1949.9272	1203.6976
1951.0917	1195.5879
1952.2562	1159.1796
1953.4207	1200.6267
1954.5852	1206.8101
1955.7496	1178.3705
1956.9141	1189.0233
1958.0786	1168.1917
1959.243	1169.4028
1960.4076	1190.3953
1961.572	1169.5001
1962.7366	1161.2272
1963.901	1154.0026
1965.0656	1156.6895
1966.23	1133.1356
1967.3944	1125.8364
1968.559	1140.1813
1969.7234	1147.8987
1970.8879	1172.7791
1972.0524	1176.955
1973.2169	1168.9044
1974.3813	1098.3965
1975.5459	1129.2854
1976.7103	1118.8179
1977.8749	1095.8978
1979.0393	1117.5316
1980.2037	1161.1047
1981.3683	1135.7478
1982.5327	1130.1832
1983.6973	1094.5685
1984.8617	1098.2104
1986.0262	1135.1375
1987.1907	1126.8156
1988.3552	1092.1091
1989.5197	1121.8776
1990.6841	1125.1328
1991.8486	1062.578
1993.0131	1042.3673
1994.1776	1067.5343
1995.342	1055.7134
1996.5066	1108.8929
1997.671	1057.1602
1998.8356	1055.6422
2000	1066.4893
