400	10915.888
401.16449	11028.854
402.32898	11012.237
403.49344	11036.575
404.65793	11072.327
405.82242	11070.247
406.98691	11042.646
408.1514	11079.993
409.31586	11097.169
410.48035	11101.359
411.64484	11118.017
412.80933	11049.626
413.97379	10970.466
415.13828	10975.481
416.30276	10913.661
417.46725	10784.235
418.63174	10639.433
419.7962	10499.657
420.96069	10416.374
422.12518	10358.237
423.28967	10287.206
424.45416	10236.778
425.61862	10120.449
426.78311	10114.787
427.9476	10170.514
429.11209	10175.072
430.27655	10127.47
431.44104	10093.563
432.60553	10110.238
433.77002	10058.315
434.93451	10010.316
436.09897	10001.353
437.26346	10036.648
438.42795	10017.549
439.59244	9945.5459
440.75693	9907.7705
441.92139	9816.1807
443.08588	9924.4131
444.25037	9890.6631
445.41486	9872.835
446.57932	9920.4092
447.7438	9989.3154
448.90829	10024.43
450.07278	10052.455
451.23727	10136.689
452.40173	10135.694
453.56622	10077.915
454.73071	10058.222
455.8952	10080.416
457.05969	10100.836
458.22415	10064.104
459.38864	9846.2949
460.55313	9842.502
461.71762	9822.1094
462.88211	9731.4424
464.04657	9626.293
465.21106	9522.4102
466.37555	9462.8135
467.54004	9613.3965
468.7045	9594.5605
469.86899	9556.5654
471.03348	9513.2881
472.19797	9542.1426
473.36246	9622.8018
474.52692	9658.3955
475.69141	9596.2002
476.8559	9613.8281
478.02039	9560.4307
479.18488	9439.7041
480.34933	9450.7695
481.51382	9455.6406
482.67831	9388.9502
483.8428	9307.4238
485.00726	9259.8281
486.17175	9106.5654
487.33624	8964.3418
488.50073	8917.3027
489.66522	8911.7148
490.82968	8893.833
491.99417	8894.3467
493.15866	8943.7959
494.32315	8950.916
495.48764	9039.4375
496.6521	8962.6221
497.81659	8914.2949
498.98108	8906.1816
500.14557	8848.1094
501.31006	8766.8652
502.47452	8792.9502
503.63901	8909.2529
504.8035	8837.1016
505.96799	8822.8867
507.13245	8808.791
508.29694	8888.9463
509.46143	8857.6162
510.62592	8733.8506
511.79041	8775.3037
512.9549	8806.8809
514.11938	8820.7598
515.28381	8859.5801
516.4483	8889.9824
517.61279	8926.3916
518.77728	8994.7061
519.94177	9060.2979
521.10626	9054.5498
522.27075	9005.6689
523.43524	9033.9844
524.59973	8970.4775
525.76422	8956.2432
526.92865	8942.6494
528.09314	8893.4766
529.25763	8859.2588
530.42212	8881.3896
531.58661	8828.5537
532.7511	8703.9922
533.91559	8622.6338
535.08008	8519.4453
536.24457	8555.7305
537.409	8540.9512
538.57349	8486.5146
539.73798	8532.0244
540.90247	8516.5322
542.06696	8492.6553
543.23145	8439.3154
544.39594	8346.3242
545.56042	8277.5684
546.72491	8246.0693
547.8894	8260.0605
549.05383	8285.2607
550.21832	8248.8896
551.38281	8217.6846
552.5473	8280.2295
553.71179	8276.5811
554.87628	8338.2197
556.04077	8373.0996
557.20526	8332.3281
558.36975	8267.2021
559.53418	8262.3408
560.69867	8325.2559
561.86316	8416.5723
563.02765	8479.6895
564.19214	8422.125
565.35663	8410.917
566.52112	8418.8291
567.68561	8388.0488
568.8501	8326.1816
570.01453	8292.0146
571.17902	8338.4141
572.34351	8405.7168
573.508	8401.9951
574.67249	8397.2852
575.83698	8432.1836
577.00146	8453.2041
578.16595	8464.3301
579.33044	8503.6709
580.49493	8506.0771
581.65936	8639.5117
582.82385	8748.3213
583.98834	8866.2627
585.15283	8900.8027
586.31732	8955.8252
587.48181	8998.2627
588.6463	8969.0977
589.81079	8905.7617
590.97528	8837.9971
592.13971	8865.7246
593.3042	8809.0605
594.46869	8732.3232
595.63318	8807.999
596.79767	8787.5703
597.96216	8678.3135
599.12665	8614.1221
600.29114	8557.9365
601.45563	8472.3994
602.62012	8432.5352
603.78455	8296.5039
604.94904	8245.3984
606.11353	8184.2603
607.27802	8173.0737
608.4425	8156.627
609.60699	8141.0649
610.77148	8236.9512
611.93597	8259.9766
613.10046	8245.6846
614.26489	8336.9863
615.42938	8351.9629
616.59387	8390.9424
617.75836	8462.8164
618.92285	8530.6973
620.08734	8532.6748
621.25183	8471.833
622.41632	8512.1553
623.58081	8625.0547
624.74524	8628.8369
625.90973	8618.9053
627.07422	8642.333
628.23871	8716.2295
629.4032	8817.5264
630.56769	8902.7207
631.73218	8955.5059
632.89667	9000.1748
634.06116	8995.6953
635.22565	8946.3818
636.39008	8895.96
637.55457	8764.2031
638.71906	8678.5537
639.88354	8636.2832
641.04803	8638.4297
642.21252	8636.7627
643.37701	8552.8994
644.5415	8550.0566
645.70599	8547.9102
646.87042	8588.6436
648.03491	8624.6914
649.1994	8653.4639
650.36389	8684.8037
651.52838	8677.2656
652.69287	8683.959
653.85736	8722.0322
655.02185	8633.1904
656.18634	8569.2148
657.35083	8639.6299
658.51526	8550.6465
659.67975	8534.6104
660.84424	8466.4482
662.00873	8369.6777
663.17322	8352.1465
664.33771	8373.9229
665.5022	8322.2842
666.66669	8286.2422
667.83118	8308.8135
668.99561	8234.8057
670.1601	8204.5244
671.32458	8196.8125
672.48907	8195.9707
673.65356	8215.9385
674.81805	8223.1074
675.98254	8199.7588
677.14703	8186.2236
678.31152	8187.3496
679.47595	8060.8579
680.64044	7982.9131
681.80493	7967.645
682.96942	7937.1084
684.13391	7900.0444
685.2984	7881.9854
686.46289	7868.7344
687.62738	7826.5327
688.79187	7755.6597
689.95636	7723.6929
691.12079	7822.1143
692.28528	7834.5342
693.44977	7806.2837
694.61426	7828.3945
695.77875	7877.4487
696.94324	7901.9072
698.10773	7892.5811
699.27222	7850.269
700.43671	7812.895
701.60114	7818.5791
702.76563	7761.6582
703.93011	7693.021
705.0946	7671.9604
706.25909	7663.8672
707.42358	7661.8818
708.58807	7675.2222
709.75256	7671.9458
710.91705	7707.9238
712.08154	7781.4453
713.24597	7794.1914
714.41046	7745.6445
715.57495	7771.0957
716.73944	7741.8257
717.90393	7839.1753
719.06842	7857.1309
720.23291	7899.3008
721.3974	7881.5161
722.56189	7865.186
723.72632	7906.939
724.89081	7952.5713
726.0553	7978.5815
727.21979	8092.0479
728.38428	8214.8643
729.54877	8491.6045
730.71326	8590.3906
731.87775	8772.0713
733.04224	8868.8574
734.20673	8908.6172
735.37115	8852.3467
736.53564	8783.9189
737.70013	8711.7217
738.86462	8553.0098
740.02911	8393.9912
741.1936	8235.168
742.35809	8033.0537
743.52258	7856.9897
744.68707	7728.3408
745.8515	7610.04
747.01599	7505.3037
748.18048	7469.2363
749.34497	7441.083
750.50946	7412.582
751.67395	7407.5488
752.83844	7361.2271
754.00293	7310.8062
755.16742	7335.9946
756.33185	7311.5376
757.49634	7324.1704
758.66083	7381.6309
759.82532	7410.8735
760.98981	7407.0356
762.1543	7433.0464
763.31879	7490.1455
764.48328	7512.0059
765.64777	7473.1821
766.81226	7458.7646
767.97668	7560.6509
769.14117	7566.1128
770.30566	7704.0269
771.47015	7774.3867
772.63464	7743.999
773.79913	7761.0781
774.96362	7780.0425
776.12811	7802.6665
777.2926	7832.3281
778.45703	7855.1235
779.62152	7844.9277
780.78601	7806.1138
781.9505	7887.9824
783.11499	7864.8657
784.27948	7992.168
785.44397	7880.7515
786.60846	7923.7329
787.77295	7903.1753
788.93744	7957.0371
790.10187	7947.0142
791.26636	7953.6802
792.43085	7977.7646
793.59534	7936.6797
794.75983	7960.6089
795.92432	7977.624
797.08881	8000.4004
798.2533	8064.7935
799.41779	8015.6309
800.58221	8066.3071
801.7467	8174.4878
802.91119	8247.2188
804.07568	8260.5342
805.24017	8281.6484
806.40466	8349.7471
807.56915	8439.7549
808.73364	8514.6309
809.89813	8585.0342
811.06256	8722.6777
812.22705	8888.752
813.39154	8867.6436
814.55603	8951.4004
815.72052	8894.8438
816.88501	8949.1465
818.0495	8998.7939
819.21399	8933.8262
820.37848	8851.8545
821.54297	8810.8613
822.7074	8741.002
823.87189	8642.8193
825.03638	8600.5205
826.20087	8544.9131
827.36536	8555.459
828.52985	8479.2637
829.69434	8375.2959
830.85883	8442.4912
832.02332	8471.1279
833.18774	8517.3369
834.35223	8513.7139
835.51672	8524.9307
836.68121	8582.5098
837.8457	8623.293
839.01019	8620.042
840.17468	8596.126
841.33917	8543.3203
842.50366	8536.707
843.66815	8650.2393
844.83258	8628.7285
845.99707	8653.0264
847.16156	8775.5889
848.32605	8709.7207
849.49054	8685.9121
850.65503	8632.1992
851.81952	8627.0752
852.98401	8565.9482
854.1485	8549.6455
855.31293	8581.6143
856.47742	8511.2646
857.64191	8517.6152
858.8064	8516.3809
859.97089	8432.0322
861.13538	8397.7754
862.29987	8261.7666
863.46436	8273.5078
864.62885	8202.6953
865.79327	8273.6611
866.95776	8174.6997
868.12225	8084.8013
869.28674	8167.606
870.45123	8214.6738
871.61572	8199.4912
872.78021	8210.46
873.9447	8190.8657
875.10919	8212.7207
876.27368	8220.4092
877.43811	8242.3525
878.6026	8333.8271
879.76709	8362.9258
880.93158	8247.6221
882.09607	8324.5107
883.26056	8337.4668
884.42505	8327.5713
885.58954	8407.1758
886.75403	8433.3486
887.91846	8383.3975
889.08295	8366.1406
890.24744	8369.1572
891.41193	8322.7871
892.57642	8299.873
893.74091	8371.6328
894.9054	8418.7002
896.06989	8325.5801
897.23438	8382.0967
898.39886	8418.2109
899.56329	8302.1133
900.72778	8269.2168
901.89227	8268.0293
903.05676	8239.5117
904.22125	8173.7671
905.38574	8151.1987
906.55023	8130.3345
907.71472	8101.8604
908.87921	8125.501
910.04364	8150.3481
911.20813	8130.5522
912.37262	8154.9443
913.53711	8129.583
914.7016	8177.8262
915.86609	8214.9658
917.03058	8253.0498
918.19507	8230.3057
919.35956	8130.3301
920.52405	8248.0977
921.68848	8197.8555
922.85297	8195.1074
924.01746	8182.6152
925.18195	8141.4292
926.34644	8131.6035
927.51093	8146.8457
928.67542	8142.3721
929.8399	8034.063
931.00439	7853.3994
932.16882	7776.4419
933.33331	7714.7935
934.4978	7714.6948
935.66229	7625.8662
936.82678	7565.9902
937.99127	7498.8408
939.15576	7483.5601
940.32025	7509.8252
941.48474	7542.2417
942.64917	7535.9292
943.81366	7526.355
944.97815	7521.3755
946.14264	7532.5942
947.30713	7549.7686
948.47162	7585.4653
949.63611	7648.5854
950.8006	7714.5757
951.96509	7772.6006
953.12958	7788.3662
954.29401	7739.7178
955.4585	7793.728
956.62299	7827.3564
957.78748	7862.7036
958.95197	7774.1152
960.11646	7810.0532
961.28094	7913.1499
962.44543	7826.0679
963.60992	7885.0483
964.77435	7843.5068
965.93884	7854.6885
967.10333	7768.5244
968.26782	7768.7153
969.43231	7776.0723
970.5968	7774.689
971.76129	7714.4922
972.92578	7622.3706
974.09027	7544.8975
975.25476	7454.9536
976.41919	7405.8618
977.58368	7349.0815
978.74817	7280.8594
979.91266	7129.6694
981.07715	7048.5396
982.24164	6929.4155
983.40613	6936.5254
984.57062	6852.6714
985.73511	6902.3442
986.89954	6835.8213
988.06403	6793.2559
989.22852	6795.2964
990.39301	6808.9829
991.5575	6864.6563
992.72198	6848.5181
993.88647	6890.8662
995.05096	6918.6221
996.21545	6944.8267
997.37988	6966.1836
998.54437	6984.1201
999.70886	7041.8667
1000.8734	7021.855
1002.0378	6949.4512
1003.2023	6961.3276
1004.3668	6827.2915
1005.5313	6752.21
1006.6958	6713.6499
1007.8603	6701.9653
1009.0247	6620.8994
1010.1892	6478.1201
1011.3537	6606.6392
1012.5182	6594.709
1013.6827	6594.3813
1014.8472	6595.0112
1016.0117	6557.8652
1017.1761	6571.6177
1018.3406	6567.2246
1019.5051	6545.1357
1020.6696	6495.9023
1021.834	6499.9307
1022.9985	6552.5337
1024.1631	6550.9067
1025.3275	6572.8779
1026.4919	6596.3867
1027.6565	6558.8765
1028.8209	6538.5464
1029.9855	6532.2622
1031.1499	6562.937
1032.3145	6561.3228
1033.4789	6510.5625
1034.6434	6472.2783
1035.8079	6438.4717
1036.9723	6393.7974
1038.1368	6441.7905
1039.3013	6428.9512
1040.4658	6463.0576
1041.6302	6476.0713
1042.7948	6427.0112
1043.9592	6470.187
1045.1238	6462.5547
1046.2882	6633.9131
1047.4526	6612.5142
1048.6172	6558.5439
1049.7816	6536.9844
1050.9462	6562.8115
1052.1106	6625.1748
1053.2751	6615.2246
1054.4396	6713.0093
1055.6041	6767.8936
1056.7686	6839.7593
1057.933	6879.9985
1059.0975	6863.9302
1060.262	6931.1509
1061.4265	6948.813
1062.5909	6958.0942
1063.7555	7023.6401
1064.9199	7028.5156
1066.0845	7079.5239
1067.2489	7078.4097
1068.4135	7149.2207
1069.5779	7247.2446
1070.7423	7351.1348
1071.9069	7447.5044
1073.0713	7419.1489
1074.2358	7550.8823
1075.4003	7490.8081
1076.5648	7438.8594
1077.7292	7504.1377
1078.8938	7542.9453
1080.0582	7538.9863
1081.2227	7514.4028
1082.3872	7531.0464
1083.5516	7478.3755
1084.7162	7555.4565
1085.8806	7533.0908
1087.0452	7558.3633
1088.2096	7590.4326
1089.3741	7602.939
1090.5386	7615.3311
1091.703	7623.7134
1092.8676	7677.1729
1094.032	7681.3159
1095.1965	7679.8394
1096.361	7739.4761
1097.5255	7804.9673
1098.6899	7857.8926
1099.8545	7869.2275
1101.0189	7862.5977
1102.1833	7899.2412
1103.3479	7957.7578
1104.5123	8050.3892
1105.6769	8129.1143
1106.8413	8177.7358
1108.0059	8267.8291
1109.1703	8388.1943
1110.3348	8493.8164
1111.4993	8627.8672
1112.6637	8613.2881
1113.8282	8668.7256
1114.9927	8821.625
1116.1572	8729.7568
1117.3217	8679.0605
1118.4862	8763.7979
1119.6506	8719.3945
1120.8152	8832.8125
1121.9796	8842.2412
1123.1442	8972.8037
1124.3086	8917.2734
1125.473	9044.4619
1126.6376	9083.8906
1127.802	9243.9014
1128.9666	9313.2676
1130.131	9450.7012
1131.2955	9454.3125
1132.46	9575.9629
1133.6245	9703.8975
1134.7889	9750.376
1135.9534	9822.0479
1137.1179	9943.8691
1138.2823	10012.313
1139.4469	10184.924
1140.6113	10328.697
1141.7759	10384.853
1142.9403	10550.652
1144.1049	10578.656
1145.2693	10590.701
1146.4337	10579.832
1147.5983	10564.854
1148.7627	10567.987
1149.9272	10550.883
1151.0917	10493.763
1152.2562	10549.13
1153.4207	10524.8
1154.5852	10436.396
1155.7496	10453.002
1156.9141	10441.121
1158.0786	10395.259
1159.243	10380.354
1160.4076	10385.074
1161.572	10345.067
1162.7366	10280.172
1163.901	10313.321
1165.0656	10344.221
1166.23	10319.425
1167.3944	10382.495
1168.559	10374.56
1169.7234	10298.034
1170.8879	10323.801
1172.0524	10239.615
1173.2169	10136.832
1174.3813	10024.463
1175.5459	9863.7773
1176.7103	9748.7451
1177.8749	9712.7422
1179.0393	9690.4873
1180.2037	9620.1436
1181.3683	9537.0215
1182.5327	9503.7969
1183.6973	9443.0615
1184.8617	9350.7998
1186.0262	9385.3838
1187.1907	9321.5117
1188.3552	9187.3789
1189.5197	9065.7227
1190.6841	8983.916
1191.8486	9040.9229
1193.0131	8898.3164
1194.1776	8965.6592
1195.342	8981.9121
1196.5066	8891.7109
1197.671	8842.959
1198.8356	8788.8066
1200	8631.6055
1201.1644	8631.0986
1202.329	8665.2354
1203.4934	8601.7441
1204.658	8487.6367
1205.8224	8596.5049
1206.9869	8521.1172
1208.1514	8533.6143
1209.3159	8481.5234
1210.4803	8602.4639
1211.6448	8447.5352
1212.8093	8557.0752
1213.9738	8676.8076
1215.1383	8586.5654
1216.3027	8757.8203
1217.4673	8698.4609
1218.6317	8644.9795
1219.7963	8647.8477
1220.9607	8679.7256
1222.1251	8687.2822
1223.2897	8648.3701
1224.4541	8714.4365
1225.6187	8693.0977
1226.7831	8743.8145
1227.9476	8687.4121
1229.1121	8735.7119
1230.2766	8635.9229
1231.441	8574.0508
1232.6056	8572.0459
1233.77	8642.1406
1234.9344	8599.4629
1236.099	8558.7012
1237.2634	8599.041
1238.428	8619.8975
1239.5924	8569.4873
1240.757	8565.1865
1241.9214	8648.165
1243.0859	8563.5977
1244.2504	8478.5898
1245.4148	8489.707
1246.5793	8494.6768
1247.7438	8499.792
1248.9083	8415.9131
1250.0728	8388.8135
1251.2373	8359.7666
1252.4017	8386.7256
1253.5663	8316.9854
1254.7307	8365.5811
1255.8951	8310.9092
1257.0597	8401.0146
1258.2241	8376.999
1259.3887	8392.416
1260.5531	8435.6816
1261.7177	8455.417
1262.8821	8448.667
1264.0466	8384.041
1265.2111	8398.2109
1266.3755	8363.4639
1267.54	8367.6318
1268.7045	8320.3672
1269.869	8359.9033
1271.0334	8271.249
1272.198	8186.521
1273.3624	8156.4873
1274.527	8098.8965
1275.6914	8065.6606
1276.8558	8067.6968
1278.0204	8046.7061
1279.1848	8022.6011
1280.3494	7989.127
1281.5138	7999.5801
1282.6783	7892.6841
1283.8428	7886.3818
1285.0073	7937.1279
1286.1718	7916.0225
1287.3363	7930.8726
1288.5007	7932.1147
1289.6652	7855.6602
1290.8297	7855.1094
1291.9941	7815.8892
1293.1587	7799.6133
1294.3231	7740.6494
1295.4877	7683.8818
1296.6521	7722.3384
1297.8167	7753.7339
1298.9811	7665.5205
1300.1455	7690.8765
1301.3101	7729.0518
1302.4745	7755.4004
1303.639	7713.8491
1304.8035	7725.8159
1305.968	7740.2476
1307.1324	7699.2705
1308.297	7704.5874
1309.4614	7681.0356
1310.6259	7648.3315
1311.7904	7626.0264
1312.9548	7669.25
1314.1194	7686.4341
1315.2838	7704.731
1316.4484	7705.3174
1317.6128	7719.5166
1318.7773	7764.917
1319.9418	7717.8359
1321.1062	7670.4731
1322.2708	7691.2256
1323.4352	7728.4375
1324.5997	7803.9458
1325.7642	7827.6533
1326.9287	7853.6274
1328.0931	7911.3018
1329.2577	7887.5806
1330.4221	7832.6104
1331.5865	7774.3481
1332.7511	7772.7163
1333.9155	7771.2769
1335.0801	7683.5669
1336.2445	7676.9233
1337.4091	7657.7363
1338.5735	7668.2876
1339.738	7741.1724
1340.9025	7688.2729
1342.067	7747.8237
1343.2314	7739.3799
1344.3959	7718.8911
1345.5604	7698.8247
1346.7249	7675.584
1347.8894	7653.8843
1349.0538	7601.041
1350.2184	7582.1494
1351.3828	7548.7417
1352.5474	7556.3193
1353.7118	7587.7041
1354.8762	7532.4282
1356.0408	7524.1924
1357.2052	7560.1104
1358.3698	7609.3447
1359.5342	7582.7275
1360.6987	7558.6519
1361.8632	7554.5474
1363.0277	7550.1958
1364.1921	7480.9629
1365.3566	7415.7036
1366.5211	7431.7954
1367.6855	7455.8726
1368.8501	7435.1016
1370.0145	7450.8872
1371.1791	7481.1084
1372.3435	7484.3916
1373.5081	7438.7041
1374.6725	7465.1846
1375.8369	7442.2861
1377.0015	7454.2554
1378.1659	7457.5298
1379.3304	7532.0098
1380.4949	7579.4741
1381.6594	7622.6294
1382.8239	7614.1846
1383.9884	7683.9048
1385.1528	7691.2012
1386.3173	7704.6021
1387.4818	7774.5796
1388.6462	7741.2085
1389.8108	7694.7471
1390.9752	7591.1016
1392.1398	7527.7983
1393.3042	7495.1689
1394.4688	7448.4561
1395.6332	7359.4097
1396.7977	7274.6675
1397.9622	7273.6807
1399.1266	7218.9902
1400.2911	7195.5635
1401.4556	7168.2759
1402.6201	7135.1318
1403.7845	7103.7227
1404.9491	7095.9507
1406.1135	7071.8184
1407.2781	7089.2393
1408.4425	7040.415
1409.6069	7016.6294
1410.7715	7019.2744
1411.9359	7084.3047
1413.1005	7123.3457
1414.2649	7127.9521
1415.4294	7157.6499
1416.5939	7233.8872
1417.7584	7292.1851
1418.9229	7412.3755
1420.0873	7498.9487
1421.2518	7552.7119
1422.4163	7591.3335
1423.5808	7631.4116
1424.7452	7713.6367
1425.9098	7791.1875
1427.0742	7825.8711
1428.2388	7920.2773
1429.4032	7927.9722
1430.5676	7899.5449
1431.7322	7948.5361
1432.8966	8026.1226
1434.0612	7996.498
1435.2256	8037.9355
1436.3901	8025.3174
1437.5546	8025.1025
1438.7191	7992.3301
1439.8835	8092.1943
1441.0481	8017.9907
1442.2125	7979.0728
1443.377	8034.3379
1444.5415	8068.8838
1445.7059	8007.2251
1446.8705	7998.7148
1448.0349	7991.1401
1449.1995	8036.2061
1450.3639	8014.8198
1451.5284	8045.1445
1452.6929	8076.4912
1453.8573	8150.1265
1455.0219	8133.6558
1456.1863	8130.1621
1457.3508	8247.7832
1458.5153	8301.2598
1459.6798	8272.2383
1460.8442	8269.3516
1462.0088	8282.249
1463.1732	8294.46
1464.3376	8303.998
1465.5022	8363.0654
1466.6666	8295.8447
1467.8312	8347.46
1468.9956	8377.9453
1470.1602	8429.3379
1471.3246	8351.5293
1472.4891	8377.0752
1473.6536	8404.3779
1474.818	8387.1191
1475.9825	8385.877
1477.147	8391.4336
1478.3115	8435.0957
1479.476	8427.6201
1480.6405	8465.54
1481.8049	8556.3652
1482.9695	8609.541
1484.1339	8633.4385
1485.2983	8680.5537
1486.4629	8693.4326
1487.6273	8771.8643
1488.7919	8793.2959
1489.9563	8842.1084
1491.1208	8870.0391
1492.2853	8849.9375
1493.4498	8972.8887
1494.6143	9036.5645
1495.7788	8994.7158
1496.9432	9067.1514
1498.1077	9058.4229
1499.2722	9111.543
1500.4366	9132.1719
1501.6012	9097.2617
1502.7656	9039.1289
1503.9302	9047.5459
1505.0946	9016.6758
1506.2592	9014.8584
1507.4236	8996.6611
1508.588	9026.9736
1509.7526	9047.8887
1510.917	9072.8184
1512.0815	9067.1045
1513.246	9058.1289
1514.4105	9087.375
1515.575	9059.5078
1516.7395	9067.8838
1517.9039	9027.7207
1519.0684	9029.6182
1520.2329	9067.9795
1521.3973	9078.5342
1522.5619	9062.2188
1523.7263	9147.3203
1524.8909	9119.8271
1526.0553	9137.4688
1527.2198	9151.1875
1528.3843	9150.7822
1529.5487	9192.2217
1530.7133	9253.8672
1531.8777	9310.7656
1533.0422	9351.4863
1534.2067	9354.8721
1535.3712	9356.6641
1536.5356	9218.5908
1537.7002	9310.0615
1538.8646	9233.4072
1540.0291	9217.5049
1541.1936	9162.9844
1542.358	9034.458
1543.5226	9067.0068
1544.687	8993.165
1545.8516	8926.335
1547.016	8862.874
1548.1805	8800.0078
1549.345	8733.4941
1550.5095	8670.6445
1551.674	8602.5635
1552.8384	8561.6592
1554.0029	8478.2715
1555.1674	8478.7725
1556.3319	8496.9736
1557.4963	8475.5098
1558.6609	8370.291
1559.8253	8404.4775
1560.9899	8350.668
1562.1543	8296.3652
1563.3187	8383.3311
1564.4833	8334.2588
1565.6477	8374.8896
1566.8123	8368.8613
1567.9767	8403.9277
1569.1412	8412.0527
1570.3057	8474.5498
1571.4702	8528.3301
1572.6346	8513.7627
1573.7991	8485.2021
1574.9636	8505.1426
1576.1281	8389.4082
1577.2926	8344.0625
1578.457	8210.2969
1579.6216	8302.4307
1580.786	8230.1133
1581.9506	8230.2422
1583.115	8199.3291
1584.2794	8095.8809
1585.444	8068.3525
1586.6084	8053.0425
1587.7729	8044.0356
1588.9374	8060.1543
1590.1019	8115.1089
1591.2664	8120.8301
1592.4309	8086.0273
1593.5953	8136.0625
1594.7598	8254.3711
1595.9243	8336.2412
1597.0887	8395.7539
1598.2533	8313.6406
1599.4177	8071.6138
1600.5823	7707.3013
1601.7467	7374.8423
1602.9113	7006.2261
1604.0757	6776.8799
1605.2402	6586.6304
1606.4047	6377.7559
1607.5691	6258.3193
1608.7336	6159.9438
1609.8981	6033.5874
1611.0626	5952.4053
1612.2271	5795.6909
1613.3916	5670.5283
1614.556	5581.1294
1615.7206	5421.7861
1616.885	5318.5415
1618.0494	5289.9258
1619.214	5269.3804
1620.3784	5154.271
1621.543	5035.0396
1622.7074	4967.4927
1623.8719	4851.3057
1625.0364	4738.3716
1626.2009	4664.2222
1627.3654	4488.1816
1628.5298	4508.0938
1629.6943	4460.0933
1630.8588	4430.1919
1632.0233	4383.0146
1633.1877	4281.9199
1634.3523	4201.7603
1635.5167	4154.521
1636.6813	4090.1448
1637.8457	4017.05
1639.0101	3937.0127
1640.1747	3856.6565
1641.3391	3779.3132
1642.5037	3733.5459
1643.6681	3714.6765
1644.8326	3617.5925
1645.9971	3537.2561
1647.1616	3462.9136
1648.326	3494.2258
1649.4905	3440.7534
1650.655	3393.5952
1651.8195	3302.5676
1652.984	3270.9785
1654.1484	3243.3223
1655.313	3186.0837
1656.4774	3162.3577
1657.642	3080.6621
1658.8064	3058.9407
1659.9709	3032.9304
1661.1354	3014.2769
1662.2998	2934.3091
1663.4644	2888.9116
1664.6288	2857.2766
1665.7933	2856.8374
1666.9578	2829.5862
1668.1223	2792.0244
1669.2867	2753.9368
1670.4513	2740.6382
1671.6157	2756.9871
1672.7802	2740.5425
1673.9447	2744.2065
1675.1091	2711.7588
1676.2737	2636.5088
1677.4381	2659.0298
1678.6027	2639.4329
1679.7671	2590.3813
1680.9316	2560.3176
1682.0961	2556.2917
1683.2605	2498.5435
1684.425	2494.4397
1685.5895	2482.353
1686.754	2450.3579
1687.9185	2477.0398
1689.083	2442.1599
1690.2474	2443.6934
1691.412	2388.1875
1692.5764	2366.3364
1693.7408	2375.0522
1694.9054	2329.377
1696.0698	2344.1248
1697.2344	2361.9216
1698.3988	2309.4968
1699.5634	2306.3237
1700.7278	2286.5818
1701.8923	2310.9883
1703.0568	2275.2456
1704.2212	2235.9954
1705.3857	2242.3286
1706.5502	2263.9304
1707.7147	2262.3813
1708.8792	2235.9688
1710.0437	2211.2693
1711.2081	2215.8379
1712.3727	2254.3989
1713.5371	2192.6082
1714.7017	2253.8655
1715.8661	2214.614
1717.0305	2195.1873
1718.1951	2228.3999
1719.3595	2248.4036
1720.524	2203.543
1721.6885	2190.6038
1722.853	2204.1252
1724.0175	2250.321
1725.182	2197.0925
1726.3464	2167.5481
1727.5109	2160.259
1728.6754	2177.2312
1729.8398	2170.2048
1731.0044	2171.3132
1732.1688	2096.7937
1733.3334	2120.0464
1734.4978	2121.3059
1735.6624	2105.3562
1736.8268	2057.5435
1737.9912	2049.7441
1739.1558	2009.5779
1740.3202	2069.4336
1741.4847	2020.1594
1742.6492	1992.7986
1743.8137	1988.1107
1744.9781	1969.67
1746.1427	1994.6775
1747.3071	1977.3346
1748.4716	1966.3435
1749.6361	1974.1248
1750.8005	1973.3004
1751.9651	1952.1117
1753.1295	1934.9146
1754.2941	1911.0013
1755.4585	1902.915
1756.623	1897.9756
1757.7875	1892.6172
1758.9519	1874.0972
1760.1165	1864.054
1761.2809	1857.3695
1762.4454	1845.6492
1763.6099	1819.7593
1764.7744	1820.4766
1765.9388	1810.2107
1767.1034	1829.3179
1768.2678	1825.9166
1769.4324	1822.946
1770.5968	1788.7068
1771.7612	1787.1289
1772.9258	1783.2524
1774.0902	1787.3799
1775.2548	1777.2136
1776.4192	1800.4933
1777.5837	1766.8903
1778.7482	1759.8699
1779.9127	1748.9366
1781.0771	1756.0325
1782.2416	1794.3845
1783.4061	1816.3591
1784.5706	1741.6526
1785.7351	1728.8572
1786.8995	1713.5842
1788.0641	1742.9849
1789.2285	1731.9968
1790.3931	1719.1877
1791.5575	1726.9653
1792.7219	1704.924
1793.8865	1696.4647
1795.0509	1721.4807
1796.2155	1706.2708
1797.3799	1706.5469
1798.5444	1674.2623
1799.7089	1663.9552
1800.8734	1676.6641
1802.0378	1666.0879
1803.2023	1657.2384
1804.3668	1668.4053
1805.5313	1663.2935
1806.6958	1638.7809
1807.8602	1677.8839
1809.0248	1671.4657
1810.1892	1670.2401
1811.3538	1663.9414
1812.5182	1644.694
1813.6827	1649.149
1814.8472	1619.2257
1816.0116	1621.8209
1817.1761	1643.3737
1818.3406	1637.2548
1819.5051	1653.3027
1820.6696	1608.2184
1821.8341	1619.2872
1822.9985	1634.3508
1824.1631	1594.5438
1825.3275	1596.8379
1826.4919	1542.7119
1827.6565	1615.76
1828.8209	1582.8141
1829.9855	1581.4965
1831.1499	1560.1255
1832.3145	1565.9282
1833.4789	1575.5349
1834.6434	1588.826
1835.8079	1540.2853
1836.9723	1537.4635
1838.1368	1567.9292
1839.3013	1552.9647
1840.4658	1557.4329
1841.6302	1560.9552
1842.7948	1534.8738
1843.9592	1506.0059
1845.1238	1554.3168
1846.2882	1530.6604
1847.4526	1553.2488
1848.6172	1549.358
1849.7816	1524.587
1850.9462	1487.8226
1852.1106	1485.86
1853.2751	1493.7599
1854.4396	1512.3756
1855.6041	1482.7942
1856.7686	1503.2959
1857.933	1503.0278
1859.0975	1474.3586
1860.262	1471.7739
1861.4265	1451.098
1862.5909	1454.3925
1863.7555	1487.7286
1864.9199	1482.6334
1866.0845	1474.7889
1867.2489	1477.7854
1868.4135	1460.675
1869.5779	1436.8064
1870.7423	1474.7788
1871.9069	1471.2644
1873.0713	1393.4414
1874.2358	1490.86
1875.4003	1438.0139
1876.5648	1402.41
1877.7292	1432.2996
1878.8938	1418.3253
1880.0582	1410.4148
1881.2227	1392.0018
1882.3872	1396.8368
1883.5516	1422.927
1884.7162	1409.96
1885.8806	1391.1005
1887.0452	1395.7528
1888.2096	1397.673
1889.3741	1421.6604
1890.5386	1388.3734
1891.703	1362.6313
1892.8676	1403.371
1894.032	1343.042
1895.1965	1355.4696
1896.361	1370.1136
1897.5255	1396.2877
1898.6899	1340.4827
1899.8545	1338.9736
1901.0189	1351.5242
1902.1833	1345.7705
1903.3479	1361.7089
1904.5123	1375.3488
1905.6769	1380.0503
1906.8413	1411.3635
1908.0059	1359.2987
1909.1703	1337.594
1910.3348	1332.0764
1911.4993	1342.587
1912.6637	1316.8622
1913.8282	1314.942
1914.9927	1327.1404
1916.1572	1341.7058
1917.3217	1324.3741
1918.4862	1330.651
1919.6506	1315.0115
1920.8152	1310.954
1921.9796	1308.0786
1923.1442	1313.9303
1924.3086	1283.7697
1925.473	1295.9003
1926.6376	1253.2987
1927.802	1285.1626
1928.9666	1283.9044
1930.131	1290.4771
1931.2955	1273.0697
1932.46	1274.2567
1933.6245	1221.2834
1934.7889	1266.5156
1935.9534	1260.8521
1937.1179	1277.9402
1938.2823	1245.5664
1939.4469	1224.1708
1940.6113	1267.4822
1941.7759	1242.2776
1942.9403	1221.3479
1944.1049	1223.417
1945.2693	1209.071
1946.4337	1248.3629
1947.5983	1238.145
1948.7627	1207.0448
1949.9272	1227.8191
1951.0917	1221.6923
1952.2562	1191.1631
1953.4207	1183.6919
1954.5852	1192.4187
1955.7496	1184.4281
1956.9141	1185.9546
1958.0786	1172.9163
1959.243	1185.6417
1960.4076	1205.1815
1961.572	1187.2118
1962.7366	1191.5808
1963.901	1180.4741
1965.0656	1182.5978
1966.23	1167.0496
1967.3944	1168.1233
1968.559	1144.5385
1969.7234	1167.9048
1970.8879	1153.0375
1972.0524	1144.7225
1973.2169	1141.401
1974.3813	1142.9943
1975.5459	1151.7877
1976.7103	1143.3335
1977.8749	1148.6379
1979.0393	1144.0938
1980.2037	1166.6595
1981.3683	1128.7267
1982.5327	1114.778
1983.6973	1111.599
1984.8617	1108.8047
1986.0262	1123.7748
1987.1907	1126.2048
1988.3552	1096.1925
1989.5197	1105.7318
1990.6841	1103.6407
1991.8486	1114.9761
1993.0131	1128.1101
1994.1776	1102.8422
1995.342	1091.1239
1996.5066	1103.4554
1997.671	1085.5431
1998.8356	1092.5054
2000	1071.9448
