400.792	65034.9
402.399	63639.9
404.006	63633.9
405.622	62823.9
407.237	63295.9
408.844	62644.9
410.451	62233.9
412.067	62662.9
413.674	61815.9
415.281	62147.9
416.896	62131.9
418.504	61414.9
420.111	61050.9
421.718	60631.9
423.325	60437.9
424.932	59511.9
426.54	59334.9
428.147	59334.9
429.754	59027.9
431.353	58986.9
432.961	58953.9
434.568	58730.9
436.167	58364.9
437.774	58545.9
439.373	57900.9
440.981	58224.9
442.58	58426.9
444.179	58227.9
445.786	58624.9
447.385	58323.9
448.985	58605.9
450.584	58412.9
452.183	58287.9
453.782	58119.9
455.381	57975.9
456.98	57498.9
458.58	57481.9
460.179	58035.9
461.77	57843.9
463.369	57365.9
464.968	57478.9
466.56	57594.9
468.159	57741.9
469.75	57139.9
471.349	57548.9
472.94	57642.9
474.531	57484.9
476.122	57474.9
477.722	56565.9
479.313	55953.9
480.904	55698.9
482.495	54923.9
484.086	54540.9
485.677	53998.9
487.269	53338.9
488.86	53428.9
490.443	53625.9
492.034	53295.9
493.625	53484.9
495.208	53554.9
496.799	53155.9
498.391	53122.9
499.974	53283.9
501.557	53551.9
503.148	53818.9
504.731	53391.9
506.314	53232.9
507.905	53277.9
509.488	53157.9
511.072	52952.9
512.655	52925.9
514.238	53211.9
515.821	53198.9
517.404	53152.9
518.987	53495.9
520.562	53670.9
522.145	53583.9
523.728	53338.9
525.304	53157.9
526.887	53079.9
528.462	52322.9
530.045	52661.9
531.62	52546.9
533.203	52536.9
534.778	51979.9
536.353	52322.9
537.936	51998.9
539.511	51398.9
541.086	51365.9
542.661	51205.9
544.237	50800.9
545.812	50834.9
547.387	50298.9
548.962	50236.9
550.529	50152.9
552.104	49967.9
553.679	49546.9
555.246	49506.9
556.821	49561.9
558.396	49807.9
559.963	49077.9
561.538	49322.9
563.105	49334.9
564.672	49594.9
566.247	48951.9
567.815	49304.9
569.382	49324.9
570.949	49370.9
572.516	49768.9
574.083	49487.9
575.65	49841.9
577.217	49601.9
578.784	49704.9
580.351	50017.9
581.918	49921.9
583.477	50098.9
585.044	50508.9
586.611	50851.9
588.17	51216.9
589.737	51052.9
591.296	51264.9
592.855	51443.9
594.422	51145.9
595.981	51121.9
597.54	50519.9
599.107	50921.9
600.666	50443.9
602.225	50628.9
603.784	50532.9
605.343	50359.9
606.902	49974.9
608.461	50157.9
610.02	50177.9
611.571	50527.9
613.13	50361.9
614.689	50550.9
616.248	50898.9
617.799	50656.9
619.358	50495.9
620.909	50500.9
622.468	51088.9
624.019	50982.9
625.57	50933.9
627.129	50625.9
628.68	51043.9
630.231	51451.9
631.782	51530.9
633.333	51478.9
634.884	51388.9
636.435	50405.9
637.986	50895.9
639.537	50726.9
641.088	51168.9
642.639	50987.9
644.182	51632.9
645.733	51435.9
647.284	51510.9
648.827	51245.9
650.378	51671.9
651.921	50707.9
653.471	50855.9
655.014	50664.9
656.557	50718.9
658.108	50971.9
659.651	50559.9
661.194	50515.9
662.737	50399.9
664.28	50520.9
665.823	50693.9
667.366	50623.9
668.909	50801.9
670.452	50617.9
671.995	50303.9
673.538	50500.9
675.073	49551.9
676.616	49694.9
678.158	49616.9
679.693	49481.9
681.236	49503.9
682.771	49255.9
684.314	49326.9
685.849	49267.9
687.384	49072.9
688.927	48857.9
690.462	48523.9
691.997	48194.9
693.532	47713.9
695.066	47403.9
696.601	47766.9
698.136	47417.9
699.671	47028.9
701.206	46906.9
702.741	46863.9
704.268	46630.9
705.803	46494.9
707.338	46307.9
708.864	46448.9
710.399	47015.9
711.934	47146.9
713.461	47528.9
714.988	47931.9
716.523	47393.9
718.05	47465.9
719.577	47270.9
721.112	47793.9
722.638	47853.9
724.165	48734.9
725.692	49884.9
727.219	51162.9
728.746	52410.9
730.273	54130.9
731.799	56050.9
733.326	57553.9
734.845	58094.9
736.372	58116.9
737.899	56756.9
739.418	54546.9
740.945	52910.9
742.463	51744.9
743.99	50079.9
745.509	49723.9
747.036	49430.9
748.555	48970.9
750.074	48189.9
751.601	47823.9
753.119	47547.9
754.638	47598.9
756.157	47122.9
757.676	46810.9
759.195	46731.9
760.713	46629.9
762.232	46266.9
763.751	46180.9
765.262	46130.9
766.781	46109.9
768.3	45682.9
769.818	46404.9
771.329	45703.9
772.848	46042.9
774.359	46224.9
775.878	45862.9
777.388	45571.9
778.899	45727.9
780.418	45892.9
781.929	46199.9
783.44	46384.9
784.95	45739.9
786.461	45575.9
787.972	45781.9
789.483	45587.9
790.994	45575.9
792.504	45727.9
794.015	45853.9
795.526	45274.9
797.037	45685.9
798.539	44645.9
800.05	45165.9
801.561	44568.9
803.064	44772.9
804.575	44644.9
806.077	44802.9
807.588	44362.9
809.091	44307.9
810.594	44415.9
812.104	44137.9
813.607	44344.9
815.11	44770.9
816.613	44225.9
818.115	44441.9
819.618	44094.9
821.121	44619.9
822.624	44414.9
824.126	44530.9
825.629	44900.9
827.132	44084.9
828.627	43955.9
830.129	44016.9
831.632	43982.9
833.127	43693.9
834.63	43883.9
836.124	43539.9
837.627	43515.9
839.122	43344.9
840.625	43156.9
842.119	43601.9
843.614	43143.9
845.109	42969.9
846.612	43361.9
848.106	43543.9
849.601	44034.9
851.096	44211.9
852.59	44150.9
854.085	43940.9
855.58	43901.9
857.066	43622.9
858.561	43625.9
860.056	43632.9
861.551	43491.9
863.037	43298.9
864.532	43576.9
866.019	43188.9
867.513	43705.9
869	43483.9
870.495	44164.9
871.982	44437.9
873.468	44217.9
874.955	44108.9
876.45	44265.9
877.936	44179.9
879.423	44038.9
880.91	43554.9
882.396	43321.9
883.883	43272.9
885.37	42919.9
886.856	42392.9
888.343	42248.9
889.822	42394.9
891.308	42507.9
892.795	42535.9
894.274	42079.9
895.76	42021.9
897.247	41702.9
898.726	41541.9
900.204	41985.9
901.691	41217.9
903.17	41322.9
904.648	41262.9
906.135	41052.9
907.614	41266.9
909.092	41398.9
910.571	41152.9
912.05	41072.9
913.528	40945.9
915.007	40788.9
916.486	41264.9
917.964	40819.9
919.443	41215.9
920.921	41010.9
922.392	41335.9
923.871	40933.9
925.349	41381.9
926.82	40819.9
928.299	41140.9
929.769	41507.9
931.248	41796.9
932.718	41858.9
934.189	41769.9
935.668	41821.9
937.138	42025.9
938.609	42291.9
940.08	41886.9
941.558	41506.9
943.029	41230.9
944.499	41264.9
945.97	40989.9
947.441	41174.9
948.903	41158.9
950.374	41060.9
951.844	41141.9
953.315	41004.9
954.778	41022.9
956.248	41400.9
957.719	41277.9
959.181	41738.9
960.652	41763.9
962.115	41788.9
963.585	41437.9
965.048	41460.9
966.51	41336.9
967.981	40527.9
969.444	40501.9
970.906	40096.9
972.369	39477.9
973.831	39265.9
975.294	39759.9
976.756	39044.9
978.219	39089.9
979.682	38978.9
981.144	38572.9
982.607	38967.9
984.069	38501.9
985.524	38424.9
986.986	38376.9
988.449	38131.9
989.903	37923.9
991.366	38310.9
992.821	38581.9
994.283	38011.9
995.738	37665.9
997.192	37925.9
998.655	37994.9
1000.11	37504.9
1001.56	37575.9
1003.02	37830.9
1004.47	37684.9
1005.93	37734.9
1007.38	37537.9
1008.84	37195.9
1010.29	37266.9
1011.75	37259.9
1013.2	38226.9
1014.65	37960.9
1016.11	38337.9
1017.56	38322.9
1019.01	38373.9
1020.46	38576.9
1021.91	38453.9
1023.37	38396.9
1024.81	38380.9
1026.26	38378.9
1027.71	38249.9
1029.16	38294.9
1030.61	38067.9
1032.06	38095.9
1033.51	37996.9
1034.95	38170.9
1036.4	38206.9
1037.85	37879.9
1039.29	37985.9
1040.74	37993.9
1042.19	37738.9
1043.63	38160.9
1045.08	37683.9
1046.53	37612.9
1047.96	37596.9
1049.41	37718.9
1050.86	37175.9
1052.3	37479.9
1053.74	37373.9
1055.18	37715.9
1056.63	37262.9
1058.07	37437.9
1059.51	37139.9
1060.95	37616.9
1062.39	36935.9
1063.83	37324.9
1065.27	37248.9
1066.71	37339.9
1068.15	37179.9
1069.59	37473.9
1071.03	37969.9
1072.47	37673.9
1073.91	37879.9
1075.34	37867.9
1076.77	38224.9
1078.21	38132.9
1079.65	38230.9
1081.09	38119.9
1082.52	38365.9
1083.96	38497.9
1085.39	38549.9
1086.83	38294.9
1088.26	38867.9
1089.7	38390.9
1091.13	38778.9
1092.56	38712.9
1094	38652.9
1095.43	39457.9
1096.86	39286.9
1098.29	39462.9
1099.72	39741.9
1101.15	40587.9
1102.58	40820.9
1104.01	41372.9
1105.44	42180.9
1106.87	42424.9
1108.3	42631.9
1109.73	42713.9
1111.15	43083.9
1112.58	42825.9
1114.01	43119.9
1115.44	43261.9
1116.87	43040.9
1118.29	43493.9
1119.72	43404.9
1121.14	43341.9
1122.57	43274.9
1123.99	43733.9
1125.42	44080.9
1126.85	43773.9
1128.27	43696.9
1129.69	43956.9
1131.11	44390.9
1132.54	44223.9
1133.96	44500.9
1135.38	44667.9
1136.8	44797.9
1138.23	44822.9
1139.65	44893.9
1141.07	45347.9
1142.49	45189.9
1143.91	45704.9
1145.33	45648.9
1146.74	45868.9
1148.17	46267.9
1149.58	46268.9
1151	46259.9
1152.42	46223.9
1153.84	47025.9
1155.25	47295.9
1156.67	47491.9
1158.09	48229.9
1159.51	48003.9
1160.92	48270.9
1162.33	48469.9
1163.75	48545.9
1165.16	48694.9
1166.58	48723.9
1167.99	48988.9
1169.41	49464.9
1170.82	49404.9
1172.23	49536.9
1173.65	49437.9
1175.06	49643.9
1176.47	50105.9
1177.88	50343.9
1179.29	50329.9
1180.7	50090.9
1182.11	49833.9
1183.53	49658.9
1184.93	49247.9
1186.34	49270.9
1187.75	48694.9
1189.16	48726.9
1190.57	48886.9
1191.98	48639.9
1193.39	48418.9
1194.79	48872.9
1196.2	48450.9
1197.6	48660.9
1199.01	48595.9
1200.42	48792.9
1201.82	48849.9
1203.23	48574.9
1204.63	48779.9
1206.03	48649.9
1207.44	48655.9
1208.84	48608.9
1210.25	48780.9
1211.65	48637.9
1213.05	48248.9
1214.46	48889.9
1215.85	48647.9
1217.26	48781.9
1218.66	48890.9
1220.06	48723.9
1221.46	48558.9
1222.86	48887.9
1224.26	48738.9
1225.66	48848.9
1227.06	48363.9
1228.46	48304.9
1229.85	48497.9
1231.25	48560.9
1232.65	48823.9
1234.05	48767.9
1235.45	48489.9
1236.85	48846.9
1238.24	48639.9
1239.63	48505.9
1241.03	48947.9
1242.42	48900.9
1243.82	48818.9
1245.22	49651.9
1246.61	49460.9
1248	50339.9
1249.4	50533.9
1250.79	50234.9
1252.18	51217.9
1253.58	51007.9
1254.97	51147.9
1256.36	50636.9
1257.75	50990.9
1259.14	51432.9
1260.53	51323.9
1261.92	51433.9
1263.31	51205.9
1264.7	51660.9
1266.09	51967.9
1267.48	52071.9
1268.87	52442.9
1270.26	52930.9
1271.64	53275.9
1273.03	53677.9
1274.42	53809.9
1275.8	53878.9
1277.19	53886.9
1278.58	53867.9
1279.97	53632.9
1281.35	54016.9
1282.73	53880.9
1284.12	54244.9
1285.5	54195.9
1286.89	54651.9
1288.28	54431.9
1289.66	54121.9
1291.04	54033.9
1292.42	53369.9
1293.81	53919.9
1295.19	53673.9
1296.57	53784.9
1297.95	54092.9
1299.33	53876.9
1300.71	53911.9
1302.09	54170.9
1303.47	53981.9
1304.85	54277.9
1306.23	54067.9
1307.61	54477.9
1308.99	54036.9
1310.37	54344.9
1311.74	54596.9
1313.12	54893.9
1314.5	54586.9
1315.87	54113.9
1317.25	54669.9
1318.63	54305.9
1320	54080.9
1321.38	54624.9
1322.75	53824.9
1324.13	53744.9
1325.5	53458.9
1326.88	53495.9
1328.25	53517.9
1329.62	53291.9
1331	53377.9
1332.37	53416.9
1333.74	53331.9
1335.12	53368.9
1336.48	52971.9
1337.86	52518.9
1339.23	52731.9
1340.6	52441.9
1341.97	52315.9
1343.34	52055.9
1344.71	51992.9
1346.08	52207.9
1347.45	51758.9
1348.82	51469.9
1350.19	51655.9
1351.55	51843.9
1352.92	51699.9
1354.29	51070.9
1355.66	50908.9
1357.03	50601.9
1358.39	50419.9
1359.76	50371.9
1361.12	50220.9
1362.48	50347.9
1363.85	49834.9
1365.21	49831.9
1366.58	49733.9
1367.95	49987.9
1369.3	49773.9
1370.67	49584.9
1372.04	49731.9
1373.39	49938.9
1374.76	49279.9
1376.12	49378.9
1377.48	49039.9
1378.84	49203.9
1380.2	48730.9
1381.57	48507.9
1382.93	48356.9
1384.28	47875.9
1385.64	47501.9
1387	47516.9
1388.36	47583.9
1389.72	47497.9
1391.07	46739.9
1392.43	47362.9
1393.79	47011.9
1395.15	46681.9
1396.51	47004.9
1397.86	47163.9
1399.22	47388.9
1400.57	47187.9
1401.93	46742.9
1403.29	46741.9
1404.64	45937.9
1406	46299.9
1407.35	46343.9
1408.71	45382.9
1410.06	45822.9
1411.41	45726.9
1412.76	45765.9
1414.11	45527.9
1415.47	45604.9
1416.82	45558.9
1418.17	45714.9
1419.52	45506.9
1420.87	45705.9
1422.22	45899.9
1423.57	46244.9
1424.92	45916.9
1426.27	46040.9
1427.62	45954.9
1428.97	46311.9
1430.32	46405.9
1431.66	46775.9
1433.01	47099.9
1434.36	47712.9
1435.71	48051.9
1437.06	48276.9
1438.41	48805.9
1439.75	48883.9
1441.1	48539.9
1442.44	48865.9
1443.78	48715.9
1445.13	48876.9
1446.48	48525.9
1447.82	48327.9
1449.17	48032.9
1450.51	48625.9
1451.85	48399.9
1453.19	48208.9
1454.54	48079.9
1455.88	47937.9
1457.22	48024.9
1458.56	47993.9
1459.9	47867.9
1461.25	47935.9
1462.59	47922.9
1463.92	47267.9
1465.26	47686.9
1466.61	47165.9
1467.94	47483.9
1469.28	47194.9
1470.62	46909.9
1471.96	46574.9
1473.3	46778.9
1474.63	46925.9
1475.98	46698.9
1477.31	46918.9
1478.64	46866.9
1479.98	46866.9
1481.32	46762.9
1482.65	46758.9
1483.99	46912.9
1485.32	47188.9
1486.66	46994.9
1487.99	46988.9
1489.32	46512.9
1490.66	46521.9
1491.99	46105.9
1493.33	46202.9
1494.66	46575.9
1495.99	46345.9
1497.32	46826.9
1498.65	46798.9
1499.99	46798.9
1501.31	47371.9
1502.65	47114.9
1503.98	47666.9
1505.31	47706.9
1506.64	48090.9
1507.97	48089.9
1509.29	48034.9
1510.63	48434.9
1511.95	48258.9
1513.28	48312.9
1514.61	47716.9
1515.94	47594.9
1517.27	47590.9
1518.59	47158.9
1519.92	46817.9
1521.24	46531.9
1522.57	46724.9
1523.9	46408.9
1525.22	46474.9
1526.55	46538.9
1527.87	46563.9
1529.19	46121.9
1530.52	46079.9
1531.84	46242.9
1533.16	46174.9
1534.49	45735.9
1535.81	45558.9
1537.13	45781.9
1538.46	45582.9
1539.77	45518.9
1541.09	45645.9
1542.42	45492.9
1543.74	45604.9
1545.05	45566.9
1546.38	45404.9
1547.7	45460.9
1549.02	45209.9
1550.33	44795.9
1551.65	44824.9
1552.97	44615.9
1554.29	44099.9
1555.61	44072.9
1556.92	44285.9
1558.24	44109.9
1559.56	44051.9
1560.88	43923.9
1562.2	43949.9
1563.51	43610.9
1564.82	43946.9
1566.14	43397.9
1567.45	43411.9
1568.77	42546.9
1570.08	42602.9
1571.4	42280.9
1572.71	42216.9
1574.02	41576.9
1575.33	41229.9
1576.65	41217.9
1577.96	41095.9
1579.27	40823.9
1580.58	40616.9
1581.89	39790.9
1583.21	39831.9
1584.52	39227.9
1585.83	39141.9
1587.14	38997.9
1588.45	38445.9
1589.76	38212.9
1591.07	37994.9
1592.37	37551.9
1593.68	37486.9
1594.99	37309.9
1596.3	36810.9
1597.61	36769.9
1598.91	36315.9
1600.22	35999.9
1601.52	35710.9
1602.83	35122.9
1604.14	34997.9
1605.45	34161.9
1606.75	34027.9
1608.06	33841.9
1609.36	32858.9
1610.66	32507.9
1611.97	31745.9
1613.27	30933.9
1614.57	30805.9
1615.88	30199.9
1617.18	29572.9
1618.48	29312.9
1619.78	28930.9
1621.08	28070.9
1622.39	27671.9
1623.69	27247.9
1624.99	26819.9
1626.29	26568.9
1627.59	26157.9
1628.9	25672.9
1630.19	25192.9
1631.49	24858.9
1632.79	24686.9
1634.09	24121.9
1635.39	23776.9
1636.68	23426.9
1637.98	23110.9
1639.28	22869.9
1640.57	22544.9
1641.87	22064.9
1643.17	21600.9
1644.46	21536.9
1645.76	21282.9
1647.06	20823.9
1648.35	20486.9
1649.64	19935.9
1650.94	19721.9
1652.23	19512.9
1653.53	19223.9
1654.82	18971.9
1656.11	18688.9
1657.41	18518.9
1658.7	18367.9
1659.99	18171.9
1661.29	17883.9
1662.57	17881.9
1663.87	17490.9
1665.16	17479.9
1666.45	17313.9
1667.74	17228.9
1669.03	16915.9
1670.32	16848.9
1671.61	16770.9
1672.9	16838.9
1674.19	16536.9
1675.48	16334.9
1676.77	16278.9
1678.05	16306.9
1679.34	16075.9
1680.63	16226.9
1681.92	15930.9
1683.2	15908.9
1684.49	15856.9
1685.77	15755.9
1687.06	15603.9
1688.35	15694.9
1689.63	15559.9
1690.92	15411.9
1692.2	15117.9
1693.48	15176.9
1694.77	15085.9
1696.05	15130.9
1697.34	14801.9
1698.62	15020.9
1699.9	14958.9
1701.18	14868.9
1702.47	14908.9
1703.74	14780.9
1705.03	14507.9
1706.31	14623.9
1707.59	14828.9
1708.87	14553.9
1710.15	14347.9
1711.43	14339.9
1712.71	14208.9
1713.99	14120.9
1715.27	13953.9
1716.55	13929.9
1717.82	14105.9
1719.1	13828.9
1720.38	13944.9
1721.66	13789.9
1722.93	13812.9
1724.21	13616.9
1725.49	13557.9
1726.77	13548.9
1728.04	13534.9
1729.31	13479.9
1730.59	13343.9
1731.87	13396.9
1733.14	13319.9
1734.42	13307.9
1735.69	13289.9
1736.96	13201.9
1738.23	13058.9
1739.51	13085.9
1740.78	13219.9
1742.06	13072.9
1743.33	13037.9
1744.6	12836.9
1745.87	12937.9
1747.15	12839.9
1748.42	12959.9
1749.69	12901.9
1750.96	12767.9
1752.23	12723.9
1753.5	12654.9
1754.76	12639.9
1756.03	12577.9
1757.3	12652.9
1758.57	12561.9
1759.84	12551.9
1761.11	12555.9
1762.38	12417.9
1763.64	12536.9
1764.91	12477.9
1766.18	12332.9
1767.45	12382.9
1768.71	12383.9
1769.98	12285.9
1771.24	12248.9
1772.51	12303.9
1773.77	12152.9
1775.03	12192.9
1776.3	12158.9
1777.56	12122.9
1778.82	12080.9
1780.09	11935.9
1781.36	11914.9
1782.62	11967.9
1783.88	11889.9
1785.14	11817.9
1786.4	11767.9
1787.66	11963.9
1788.93	11787.9
1790.19	11711.9
1791.45	11625.9
1792.7	11642.9
1793.96	11476.9
1795.23	11561.9
1796.49	11500.9
1797.74	11353.9
1799	11325.9
1800.27	11443.9
1801.52	11316.9
1802.78	11297.9
1804.03	11368.9
1805.3	11179.9
1806.55	11219.9
1807.81	11184.9
1809.06	11195.9
1810.32	11198.9
1811.58	11112.9
1812.83	10989.9
1814.09	10942.9
1815.34	10970.9
1816.59	10971.9
1817.85	10930.9
1819.1	10896.9
1820.36	10940.9
1821.61	10867.9
1822.86	10831.9
1824.12	10787.9
1825.37	10851.9
1826.62	10849.9
1827.88	10747.9
1829.13	10629.9
1830.38	10624.9
1831.63	10694.9
1832.88	10632.9
1834.13	10631.9
1835.38	10637.9
1836.63	10570.9
1837.88	10590.9
1839.13	10521.9
1840.38	10401.9
1841.63	10461.9
1842.87	10461.9
1844.13	10516.9
1845.37	10512.9
1846.62	10457.9
1847.86	10383.9
1849.11	10352.9
1850.36	10371.9
1851.61	10342.9
1852.25	10357.9
1853.5	10395.9
1854.75	10356.9
1856	10289.9
1857.25	10340.9
1858.49	10253.9
1859.75	10237.9
1860.99	10140.9
1862.25	10354.9
1863.49	10216.9
1864.74	10054.9
1865.98	10211.9
1867.24	10133.9
1868.48	10137.9
1869.73	10041.9
1870.98	10081.9
1872.22	10005.9
1873.47	10271.9
1874.71	10104.9
1875.96	9999.94
1877.2	10016.9
1878.45	10155.9
1879.69	10025.9
1880.94	10002.9
1882.18	9843.94
1883.42	10116.9
1884.67	10033.9
1885.91	9813.94
1887.15	9862.94
1888.4	9880.94
1889.64	9877.94
1890.88	9909.94
1892.12	9872.94
1893.36	9809.94
1894.6	9787.94
1895.85	9903.94
1897.08	9956.94
1898.32	9828.94
1899.57	9858.94
1900.81	9826.94
1902.04	9863.94
1903.28	9958.94
1904.52	9865.94
1905.76	9911.94
1906.99	9967.94
1908.23	9758.94
1909.48	10163.9
1910.71	9894.94
1911.94	9915.94
1913.18	10019.9
1914.42	10013.9
1915.66	9990.94
1916.89	9831.94
1918.12	9932.94
1919.36	9795.94
1920.6	9861.94
1921.83	10035.9
1923.07	9920.94
1924.29	9864.94
1925.53	9704.94
1926.76	10006.9
1928	9783.94
1929.23	9686.94
1930.47	9741.94
1931.7	9678.94
1932.93	9525.94
1934.16	9625.94
1935.39	9668.94
1936.62	9548.94
1937.85	9414.94
1939.08	9386.94
1940.31	9545.94
1941.54	9432.94
1942.77	9377.94
1944	9403.94
1945.23	9232.94
1946.46	9382.94
1947.69	9299.94
1948.92	9070.94
1950.15	9251.94
1951.37	9206.94
1952.6	9264.94
1953.83	9213.94
1955.05	9174.94
1956.28	9097.94
1957.51	9028.94
1958.73	9110.94
1959.96	8914.94
1961.18	9051.94
1962.41	8967.94
1963.63	9050.94
1964.85	8918.94
1966.08	8953.94
1967.3	8920.94
1968.53	8894.94
1969.75	8918.94
1970.98	8911.94
1972.2	8962.94
1973.42	8681.94
1974.64	8854.94
1975.86	8942.94
1977.08	8814.94
1978.31	8823.94
1979.53	8788.94
1980.75	8771.94
1981.97	8842.94
1983.19	8847.94
1984.4	8647.94
1985.63	8652.94
1986.85	8763.94
1988.06	8729.94
1989.28	8571.94
1990.5	8664.94
1991.72	8621.94
1992.94	8730.94
1994.15	8756.94
1995.37	8729.94
1996.59	8491.94
1997.81	8525.94
1999.03	8663.94
