400.796	12401.1
402.403	12459.1
404.01	12266.1
405.625	12139.1
407.233	12163.1
408.848	12170.1
410.455	12067.1
412.07	11868.1
413.678	11749.1
415.285	11512.1
416.9	11583.1
418.507	11446.1
420.115	11121.1
421.722	10800.1
423.329	10917.1
424.936	10994.1
426.544	11012.1
428.151	10760.1
429.75	10697.1
431.357	10470.1
432.965	10678.1
434.564	10677.1
436.171	10667.1
437.778	10834.1
439.378	10770.1
440.985	10960.1
442.584	10982.1
444.183	11028.1
445.782	10760.1
447.39	10768.1
448.989	10637.1
450.588	10938.1
452.187	10999.1
453.786	10737.1
455.386	10928.1
456.985	10692.1
458.584	10793.1
460.175	10589.1
461.774	10742.1
463.374	10543.1
464.965	10749.1
466.564	10748.1
468.163	10652.1
469.754	10518.1
471.346	10415.1
472.945	10198.1
474.536	10137.1
476.127	10149.1
477.718	10076.1
479.317	9963.11
480.909	10006.1
482.5	10018.1
484.091	10004.1
485.682	10013.1
487.273	10253.1
488.856	10258.1
490.448	9994.11
492.039	9885.11
493.63	9998.11
495.213	9864.11
496.804	9888.11
498.387	10040.1
499.979	10070.1
501.562	10176.1
503.153	10056.1
504.736	9873.11
506.319	9693.11
507.902	9723.11
509.493	9541.11
511.077	9660.11
512.66	9692.11
514.243	9768.11
515.826	9725.11
517.401	9808.11
518.984	9801.11
520.567	9917.11
522.15	9873.11
523.734	9804.11
525.309	9757.11
526.892	9758.11
528.467	9574.11
530.05	9636.11
531.625	9515.11
533.208	9440.11
534.783	9308.11
536.358	9210.11
537.934	9119.11
539.509	9097.11
541.092	9107.11
542.667	9143.11
544.242	9090.11
545.817	8895.11
547.392	8922.11
548.959	8931.11
550.534	8967.11
552.109	8915.11
553.685	9005.11
555.252	9018.11
556.827	8911.11
558.394	8979.11
559.969	8782.11
561.536	8885.11
563.111	8836.11
564.678	8851.11
566.245	8791.11
567.812	8820.11
569.387	8942.11
570.954	8991.11
572.521	8965.11
574.089	8995.11
575.656	8859.11
577.223	8822.11
578.79	8921.11
580.349	8634.11
581.916	8867.11
583.483	8855.11
585.05	8938.11
586.609	8854.11
588.176	9030.11
589.735	9042.11
591.302	8947.11
592.861	8938.11
594.428	9003.11
595.987	9224.11
597.546	9080.11
599.105	9191.11
600.664	9268.11
602.231	9233.11
603.79	9083.11
605.349	8994.11
606.908	9115.11
608.459	9367.11
610.018	9318.11
611.577	9197.11
613.136	9272.11
614.687	9107.11
616.246	9139.11
617.805	8844.11
619.356	8998.11
620.915	8967.11
622.466	8911.11
624.026	9139.11
625.576	9083.11
627.128	9138.11
628.678	9051.11
630.237	9045.11
631.788	9157.11
633.339	9055.11
634.89	9110.11
636.441	9133.11
637.992	9262.11
639.543	9088.11
641.086	9223.11
642.637	9030.11
644.188	9214.11
645.739	9128.11
647.282	9145.11
648.833	9199.11
650.376	9296.11
651.927	9290.11
653.47	9259.11
655.021	9202.11
656.564	9109.11
658.107	9168.11
659.65	9162.11
661.201	9151.11
662.744	9262.11
664.287	9188.11
665.83	9201.11
667.373	9297.11
668.916	9369.11
670.459	9310.11
671.994	9159.11
673.537	9160.11
675.08	9104.11
676.622	8970.11
678.157	8932.11
679.7	8869.11
681.235	8633.11
682.778	8825.11
684.313	8773.11
685.856	8773.11
687.391	8780.11
688.926	8652.11
690.461	8616.11
691.996	8770.11
693.539	8750.11
695.074	8756.11
696.609	8575.11
698.143	8771.11
699.67	8608.11
701.205	8514.11
702.74	8619.11
704.275	8525.11
705.81	8575.11
707.337	8621.11
708.872	8540.11
710.399	8489.11
711.934	8442.11
713.461	8647.11
714.995	8689.11
716.522	8718.11
718.057	8621.11
719.584	8773.11
721.111	8587.11
722.638	8683.11
724.165	8626.11
725.692	8602.11
727.219	8692.11
728.745	8691.11
730.272	8835.11
731.799	8872.11
733.326	8921.11
734.853	8851.11
736.38	8958.11
737.899	8878.11
739.425	8891.11
740.944	9004.11
742.471	8787.11
743.99	8864.11
745.517	8652.11
747.036	8909.11
748.563	8836.11
750.081	8781.11
751.6	8804.11
753.119	8821.11
754.638	8752.11
756.157	8855.11
757.676	8842.11
759.195	8833.11
760.713	9009.11
762.232	8727.11
763.751	8679.11
765.27	8766.11
766.789	8787.11
768.3	8830.11
769.818	9123.11
771.337	8819.11
772.848	8890.11
774.367	8765.11
775.878	8943.11
777.389	8867.11
778.907	8827.11
780.418	8725.11
781.929	8885.11
783.44	8924.11
784.959	8959.11
786.469	8998.11
787.98	9107.11
789.491	8961.11
791.002	9002.11
792.513	8825.11
794.015	8991.11
795.526	9063.11
797.037	9138.11
798.548	9190.11
800.051	9114.11
801.561	9015.11
803.072	9227.11
804.575	9186.11
806.086	9402.11
807.589	9681.11
809.091	9628.11
810.602	9907.11
812.105	9692.11
813.608	9404.11
815.111	9644.11
816.613	9405.11
818.124	9222.11
819.627	9569.11
821.13	9581.11
822.632	9393.11
824.127	9556.11
825.63	9600.11
827.133	9604.11
828.635	9626.11
830.13	9502.11
831.633	9560.11
833.136	9495.11
834.63	9495.11
836.133	9595.11
837.628	9444.11
839.131	9461.11
840.625	9327.11
842.12	9519.11
843.615	9413.11
845.118	9546.11
846.612	9557.11
848.107	9439.11
849.602	9639.11
851.097	9484.11
852.591	9463.11
854.086	9418.11
855.581	9499.11
857.076	9369.11
858.562	9407.11
860.057	9394.11
861.552	9306.11
863.038	9291.11
864.533	9485.11
866.028	9617.11
867.515	9383.11
869.001	9510.11
870.496	9395.11
871.983	9390.11
873.469	9372.11
874.964	9409.11
876.451	9370.11
877.938	9425.11
879.424	9416.11
880.911	9437.11
882.398	9358.11
883.884	9220.11
885.371	9246.11
886.858	9051.11
888.344	8971.11
889.831	8940.11
891.31	8891.11
892.797	8804.11
894.283	8835.11
895.762	8786.11
897.249	8673.11
898.727	8697.11
900.214	8653.11
901.693	8681.11
903.171	8884.11
904.658	8808.11
906.137	8921.11
907.615	8922.11
909.094	9056.11
910.573	8929.11
912.051	8936.11
913.53	9044.11
915.009	8950.11
916.487	8981.11
917.966	9052.11
919.445	9103.11
920.923	9293.11
922.402	9284.11
923.873	9350.11
925.351	9445.11
926.822	9482.11
928.301	9447.11
929.771	9264.11
931.25	9052.11
932.72	9093.11
934.199	9154.11
935.67	9283.11
937.14	9083.11
938.611	9243.11
940.09	9240.11
941.56	9124.11
943.031	9017.11
944.502	9033.11
945.972	9085.11
947.443	9061.11
948.913	8885.11
950.376	8900.11
951.847	8940.11
953.317	8888.11
954.788	8898.11
956.25	8911.11
957.721	8834.11
959.184	8805.11
960.654	8900.11
962.117	8922.11
963.588	8761.11
965.05	8812.11
966.513	8784.11
967.983	8599.11
969.446	8662.11
970.909	8536.11
972.371	8387.11
973.834	8345.11
975.296	8293.11
976.759	8203.11
978.221	8315.11
979.684	8186.11
981.147	8245.11
982.609	8147.11
984.072	8143.11
985.526	8183.11
986.989	8054.11
988.452	8124.11
989.906	8191.11
991.369	8085.11
992.823	7959.11
994.286	8002.11
995.74	7807.11
997.195	7853.11
998.658	8031.11
1000.11	7923.11
1001.57	7794.11
1003.02	7826.11
1004.48	7698.11
1005.93	7727.11
1007.38	7705.11
1008.84	7771.11
1010.29	7800.11
1011.75	7922.11
1013.2	7787.11
1014.66	7934.11
1016.11	8023.11
1017.56	7875.11
1019.01	7922.11
1020.47	7892.11
1021.91	7986.11
1023.37	7843.11
1024.82	7981.11
1026.27	7995.11
1027.72	7997.11
1029.16	7960.11
1030.61	7955.11
1032.06	7980.11
1033.51	7989.11
1034.96	7888.11
1036.4	8079.11
1037.85	7979.11
1039.3	7942.11
1040.74	8027.11
1042.19	7923.11
1043.64	7851.11
1045.08	7840.11
1046.53	7875.11
1047.97	7781.11
1049.41	7787.11
1050.86	7819.11
1052.3	7801.11
1053.75	7881.11
1055.18	8009.11
1056.63	8127.11
1058.07	8047.11
1059.51	8071.11
1060.95	8047.11
1062.39	8028.11
1063.83	7978.11
1065.27	7891.11
1066.72	7941.11
1068.15	8030.11
1069.59	7999.11
1071.03	8036.11
1072.47	8005.11
1073.91	7880.11
1075.34	7930.11
1076.78	7989.11
1078.22	7915.11
1079.65	8090.11
1081.08	8165.11
1082.52	8134.11
1083.96	8275.11
1085.39	8220.11
1086.83	8332.11
1088.26	8168.11
1089.7	8160.11
1091.13	8185.11
1092.56	8231.11
1094	8295.11
1095.43	8231.11
1096.86	8259.11
1098.29	8505.11
1099.72	8259.11
1101.15	8545.11
1102.58	8687.11
1104.01	8692.11
1105.44	8737.11
1106.87	8885.11
1108.3	8800.11
1109.73	9064.11
1111.16	9118.11
1112.59	9266.11
1114.02	9330.11
1115.44	9304.11
1116.87	9203.11
1118.29	9344.11
1119.72	9489.11
1121.15	9551.11
1122.58	9587.11
1124	9725.11
1125.42	9703.11
1126.84	9840.11
1128.27	9854.11
1129.7	10100.1
1131.12	10242.1
1132.54	10201.1
1133.96	10279.1
1135.39	10381.1
1136.81	10553.1
1138.23	10594.1
1139.65	10762.1
1141.07	10865.1
1142.49	11006.1
1143.91	11018.1
1145.33	11172.1
1146.75	11140.1
1148.17	11230.1
1149.59	10996.1
1151.01	11176.1
1152.42	11197.1
1153.84	11281.1
1155.26	11257.1
1156.67	11175.1
1158.09	11233.1
1159.51	11249.1
1160.92	11098.1
1162.34	11292.1
1163.75	11291.1
1165.17	11238.1
1166.58	11157.1
1168	11118.1
1169.41	11207.1
1170.83	11269.1
1172.24	11324.1
1173.65	11368.1
1175.06	11054.1
1176.47	11065.1
1177.88	10927.1
1179.3	10902.1
1180.71	10887.1
1182.12	10654.1
1183.52	10665.1
1184.94	10504.1
1186.34	10434.1
1187.76	10517.1
1189.16	10484.1
1190.57	10478.1
1191.98	10337.1
1193.38	10338.1
1194.79	10430.1
1196.2	10417.1
1197.61	10525.1
1199.02	10689.1
1200.42	10667.1
1201.82	10657.1
1203.23	10638.1
1204.63	10536.1
1206.04	10616.1
1207.44	10640.1
1208.84	10580.1
1210.25	10482.1
1211.65	10313.1
1213.06	10246.1
1214.45	10205.1
1215.86	10313.1
1217.26	10390.1
1218.66	10446.1
1220.06	10458.1
1221.46	10704.1
1222.86	10703.1
1224.27	10752.1
1225.66	10664.1
1227.06	10899.1
1228.46	11001.1
1229.86	11088.1
1231.26	11085.1
1232.66	10929.1
1234.05	10701.1
1235.44	10765.1
1236.84	10579.1
1238.24	10535.1
1239.64	10438.1
1241.03	10450.1
1242.43	10375.1
1243.83	10316.1
1245.22	10417.1
1246.61	10422.1
1248.01	10286.1
1249.4	10293.1
1250.79	10245.1
1252.18	10052.1
1253.57	10234.1
1254.97	10200.1
1256.36	10165.1
1257.75	10174.1
1259.14	10267.1
1260.53	10178.1
1261.92	10502.1
1263.31	10412.1
1264.7	10352.1
1266.09	10572.1
1267.48	10364.1
1268.87	10640.1
1270.26	10553.1
1271.65	10546.1
1273.04	10677.1
1274.42	10601.1
1275.81	10658.1
1277.19	10711.1
1278.58	10785.1
1279.97	10666.1
1281.36	10777.1
1282.74	10858.1
1284.12	10774.1
1285.51	10787.1
1286.89	10569.1
1288.27	10535.1
1289.66	10546.1
1291.04	10302.1
1292.42	10569.1
1293.8	10388.1
1295.19	10455.1
1296.57	10284.1
1297.95	10154.1
1299.33	10062.1
1300.71	10007.1
1302.1	9945.11
1303.47	9955.11
1304.85	9990.11
1306.24	9992.11
1307.61	9988.11
1308.99	9970.11
1310.37	9838.11
1311.75	9900.11
1313.12	9653.11
1314.5	9496.11
1315.88	9612.11
1317.25	9653.11
1318.63	9567.11
1320.01	9740.11
1321.38	9944.11
1322.76	9929.11
1324.13	9608.11
1325.51	9650.11
1326.88	9627.11
1328.25	9519.11
1329.63	9406.11
1331	9435.11
1332.38	9362.11
1333.74	9313.11
1335.12	9297.11
1336.49	9354.11
1337.86	9367.11
1339.23	9390.11
1340.61	9373.11
1341.97	9330.11
1343.35	9698.11
1344.71	9461.11
1346.08	9402.11
1347.45	9466.11
1348.82	9550.11
1350.19	9336.11
1351.56	9346.11
1352.93	9182.11
1354.29	9252.11
1355.66	9228.11
1357.02	9252.11
1358.39	9069.11
1359.76	9074.11
1361.12	8986.11
1362.49	9099.11
1363.86	9050.11
1365.22	9016.11
1366.58	9122.11
1367.95	8964.11
1369.31	9021.11
1370.67	8938.11
1372.04	9119.11
1373.4	9126.11
1374.76	9190.11
1376.13	8990.11
1377.48	9205.11
1378.84	9189.11
1380.21	9206.11
1381.57	9326.11
1382.93	9266.11
1384.29	9386.11
1385.65	9274.11
1387.01	9244.11
1388.37	9409.11
1389.72	9344.11
1391.08	9332.11
1392.44	9288.11
1393.8	9582.11
1395.16	9417.11
1396.51	9261.11
1397.86	9367.11
1399.22	9201.11
1400.58	9322.11
1401.94	9070.11
1403.29	9241.11
1404.65	9080.11
1406	9147.11
1407.36	9146.11
1408.71	8962.11
1410.06	8929.11
1411.41	8968.11
1412.76	8849.11
1414.12	8952.11
1415.47	8956.11
1416.82	9140.11
1418.17	9049.11
1419.52	9192.11
1420.88	9123.11
1422.23	9233.11
1423.58	9200.11
1424.93	9111.11
1426.28	9188.11
1427.62	9100.11
1428.97	9030.11
1430.32	9141.11
1431.67	9132.11
1433.02	8967.11
1434.36	8904.11
1435.71	9000.11
1437.06	8960.11
1438.41	8976.11
1439.76	9099.11
1441.1	9089.11
1442.44	9177.11
1443.79	9251.11
1445.13	9298.11
1446.48	9257.11
1447.83	9346.11
1449.17	9412.11
1450.51	9415.11
1451.85	9516.11
1453.19	9492.11
1454.54	9362.11
1455.88	9519.11
1457.22	9815.11
1458.56	9599.11
1459.9	9687.11
1461.25	9686.11
1462.59	9927.11
1463.93	9975.11
1465.26	9991.11
1466.61	10017.1
1467.95	10046.1
1469.28	10189.1
1470.62	10175.1
1471.96	10071.1
1473.3	10007.1
1474.63	9984.11
1475.98	9990.11
1477.31	10171.1
1478.64	10317.1
1479.99	10172.1
1481.32	10063.1
1482.65	10178.1
1483.99	10279.1
1485.32	10462.1
1486.66	10473.1
1488	10359.1
1489.33	10498.1
1490.67	10391.1
1491.99	10642.1
1493.33	10522.1
1494.66	10766.1
1495.99	10608.1
1497.33	10519.1
1498.65	10708.1
1499.99	10676.1
1501.32	10759.1
1502.65	10837.1
1503.98	10725.1
1505.31	10791.1
1506.64	10759.1
1507.97	10959.1
1509.3	11055.1
1510.63	11090.1
1511.95	11001.1
1513.28	11041.1
1514.61	11159.1
1515.94	11117.1
1517.27	11067.1
1518.59	10970.1
1519.92	11029.1
1521.24	10931.1
1522.57	11026.1
1523.9	10917.1
1525.22	11184.1
1526.55	10940.1
1527.87	11309.1
1529.19	11222.1
1530.52	11368.1
1531.84	11407.1
1533.17	11373.1
1534.49	11440.1
1535.81	11402.1
1537.13	11600.1
1538.46	11297.1
1539.78	11446.1
1541.1	11376.1
1542.42	11238.1
1543.74	11285.1
1545.06	11218.1
1546.38	10938.1
1547.7	10995.1
1549.02	10982.1
1550.34	11002.1
1551.66	11194.1
1552.98	10790.1
1554.3	10701.1
1555.62	10676.1
1556.93	10554.1
1558.24	10248.1
1559.56	10234.1
1560.88	10256.1
1562.2	10063.1
1563.51	9814.11
1564.82	9903.11
1566.14	9960.11
1567.46	9491.11
1568.77	9522.11
1570.09	9662.11
1571.4	9453.36
1572.72	9501.86
1574.03	9284.11
1575.34	9259.61
1576.65	9206.11
1577.96	9148.36
1579.27	8972.86
1580.58	8842.11
1581.9	8889.61
1583.21	8837.11
1584.52	8796.36
1585.83	8634.86
1587.14	8560.11
1588.45	8557.61
1589.76	8442.11
1591.07	8459.36
1592.38	8437.86
1593.68	8398.36
1594.99	8310.61
1596.3	8231.11
1597.61	8131.36
1598.91	8160.86
1600.22	7944.36
1601.53	7862.61
1602.84	7745.11
1604.15	7699.36
1605.45	7445.86
1606.75	7414.36
1608.06	7289.61
1609.36	7139.11
1610.66	6996.61
1611.97	6833.86
1613.27	6762.36
1614.58	6653.61
1615.88	6370.11
1617.18	6240.61
1618.48	6298.86
1619.78	6065.36
1621.09	5771.61
1622.39	5803.11
1623.69	5706.61
1624.99	5536.86
1626.29	5349.36
1627.6	5422.61
1628.9	5151.11
1630.19	5034.61
1631.49	4955.86
1632.79	4938.36
1634.09	4727.86
1635.39	4610.11
1636.68	4529.61
1637.99	4596.86
1639.28	4360.36
1640.58	4326.86
1641.88	4369.11
1643.17	4176.61
1644.46	4137.86
1645.77	4040.36
1647.06	3955.86
1648.35	3967.11
1649.65	3980.61
1650.94	3850.11
1652.23	3847.36
1653.53	3874.86
1654.82	3783.11
1656.12	3675.61
1657.41	3635.11
1658.7	3681.36
1660	3625.86
1661.29	3620.11
1662.58	3626.61
1663.87	3582.11
1665.16	3541.36
1666.45	3597.86
1667.74	3465.11
1669.03	3460.61
1670.32	3471.11
1671.61	3454.36
1672.9	3363.86
1674.19	3329.36
1675.48	3292.61
1676.77	3354.11
1678.05	3324.36
1679.34	3325.86
1680.63	3250.36
1681.92	3251.61
1683.21	3278.11
1684.49	3216.36
1685.78	3242.86
1687.06	3245.36
1688.35	3209.61
1689.64	3239.11
1690.92	3105.61
1692.21	3170.86
1693.48	3104.36
1694.77	3132.61
1696.06	3117.11
1697.34	3075.61
1698.62	3147.86
1699.91	3102.36
1701.18	3137.61
1702.47	3103.11
1703.75	3094.61
1705.03	3152.86
1706.31	3110.36
1707.6	3043.61
1708.87	3054.11
1710.15	3035.61
1711.44	2980.86
1712.71	3015.36
1713.99	2922.86
1715.27	2946.11
1716.55	3015.61
1717.83	2952.86
1719.1	2899.36
1720.38	2816.86
1721.66	2933.11
1722.94	2893.61
1724.21	2854.86
1725.49	2860.86
1726.77	2785.61
1728.05	2799.86
1729.32	2862.86
1730.6	2725.11
1731.87	2776.11
1733.14	2815.61
1734.42	2866.36
1735.69	2798.11
1736.97	2820.61
1738.24	2752.86
1739.52	2836.36
1740.79	2754.36
1742.06	2708.11
1743.33	2737.86
1744.6	2733.36
1745.87	2727.11
1747.14	2711.36
1748.42	2729.11
1749.69	2700.36
1750.96	2641.61
1752.23	2726.86
1753.5	2631.86
1754.77	2611.11
1756.04	2603.86
1757.31	2643.11
1758.58	2586.11
1759.84	2598.86
1761.11	2617.36
1762.38	2625.61
1763.65	2590.36
1764.91	2533.11
1766.18	2593.36
1767.44	2553.86
1768.71	2585.86
1769.98	2546.11
1771.24	2533.86
1772.5	2500.11
1773.77	2531.36
1775.04	2482.61
1776.31	2505.11
1777.57	2488.36
1778.83	2484.36
1780.09	2476.36
1781.35	2477.11
1782.62	2469.36
1783.88	2492.36
1785.15	2459.11
1786.41	2435.86
1787.67	2412.86
1788.93	2407.11
1790.19	2388.36
1791.45	2388.86
1792.71	2371.86
1793.97	2399.11
1795.23	2343.36
1796.49	2393.11
1797.75	2360.61
1799.01	2378.86
1800.27	2332.11
1801.52	2363.36
1802.78	2311.86
1804.04	2348.36
1805.3	2351.86
1806.55	2344.36
1807.81	2287.61
1809.07	2308.36
1810.32	2298.36
1811.58	2313.61
1812.84	2302.86
1814.09	2276.36
1815.35	2289.86
1816.6	2282.11
1817.85	2252.11
1819.11	2272.11
1820.36	2268.61
1821.61	2298.61
1822.87	2272.86
1824.12	2241.11
1825.37	2242.11
1826.63	2278.61
1827.88	2267.61
1829.13	2211.86
1830.38	2203.61
1831.63	2212.11
1832.88	2205.11
1834.13	2210.11
1835.38	2198.11
1836.63	2191.86
1837.88	2175.36
1839.13	2141.11
1840.38	2146.36
1841.63	2155.36
1842.88	2179.11
1844.12	2193.86
1845.38	2165.86
1846.62	2166.36
1847.87	2148.36
1849.11	2136.86
1850.36	2116.36
1851.6	2103.86
1852.27	2130.61
1853.52	2097.61
1854.77	2144.86
1856.02	2094.86
1857.27	2108.11
1858.52	2103.11
1859.77	2135.36
1861.02	2090.36
1862.27	2127.61
1863.51	2112.61
1864.76	2077.86
1866.01	2111.86
1867.26	2138.11
1868.51	2132.11
1869.75	2071.36
1871	2091.61
1872.24	2090.61
1873.49	2084.86
1874.73	2096.86
1875.98	2113.11
1877.22	2081.11
1878.47	2069.36
1879.72	2081.36
1880.96	2101.61
1882.21	2068.61
1883.44	2041.86
1884.69	2063.86
1885.94	2033.11
1887.17	2022.11
1888.42	2016.36
1889.66	2030.36
1890.9	2034.61
1892.15	2039.61
1893.39	2006.86
1894.63	2027.86
1895.87	1941.11
1897.11	2018.11
1898.35	2010.36
1899.59	1899.36
1900.83	2014.61
1902.06	2075.61
1903.3	2001.86
1904.54	1967.86
1905.78	1968.11
1907.02	1926.11
1908.26	1952.36
1909.5	1963.36
1910.74	1936.61
1911.97	1938.61
1913.2	1909.86
1914.44	1964.11
1915.68	1961.11
1916.92	1908.36
1918.14	1950.36
1919.38	1940.61
1920.62	1953.61
1921.85	1957.86
1923.09	1904.86
1924.32	1885.11
1925.55	1884.11
1926.79	1904.36
1928.02	1894.36
1929.25	1858.61
1930.49	1856.61
1931.72	1873.86
1932.95	1920.86
1934.18	1939.11
1935.41	1867.11
1936.64	1926.36
1937.87	1881.36
1939.1	1909.61
1940.33	1909.61
1941.56	1907.86
1942.79	1869.86
1944.02	1827.11
1945.25	1836.11
1946.48	1877.36
1947.71	1891.36
1948.94	1841.61
1950.17	1868.61
1951.39	1867.86
1952.62	1834.86
1953.85	1778.11
1955.08	1860.36
1956.3	1779.36
1957.53	1849.61
1958.75	1824.61
1959.98	1824.86
1961.2	1787.86
1962.43	1805.11
1963.65	1854.11
1964.88	1764.36
1966.1	1748.36
1967.33	1775.61
1968.55	1812.61
1969.77	1814.86
1971	1775.86
1972.22	1836.11
1973.44	1732.11
1974.66	1788.36
1975.88	1755.36
1977.11	1789.61
1978.33	1752.61
1979.55	1746.86
1980.77	1752.86
1981.99	1732.11
1983.21	1829.11
1984.43	1745.36
1985.65	1724.36
1986.87	1677.61
1988.08	1678.61
1989.31	1772.86
1990.53	1711.86
1991.74	1729.11
1992.96	1698.11
1994.18	1706.36
1995.4	1769.36
1996.61	1655.61
1997.83	1741.86
1999.05	1669.86
