   2.0012861e+03   1.4575028e+04
   2.0004980e+03   1.4781294e+04
   1.9997109e+03   1.4832769e+04
   1.9989229e+03   1.4773197e+04
   1.9981338e+03   1.4700958e+04
   1.9973457e+03   1.4679481e+04
   1.9965576e+03   1.5060687e+04
   1.9957686e+03   1.4950392e+04
   1.9949805e+03   1.4881339e+04
   1.9941914e+03   1.4977101e+04
   1.9934023e+03   1.4863705e+04
   1.9926133e+03   1.4785194e+04
   1.9918242e+03   1.4703542e+04
   1.9910342e+03   1.5220475e+04
   1.9902451e+03   1.4831632e+04
   1.9894551e+03   1.4794334e+04
   1.9886650e+03   1.5089414e+04
   1.9878750e+03   1.5061579e+04
   1.9870850e+03   1.4862879e+04
   1.9862949e+03   1.4917349e+04
   1.9855049e+03   1.5028738e+04
   1.9847148e+03   1.4722608e+04
   1.9839238e+03   1.4960481e+04
   1.9831328e+03   1.4923207e+04
   1.9823428e+03   1.5050326e+04
   1.9815518e+03   1.4794964e+04
   1.9807598e+03   1.5320235e+04
   1.9799688e+03   1.5014358e+04
   1.9791777e+03   1.5052921e+04
   1.9783857e+03   1.5214653e+04
   1.9775947e+03   1.5148954e+04
   1.9768027e+03   1.5124323e+04
   1.9760107e+03   1.5374355e+04
   1.9752188e+03   1.5387571e+04
   1.9744268e+03   1.5252455e+04
   1.9736348e+03   1.5088985e+04
   1.9728418e+03   1.5039145e+04
   1.9720488e+03   1.5121800e+04
   1.9712568e+03   1.5150813e+04
   1.9704639e+03   1.5375318e+04
   1.9696709e+03   1.5492556e+04
   1.9688779e+03   1.5206270e+04
   1.9680850e+03   1.5399135e+04
   1.9672910e+03   1.5380807e+04
   1.9664980e+03   1.5204953e+04
   1.9657041e+03   1.5410320e+04
   1.9649102e+03   1.5014049e+04
   1.9641162e+03   1.5408321e+04
   1.9633223e+03   1.5522243e+04
   1.9625283e+03   1.5538538e+04
   1.9617344e+03   1.5740527e+04
   1.9609395e+03   1.5322500e+04
   1.9601445e+03   1.5760439e+04
   1.9593506e+03   1.5565905e+04
   1.9585557e+03   1.5409181e+04
   1.9577607e+03   1.5255653e+04
   1.9569658e+03   1.5426041e+04
   1.9561699e+03   1.5473763e+04
   1.9553750e+03   1.5596907e+04
   1.9545791e+03   1.5474876e+04
   1.9537842e+03   1.5409444e+04
   1.9529883e+03   1.5381734e+04
   1.9521924e+03   1.5504809e+04
   1.9513965e+03   1.5687515e+04
   1.9505996e+03   1.5666050e+04
   1.9498037e+03   1.5767037e+04
   1.9490068e+03   1.5566639e+04
   1.9482109e+03   1.5586005e+04
   1.9474141e+03   1.5686952e+04
   1.9466172e+03   1.5762766e+04
   1.9458203e+03   1.5838553e+04
   1.9450234e+03   1.5867268e+04
   1.9442256e+03   1.6052769e+04
   1.9434287e+03   1.5363431e+04
   1.9426309e+03   1.5918867e+04
   1.9418340e+03   1.5853517e+04
   1.9410361e+03   1.5756849e+04
   1.9402383e+03   1.5779278e+04
   1.9394395e+03   1.5851823e+04
   1.9386416e+03   1.5767731e+04
   1.9378438e+03   1.5940469e+04
   1.9370449e+03   1.5875177e+04
   1.9362461e+03   1.5784860e+04
   1.9354482e+03   1.5813519e+04
   1.9346494e+03   1.5754538e+04
   1.9338496e+03   1.6071068e+04
   1.9330508e+03   1.5827477e+04
   1.9322520e+03   1.6475461e+04
   1.9314521e+03   1.6037976e+04
   1.9306533e+03   1.5885192e+04
   1.9298535e+03   1.5998212e+04
   1.9290537e+03   1.5936139e+04
   1.9282539e+03   1.6055361e+04
   1.9274531e+03   1.5980799e+04
   1.9266533e+03   1.5937504e+04
   1.9258535e+03   1.5997312e+04
   1.9250527e+03   1.5763504e+04
   1.9242520e+03   1.6269882e+04
   1.9234512e+03   1.6264033e+04
   1.9226504e+03   1.5939765e+04
   1.9218496e+03   1.5940215e+04
   1.9210488e+03   1.5987475e+04
   1.9202471e+03   1.6072160e+04
   1.9194463e+03   1.6459426e+04
   1.9186445e+03   1.6216491e+04
   1.9178428e+03   1.6285501e+04
   1.9170410e+03   1.6086330e+04
   1.9162393e+03   1.6233276e+04
   1.9154375e+03   1.6196268e+04
   1.9146348e+03   1.6249648e+04
   1.9138330e+03   1.6362217e+04
   1.9130303e+03   1.6188120e+04
   1.9122275e+03   1.6035886e+04
   1.9114248e+03   1.6164003e+04
   1.9106221e+03   1.6348128e+04
   1.9098193e+03   1.6177261e+04
   1.9090156e+03   1.6448480e+04
   1.9082129e+03   1.6237193e+04
   1.9074092e+03   1.6156673e+04
   1.9066055e+03   1.6496207e+04
   1.9058018e+03   1.6350342e+04
   1.9049980e+03   1.6213855e+04
   1.9041943e+03   1.6332415e+04
   1.9033906e+03   1.6544211e+04
   1.9025859e+03   1.6382890e+04
   1.9017822e+03   1.6700283e+04
   1.9009775e+03   1.6184715e+04
   1.9001729e+03   1.6228604e+04
   1.8993682e+03   1.6496156e+04
   1.8985635e+03   1.6639373e+04
   1.8977578e+03   1.6661424e+04
   1.8969531e+03   1.6577895e+04
   1.8961475e+03   1.6447824e+04
   1.8953428e+03   1.6535078e+04
   1.8945371e+03   1.6606785e+04
   1.8937314e+03   1.6740525e+04
   1.8929258e+03   1.6616719e+04
   1.8921191e+03   1.6654252e+04
   1.8913135e+03   1.6688672e+04
   1.8905068e+03   1.6840912e+04
   1.8897012e+03   1.6760572e+04
   1.8888945e+03   1.6605865e+04
   1.8880879e+03   1.6621670e+04
   1.8872812e+03   1.6962844e+04
   1.8864736e+03   1.7000271e+04
   1.8856670e+03   1.6709322e+04
   1.8848594e+03   1.6790139e+04
   1.8840527e+03   1.6942152e+04
   1.8832451e+03   1.6468682e+04
   1.8824375e+03   1.6902404e+04
   1.8816299e+03   1.6599332e+04
   1.8808223e+03   1.6899814e+04
   1.8800137e+03   1.6522586e+04
   1.8792061e+03   1.6872477e+04
   1.8783975e+03   1.6888199e+04
   1.8775889e+03   1.6888451e+04
   1.8767803e+03   1.6789758e+04
   1.8759717e+03   1.7049713e+04
   1.8751631e+03   1.6725381e+04
   1.8743545e+03   1.7068701e+04
   1.8735449e+03   1.7031840e+04
   1.8727363e+03   1.6886859e+04
   1.8719268e+03   1.6785174e+04
   1.8711172e+03   1.7137514e+04
   1.8703076e+03   1.6924654e+04
   1.8694980e+03   1.7137922e+04
   1.8686875e+03   1.6996131e+04
   1.8678779e+03   1.7166104e+04
   1.8670674e+03   1.7172471e+04
   1.8662578e+03   1.7104789e+04
   1.8654473e+03   1.6984689e+04
   1.8646367e+03   1.7231654e+04
   1.8638252e+03   1.6830953e+04
   1.8630146e+03   1.7225852e+04
   1.8622041e+03   1.7022576e+04
   1.8613926e+03   1.7072107e+04
   1.8605811e+03   1.7201744e+04
   1.8597705e+03   1.7503877e+04
   1.8589590e+03   1.7174385e+04
   1.8581465e+03   1.7217693e+04
   1.8573350e+03   1.7418045e+04
   1.8565234e+03   1.7365846e+04
   1.8557109e+03   1.6984262e+04
   1.8548984e+03   1.7516975e+04
   1.8540869e+03   1.7403232e+04
   1.8532744e+03   1.7363377e+04
   1.8524609e+03   1.7615797e+04
   1.8516484e+03   1.7588221e+04
   1.8508359e+03   1.7299242e+04
   1.8500225e+03   1.7456223e+04
   1.8492100e+03   1.7468652e+04
   1.8483965e+03   1.7496445e+04
   1.8475830e+03   1.7422811e+04
   1.8467695e+03   1.7653408e+04
   1.8459551e+03   1.7678082e+04
   1.8451416e+03   1.7466219e+04
   1.8443271e+03   1.7297426e+04
   1.8435137e+03   1.7607727e+04
   1.8426992e+03   1.7770551e+04
   1.8418848e+03   1.7503557e+04
   1.8410703e+03   1.7522090e+04
   1.8402559e+03   1.7528340e+04
   1.8394404e+03   1.8007086e+04
   1.8386260e+03   1.7497887e+04
   1.8378105e+03   1.7629889e+04
   1.8369951e+03   1.7611580e+04
   1.8361797e+03   1.7988805e+04
   1.8353643e+03   1.7547393e+04
   1.8345488e+03   1.8016451e+04
   1.8337334e+03   1.7731473e+04
   1.8329170e+03   1.7964410e+04
   1.8321016e+03   1.7455898e+04
   1.8312852e+03   1.7609164e+04
   1.8304688e+03   1.7581693e+04
   1.8296523e+03   1.7722637e+04
   1.8288359e+03   1.7728830e+04
   1.8280186e+03   1.7888066e+04
   1.8272021e+03   1.7722844e+04
   1.8263848e+03   1.7946283e+04
   1.8255674e+03   1.7851473e+04
   1.8247500e+03   1.8160461e+04
   1.8239326e+03   1.7790393e+04
   1.8231152e+03   1.7928049e+04
   1.8222979e+03   1.8071771e+04
   1.8214795e+03   1.7711074e+04
   1.8206621e+03   1.8004541e+04
   1.8198438e+03   1.8053447e+04
   1.8190254e+03   1.8032066e+04
   1.8182070e+03   1.7888502e+04
   1.8173887e+03   1.7830504e+04
   1.8165703e+03   1.7967961e+04
   1.8157510e+03   1.8114529e+04
   1.8149326e+03   1.7647463e+04
   1.8141133e+03   1.7894758e+04
   1.8132939e+03   1.8093141e+04
   1.8124746e+03   1.8114490e+04
   1.8116553e+03   1.7965000e+04
   1.8108350e+03   1.7974164e+04
   1.8100156e+03   1.8123604e+04
   1.8091953e+03   1.8199814e+04
   1.8083760e+03   1.8022971e+04
   1.8075557e+03   1.8016875e+04
   1.8067354e+03   1.8208869e+04
   1.8059141e+03   1.8141803e+04
   1.8050938e+03   1.8184432e+04
   1.8042734e+03   1.8364113e+04
   1.8034521e+03   1.8178279e+04
   1.8026309e+03   1.8385305e+04
   1.8018096e+03   1.8385240e+04
   1.8009883e+03   1.8214715e+04
   1.8001670e+03   1.8540318e+04
   1.7993457e+03   1.8071621e+04
   1.7985234e+03   1.8357588e+04
   1.7977021e+03   1.8223682e+04
   1.7968799e+03   1.8223639e+04
   1.7960576e+03   1.8348270e+04
   1.7952354e+03   1.8430291e+04
   1.7944131e+03   1.8372457e+04
   1.7935908e+03   1.8594252e+04
   1.7927676e+03   1.8569832e+04
   1.7919453e+03   1.8414777e+04
   1.7911221e+03   1.8548357e+04
   1.7902988e+03   1.8894496e+04
   1.7894756e+03   1.8736424e+04
   1.7886523e+03   1.8760578e+04
   1.7878291e+03   1.8642045e+04
   1.7870049e+03   1.8556938e+04
   1.7861816e+03   1.8505240e+04
   1.7853574e+03   1.8453561e+04
   1.7845332e+03   1.8741660e+04
   1.7837090e+03   1.8483705e+04
   1.7828848e+03   1.8917266e+04
   1.7820596e+03   1.8577502e+04
   1.7812354e+03   1.8768373e+04
   1.7804102e+03   1.8977365e+04
   1.7795859e+03   1.8798379e+04
   1.7787607e+03   1.8743684e+04
   1.7779355e+03   1.8952572e+04
   1.7771104e+03   1.8737330e+04
   1.7762842e+03   1.8679641e+04
   1.7754590e+03   1.8782453e+04
   1.7746328e+03   1.9245496e+04
   1.7738076e+03   1.9172615e+04
   1.7729814e+03   1.9169363e+04
   1.7721553e+03   1.9305305e+04
   1.7713281e+03   1.9066051e+04
   1.7705020e+03   1.9056768e+04
   1.7696758e+03   1.9117047e+04
   1.7688486e+03   1.9026113e+04
   1.7680215e+03   1.9325221e+04
   1.7671943e+03   1.9373330e+04
   1.7663672e+03   1.9367021e+04
   1.7655400e+03   1.9276104e+04
   1.7647129e+03   1.9435984e+04
   1.7638848e+03   1.9520289e+04
   1.7630576e+03   1.9459592e+04
   1.7622295e+03   1.9287184e+04
   1.7614014e+03   1.9634143e+04
   1.7605732e+03   1.9670053e+04
   1.7597451e+03   1.9518822e+04
   1.7589170e+03   1.9775031e+04
   1.7580879e+03   1.9847105e+04
   1.7572598e+03   1.9605418e+04
   1.7564307e+03   1.9671461e+04
   1.7556016e+03   1.9550512e+04
   1.7547725e+03   1.9710010e+04
   1.7539434e+03   1.9953863e+04
   1.7531133e+03   1.9510412e+04
   1.7522842e+03   2.0049549e+04
   1.7514541e+03   1.9741820e+04
   1.7506240e+03   2.0015627e+04
   1.7497949e+03   1.9771260e+04
   1.7489639e+03   1.9707670e+04
   1.7481338e+03   2.0152969e+04
   1.7473037e+03   1.9977945e+04
   1.7464727e+03   2.0263514e+04
   1.7456426e+03   2.0082510e+04
   1.7448115e+03   2.0422123e+04
   1.7439805e+03   2.0430688e+04
   1.7431494e+03   2.0364047e+04
   1.7423184e+03   2.0399684e+04
   1.7414863e+03   2.0071465e+04
   1.7406553e+03   2.0473924e+04
   1.7398232e+03   2.0497496e+04
   1.7389922e+03   2.0527072e+04
   1.7381602e+03   2.0676834e+04
   1.7373281e+03   2.0796498e+04
   1.7364951e+03   2.0621740e+04
   1.7356631e+03   2.0765400e+04
   1.7348301e+03   2.0851955e+04
   1.7339980e+03   2.0764342e+04
   1.7331650e+03   2.0913906e+04
   1.7323320e+03   2.1147455e+04
   1.7314990e+03   2.1050832e+04
   1.7306660e+03   2.1080254e+04
   1.7298320e+03   2.1085668e+04
   1.7289990e+03   2.1265037e+04
   1.7281650e+03   2.1204443e+04
   1.7273311e+03   2.1065912e+04
   1.7264971e+03   2.1547967e+04
   1.7256631e+03   2.1499340e+04
   1.7248291e+03   2.1543629e+04
   1.7239941e+03   2.1569926e+04
   1.7231602e+03   2.1713045e+04
   1.7223252e+03   2.1733311e+04
   1.7214902e+03   2.1361262e+04
   1.7206553e+03   2.1713936e+04
   1.7198203e+03   2.1710238e+04
   1.7189854e+03   2.1943004e+04
   1.7181504e+03   2.1780656e+04
   1.7173145e+03   2.1818836e+04
   1.7164785e+03   2.1859996e+04
   1.7156426e+03   2.2005830e+04
   1.7148066e+03   2.1948250e+04
   1.7139707e+03   2.2123920e+04
   1.7131348e+03   2.2039432e+04
   1.7122988e+03   2.2149264e+04
   1.7114619e+03   2.2100662e+04
   1.7106250e+03   2.2416621e+04
   1.7097881e+03   2.2146908e+04
   1.7089512e+03   2.2071443e+04
   1.7081143e+03   2.2151307e+04
   1.7072773e+03   2.2547662e+04
   1.7064395e+03   2.2313934e+04
   1.7056025e+03   2.2405650e+04
   1.7047646e+03   2.2643578e+04
   1.7039268e+03   2.2609879e+04
   1.7030889e+03   2.2313641e+04
   1.7022510e+03   2.2649898e+04
   1.7014121e+03   2.2386561e+04
   1.7005742e+03   2.2576572e+04
   1.6997354e+03   2.2757574e+04
   1.6988975e+03   2.3013037e+04
   1.6980586e+03   2.2666359e+04
   1.6972197e+03   2.2850230e+04
   1.6963799e+03   2.2593082e+04
   1.6955410e+03   2.2854354e+04
   1.6947012e+03   2.3058943e+04
   1.6938623e+03   2.3060967e+04
   1.6930225e+03   2.3217812e+04
   1.6921826e+03   2.2880438e+04
   1.6913428e+03   2.2653305e+04
   1.6905029e+03   2.2961906e+04
   1.6896621e+03   2.3216846e+04
   1.6888223e+03   2.3325930e+04
   1.6879814e+03   2.3128615e+04
   1.6871406e+03   2.3306072e+04
   1.6862998e+03   2.3774855e+04
   1.6854590e+03   2.3170283e+04
   1.6846182e+03   2.3823213e+04
   1.6837764e+03   2.3747822e+04
   1.6829355e+03   2.3657600e+04
   1.6820938e+03   2.4027883e+04
   1.6812520e+03   2.4270314e+04
   1.6804102e+03   2.3918703e+04
   1.6795684e+03   2.4152162e+04
   1.6787266e+03   2.4228193e+04
   1.6778838e+03   2.4114229e+04
   1.6770420e+03   2.4653211e+04
   1.6761992e+03   2.4574818e+04
   1.6753564e+03   2.4819828e+04
   1.6745137e+03   2.4486334e+04
   1.6736709e+03   2.5110887e+04
   1.6728271e+03   2.5180727e+04
   1.6719844e+03   2.5226824e+04
   1.6711406e+03   2.5358867e+04
   1.6702979e+03   2.5544211e+04
   1.6694541e+03   2.5554660e+04
   1.6686104e+03   2.5677689e+04
   1.6677656e+03   2.6153174e+04
   1.6669219e+03   2.6504105e+04
   1.6660771e+03   2.6520303e+04
   1.6652334e+03   2.6669723e+04
   1.6643887e+03   2.7073666e+04
   1.6635439e+03   2.7122311e+04
   1.6626992e+03   2.7170938e+04
   1.6618545e+03   2.7636715e+04
   1.6610088e+03   2.7732566e+04
   1.6601641e+03   2.7955561e+04
   1.6593184e+03   2.8506719e+04
   1.6584727e+03   2.8037652e+04
   1.6576270e+03   2.8644773e+04
   1.6567812e+03   2.8823119e+04
   1.6559355e+03   2.8880246e+04
   1.6550889e+03   2.9519408e+04
   1.6542432e+03   2.9275074e+04
   1.6533965e+03   2.9597914e+04
   1.6525498e+03   3.0103730e+04
   1.6517031e+03   3.0048385e+04
   1.6508564e+03   3.0205605e+04
   1.6500088e+03   3.0557576e+04
   1.6491621e+03   3.0581855e+04
   1.6483145e+03   3.0786109e+04
   1.6474678e+03   3.1090594e+04
   1.6466201e+03   3.1014482e+04
   1.6457715e+03   3.1398445e+04
   1.6449238e+03   3.1631900e+04
   1.6440762e+03   3.1632379e+04
   1.6432275e+03   3.1992455e+04
   1.6423799e+03   3.1765949e+04
   1.6415312e+03   3.2638570e+04
   1.6406826e+03   3.2420867e+04
   1.6398340e+03   3.2403531e+04
   1.6389854e+03   3.2713096e+04
   1.6381357e+03   3.3090277e+04
   1.6372871e+03   3.3355453e+04
   1.6364375e+03   3.3373285e+04
   1.6355879e+03   3.3623605e+04
   1.6347383e+03   3.3573707e+04
   1.6338887e+03   3.4229898e+04
   1.6330381e+03   3.4041660e+04
   1.6321885e+03   3.4547555e+04
   1.6313379e+03   3.4765105e+04
   1.6304883e+03   3.5014926e+04
   1.6296377e+03   3.5490992e+04
   1.6287871e+03   3.5120477e+04
   1.6279355e+03   3.5390668e+04
   1.6270850e+03   3.5640203e+04
   1.6262344e+03   3.5543031e+04
   1.6253828e+03   3.6185996e+04
   1.6245312e+03   3.6470500e+04
   1.6236797e+03   3.6429012e+04
   1.6228281e+03   3.6983430e+04
   1.6219766e+03   3.6991762e+04
   1.6211240e+03   3.7220168e+04
   1.6202725e+03   3.7386883e+04
   1.6194199e+03   3.7541805e+04
   1.6185674e+03   3.7611621e+04
   1.6177148e+03   3.7948258e+04
   1.6168623e+03   3.8249594e+04
   1.6160098e+03   3.8542035e+04
   1.6151562e+03   3.9060051e+04
   1.6143037e+03   3.9026973e+04
   1.6134502e+03   3.9404086e+04
   1.6125967e+03   3.9628746e+04
   1.6117432e+03   3.9610227e+04
   1.6108896e+03   4.0080750e+04
   1.6100361e+03   4.0278820e+04
   1.6091816e+03   4.0751996e+04
   1.6083271e+03   4.0575238e+04
   1.6074736e+03   4.0685324e+04
   1.6066191e+03   4.0947520e+04
   1.6057637e+03   4.1048723e+04
   1.6049092e+03   4.1278586e+04
   1.6040547e+03   4.1929477e+04
   1.6031992e+03   4.1480773e+04
   1.6023447e+03   4.1415180e+04
   1.6014893e+03   4.1370066e+04
   1.6006338e+03   4.0898305e+04
   1.5997783e+03   4.1160086e+04
   1.5989219e+03   4.1640879e+04
   1.5980664e+03   4.1771000e+04
   1.5972100e+03   4.2055855e+04
   1.5963535e+03   4.2069066e+04
   1.5954971e+03   4.2000531e+04
   1.5946406e+03   4.2215141e+04
   1.5937842e+03   4.1971500e+04
   1.5929277e+03   4.2369863e+04
   1.5920703e+03   4.2680566e+04
   1.5912139e+03   4.2964910e+04
   1.5903564e+03   4.3584531e+04
   1.5894990e+03   4.3060938e+04
   1.5886416e+03   4.3741547e+04
   1.5877842e+03   4.3599941e+04
   1.5869258e+03   4.3869305e+04
   1.5860684e+03   4.4625180e+04
   1.5852100e+03   4.4637895e+04
   1.5843516e+03   4.4551570e+04
   1.5834932e+03   4.5359355e+04
   1.5826348e+03   4.4801215e+04
   1.5817754e+03   4.5422352e+04
   1.5809170e+03   4.5632848e+04
   1.5800576e+03   4.5301949e+04
   1.5791992e+03   4.5492020e+04
   1.5783398e+03   4.5769301e+04
   1.5774795e+03   4.5979586e+04
   1.5766201e+03   4.5564508e+04
   1.5757607e+03   4.5245527e+04
   1.5749004e+03   4.4723145e+04
   1.5740410e+03   4.5113676e+04
   1.5731807e+03   4.5318070e+04
   1.5723203e+03   4.4455957e+04
   1.5714600e+03   4.4273984e+04
   1.5705986e+03   4.4330266e+04
   1.5697383e+03   4.4354578e+04
   1.5688770e+03   4.4573434e+04
   1.5680166e+03   4.4127355e+04
   1.5671553e+03   4.4232965e+04
   1.5662939e+03   4.4033793e+04
   1.5654316e+03   4.3564820e+04
   1.5645703e+03   4.4369680e+04
   1.5637090e+03   4.3921109e+04
   1.5628467e+03   4.3942547e+04
   1.5619844e+03   4.3830578e+04
   1.5611221e+03   4.3808527e+04
   1.5602598e+03   4.3876348e+04
   1.5593975e+03   4.4335410e+04
   1.5585342e+03   4.4397316e+04
   1.5576719e+03   4.4714160e+04
   1.5568086e+03   4.4975855e+04
   1.5559453e+03   4.4498898e+04
   1.5550820e+03   4.5458426e+04
   1.5542188e+03   4.5091570e+04
   1.5533545e+03   4.5118531e+04
   1.5524912e+03   4.5333613e+04
   1.5516270e+03   4.5100078e+04
   1.5507637e+03   4.4886871e+04
   1.5498994e+03   4.5174199e+04
   1.5490342e+03   4.5105668e+04
   1.5481699e+03   4.4640977e+04
   1.5473057e+03   4.5168168e+04
   1.5464404e+03   4.4527285e+04
   1.5455762e+03   4.4889566e+04
   1.5447109e+03   4.4436785e+04
   1.5438457e+03   4.4140184e+04
   1.5429795e+03   4.4112344e+04
   1.5421143e+03   4.3758133e+04
   1.5412490e+03   4.3490676e+04
   1.5403828e+03   4.3584227e+04
   1.5395166e+03   4.3700836e+04
   1.5386504e+03   4.3811629e+04
   1.5377842e+03   4.3296160e+04
   1.5369180e+03   4.3239633e+04
   1.5360518e+03   4.3572578e+04
   1.5351846e+03   4.3155477e+04
   1.5343174e+03   4.3488316e+04
   1.5334502e+03   4.2921438e+04
   1.5325830e+03   4.2853484e+04
   1.5317158e+03   4.2918141e+04
   1.5308486e+03   4.3239258e+04
   1.5299805e+03   4.3329754e+04
   1.5291133e+03   4.2806594e+04
   1.5282451e+03   4.2992184e+04
   1.5273770e+03   4.3157547e+04
   1.5265088e+03   4.3199035e+04
   1.5256406e+03   4.3430516e+04
   1.5247715e+03   4.3356809e+04
   1.5239033e+03   4.3642855e+04
   1.5230342e+03   4.3062719e+04
   1.5221650e+03   4.3210625e+04
   1.5212959e+03   4.3637488e+04
   1.5204268e+03   4.3281961e+04
   1.5195576e+03   4.3058824e+04
   1.5186875e+03   4.2993883e+04
   1.5178184e+03   4.3486590e+04
   1.5169482e+03   4.3289395e+04
   1.5160781e+03   4.2810672e+04
   1.5152080e+03   4.2906691e+04
   1.5143379e+03   4.2971078e+04
   1.5134668e+03   4.2469680e+04
   1.5125967e+03   4.2450848e+04
   1.5117256e+03   4.1737262e+04
   1.5108545e+03   4.2206527e+04
   1.5099834e+03   4.1619504e+04
   1.5091123e+03   4.1362660e+04
   1.5082412e+03   4.1269438e+04
   1.5073691e+03   4.1663875e+04
   1.5064980e+03   4.1189191e+04
   1.5056260e+03   4.0989945e+04
   1.5047539e+03   4.1054523e+04
   1.5038818e+03   4.1405719e+04
   1.5030098e+03   4.1086164e+04
   1.5021367e+03   4.0715141e+04
   1.5012646e+03   4.0619277e+04
   1.5003916e+03   4.0898688e+04
   1.4995186e+03   4.1281105e+04
   1.4986455e+03   4.0592453e+04
   1.4977725e+03   4.0911801e+04
   1.4968984e+03   4.0690031e+04
   1.4960254e+03   4.0760254e+04
   1.4951514e+03   4.0744609e+04
   1.4942783e+03   4.0857715e+04
   1.4934043e+03   4.0910707e+04
   1.4925293e+03   4.0986559e+04
   1.4916553e+03   4.1356910e+04
   1.4907812e+03   4.1412641e+04
   1.4899062e+03   4.1482645e+04
   1.4890312e+03   4.1738395e+04
   1.4881572e+03   4.1868320e+04
   1.4872822e+03   4.2052484e+04
   1.4864062e+03   4.2130891e+04
   1.4855312e+03   4.2397766e+04
   1.4846562e+03   4.2695957e+04
   1.4837803e+03   4.2443023e+04
   1.4829043e+03   4.2949480e+04
   1.4820283e+03   4.3410098e+04
   1.4811523e+03   4.3930480e+04
   1.4802764e+03   4.4045543e+04
   1.4793994e+03   4.4000820e+04
   1.4785234e+03   4.4871625e+04
   1.4776465e+03   4.5014977e+04
   1.4767695e+03   4.5235254e+04
   1.4758926e+03   4.6299230e+04
   1.4750156e+03   4.6342500e+04
   1.4741377e+03   4.7385961e+04
   1.4732607e+03   4.7816500e+04
   1.4723828e+03   4.8557387e+04
   1.4715049e+03   4.8822379e+04
   1.4706270e+03   4.9309391e+04
   1.4697490e+03   5.0172055e+04
   1.4688711e+03   5.0439469e+04
   1.4679922e+03   5.1344324e+04
   1.4671143e+03   5.1969992e+04
   1.4662354e+03   5.2128832e+04
   1.4653564e+03   5.2355891e+04
   1.4644775e+03   5.3151695e+04
   1.4635986e+03   5.4171875e+04
   1.4627188e+03   5.4227859e+04
   1.4618398e+03   5.5645469e+04
   1.4609600e+03   5.5706859e+04
   1.4600801e+03   5.6106387e+04
   1.4592002e+03   5.6554074e+04
   1.4583203e+03   5.6359605e+04
   1.4574404e+03   5.7537023e+04
   1.4565596e+03   5.7203301e+04
   1.4556787e+03   5.6906602e+04
   1.4547988e+03   5.6703680e+04
   1.4539180e+03   5.6330531e+04
   1.4530371e+03   5.6337770e+04
   1.4521553e+03   5.5346289e+04
   1.4512744e+03   5.5038809e+04
   1.4503926e+03   5.4558422e+04
   1.4495107e+03   5.4021484e+04
   1.4486299e+03   5.3411016e+04
   1.4477471e+03   5.2659016e+04
   1.4468652e+03   5.2445789e+04
   1.4459834e+03   5.1728223e+04
   1.4451006e+03   5.1189398e+04
   1.4442188e+03   5.0849055e+04
   1.4433359e+03   5.0704262e+04
   1.4424531e+03   5.0335801e+04
   1.4415703e+03   4.9636199e+04
   1.4406865e+03   4.9375621e+04
   1.4398037e+03   4.8764164e+04
   1.4389199e+03   4.8379312e+04
   1.4380361e+03   4.7672039e+04
   1.4371523e+03   4.7171520e+04
   1.4362686e+03   4.6456219e+04
   1.4353848e+03   4.6535797e+04
   1.4345010e+03   4.5388258e+04
   1.4336162e+03   4.5199438e+04
   1.4327314e+03   4.4629113e+04
   1.4318467e+03   4.4268102e+04
   1.4309619e+03   4.3559691e+04
   1.4300771e+03   4.3487133e+04
   1.4291924e+03   4.3129332e+04
   1.4283066e+03   4.2607863e+04
   1.4274219e+03   4.3131254e+04
   1.4265361e+03   4.2948719e+04
   1.4256504e+03   4.2402148e+04
   1.4247646e+03   4.1957355e+04
   1.4238779e+03   4.2000832e+04
   1.4229922e+03   4.2086609e+04
   1.4221055e+03   4.2036973e+04
   1.4212188e+03   4.1964789e+04
   1.4203320e+03   4.1918004e+04
   1.4194453e+03   4.2322281e+04
   1.4185586e+03   4.2419195e+04
   1.4176719e+03   4.2721789e+04
   1.4167842e+03   4.2610094e+04
   1.4158965e+03   4.3208340e+04
   1.4150088e+03   4.4037336e+04
   1.4141211e+03   4.4252133e+04
   1.4132334e+03   4.4734332e+04
   1.4123457e+03   4.5768129e+04
   1.4114570e+03   4.6399070e+04
   1.4105684e+03   4.7392812e+04
   1.4096807e+03   4.8363695e+04
   1.4087920e+03   4.9542414e+04
   1.4079023e+03   4.9927547e+04
   1.4070137e+03   5.0520645e+04
   1.4061250e+03   5.1532473e+04
   1.4052354e+03   5.2321863e+04
   1.4043457e+03   5.2537594e+04
   1.4034561e+03   5.2595871e+04
   1.4025664e+03   5.2848000e+04
   1.4016768e+03   5.1790938e+04
   1.4007861e+03   5.2352078e+04
   1.3998965e+03   5.1048340e+04
   1.3990059e+03   5.0854121e+04
   1.3981152e+03   5.0137812e+04
   1.3972246e+03   4.9845578e+04
   1.3963340e+03   4.9247559e+04
   1.3954424e+03   4.9062199e+04
   1.3945518e+03   4.8618812e+04
   1.3936602e+03   4.8837516e+04
   1.3927686e+03   4.8840203e+04
   1.3918770e+03   4.8932617e+04
   1.3909854e+03   4.9616500e+04
   1.3900938e+03   4.9518145e+04
   1.3892012e+03   5.0319383e+04
   1.3883086e+03   5.0913000e+04
   1.3874170e+03   5.1537223e+04
   1.3865244e+03   5.2631777e+04
   1.3856309e+03   5.3115457e+04
   1.3847383e+03   5.3979754e+04
   1.3838457e+03   5.4415434e+04
   1.3829521e+03   5.4515086e+04
   1.3820586e+03   5.4676270e+04
   1.3811650e+03   5.5612426e+04
   1.3802715e+03   5.5258621e+04
   1.3793779e+03   5.5788781e+04
   1.3784844e+03   5.5815387e+04
   1.3775898e+03   5.5347086e+04
   1.3766953e+03   5.5270316e+04
   1.3758008e+03   5.5570906e+04
   1.3749062e+03   5.5158773e+04
   1.3740117e+03   5.5143543e+04
   1.3731172e+03   5.4759562e+04
   1.3722217e+03   5.4068477e+04
   1.3713262e+03   5.4480703e+04
   1.3704307e+03   5.3887625e+04
   1.3695352e+03   5.3367336e+04
   1.3686396e+03   5.3659445e+04
   1.3677441e+03   5.2879844e+04
   1.3668477e+03   5.2602738e+04
   1.3659521e+03   5.2744176e+04
   1.3650557e+03   5.2542496e+04
   1.3641592e+03   5.2251645e+04
   1.3632627e+03   5.2128188e+04
   1.3623652e+03   5.2372746e+04
   1.3614688e+03   5.2594922e+04
   1.3605713e+03   5.2755707e+04
   1.3596738e+03   5.2866285e+04
   1.3587773e+03   5.3545113e+04
   1.3578789e+03   5.3246074e+04
   1.3569814e+03   5.3673965e+04
   1.3560840e+03   5.4218641e+04
   1.3551855e+03   5.4827156e+04
   1.3542871e+03   5.5287938e+04
   1.3533887e+03   5.5723512e+04
   1.3524902e+03   5.6242398e+04
   1.3515918e+03   5.7005906e+04
   1.3506934e+03   5.7388094e+04
   1.3497939e+03   5.7697848e+04
   1.3488945e+03   5.8013047e+04
   1.3479951e+03   5.8617246e+04
   1.3470957e+03   5.8748727e+04
   1.3461963e+03   5.8866266e+04
   1.3452969e+03   5.8917078e+04
   1.3443965e+03   5.9034539e+04
   1.3434971e+03   5.9335273e+04
   1.3425967e+03   5.8794469e+04
   1.3416963e+03   5.9011836e+04
   1.3407949e+03   5.8743324e+04
   1.3398945e+03   5.8127961e+04
   1.3389941e+03   5.7609938e+04
   1.3380928e+03   5.7219727e+04
   1.3371914e+03   5.6618816e+04
   1.3362900e+03   5.6389777e+04
   1.3353887e+03   5.5392664e+04
   1.3344873e+03   5.5344133e+04
   1.3335850e+03   5.5187508e+04
   1.3326836e+03   5.4767625e+04
   1.3317812e+03   5.4691512e+04
   1.3308789e+03   5.3933836e+04
   1.3299766e+03   5.4630773e+04
   1.3290732e+03   5.3984160e+04
   1.3281709e+03   5.4270992e+04
   1.3272676e+03   5.4554957e+04
   1.3263652e+03   5.5146094e+04
   1.3254619e+03   5.5269266e+04
   1.3245576e+03   5.5707867e+04
   1.3236543e+03   5.5399277e+04
   1.3227510e+03   5.5771301e+04
   1.3218467e+03   5.5819594e+04
   1.3209424e+03   5.6249484e+04
   1.3200391e+03   5.6245137e+04
   1.3191338e+03   5.6177211e+04
   1.3182295e+03   5.5918602e+04
   1.3173252e+03   5.5602047e+04
   1.3164199e+03   5.5829895e+04
   1.3155156e+03   5.5394676e+04
   1.3146104e+03   5.5163996e+04
   1.3137051e+03   5.4499844e+04
   1.3127988e+03   5.4332895e+04
   1.3118936e+03   5.4417207e+04
   1.3109873e+03   5.4451809e+04
   1.3100820e+03   5.3967609e+04
   1.3091758e+03   5.4129184e+04
   1.3082695e+03   5.3432801e+04
   1.3073633e+03   5.4099133e+04
   1.3064561e+03   5.3447113e+04
   1.3055498e+03   5.3578332e+04
   1.3046426e+03   5.3723285e+04
   1.3037354e+03   5.3735891e+04
   1.3028281e+03   5.3489461e+04
   1.3019209e+03   5.3292707e+04
   1.3010137e+03   5.3120816e+04
   1.3001055e+03   5.3213379e+04
   1.2991982e+03   5.3091121e+04
   1.2982900e+03   5.2798207e+04
   1.2973818e+03   5.2643027e+04
   1.2964736e+03   5.2220934e+04
   1.2955645e+03   5.1928320e+04
   1.2946562e+03   5.1803633e+04
   1.2937471e+03   5.1588211e+04
   1.2928379e+03   5.1634141e+04
   1.2919287e+03   5.1130094e+04
   1.2910195e+03   5.1514250e+04
   1.2901104e+03   5.1266039e+04
   1.2892012e+03   5.1254270e+04
   1.2882910e+03   5.1063887e+04
   1.2873809e+03   5.1456023e+04
   1.2864707e+03   5.1839773e+04
   1.2855605e+03   5.1363758e+04
   1.2846504e+03   5.1964316e+04
   1.2837393e+03   5.2339535e+04
   1.2828291e+03   5.2835398e+04
   1.2819180e+03   5.2801395e+04
   1.2810068e+03   5.2912836e+04
   1.2800957e+03   5.3290355e+04
   1.2791846e+03   5.3648539e+04
   1.2782725e+03   5.3630863e+04
   1.2773613e+03   5.3917562e+04
   1.2764492e+03   5.3927258e+04
   1.2755371e+03   5.3673801e+04
   1.2746250e+03   5.3639680e+04
   1.2737129e+03   5.3326074e+04
   1.2727998e+03   5.2598887e+04
   1.2718877e+03   5.1852777e+04
   1.2709746e+03   5.0890570e+04
   1.2700615e+03   5.0906246e+04
   1.2691484e+03   5.0152613e+04
   1.2682354e+03   4.9640117e+04
   1.2673213e+03   4.9029277e+04
   1.2664082e+03   4.8632082e+04
   1.2654941e+03   4.8081820e+04
   1.2645801e+03   4.8223789e+04
   1.2636660e+03   4.7668316e+04
   1.2627520e+03   4.7452102e+04
   1.2618369e+03   4.7014516e+04
   1.2609229e+03   4.6932422e+04
   1.2600078e+03   4.6719180e+04
   1.2590928e+03   4.7120805e+04
   1.2581777e+03   4.7257285e+04
   1.2572627e+03   4.7533023e+04
   1.2563467e+03   4.6852816e+04
   1.2554316e+03   4.8013207e+04
   1.2545156e+03   4.7797254e+04
   1.2535996e+03   4.8345648e+04
   1.2526836e+03   4.8290723e+04
   1.2517676e+03   4.8563246e+04
   1.2508516e+03   4.8792020e+04
   1.2499346e+03   4.8614297e+04
   1.2490176e+03   4.9107508e+04
   1.2481006e+03   4.9387867e+04
   1.2471836e+03   4.9458207e+04
   1.2462666e+03   4.9550328e+04
   1.2453496e+03   4.9906758e+04
   1.2444316e+03   5.0442891e+04
   1.2435146e+03   5.0660098e+04
   1.2425967e+03   5.0267102e+04
   1.2416787e+03   5.0726629e+04
   1.2407598e+03   5.0562469e+04
   1.2398418e+03   5.0493648e+04
   1.2389229e+03   5.0912059e+04
   1.2380049e+03   5.0413219e+04
   1.2370859e+03   5.1264113e+04
   1.2361670e+03   5.1007500e+04
   1.2352480e+03   5.1488074e+04
   1.2343281e+03   5.1416430e+04
   1.2334092e+03   5.1646609e+04
   1.2324893e+03   5.2018070e+04
   1.2315693e+03   5.1927336e+04
   1.2306494e+03   5.1649125e+04
   1.2297295e+03   5.1686188e+04
   1.2288096e+03   5.1516773e+04
   1.2278887e+03   5.1847176e+04
   1.2269678e+03   5.0735477e+04
   1.2260469e+03   5.1516605e+04
   1.2251260e+03   5.1263180e+04
   1.2242051e+03   5.0947414e+04
   1.2232842e+03   5.0699602e+04
   1.2223623e+03   5.0926684e+04
   1.2214414e+03   5.0456516e+04
   1.2205195e+03   4.9726137e+04
   1.2195977e+03   5.0275961e+04
   1.2186758e+03   4.9838684e+04
   1.2177529e+03   4.9596738e+04
   1.2168311e+03   4.9877969e+04
   1.2159082e+03   4.9411180e+04
   1.2149854e+03   4.9066477e+04
   1.2140625e+03   4.8903387e+04
   1.2131396e+03   4.9344328e+04
   1.2122158e+03   4.9116254e+04
   1.2112930e+03   4.8590438e+04
   1.2103691e+03   4.9020363e+04
   1.2094453e+03   4.8605715e+04
   1.2085215e+03   4.8751352e+04
   1.2075977e+03   4.8829297e+04
   1.2066738e+03   4.8585312e+04
   1.2057490e+03   4.8446891e+04
   1.2048242e+03   4.8646523e+04
   1.2038994e+03   4.8651426e+04
   1.2029746e+03   4.9164516e+04
   1.2020498e+03   4.8863918e+04
   1.2011250e+03   4.9163312e+04
   1.2001992e+03   4.9019516e+04
   1.1992744e+03   4.9264746e+04
   1.1983486e+03   4.9650324e+04
   1.1974229e+03   4.9857551e+04
   1.1964961e+03   4.9511242e+04
   1.1955703e+03   4.9742707e+04
   1.1946436e+03   5.0268258e+04
   1.1937178e+03   5.0105543e+04
   1.1927910e+03   5.0174898e+04
   1.1918643e+03   5.0133637e+04
   1.1909365e+03   5.0221836e+04
   1.1900098e+03   5.0059238e+04
   1.1890830e+03   5.0565289e+04
   1.1881553e+03   5.0111570e+04
   1.1872275e+03   5.0264383e+04
   1.1862998e+03   5.0293191e+04
   1.1853721e+03   5.0497102e+04
   1.1844434e+03   5.0593195e+04
   1.1835156e+03   5.0700023e+04
   1.1825869e+03   5.0502547e+04
   1.1816582e+03   5.0372445e+04
   1.1807295e+03   5.0228926e+04
   1.1798008e+03   5.0115059e+04
   1.1788711e+03   4.9511520e+04
   1.1779424e+03   4.9126105e+04
   1.1770127e+03   4.9241113e+04
   1.1760830e+03   4.8756375e+04
   1.1751533e+03   4.8519176e+04
   1.1742227e+03   4.8451418e+04
   1.1732930e+03   4.8609465e+04
   1.1723623e+03   4.7757004e+04
   1.1714326e+03   4.7799578e+04
   1.1705020e+03   4.7635281e+04
   1.1695713e+03   4.7712770e+04
   1.1686396e+03   4.7357875e+04
   1.1677090e+03   4.7177629e+04
   1.1667773e+03   4.7193410e+04
   1.1658457e+03   4.6650906e+04
   1.1649141e+03   4.6886824e+04
   1.1639824e+03   4.6339199e+04
   1.1630508e+03   4.6231711e+04
   1.1621191e+03   4.6395152e+04
   1.1611865e+03   4.6322551e+04
   1.1602539e+03   4.5917508e+04
   1.1593213e+03   4.5799441e+04
   1.1583887e+03   4.5330309e+04
   1.1574561e+03   4.5614340e+04
   1.1565225e+03   4.5678574e+04
   1.1555889e+03   4.5560625e+04
   1.1546562e+03   4.5734648e+04
   1.1537227e+03   4.5675641e+04
   1.1527881e+03   4.5699648e+04
   1.1518545e+03   4.5624602e+04
   1.1509209e+03   4.6063449e+04
   1.1499863e+03   4.5916109e+04
   1.1490518e+03   4.6065793e+04
   1.1481172e+03   4.5728582e+04
   1.1471826e+03   4.6300812e+04
   1.1462480e+03   4.6041219e+04
   1.1453125e+03   4.6065109e+04
   1.1443770e+03   4.6051570e+04
   1.1434414e+03   4.5728012e+04
   1.1425059e+03   4.5471367e+04
   1.1415703e+03   4.5423203e+04
   1.1406348e+03   4.5188070e+04
   1.1396982e+03   4.4920973e+04
   1.1387617e+03   4.4870254e+04
   1.1378262e+03   4.4747469e+04
   1.1368896e+03   4.4568672e+04
   1.1359521e+03   4.4779578e+04
   1.1350156e+03   4.4504777e+04
   1.1340781e+03   4.4198055e+04
   1.1331416e+03   4.3947457e+04
   1.1322041e+03   4.3694277e+04
   1.1312666e+03   4.3667832e+04
   1.1303281e+03   4.3190848e+04
   1.1293906e+03   4.3297773e+04
   1.1284521e+03   4.2514547e+04
   1.1275137e+03   4.2813395e+04
   1.1265762e+03   4.2656582e+04
   1.1256367e+03   4.2667629e+04
   1.1246982e+03   4.2561492e+04
   1.1237598e+03   4.2932000e+04
   1.1228203e+03   4.2391922e+04
   1.1218809e+03   4.2392352e+04
   1.1209414e+03   4.2198516e+04
   1.1200020e+03   4.2137777e+04
   1.1190625e+03   4.1805719e+04
   1.1181221e+03   4.2340859e+04
   1.1171826e+03   4.1692422e+04
   1.1162422e+03   4.2020000e+04
   1.1153018e+03   4.1778574e+04
   1.1143613e+03   4.1399023e+04
   1.1134199e+03   4.2050676e+04
   1.1124795e+03   4.1392230e+04
   1.1115381e+03   4.1578770e+04
   1.1105967e+03   4.1398715e+04
   1.1096553e+03   4.1646262e+04
   1.1087139e+03   4.1394570e+04
   1.1077725e+03   4.1472129e+04
   1.1068301e+03   4.1464730e+04
   1.1058877e+03   4.1242391e+04
   1.1049453e+03   4.0760121e+04
   1.1040029e+03   4.0705102e+04
   1.1030605e+03   4.0952445e+04
   1.1021182e+03   4.0690574e+04
   1.1011748e+03   4.0564004e+04
   1.1002314e+03   4.0572668e+04
   1.0992881e+03   4.0970922e+04
   1.0983447e+03   4.0982156e+04
   1.0974014e+03   4.0754945e+04
   1.0964580e+03   4.0975473e+04
   1.0955137e+03   4.0721852e+04
   1.0945693e+03   4.1005855e+04
   1.0936250e+03   4.0688777e+04
   1.0926807e+03   4.0797980e+04
   1.0917363e+03   4.1153266e+04
   1.0907910e+03   4.1140621e+04
   1.0898467e+03   4.1241742e+04
   1.0889014e+03   4.1326953e+04
   1.0879561e+03   4.1509980e+04
   1.0870107e+03   4.1330695e+04
   1.0860645e+03   4.1413195e+04
   1.0851191e+03   4.1699191e+04
   1.0841729e+03   4.1987727e+04
   1.0832266e+03   4.2030426e+04
   1.0822803e+03   4.2231613e+04
   1.0813340e+03   4.2530457e+04
   1.0803877e+03   4.2182188e+04
   1.0794404e+03   4.2206328e+04
   1.0784932e+03   4.2156547e+04
   1.0775459e+03   4.2911801e+04
   1.0765986e+03   4.2650789e+04
   1.0756514e+03   4.2276414e+04
   1.0747041e+03   4.2506273e+04
   1.0737559e+03   4.2448559e+04
   1.0728076e+03   4.2079688e+04
   1.0718594e+03   4.2103801e+04
   1.0709111e+03   4.2257074e+04
   1.0699629e+03   4.2381297e+04
   1.0690137e+03   4.2363172e+04
   1.0680654e+03   4.1905059e+04
   1.0671162e+03   4.1929172e+04
   1.0661670e+03   4.1368574e+04
   1.0652178e+03   4.1708766e+04
   1.0642676e+03   4.1522270e+04
   1.0633184e+03   4.1270031e+04
   1.0623682e+03   4.1549520e+04
   1.0614180e+03   4.1484188e+04
   1.0604678e+03   4.1658297e+04
   1.0595176e+03   4.1456184e+04
   1.0585674e+03   4.1383012e+04
   1.0576162e+03   4.1812102e+04
   1.0566650e+03   4.1636355e+04
   1.0557139e+03   4.1486957e+04
   1.0547627e+03   4.1605676e+04
   1.0538115e+03   4.1569320e+04
   1.0528604e+03   4.1756281e+04
   1.0519082e+03   4.1958938e+04
   1.0509561e+03   4.2014453e+04
   1.0500039e+03   4.2442801e+04
   1.0490518e+03   4.1868133e+04
   1.0480996e+03   4.2314723e+04
   1.0471465e+03   4.2194293e+04
   1.0461943e+03   4.2336293e+04
   1.0452412e+03   4.2181793e+04
   1.0442881e+03   4.2454887e+04
   1.0433350e+03   4.2318777e+04
   1.0423809e+03   4.2990289e+04
   1.0414277e+03   4.2578867e+04
   1.0404736e+03   4.3158348e+04
   1.0395195e+03   4.3108680e+04
   1.0385654e+03   4.3176934e+04
   1.0376113e+03   4.3378762e+04
   1.0366572e+03   4.3698379e+04
   1.0357021e+03   4.3926227e+04
   1.0347471e+03   4.3818855e+04
   1.0337920e+03   4.4392141e+04
   1.0328369e+03   4.4200965e+04
   1.0318818e+03   4.4815840e+04
   1.0309268e+03   4.4449359e+04
   1.0299707e+03   4.4820688e+04
   1.0290146e+03   4.5291266e+04
   1.0280586e+03   4.4773223e+04
   1.0271025e+03   4.5311613e+04
   1.0261465e+03   4.4961047e+04
   1.0251895e+03   4.5227398e+04
   1.0242324e+03   4.5525008e+04
   1.0232764e+03   4.5563863e+04
   1.0223184e+03   4.6062438e+04
   1.0213613e+03   4.5550113e+04
   1.0204043e+03   4.5442711e+04
   1.0194463e+03   4.5578141e+04
   1.0184893e+03   4.5752672e+04
   1.0175312e+03   4.5204227e+04
   1.0165732e+03   4.5130875e+04
   1.0156143e+03   4.5274082e+04
   1.0146562e+03   4.4843391e+04
   1.0136973e+03   4.5114383e+04
   1.0127383e+03   4.4892465e+04
   1.0117793e+03   4.4592418e+04
   1.0108203e+03   4.4704305e+04
   1.0098613e+03   4.4586816e+04
   1.0089014e+03   4.4341695e+04
   1.0079424e+03   4.4724492e+04
   1.0069824e+03   4.4226781e+04
   1.0060225e+03   4.4395914e+04
   1.0050625e+03   4.4328047e+04
   1.0041016e+03   4.5072414e+04
   1.0031416e+03   4.4960199e+04
   1.0021807e+03   4.4574781e+04
   1.0012197e+03   4.4881590e+04
   1.0002588e+03   4.4735645e+04
   9.9929785e+02   4.4764012e+04
   9.9833594e+02   4.4846977e+04
   9.9737500e+02   4.4810309e+04
   9.9641309e+02   4.4448719e+04
   9.9545117e+02   4.4627852e+04
   9.9448926e+02   4.4741953e+04
   9.9352637e+02   4.4632578e+04
   9.9256445e+02   4.4416738e+04
   9.9160156e+02   4.4668461e+04
   9.9063867e+02   4.4922688e+04
   9.8967578e+02   4.4909410e+04
   9.8871289e+02   4.4966219e+04
   9.8774902e+02   4.5220250e+04
   9.8678613e+02   4.5178379e+04
   9.8582227e+02   4.5035336e+04
   9.8485840e+02   4.5452625e+04
   9.8389453e+02   4.5890512e+04
   9.8293066e+02   4.6237480e+04
   9.8196582e+02   4.6846164e+04
   9.8100195e+02   4.7135809e+04
   9.8003711e+02   4.8430871e+04
   9.7907227e+02   4.8315914e+04
   9.7810742e+02   4.8890098e+04
   9.7714160e+02   4.9624664e+04
   9.7617676e+02   5.0289039e+04
   9.7521094e+02   5.0808180e+04
   9.7424512e+02   5.1863000e+04
   9.7327930e+02   5.2177191e+04
   9.7231348e+02   5.2957070e+04
   9.7134668e+02   5.3157102e+04
   9.7038086e+02   5.3476055e+04
   9.6941406e+02   5.3593152e+04
   9.6844727e+02   5.4641145e+04
   9.6748047e+02   5.4897598e+04
   9.6651367e+02   5.4492195e+04
   9.6554590e+02   5.3924105e+04
   9.6457812e+02   5.4007410e+04
   9.6361133e+02   5.3238086e+04
   9.6264258e+02   5.2988254e+04
   9.6167480e+02   5.2100582e+04
   9.6070703e+02   5.1579902e+04
   9.5973828e+02   5.1072320e+04
   9.5877051e+02   5.0087379e+04
   9.5780176e+02   4.9606051e+04
   9.5683301e+02   4.9173922e+04
   9.5586328e+02   4.8569094e+04
   9.5489453e+02   4.8101191e+04
   9.5392480e+02   4.7759828e+04
   9.5295508e+02   4.7289656e+04
   9.5198535e+02   4.7660094e+04
   9.5101562e+02   4.7282898e+04
   9.5004590e+02   4.6905836e+04
   9.4907520e+02   4.7003012e+04
   9.4810449e+02   4.6602949e+04
   9.4713477e+02   4.6628016e+04
   9.4616309e+02   4.6683980e+04
   9.4519238e+02   4.6237836e+04
   9.4422168e+02   4.6046711e+04
   9.4325000e+02   4.6061559e+04
   9.4227832e+02   4.5960598e+04
   9.4130664e+02   4.6261047e+04
   9.4033496e+02   4.6286133e+04
   9.3936328e+02   4.6018000e+04
   9.3839062e+02   4.5891395e+04
   9.3741895e+02   4.5895961e+04
   9.3644629e+02   4.6381219e+04
   9.3547363e+02   4.5799699e+04
   9.3450000e+02   4.5788855e+04
   9.3352734e+02   4.5554488e+04
   9.3255371e+02   4.6306602e+04
   9.3158105e+02   4.6308504e+04
   9.3060742e+02   4.6246207e+04
   9.2963379e+02   4.6499715e+04
   9.2865918e+02   4.6563184e+04
   9.2768555e+02   4.6562461e+04
   9.2671094e+02   4.6746488e+04
   9.2573633e+02   4.6330121e+04
   9.2476172e+02   4.6262750e+04
   9.2378711e+02   4.6690355e+04
   9.2281250e+02   4.6494730e+04
   9.2183691e+02   4.6212012e+04
   9.2086133e+02   4.5934520e+04
   9.1988574e+02   4.6131227e+04
   9.1891016e+02   4.6010141e+04
   9.1793457e+02   4.6168332e+04
   9.1695801e+02   4.6180469e+04
   9.1598242e+02   4.5457633e+04
   9.1500586e+02   4.5359793e+04
   9.1402930e+02   4.5750930e+04
   9.1305273e+02   4.5476465e+04
   9.1207520e+02   4.5337727e+04
   9.1109863e+02   4.5536758e+04
   9.1012109e+02   4.5024574e+04
   9.0914355e+02   4.5517715e+04
   9.0816602e+02   4.5238414e+04
   9.0718848e+02   4.5179090e+04
   9.0620996e+02   4.5385629e+04
   9.0523145e+02   4.5083496e+04
   9.0425391e+02   4.5241426e+04
   9.0327539e+02   4.5343090e+04
   9.0229590e+02   4.5319547e+04
   9.0131738e+02   4.5206629e+04
   9.0033789e+02   4.5035016e+04
   8.9935938e+02   4.5213223e+04
   8.9837988e+02   4.5243320e+04
   8.9740039e+02   4.5245328e+04
   8.9641992e+02   4.5020242e+04
   8.9544043e+02   4.5035043e+04
   8.9445996e+02   4.4736105e+04
   8.9347949e+02   4.5350246e+04
   8.9249902e+02   4.5104898e+04
   8.9151855e+02   4.5073777e+04
   8.9053809e+02   4.4948359e+04
   8.8955664e+02   4.4968242e+04
   8.8857520e+02   4.4774090e+04
   8.8759375e+02   4.5229602e+04
   8.8661230e+02   4.5155180e+04
   8.8563086e+02   4.5055312e+04
   8.8464844e+02   4.4884195e+04
   8.8366699e+02   4.5125520e+04
   8.8268457e+02   4.5331121e+04
   8.8170215e+02   4.4890305e+04
   8.8071973e+02   4.5352836e+04
   8.7973633e+02   4.5296277e+04
   8.7875391e+02   4.5143090e+04
   8.7777051e+02   4.5391723e+04
   8.7678711e+02   4.4984332e+04
   8.7580371e+02   4.5164270e+04
   8.7482031e+02   4.5506785e+04
   8.7383594e+02   4.5064020e+04
   8.7285156e+02   4.5152379e+04
   8.7186816e+02   4.5126398e+04
   8.7088379e+02   4.4793141e+04
   8.6989844e+02   4.4726605e+04
   8.6891406e+02   4.4520469e+04
   8.6792871e+02   4.4375320e+04
   8.6694434e+02   4.5138730e+04
   8.6595898e+02   4.5163516e+04
   8.6497266e+02   4.4597215e+04
   8.6398730e+02   4.4974637e+04
   8.6300195e+02   4.4895461e+04
   8.6201562e+02   4.5064785e+04
   8.6102930e+02   4.5183344e+04
   8.6004297e+02   4.4997719e+04
   8.5905664e+02   4.4905918e+04
   8.5806934e+02   4.5452609e+04
   8.5708301e+02   4.5429152e+04
   8.5609570e+02   4.5296793e+04
   8.5510840e+02   4.5412637e+04
   8.5412109e+02   4.5703125e+04
   8.5313379e+02   4.5613816e+04
   8.5214551e+02   4.5471387e+04
   8.5115723e+02   4.5349250e+04
   8.5016895e+02   4.5528219e+04
   8.4918066e+02   4.5180992e+04
   8.4819238e+02   4.5134840e+04
   8.4720410e+02   4.5589352e+04
   8.4621484e+02   4.5522910e+04
   8.4522559e+02   4.5562652e+04
   8.4423633e+02   4.5155074e+04
   8.4324707e+02   4.4992730e+04
   8.4225781e+02   4.5368531e+04
   8.4126758e+02   4.4882906e+04
   8.4027734e+02   4.5359598e+04
   8.3928711e+02   4.4957465e+04
   8.3829688e+02   4.5633391e+04
   8.3730664e+02   4.5667992e+04
   8.3631543e+02   4.5255922e+04
   8.3532520e+02   4.5502508e+04
   8.3433398e+02   4.5201605e+04
   8.3334277e+02   4.5501070e+04
   8.3235156e+02   4.5233059e+04
   8.3135938e+02   4.5169355e+04
   8.3036816e+02   4.5266996e+04
   8.2937598e+02   4.5170543e+04
   8.2838379e+02   4.5686434e+04
   8.2739160e+02   4.5353117e+04
   8.2639941e+02   4.5332258e+04
   8.2540625e+02   4.5263559e+04
   8.2441309e+02   4.5653148e+04
   8.2341992e+02   4.5753082e+04
   8.2242676e+02   4.5281609e+04
   8.2143359e+02   4.5733891e+04
   8.2044043e+02   4.5111621e+04
   8.1944629e+02   4.5148680e+04
   8.1845215e+02   4.5085117e+04
   8.1745801e+02   4.4860629e+04
   8.1646387e+02   4.4844906e+04
   8.1546973e+02   4.4997617e+04
   8.1447461e+02   4.4735562e+04
   8.1347949e+02   4.4873152e+04
   8.1248535e+02   4.4867480e+04
   8.1148926e+02   4.4902004e+04
   8.1049414e+02   4.4883766e+04
   8.0949902e+02   4.4611918e+04
   8.0850293e+02   4.4299992e+04
   8.0750684e+02   4.4269320e+04
   8.0651074e+02   4.4201008e+04
   8.0551465e+02   4.3954566e+04
   8.0451758e+02   4.4262652e+04
   8.0352148e+02   4.4006250e+04
   8.0252441e+02   4.3822668e+04
   8.0152734e+02   4.4255977e+04
   8.0053027e+02   4.3678816e+04
   7.9953320e+02   4.3969117e+04
   7.9853516e+02   4.3840801e+04
   7.9753711e+02   4.3852844e+04
   7.9653906e+02   4.3391406e+04
   7.9554102e+02   4.3859371e+04
   7.9454297e+02   4.3853867e+04
   7.9354492e+02   4.4158828e+04
   7.9254590e+02   4.4571316e+04
   7.9154688e+02   4.4458059e+04
   7.9054785e+02   4.4955418e+04
   7.8954883e+02   4.5227422e+04
   7.8854980e+02   4.5164129e+04
   7.8754980e+02   4.5445996e+04
   7.8654980e+02   4.5107617e+04
   7.8554980e+02   4.5051871e+04
   7.8454980e+02   4.5961012e+04
   7.8354980e+02   4.5960109e+04
   7.8254883e+02   4.5626871e+04
   7.8154883e+02   4.6018258e+04
   7.8054785e+02   4.5770055e+04
   7.7954688e+02   4.5467000e+04
   7.7854492e+02   4.5765805e+04
   7.7754395e+02   4.5854801e+04
   7.7654199e+02   4.6308172e+04
   7.7554004e+02   4.6314680e+04
   7.7453809e+02   4.6069176e+04
   7.7353613e+02   4.6310211e+04
   7.7253418e+02   4.6346637e+04
   7.7153125e+02   4.6926676e+04
   7.7052832e+02   4.7234734e+04
   7.6952539e+02   4.7550156e+04
   7.6852246e+02   4.7920293e+04
   7.6751953e+02   4.8454758e+04
   7.6651562e+02   4.8640223e+04
   7.6551270e+02   4.9027387e+04
   7.6450879e+02   4.8976074e+04
   7.6350488e+02   4.9923297e+04
   7.6250000e+02   5.0120797e+04
   7.6149609e+02   5.1045051e+04
   7.6049121e+02   5.1160141e+04
   7.5948730e+02   5.1760395e+04
   7.5848145e+02   5.2994812e+04
   7.5747656e+02   5.3226379e+04
   7.5647168e+02   5.4171590e+04
   7.5546582e+02   5.4661441e+04
   7.5445996e+02   5.5936672e+04
   7.5345508e+02   5.6505551e+04
   7.5244824e+02   5.7327691e+04
   7.5144238e+02   5.8139594e+04
   7.5043555e+02   5.9716309e+04
   7.4942969e+02   6.2184086e+04
   7.4842285e+02   6.4186594e+04
   7.4741602e+02   6.8013211e+04
   7.4640820e+02   7.2607938e+04
   7.4540137e+02   7.8047289e+04
   7.4439355e+02   8.4938758e+04
   7.4338574e+02   9.3814938e+04
   7.4237793e+02   1.0266058e+05
   7.4137012e+02   1.1169890e+05
   7.4036230e+02   1.2070909e+05
   7.3935352e+02   1.2817396e+05
   7.3834473e+02   1.3123891e+05
   7.3733594e+02   1.3188148e+05
   7.3632715e+02   1.2688935e+05
   7.3531836e+02   1.2124504e+05
   7.3430859e+02   1.1254634e+05
   7.3329883e+02   1.0281320e+05
   7.3228906e+02   9.4435508e+04
   7.3127930e+02   8.5637570e+04
   7.3026953e+02   7.8080383e+04
   7.2925977e+02   7.2342320e+04
   7.2824902e+02   6.6299562e+04
   7.2723828e+02   6.3071602e+04
   7.2622754e+02   6.0082254e+04
   7.2521680e+02   5.7101418e+04
   7.2420508e+02   5.5063629e+04
   7.2319336e+02   5.2987035e+04
   7.2218262e+02   5.2072770e+04
   7.2117090e+02   5.0914211e+04
   7.2015820e+02   5.0013008e+04
   7.1914648e+02   4.9354199e+04
   7.1813379e+02   4.8562270e+04
   7.1712207e+02   4.8661996e+04
   7.1610938e+02   4.7658172e+04
   7.1509570e+02   4.7743211e+04
   7.1408301e+02   4.7808477e+04
   7.1306934e+02   4.7974875e+04
   7.1205664e+02   4.7911789e+04
   7.1104297e+02   4.7653875e+04
   7.1002930e+02   4.7701836e+04
   7.0901465e+02   4.7217223e+04
   7.0800098e+02   4.7245523e+04
   7.0698633e+02   4.6803066e+04
   7.0597168e+02   4.6148855e+04
   7.0495703e+02   4.6182254e+04
   7.0394238e+02   4.5747621e+04
   7.0292676e+02   4.5653012e+04
   7.0191211e+02   4.5679090e+04
   7.0089648e+02   4.5618992e+04
   6.9988086e+02   4.5150312e+04
   6.9886523e+02   4.5370883e+04
   6.9784863e+02   4.5537234e+04
   6.9683301e+02   4.5351734e+04
   6.9581641e+02   4.5550000e+04
   6.9479980e+02   4.5261273e+04
   6.9378320e+02   4.6253652e+04
   6.9276562e+02   4.5795277e+04
   6.9174902e+02   4.5794223e+04
   6.9073145e+02   4.6692566e+04
   6.8971387e+02   4.6826477e+04
   6.8869629e+02   4.7766055e+04
   6.8767773e+02   4.7926730e+04
   6.8666016e+02   4.8661945e+04
   6.8564160e+02   4.8738914e+04
   6.8462305e+02   4.9139871e+04
   6.8360449e+02   4.9194633e+04
   6.8258594e+02   4.9089879e+04
   6.8156641e+02   4.8769270e+04
   6.8054785e+02   4.8792176e+04
   6.7952832e+02   4.8076898e+04
   6.7850879e+02   4.7690445e+04
   6.7748926e+02   4.7877781e+04
   6.7646875e+02   4.7491500e+04
   6.7544824e+02   4.7296504e+04
   6.7442871e+02   4.6937422e+04
   6.7340820e+02   4.7176191e+04
   6.7238672e+02   4.6971559e+04
   6.7136621e+02   4.7251859e+04
   6.7034473e+02   4.6665344e+04
   6.6932422e+02   4.6546590e+04
   6.6830273e+02   4.6462141e+04
   6.6728027e+02   4.6164832e+04
   6.6625879e+02   4.6467031e+04
   6.6523633e+02   4.6023062e+04
   6.6421484e+02   4.6449898e+04
   6.6319238e+02   4.6277508e+04
   6.6216992e+02   4.6154070e+04
   6.6114648e+02   4.6507312e+04
   6.6012402e+02   4.6102836e+04
   6.5910059e+02   4.6385094e+04
   6.5807715e+02   4.6234848e+04
   6.5705371e+02   4.6795418e+04
   6.5603027e+02   4.7199484e+04
   6.5500586e+02   4.6770828e+04
   6.5398145e+02   4.6779285e+04
   6.5295703e+02   4.7053770e+04
   6.5193262e+02   4.7633184e+04
   6.5090820e+02   4.7497523e+04
   6.4988379e+02   4.8035164e+04
   6.4885840e+02   4.7858016e+04
   6.4783301e+02   4.7746770e+04
   6.4680762e+02   4.7572172e+04
   6.4578223e+02   4.7287949e+04
   6.4475586e+02   4.7457125e+04
   6.4373047e+02   4.7567754e+04
   6.4270410e+02   4.7222781e+04
   6.4167773e+02   4.7584289e+04
   6.4065137e+02   4.8052812e+04
   6.3962402e+02   4.8107242e+04
   6.3859766e+02   4.8602273e+04
   6.3757031e+02   4.9087379e+04
   6.3654297e+02   4.9338695e+04
   6.3551562e+02   4.9721293e+04
   6.3448730e+02   5.0281332e+04
   6.3345996e+02   5.1660781e+04
   6.3243164e+02   5.1819020e+04
   6.3140332e+02   5.2808680e+04
   6.3037500e+02   5.2512086e+04
   6.2934570e+02   5.3484230e+04
   6.2831738e+02   5.3141453e+04
   6.2728809e+02   5.3449883e+04
   6.2625879e+02   5.3401137e+04
   6.2522949e+02   5.2725844e+04
   6.2420020e+02   5.2028949e+04
   6.2316992e+02   5.2099438e+04
   6.2214062e+02   5.1165047e+04
   6.2111035e+02   5.1017258e+04
   6.2007910e+02   4.9966945e+04
   6.1904883e+02   4.9525902e+04
   6.1801855e+02   4.8995281e+04
   6.1698730e+02   4.8190836e+04
   6.1595605e+02   4.7684898e+04
   6.1492480e+02   4.6902805e+04
   6.1389355e+02   4.6547551e+04
   6.1286133e+02   4.6143965e+04
   6.1183008e+02   4.5231758e+04
   6.1079785e+02   4.5114387e+04
   6.0976562e+02   4.4621676e+04
   6.0873242e+02   4.4489926e+04
   6.0770020e+02   4.4372746e+04
   6.0666699e+02   4.3563359e+04
   6.0563379e+02   4.3591594e+04
   6.0460059e+02   4.3506098e+04
   6.0356738e+02   4.3459332e+04
   6.0253418e+02   4.3156207e+04
   6.0150000e+02   4.3056320e+04
   6.0046582e+02   4.3268363e+04
   5.9943164e+02   4.3112891e+04
   5.9839746e+02   4.3112152e+04
   5.9736328e+02   4.2995426e+04
   5.9632812e+02   4.3444082e+04
   5.9529297e+02   4.2948094e+04
   5.9425781e+02   4.3116434e+04
   5.9322266e+02   4.2874223e+04
   5.9218750e+02   4.3059414e+04
   5.9115137e+02   4.3254184e+04
   5.9011523e+02   4.3111023e+04
   5.8907910e+02   4.3303297e+04
   5.8804297e+02   4.3027492e+04
   5.8700684e+02   4.3026750e+04
   5.8596973e+02   4.2931957e+04
   5.8493262e+02   4.2887828e+04
   5.8389551e+02   4.2732828e+04
   5.8285840e+02   4.3091246e+04
   5.8182129e+02   4.2827824e+04
   5.8078320e+02   4.2841562e+04
   5.7974512e+02   4.3004641e+04
   5.7870703e+02   4.3155613e+04
   5.7766895e+02   4.3566586e+04
   5.7663086e+02   4.3556094e+04
   5.7559180e+02   4.3805562e+04
   5.7455371e+02   4.4117512e+04
   5.7351465e+02   4.3844645e+04
   5.7247559e+02   4.4365762e+04
   5.7143555e+02   4.5047828e+04
   5.7039648e+02   4.4647484e+04
   5.6935645e+02   4.5100832e+04
   5.6831641e+02   4.5484293e+04
   5.6727637e+02   4.5793105e+04
   5.6623633e+02   4.6041723e+04
   5.6519531e+02   4.6018758e+04
   5.6415430e+02   4.5757988e+04
   5.6311328e+02   4.6030484e+04
   5.6207227e+02   4.6276465e+04
   5.6103125e+02   4.6534355e+04
   5.5998926e+02   4.7101789e+04
   5.5894824e+02   4.7359426e+04
   5.5790625e+02   4.7247449e+04
   5.5686426e+02   4.7353820e+04
   5.5582129e+02   4.7544102e+04
   5.5477930e+02   4.7477711e+04
   5.5373633e+02   4.7332219e+04
   5.5269336e+02   4.7596703e+04
   5.5165039e+02   4.7432062e+04
   5.5060742e+02   4.6994305e+04
   5.4956348e+02   4.6729207e+04
   5.4852051e+02   4.6641469e+04
   5.4747656e+02   4.6187328e+04
   5.4643262e+02   4.6087746e+04
   5.4538770e+02   4.5686543e+04
   5.4434375e+02   4.5847996e+04
   5.4329883e+02   4.5492453e+04
   5.4225391e+02   4.5409812e+04
   5.4120898e+02   4.5403758e+04
   5.4016406e+02   4.5072406e+04
   5.3911816e+02   4.4970754e+04
   5.3807324e+02   4.5301906e+04
   5.3702734e+02   4.4705402e+04
   5.3598145e+02   4.4742496e+04
   5.3493457e+02   4.4433070e+04
   5.3388867e+02   4.4305340e+04
   5.3284180e+02   4.3991332e+04
   5.3179492e+02   4.3424277e+04
   5.3074805e+02   4.3623938e+04
   5.2970117e+02   4.3374684e+04
   5.2865332e+02   4.3065848e+04
   5.2760645e+02   4.3453992e+04
   5.2655859e+02   4.3154797e+04
   5.2551074e+02   4.3483137e+04
   5.2446289e+02   4.3777957e+04
   5.2341406e+02   4.3657719e+04
   5.2236523e+02   4.4064457e+04
   5.2131641e+02   4.4189742e+04
   5.2026758e+02   4.3940781e+04
   5.1921875e+02   4.3930211e+04
   5.1816992e+02   4.3052398e+04
   5.1712012e+02   4.3554145e+04
   5.1607031e+02   4.3145910e+04
   5.1502051e+02   4.3009281e+04
   5.1397070e+02   4.3263148e+04
   5.1291992e+02   4.3497875e+04
   5.1187012e+02   4.3080430e+04
   5.1081934e+02   4.3522105e+04
   5.0976855e+02   4.3913660e+04
   5.0871680e+02   4.3931637e+04
   5.0766602e+02   4.3466848e+04
   5.0661426e+02   4.3394543e+04
   5.0556250e+02   4.3407844e+04
   5.0451074e+02   4.3456789e+04
   5.0345898e+02   4.3391652e+04
   5.0240625e+02   4.2666039e+04
   5.0135449e+02   4.2893246e+04
   5.0030176e+02   4.3084742e+04
   4.9924902e+02   4.3368773e+04
   4.9819531e+02   4.3251469e+04
   4.9714258e+02   4.3070121e+04
   4.9608887e+02   4.3057336e+04
   4.9503516e+02   4.3580801e+04
   4.9398145e+02   4.3072102e+04
   4.9292773e+02   4.3794602e+04
   4.9187305e+02   4.3072621e+04
   4.9081934e+02   4.3308789e+04
   4.8976465e+02   4.3800891e+04
   4.8870996e+02   4.3328168e+04
   4.8765430e+02   4.3606805e+04
   4.8659961e+02   4.3252754e+04
   4.8554395e+02   4.4059539e+04
   4.8448828e+02   4.3527902e+04
   4.8343262e+02   4.3645270e+04
   4.8237695e+02   4.3594500e+04
   4.8132031e+02   4.3586355e+04
   4.8026367e+02   4.3987629e+04
   4.7920703e+02   4.4227852e+04
   4.7815039e+02   4.3907312e+04
   4.7709375e+02   4.4691469e+04
   4.7603613e+02   4.4160488e+04
   4.7497949e+02   4.4497434e+04
   4.7392188e+02   4.4025785e+04
   4.7286426e+02   4.4636785e+04
   4.7180566e+02   4.3898258e+04
   4.7074805e+02   4.3755383e+04
   4.6968945e+02   4.4307031e+04
   4.6863086e+02   4.3897250e+04
   4.6757227e+02   4.3839453e+04
   4.6651270e+02   4.4442711e+04
   4.6545410e+02   4.4262086e+04
   4.6439453e+02   4.4190086e+04
   4.6333496e+02   4.4349344e+04
   4.6227539e+02   4.4277352e+04
   4.6121582e+02   4.4370488e+04
   4.6015527e+02   4.4694688e+04
   4.5909473e+02   4.4634453e+04
   4.5803418e+02   4.5135273e+04
   4.5697363e+02   4.5386082e+04
   4.5591309e+02   4.5280973e+04
   4.5485156e+02   4.5310191e+04
   4.5379004e+02   4.5106195e+04
   4.5272852e+02   4.5170758e+04
   4.5166699e+02   4.5774512e+04
   4.5060547e+02   4.5688250e+04
   4.4954297e+02   4.5507867e+04
   4.4848047e+02   4.5506402e+04
   4.4741797e+02   4.5399059e+04
   4.4635547e+02   4.5501117e+04
   4.4529297e+02   4.5657234e+04
   4.4422949e+02   4.6095480e+04
   4.4316602e+02   4.5607211e+04
   4.4210254e+02   4.5826684e+04
   4.4103906e+02   4.5540766e+04
   4.3997461e+02   4.5988094e+04
   4.3891113e+02   4.6214410e+04
   4.3784668e+02   4.6118836e+04
   4.3678223e+02   4.6436633e+04
   4.3571680e+02   4.6437316e+04
   4.3465234e+02   4.6750234e+04
   4.3358691e+02   4.7194469e+04
   4.3252148e+02   4.7185621e+04
   4.3145605e+02   4.7108730e+04
   4.3039062e+02   4.7074090e+04
   4.2932520e+02   4.7191914e+04
   4.2825879e+02   4.6596820e+04
   4.2719238e+02   4.6860043e+04
   4.2612598e+02   4.6616844e+04
   4.2505957e+02   4.5815945e+04
   4.2399219e+02   4.6557172e+04
   4.2292480e+02   4.6267305e+04
   4.2185742e+02   4.6727090e+04
   4.2079004e+02   4.6001699e+04
   4.1972266e+02   4.6311504e+04
   4.1865430e+02   4.6436246e+04
   4.1758691e+02   4.6523496e+04
   4.1651855e+02   4.6414133e+04
   4.1544922e+02   4.6192508e+04
   4.1438086e+02   4.6820109e+04
   4.1331250e+02   4.6547035e+04
   4.1224316e+02   4.6482172e+04
   4.1117383e+02   4.6812441e+04
   4.1010449e+02   4.6906500e+04
   4.0903418e+02   4.7049598e+04
   4.0796484e+02   4.7122539e+04
   4.0689453e+02   4.6947820e+04
   4.0582422e+02   4.7291695e+04
   4.0475391e+02   4.7044609e+04
   4.0368262e+02   4.7231895e+04
   4.0261133e+02   4.7108633e+04
   4.0154102e+02   4.7407867e+04
