   2.0012861e+03   8.5742930e+03
   2.0004980e+03   8.7202656e+03
   1.9997109e+03   8.5855557e+03
   1.9989229e+03   8.8252168e+03
   1.9981338e+03   8.9157266e+03
   1.9973457e+03   8.7905645e+03
   1.9965576e+03   8.8651953e+03
   1.9957686e+03   8.8985898e+03
   1.9949805e+03   8.8812588e+03
   1.9941914e+03   8.8734404e+03
   1.9934023e+03   8.6469941e+03
   1.9926133e+03   9.0764053e+03
   1.9918242e+03   8.7486396e+03
   1.9910342e+03   8.7186787e+03
   1.9902451e+03   8.7963857e+03
   1.9894551e+03   8.8867314e+03
   1.9886650e+03   8.9327305e+03
   1.9878750e+03   9.1242979e+03
   1.9870850e+03   8.7588779e+03
   1.9862949e+03   9.1497285e+03
   1.9855049e+03   9.1387129e+03
   1.9847148e+03   8.9126338e+03
   1.9839238e+03   8.9996895e+03
   1.9831328e+03   8.9539248e+03
   1.9823428e+03   9.0314600e+03
   1.9815518e+03   8.8339941e+03
   1.9807598e+03   9.0063262e+03
   1.9799688e+03   8.8910781e+03
   1.9791777e+03   9.0191162e+03
   1.9783857e+03   9.1250020e+03
   1.9775947e+03   8.9087344e+03
   1.9768027e+03   9.1219561e+03
   1.9760107e+03   9.1456895e+03
   1.9752188e+03   9.1788838e+03
   1.9744268e+03   8.9848418e+03
   1.9736348e+03   9.2263057e+03
   1.9728418e+03   9.0386299e+03
   1.9720488e+03   8.9834971e+03
   1.9712568e+03   9.1554561e+03
   1.9704639e+03   9.1192412e+03
   1.9696709e+03   9.2564395e+03
   1.9688779e+03   9.1445664e+03
   1.9680850e+03   9.2943203e+03
   1.9672910e+03   9.1005469e+03
   1.9664980e+03   9.1809434e+03
   1.9657041e+03   9.5101709e+03
   1.9649102e+03   9.0770898e+03
   1.9641162e+03   9.3212002e+03
   1.9633223e+03   9.4865146e+03
   1.9625283e+03   9.3621582e+03
   1.9617344e+03   9.1402705e+03
   1.9609395e+03   9.2425928e+03
   1.9601445e+03   9.3731982e+03
   1.9593506e+03   9.3433184e+03
   1.9585557e+03   9.3732109e+03
   1.9577607e+03   9.2741543e+03
   1.9569658e+03   9.3857998e+03
   1.9561699e+03   9.2238965e+03
   1.9553750e+03   9.4266680e+03
   1.9545791e+03   9.4125205e+03
   1.9537842e+03   9.4140898e+03
   1.9529883e+03   9.3339727e+03
   1.9521924e+03   9.4988945e+03
   1.9513965e+03   9.3811025e+03
   1.9505996e+03   9.6056221e+03
   1.9498037e+03   9.5663408e+03
   1.9490068e+03   9.5647402e+03
   1.9482109e+03   9.7828389e+03
   1.9474141e+03   9.5709551e+03
   1.9466172e+03   9.5881787e+03
   1.9458203e+03   9.6869580e+03
   1.9450234e+03   9.5849717e+03
   1.9442256e+03   9.5833682e+03
   1.9434287e+03   9.3873701e+03
   1.9426309e+03   9.7369043e+03
   1.9418340e+03   9.6193047e+03
   1.9410361e+03   9.5644199e+03
   1.9402383e+03   9.5158193e+03
   1.9394395e+03   9.6301396e+03
   1.9386416e+03   9.6097344e+03
   1.9378438e+03   9.5862031e+03
   1.9370449e+03   9.7129775e+03
   1.9362461e+03   9.7176133e+03
   1.9354482e+03   9.5813896e+03
   1.9346494e+03   9.5203223e+03
   1.9338496e+03   9.7002168e+03
   1.9330508e+03   9.7705488e+03
   1.9322520e+03   9.6625596e+03
   1.9314521e+03   9.5639873e+03
   1.9306533e+03   9.5029727e+03
   1.9298535e+03   9.8671797e+03
   1.9290537e+03   9.8905342e+03
   1.9282539e+03   9.8732500e+03
   1.9274531e+03   9.7153506e+03
   1.9266533e+03   9.8074551e+03
   1.9258535e+03   9.7183428e+03
   1.9250527e+03   9.7198379e+03
   1.9242520e+03   9.8025254e+03
   1.9234512e+03   9.8133721e+03
   1.9226504e+03   9.8835283e+03
   1.9218496e+03   9.6852334e+03
   1.9210488e+03   9.8334043e+03
   1.9202471e+03   9.7287900e+03
   1.9194463e+03   9.7583555e+03
   1.9186445e+03   9.7130518e+03
   1.9178428e+03   9.7426094e+03
   1.9170410e+03   9.8501094e+03
   1.9162393e+03   9.6115215e+03
   1.9154375e+03   9.8904453e+03
   1.9146348e+03   9.9168359e+03
   1.9138330e+03   9.8216924e+03
   1.9130303e+03   9.8885859e+03
   1.9122275e+03   9.8838125e+03
   1.9114248e+03   9.6641426e+03
   1.9106221e+03   9.7528262e+03
   1.9098193e+03   1.0053190e+04
   1.9090156e+03   9.9020850e+03
   1.9082129e+03   9.8692998e+03
   1.9074092e+03   9.8240781e+03
   1.9066055e+03   1.0130450e+04
   1.9058018e+03   9.9234375e+03
   1.9049980e+03   9.9528750e+03
   1.9041943e+03   9.9263271e+03
   1.9033906e+03   1.0027266e+04
   1.9025859e+03   1.0016256e+04
   1.9017822e+03   9.8187588e+03
   1.9009775e+03   9.9880322e+03
   1.9001729e+03   1.0091998e+04
   1.8993682e+03   1.0143116e+04
   1.8985635e+03   1.0076186e+04
   1.8977578e+03   1.0003065e+04
   1.8969531e+03   1.0110062e+04
   1.8961475e+03   9.9500332e+03
   1.8953428e+03   1.0165644e+04
   1.8945371e+03   1.0018071e+04
   1.8937314e+03   1.0025698e+04
   1.8929258e+03   1.0024014e+04
   1.8921191e+03   1.0084368e+04
   1.8913135e+03   1.0172615e+04
   1.8905068e+03   1.0189512e+04
   1.8897012e+03   1.0076187e+04
   1.8888945e+03   1.0223285e+04
   1.8880879e+03   1.0326944e+04
   1.8872812e+03   1.0315913e+04
   1.8864736e+03   1.0431914e+04
   1.8856670e+03   1.0250490e+04
   1.8848594e+03   1.0264254e+04
   1.8840527e+03   1.0237755e+04
   1.8832451e+03   1.0248418e+04
   1.8824375e+03   1.0401479e+04
   1.8816299e+03   1.0244973e+04
   1.8808223e+03   1.0172073e+04
   1.8800137e+03   1.0182739e+04
   1.8792061e+03   1.0363550e+04
   1.8783975e+03   1.0470064e+04
   1.8775889e+03   1.0452841e+04
   1.8767803e+03   1.0645881e+04
   1.8759717e+03   1.0260742e+04
   1.8751631e+03   1.0382656e+04
   1.8743545e+03   1.0408724e+04
   1.8735449e+03   1.0465682e+04
   1.8727363e+03   1.0534979e+04
   1.8719268e+03   1.0344782e+04
   1.8711172e+03   1.0528345e+04
   1.8703076e+03   1.0501870e+04
   1.8694980e+03   1.0416744e+04
   1.8686875e+03   1.0171131e+04
   1.8678779e+03   1.0329908e+04
   1.8670674e+03   1.0584290e+04
   1.8662578e+03   1.0477609e+04
   1.8654473e+03   1.0389473e+04
   1.8646367e+03   1.0326038e+04
   1.8638252e+03   1.0666593e+04
   1.8630146e+03   1.0510637e+04
   1.8622041e+03   1.0570521e+04
   1.8613926e+03   1.0833807e+04
   1.8605811e+03   1.0597777e+04
   1.8597705e+03   1.0503560e+04
   1.8589590e+03   1.0464823e+04
   1.8581465e+03   1.0940474e+04
   1.8573350e+03   1.0673788e+04
   1.8565234e+03   1.0333294e+04
   1.8557109e+03   1.0682506e+04
   1.8548984e+03   1.0474479e+04
   1.8540869e+03   1.0641978e+04
   1.8532744e+03   1.0827880e+04
   1.8524609e+03   1.0881432e+04
   1.8516484e+03   1.0562775e+04
   1.8508359e+03   1.0816256e+04
   1.8500225e+03   1.0485418e+04
   1.8492100e+03   1.0791089e+04
   1.8483965e+03   1.0810787e+04
   1.8475830e+03   1.0904238e+04
   1.8467695e+03   1.0770269e+04
   1.8459551e+03   1.0839116e+04
   1.8451416e+03   1.0981663e+04
   1.8443271e+03   1.0792464e+04
   1.8435137e+03   1.0925757e+04
   1.8426992e+03   1.0699787e+04
   1.8418848e+03   1.0885235e+04
   1.8410703e+03   1.1030722e+04
   1.8402559e+03   1.0924525e+04
   1.8394404e+03   1.0806093e+04
   1.8386260e+03   1.0923908e+04
   1.8378105e+03   1.0845387e+04
   1.8369951e+03   1.1141019e+04
   1.8361797e+03   1.0985834e+04
   1.8353643e+03   1.0999309e+04
   1.8345488e+03   1.0988257e+04
   1.8337334e+03   1.1194792e+04
   1.8329170e+03   1.0831348e+04
   1.8321016e+03   1.1062347e+04
   1.8312852e+03   1.0781746e+04
   1.8304688e+03   1.1006550e+04
   1.8296523e+03   1.0980196e+04
   1.8288359e+03   1.1042633e+04
   1.8280186e+03   1.1028525e+04
   1.8272021e+03   1.1299040e+04
   1.8263848e+03   1.0877927e+04
   1.8255674e+03   1.0946455e+04
   1.8247500e+03   1.1128139e+04
   1.8239326e+03   1.1086501e+04
   1.8231152e+03   1.0986777e+04
   1.8222979e+03   1.1177532e+04
   1.8214795e+03   1.1233724e+04
   1.8206621e+03   1.1305177e+04
   1.8198438e+03   1.1171869e+04
   1.8190254e+03   1.1166927e+04
   1.8182070e+03   1.1250572e+04
   1.8173887e+03   1.1321973e+04
   1.8165703e+03   1.1280361e+04
   1.8157510e+03   1.1144115e+04
   1.8149326e+03   1.1316233e+04
   1.8141133e+03   1.1134244e+04
   1.8132939e+03   1.1156775e+04
   1.8124746e+03   1.1316599e+04
   1.8116553e+03   1.1082840e+04
   1.8108350e+03   1.1361574e+04
   1.8100156e+03   1.1393199e+04
   1.8091953e+03   1.1302850e+04
   1.8083760e+03   1.1441172e+04
   1.8075557e+03   1.1055186e+04
   1.8067354e+03   1.1281880e+04
   1.8059141e+03   1.1246455e+04
   1.8050938e+03   1.1442573e+04
   1.8042734e+03   1.1248742e+04
   1.8034521e+03   1.1344294e+04
   1.8026309e+03   1.1394139e+04
   1.8018096e+03   1.1474411e+04
   1.8009883e+03   1.1399416e+04
   1.8001670e+03   1.1394443e+04
   1.7993457e+03   1.1343830e+04
   1.7985234e+03   1.1369292e+04
   1.7977021e+03   1.1571171e+04
   1.7968799e+03   1.1401939e+04
   1.7960576e+03   1.1345275e+04
   1.7952354e+03   1.1458887e+04
   1.7944131e+03   1.1466066e+04
   1.7935908e+03   1.1597854e+04
   1.7927676e+03   1.1638433e+04
   1.7919453e+03   1.1551392e+04
   1.7911221e+03   1.1801566e+04
   1.7902988e+03   1.1638597e+04
   1.7894756e+03   1.1533378e+04
   1.7886523e+03   1.1640728e+04
   1.7878291e+03   1.1623577e+04
   1.7870049e+03   1.1700522e+04
   1.7861816e+03   1.1549844e+04
   1.7853574e+03   1.1736003e+04
   1.7845332e+03   1.1770418e+04
   1.7837090e+03   1.1683498e+04
   1.7828848e+03   1.1705779e+04
   1.7820596e+03   1.1725021e+04
   1.7812354e+03   1.1601771e+04
   1.7804102e+03   1.1654364e+04
   1.7795859e+03   1.1640267e+04
   1.7787607e+03   1.1604964e+04
   1.7779355e+03   1.2054394e+04
   1.7771104e+03   1.1807002e+04
   1.7762842e+03   1.1829229e+04
   1.7754590e+03   1.1809056e+04
   1.7746328e+03   1.1722284e+04
   1.7738076e+03   1.1965479e+04
   1.7729814e+03   1.1981609e+04
   1.7721553e+03   1.1925111e+04
   1.7713281e+03   1.1723412e+04
   1.7705020e+03   1.2096510e+04
   1.7696758e+03   1.2015825e+04
   1.7688486e+03   1.2216386e+04
   1.7680215e+03   1.2020819e+04
   1.7671943e+03   1.2085282e+04
   1.7663672e+03   1.2046965e+04
   1.7655400e+03   1.1890809e+04
   1.7647129e+03   1.2100282e+04
   1.7638848e+03   1.1971356e+04
   1.7630576e+03   1.2126379e+04
   1.7622295e+03   1.2151499e+04
   1.7614014e+03   1.2067917e+04
   1.7605732e+03   1.2168506e+04
   1.7597451e+03   1.2293206e+04
   1.7589170e+03   1.2058756e+04
   1.7580879e+03   1.2258861e+04
   1.7572598e+03   1.2042596e+04
   1.7564307e+03   1.2296926e+04
   1.7556016e+03   1.2243571e+04
   1.7547725e+03   1.2226417e+04
   1.7539434e+03   1.2025375e+04
   1.7531133e+03   1.2092658e+04
   1.7522842e+03   1.2045400e+04
   1.7514541e+03   1.2178944e+04
   1.7506240e+03   1.2210014e+04
   1.7497949e+03   1.2256133e+04
   1.7489639e+03   1.2220924e+04
   1.7481338e+03   1.2378434e+04
   1.7473037e+03   1.2325151e+04
   1.7464727e+03   1.2437438e+04
   1.7456426e+03   1.2456393e+04
   1.7448115e+03   1.2367015e+04
   1.7439805e+03   1.2461185e+04
   1.7431494e+03   1.2299644e+04
   1.7423184e+03   1.2450935e+04
   1.7414863e+03   1.2412735e+04
   1.7406553e+03   1.2449709e+04
   1.7398232e+03   1.2396492e+04
   1.7389922e+03   1.2697933e+04
   1.7381602e+03   1.2527499e+04
   1.7373281e+03   1.2561422e+04
   1.7364951e+03   1.2403083e+04
   1.7356631e+03   1.2629231e+04
   1.7348301e+03   1.2720173e+04
   1.7339980e+03   1.2549877e+04
   1.7331650e+03   1.2817909e+04
   1.7323320e+03   1.2464572e+04
   1.7314990e+03   1.2636501e+04
   1.7306660e+03   1.2628351e+04
   1.7298320e+03   1.2497210e+04
   1.7289990e+03   1.2896990e+04
   1.7281650e+03   1.2771846e+04
   1.7273311e+03   1.2811648e+04
   1.7264971e+03   1.2476716e+04
   1.7256631e+03   1.2942165e+04
   1.7248291e+03   1.2601330e+04
   1.7239941e+03   1.2491321e+04
   1.7231602e+03   1.2764802e+04
   1.7223252e+03   1.2702725e+04
   1.7214902e+03   1.2871261e+04
   1.7206553e+03   1.2779243e+04
   1.7198203e+03   1.2854904e+04
   1.7189854e+03   1.2879654e+04
   1.7181504e+03   1.2949285e+04
   1.7173145e+03   1.2979994e+04
   1.7164785e+03   1.2828201e+04
   1.7156426e+03   1.3077271e+04
   1.7148066e+03   1.2925513e+04
   1.7139707e+03   1.3144581e+04
   1.7131348e+03   1.2855339e+04
   1.7122988e+03   1.3029506e+04
   1.7114619e+03   1.3164762e+04
   1.7106250e+03   1.3057936e+04
   1.7097881e+03   1.3109487e+04
   1.7089512e+03   1.3053486e+04
   1.7081143e+03   1.3024383e+04
   1.7072773e+03   1.3019178e+04
   1.7064395e+03   1.3237889e+04
   1.7056025e+03   1.3143097e+04
   1.7047646e+03   1.3412448e+04
   1.7039268e+03   1.3171440e+04
   1.7030889e+03   1.3025987e+04
   1.7022510e+03   1.3507012e+04
   1.7014121e+03   1.3289970e+04
   1.7005742e+03   1.3284722e+04
   1.6997354e+03   1.3198976e+04
   1.6988975e+03   1.3324906e+04
   1.6980586e+03   1.3418009e+04
   1.6972197e+03   1.3379961e+04
   1.6963799e+03   1.3395555e+04
   1.6955410e+03   1.3426038e+04
   1.6947012e+03   1.3283763e+04
   1.6938623e+03   1.3388701e+04
   1.6930225e+03   1.3520400e+04
   1.6921826e+03   1.3360318e+04
   1.6913428e+03   1.3462212e+04
   1.6905029e+03   1.3284338e+04
   1.6896621e+03   1.3549854e+04
   1.6888223e+03   1.3532668e+04
   1.6879814e+03   1.3298358e+04
   1.6871406e+03   1.3542918e+04
   1.6862998e+03   1.3686301e+04
   1.6854590e+03   1.3591807e+04
   1.6846182e+03   1.3440870e+04
   1.6837764e+03   1.3613912e+04
   1.6829355e+03   1.3590789e+04
   1.6820938e+03   1.3659768e+04
   1.6812520e+03   1.3903970e+04
   1.6804102e+03   1.3776864e+04
   1.6795684e+03   1.3878437e+04
   1.6787266e+03   1.3692002e+04
   1.6778838e+03   1.3576869e+04
   1.6770420e+03   1.3639841e+04
   1.6761992e+03   1.3720594e+04
   1.6753564e+03   1.3816153e+04
   1.6745137e+03   1.3709974e+04
   1.6736709e+03   1.3947856e+04
   1.6728271e+03   1.3755698e+04
   1.6719844e+03   1.4064644e+04
   1.6711406e+03   1.3786568e+04
   1.6702979e+03   1.4181349e+04
   1.6694541e+03   1.3775930e+04
   1.6686104e+03   1.4108359e+04
   1.6677656e+03   1.3996347e+04
   1.6669219e+03   1.4088729e+04
   1.6660771e+03   1.4068553e+04
   1.6652334e+03   1.4249709e+04
   1.6643887e+03   1.4356799e+04
   1.6635439e+03   1.3969588e+04
   1.6626992e+03   1.4153626e+04
   1.6618545e+03   1.4464822e+04
   1.6610088e+03   1.4287818e+04
   1.6601641e+03   1.4317908e+04
   1.6593184e+03   1.4146902e+04
   1.6584727e+03   1.4330750e+04
   1.6576270e+03   1.4411070e+04
   1.6567812e+03   1.4370182e+04
   1.6559355e+03   1.4497747e+04
   1.6550889e+03   1.4282536e+04
   1.6542432e+03   1.4466200e+04
   1.6533965e+03   1.4714779e+04
   1.6525498e+03   1.4304735e+04
   1.6517031e+03   1.4683170e+04
   1.6508564e+03   1.4536005e+04
   1.6500088e+03   1.4394794e+04
   1.6491621e+03   1.4519225e+04
   1.6483145e+03   1.4711477e+04
   1.6474678e+03   1.4835810e+04
   1.6466201e+03   1.4889312e+04
   1.6457715e+03   1.4945742e+04
   1.6449238e+03   1.4642433e+04
   1.6440762e+03   1.5026117e+04
   1.6432275e+03   1.5032387e+04
   1.6423799e+03   1.4991501e+04
   1.6415312e+03   1.4879912e+04
   1.6406826e+03   1.4962797e+04
   1.6398340e+03   1.5254785e+04
   1.6389854e+03   1.5084307e+04
   1.6381357e+03   1.5120000e+04
   1.6372871e+03   1.4967267e+04
   1.6364375e+03   1.5135424e+04
   1.6355879e+03   1.5209348e+04
   1.6347383e+03   1.5442140e+04
   1.6338887e+03   1.5327698e+04
   1.6330381e+03   1.5104461e+04
   1.6321885e+03   1.5043053e+04
   1.6313379e+03   1.5187497e+04
   1.6304883e+03   1.5211354e+04
   1.6296377e+03   1.4920679e+04
   1.6287871e+03   1.5100336e+04
   1.6279355e+03   1.5138885e+04
   1.6270850e+03   1.5009957e+04
   1.6262344e+03   1.5180692e+04
   1.6253828e+03   1.5060611e+04
   1.6245312e+03   1.5207787e+04
   1.6236797e+03   1.5005535e+04
   1.6228281e+03   1.5299439e+04
   1.6219766e+03   1.5352578e+04
   1.6211240e+03   1.5235502e+04
   1.6202725e+03   1.5033382e+04
   1.6194199e+03   1.5098271e+04
   1.6185674e+03   1.5148473e+04
   1.6177148e+03   1.5227981e+04
   1.6168623e+03   1.5304529e+04
   1.6160098e+03   1.5269657e+04
   1.6151562e+03   1.5498577e+04
   1.6143037e+03   1.5009472e+04
   1.6134502e+03   1.5314534e+04
   1.6125967e+03   1.5165436e+04
   1.6117432e+03   1.5025175e+04
   1.6108896e+03   1.5385714e+04
   1.6100361e+03   1.5394784e+04
   1.6091816e+03   1.5321884e+04
   1.6083271e+03   1.5395352e+04
   1.6074736e+03   1.5492204e+04
   1.6066191e+03   1.5410545e+04
   1.6057637e+03   1.5639002e+04
   1.6049092e+03   1.5630466e+04
   1.6040547e+03   1.5461093e+04
   1.6031992e+03   1.5616325e+04
   1.6023447e+03   1.5619488e+04
   1.6014893e+03   1.5175454e+04
   1.6006338e+03   1.5286818e+04
   1.5997783e+03   1.5234521e+04
   1.5989219e+03   1.5386733e+04
   1.5980664e+03   1.5419140e+04
   1.5972100e+03   1.5177021e+04
   1.5963535e+03   1.5352523e+04
   1.5954971e+03   1.5568835e+04
   1.5946406e+03   1.5598266e+04
   1.5937842e+03   1.5560564e+04
   1.5929277e+03   1.5703780e+04
   1.5920703e+03   1.5826525e+04
   1.5912139e+03   1.5529204e+04
   1.5903564e+03   1.5646104e+04
   1.5894990e+03   1.5838773e+04
   1.5886416e+03   1.5809812e+04
   1.5877842e+03   1.5958663e+04
   1.5869258e+03   1.6119120e+04
   1.5860684e+03   1.5755034e+04
   1.5852100e+03   1.5737757e+04
   1.5843516e+03   1.5906906e+04
   1.5834932e+03   1.5831361e+04
   1.5826348e+03   1.6195526e+04
   1.5817754e+03   1.5936544e+04
   1.5809170e+03   1.5945444e+04
   1.5800576e+03   1.5773902e+04
   1.5791992e+03   1.6181471e+04
   1.5783398e+03   1.5791747e+04
   1.5774795e+03   1.6143904e+04
   1.5766201e+03   1.5911369e+04
   1.5757607e+03   1.5818487e+04
   1.5749004e+03   1.6083236e+04
   1.5740410e+03   1.6138604e+04
   1.5731807e+03   1.6164888e+04
   1.5723203e+03   1.6127234e+04
   1.5714600e+03   1.6043109e+04
   1.5705986e+03   1.6144919e+04
   1.5697383e+03   1.6165373e+04
   1.5688770e+03   1.6180012e+04
   1.5680166e+03   1.6119158e+04
   1.5671553e+03   1.6008978e+04
   1.5662939e+03   1.6244209e+04
   1.5654316e+03   1.6351679e+04
   1.5645703e+03   1.6227007e+04
   1.5637090e+03   1.6537498e+04
   1.5628467e+03   1.6537549e+04
   1.5619844e+03   1.6465104e+04
   1.5611221e+03   1.6323099e+04
   1.5602598e+03   1.6604369e+04
   1.5593975e+03   1.6729031e+04
   1.5585342e+03   1.6702965e+04
   1.5576719e+03   1.6459609e+04
   1.5568086e+03   1.6676930e+04
   1.5559453e+03   1.6676951e+04
   1.5550820e+03   1.6737783e+04
   1.5542188e+03   1.6787012e+04
   1.5533545e+03   1.6700168e+04
   1.5524912e+03   1.6451271e+04
   1.5516270e+03   1.6778328e+04
   1.5507637e+03   1.6769648e+04
   1.5498994e+03   1.6943217e+04
   1.5490342e+03   1.7001033e+04
   1.5481699e+03   1.6645299e+04
   1.5473057e+03   1.7024080e+04
   1.5464404e+03   1.6766750e+04
   1.5455762e+03   1.6668477e+04
   1.5447109e+03   1.6645373e+04
   1.5438457e+03   1.6986328e+04
   1.5429795e+03   1.7003619e+04
   1.5421143e+03   1.6902482e+04
   1.5412490e+03   1.6919779e+04
   1.5403828e+03   1.6810027e+04
   1.5395166e+03   1.6847541e+04
   1.5386504e+03   1.6905244e+04
   1.5377842e+03   1.7000445e+04
   1.5369180e+03   1.6870555e+04
   1.5360518e+03   1.7023422e+04
   1.5351846e+03   1.7190658e+04
   1.5343174e+03   1.6931027e+04
   1.5334502e+03   1.6945404e+04
   1.5325830e+03   1.7354725e+04
   1.5317158e+03   1.7098080e+04
   1.5308486e+03   1.7167172e+04
   1.5299805e+03   1.7112342e+04
   1.5291133e+03   1.7181406e+04
   1.5282451e+03   1.7164037e+04
   1.5273770e+03   1.7071795e+04
   1.5265088e+03   1.7212812e+04
   1.5256406e+03   1.7221354e+04
   1.5247715e+03   1.7428498e+04
   1.5239033e+03   1.7301738e+04
   1.5230342e+03   1.7488654e+04
   1.5221650e+03   1.7413709e+04
   1.5212959e+03   1.7154701e+04
   1.5204268e+03   1.7355922e+04
   1.5195576e+03   1.7654838e+04
   1.5186875e+03   1.7441918e+04
   1.5178184e+03   1.7663104e+04
   1.5169482e+03   1.7412895e+04
   1.5160781e+03   1.7542061e+04
   1.5152080e+03   1.7530406e+04
   1.5143379e+03   1.7754295e+04
   1.5134668e+03   1.7685170e+04
   1.5125967e+03   1.7762510e+04
   1.5117256e+03   1.7834080e+04
   1.5108545e+03   1.7787939e+04
   1.5099834e+03   1.7727463e+04
   1.5091123e+03   1.7922385e+04
   1.5082412e+03   1.7925021e+04
   1.5073691e+03   1.7735473e+04
   1.5064980e+03   1.8176932e+04
   1.5056260e+03   1.7973064e+04
   1.5047539e+03   1.7961354e+04
   1.5038818e+03   1.8027039e+04
   1.5030098e+03   1.8218803e+04
   1.5021367e+03   1.7897584e+04
   1.5012646e+03   1.8097896e+04
   1.5003916e+03   1.8163510e+04
   1.4995186e+03   1.7876832e+04
   1.4986455e+03   1.8151492e+04
   1.4977725e+03   1.8408879e+04
   1.4968984e+03   1.8173830e+04
   1.4960254e+03   1.8187855e+04
   1.4951514e+03   1.7961508e+04
   1.4942783e+03   1.8069975e+04
   1.4934043e+03   1.8089729e+04
   1.4925293e+03   1.8289654e+04
   1.4916553e+03   1.8269328e+04
   1.4907812e+03   1.8420549e+04
   1.4899062e+03   1.8080053e+04
   1.4890312e+03   1.8214104e+04
   1.4881572e+03   1.8442406e+04
   1.4872822e+03   1.8224934e+04
   1.4864062e+03   1.8456010e+04
   1.4855312e+03   1.8498506e+04
   1.4846562e+03   1.8977885e+04
   1.4837803e+03   1.8646266e+04
   1.4829043e+03   1.8757215e+04
   1.4820283e+03   1.9082178e+04
   1.4811523e+03   1.8810635e+04
   1.4802764e+03   1.8524920e+04
   1.4793994e+03   1.8986676e+04
   1.4785234e+03   1.9043275e+04
   1.4776465e+03   1.9219621e+04
   1.4767695e+03   1.9173521e+04
   1.4758926e+03   1.9107482e+04
   1.4750156e+03   1.9258072e+04
   1.4741377e+03   1.9699270e+04
   1.4732607e+03   1.9610377e+04
   1.4723828e+03   1.9461695e+04
   1.4715049e+03   1.9495344e+04
   1.4706270e+03   1.9845066e+04
   1.4697490e+03   2.0223137e+04
   1.4688711e+03   2.0270865e+04
   1.4679922e+03   2.0460885e+04
   1.4671143e+03   2.0699213e+04
   1.4662354e+03   2.0598883e+04
   1.4653564e+03   2.0817191e+04
   1.4644775e+03   2.1006979e+04
   1.4635986e+03   2.1014707e+04
   1.4627188e+03   2.1460279e+04
   1.4618398e+03   2.1152385e+04
   1.4609600e+03   2.1313559e+04
   1.4600801e+03   2.1250182e+04
   1.4592002e+03   2.1519244e+04
   1.4583203e+03   2.1137693e+04
   1.4574404e+03   2.1085738e+04
   1.4565596e+03   2.1107631e+04
   1.4556787e+03   2.0936449e+04
   1.4547988e+03   2.1049201e+04
   1.4539180e+03   2.0980264e+04
   1.4530371e+03   2.0857432e+04
   1.4521553e+03   2.0870830e+04
   1.4512744e+03   2.0909754e+04
   1.4503926e+03   2.0942992e+04
   1.4495107e+03   2.0641596e+04
   1.4486299e+03   2.0422525e+04
   1.4477471e+03   2.0742141e+04
   1.4468652e+03   2.0489117e+04
   1.4459834e+03   2.0941797e+04
   1.4451006e+03   2.0830490e+04
   1.4442188e+03   2.0597408e+04
   1.4433359e+03   2.0607988e+04
   1.4424531e+03   2.0712014e+04
   1.4415703e+03   2.0487566e+04
   1.4406865e+03   2.0393416e+04
   1.4398037e+03   2.0664414e+04
   1.4389199e+03   2.0513666e+04
   1.4380361e+03   2.0504438e+04
   1.4371523e+03   2.0786586e+04
   1.4362686e+03   2.0401139e+04
   1.4353848e+03   2.0103486e+04
   1.4345010e+03   2.0345973e+04
   1.4336162e+03   2.0497912e+04
   1.4327314e+03   2.0319105e+04
   1.4318467e+03   2.0259051e+04
   1.4309619e+03   2.0331811e+04
   1.4300771e+03   2.0155951e+04
   1.4291924e+03   2.0293664e+04
   1.4283066e+03   2.0194115e+04
   1.4274219e+03   2.0105896e+04
   1.4265361e+03   2.0156031e+04
   1.4256504e+03   2.0302113e+04
   1.4247646e+03   2.0120791e+04
   1.4238779e+03   2.0405080e+04
   1.4229922e+03   2.0378959e+04
   1.4221055e+03   2.0287973e+04
   1.4212188e+03   2.0419799e+04
   1.4203320e+03   2.0701016e+04
   1.4194453e+03   2.0463428e+04
   1.4185586e+03   2.0671254e+04
   1.4176719e+03   2.0549293e+04
   1.4167842e+03   2.0838740e+04
   1.4158965e+03   2.0663266e+04
   1.4150088e+03   2.0690646e+04
   1.4141211e+03   2.0847559e+04
   1.4132334e+03   2.1297236e+04
   1.4123457e+03   2.1133062e+04
   1.4114570e+03   2.1033682e+04
   1.4105684e+03   2.1452135e+04
   1.4096807e+03   2.1214861e+04
   1.4087920e+03   2.1450281e+04
   1.4079023e+03   2.1232777e+04
   1.4070137e+03   2.1903996e+04
   1.4061250e+03   2.1959221e+04
   1.4052354e+03   2.1837322e+04
   1.4043457e+03   2.2176418e+04
   1.4034561e+03   2.2299008e+04
   1.4025664e+03   2.2092818e+04
   1.4016768e+03   2.2288420e+04
   1.4007861e+03   2.2635623e+04
   1.3998965e+03   2.2199203e+04
   1.3990059e+03   2.2113904e+04
   1.3981152e+03   2.2300939e+04
   1.3972246e+03   2.2145482e+04
   1.3963340e+03   2.2144424e+04
   1.3954424e+03   2.2205092e+04
   1.3945518e+03   2.2330260e+04
   1.3936602e+03   2.2051490e+04
   1.3927686e+03   2.2431832e+04
   1.3918770e+03   2.2531658e+04
   1.3909854e+03   2.2432410e+04
   1.3900938e+03   2.2481748e+04
   1.3892012e+03   2.2920596e+04
   1.3883086e+03   2.2950217e+04
   1.3874170e+03   2.2895783e+04
   1.3865244e+03   2.3090648e+04
   1.3856309e+03   2.3179029e+04
   1.3847383e+03   2.3188979e+04
   1.3838457e+03   2.3806402e+04
   1.3829521e+03   2.3852625e+04
   1.3820586e+03   2.3985582e+04
   1.3811650e+03   2.4398287e+04
   1.3802715e+03   2.4223377e+04
   1.3793779e+03   2.4112859e+04
   1.3784844e+03   2.4371516e+04
   1.3775898e+03   2.4112818e+04
   1.3766953e+03   2.4748779e+04
   1.3758008e+03   2.4367123e+04
   1.3749062e+03   2.4455084e+04
   1.3740117e+03   2.4294342e+04
   1.3731172e+03   2.4245396e+04
   1.3722217e+03   2.3998158e+04
   1.3713262e+03   2.4228541e+04
   1.3704307e+03   2.4196383e+04
   1.3695352e+03   2.3901822e+04
   1.3686396e+03   2.3705055e+04
   1.3677441e+03   2.3731605e+04
   1.3668477e+03   2.3601896e+04
   1.3659521e+03   2.3843258e+04
   1.3650557e+03   2.3627109e+04
   1.3641592e+03   2.3413824e+04
   1.3632627e+03   2.3479432e+04
   1.3623652e+03   2.3221643e+04
   1.3614688e+03   2.3351365e+04
   1.3605713e+03   2.3333346e+04
   1.3596738e+03   2.3440711e+04
   1.3587773e+03   2.3603754e+04
   1.3578789e+03   2.3574555e+04
   1.3569814e+03   2.3556504e+04
   1.3560840e+03   2.3577438e+04
   1.3551855e+03   2.3935205e+04
   1.3542871e+03   2.3972766e+04
   1.3533887e+03   2.4358164e+04
   1.3524902e+03   2.4595963e+04
   1.3515918e+03   2.4602783e+04
   1.3506934e+03   2.5057400e+04
   1.3497939e+03   2.5472926e+04
   1.3488945e+03   2.5688115e+04
   1.3479951e+03   2.5939367e+04
   1.3470957e+03   2.5954279e+04
   1.3461963e+03   2.6177605e+04
   1.3452969e+03   2.6475869e+04
   1.3443965e+03   2.6929596e+04
   1.3434971e+03   2.6838773e+04
   1.3425967e+03   2.7317268e+04
   1.3416963e+03   2.7270832e+04
   1.3407949e+03   2.7204980e+04
   1.3398945e+03   2.7519398e+04
   1.3389941e+03   2.7525674e+04
   1.3380928e+03   2.7917609e+04
   1.3371914e+03   2.7754594e+04
   1.3362900e+03   2.7200557e+04
   1.3353887e+03   2.7581248e+04
   1.3344873e+03   2.7601365e+04
   1.3335850e+03   2.7227832e+04
   1.3326836e+03   2.7364410e+04
   1.3317812e+03   2.7129605e+04
   1.3308789e+03   2.7069434e+04
   1.3299766e+03   2.7172723e+04
   1.3290732e+03   2.6749730e+04
   1.3281709e+03   2.6808730e+04
   1.3272676e+03   2.6579760e+04
   1.3263652e+03   2.6600010e+04
   1.3254619e+03   2.6614717e+04
   1.3245576e+03   2.6590676e+04
   1.3236543e+03   2.6389566e+04
   1.3227510e+03   2.6443027e+04
   1.3218467e+03   2.6067768e+04
   1.3209424e+03   2.6049365e+04
   1.3200391e+03   2.5840193e+04
   1.3191338e+03   2.5799721e+04
   1.3182295e+03   2.5695691e+04
   1.3173252e+03   2.5630385e+04
   1.3164199e+03   2.5418668e+04
   1.3155156e+03   2.5378293e+04
   1.3146104e+03   2.5423551e+04
   1.3137051e+03   2.5305865e+04
   1.3127988e+03   2.5235158e+04
   1.3118936e+03   2.5015408e+04
   1.3109873e+03   2.4983414e+04
   1.3100820e+03   2.4772062e+04
   1.3091758e+03   2.4911178e+04
   1.3082695e+03   2.4470953e+04
   1.3073633e+03   2.4712119e+04
   1.3064561e+03   2.4517506e+04
   1.3055498e+03   2.4620723e+04
   1.3046426e+03   2.4462025e+04
   1.3037354e+03   2.4581752e+04
   1.3028281e+03   2.4671121e+04
   1.3019209e+03   2.4534537e+04
   1.3010137e+03   2.4623883e+04
   1.3001055e+03   2.4652604e+04
   1.2991982e+03   2.4392176e+04
   1.2982900e+03   2.4440197e+04
   1.2973818e+03   2.4562525e+04
   1.2964736e+03   2.4968289e+04
   1.2955645e+03   2.4507107e+04
   1.2946562e+03   2.4698137e+04
   1.2937471e+03   2.4415963e+04
   1.2928379e+03   2.4367662e+04
   1.2919287e+03   2.4500867e+04
   1.2910195e+03   2.4719252e+04
   1.2901104e+03   2.4714902e+04
   1.2892012e+03   2.4498930e+04
   1.2882910e+03   2.4876574e+04
   1.2873809e+03   2.4446350e+04
   1.2864707e+03   2.4593127e+04
   1.2855605e+03   2.4668445e+04
   1.2846504e+03   2.5010094e+04
   1.2837393e+03   2.4816254e+04
   1.2828291e+03   2.5113832e+04
   1.2819180e+03   2.5485406e+04
   1.2810068e+03   2.5516592e+04
   1.2800957e+03   2.5646531e+04
   1.2791846e+03   2.5779168e+04
   1.2782725e+03   2.5876104e+04
   1.2773613e+03   2.6036070e+04
   1.2764492e+03   2.6130184e+04
   1.2755371e+03   2.5972078e+04
   1.2746250e+03   2.6019574e+04
   1.2737129e+03   2.6341068e+04
   1.2727998e+03   2.6078898e+04
   1.2718877e+03   2.6071564e+04
   1.2709746e+03   2.6242248e+04
   1.2700615e+03   2.6185598e+04
   1.2691484e+03   2.5874357e+04
   1.2682354e+03   2.5708299e+04
   1.2673213e+03   2.5651768e+04
   1.2664082e+03   2.5691027e+04
   1.2654941e+03   2.5295279e+04
   1.2645801e+03   2.5490498e+04
   1.2636660e+03   2.5455920e+04
   1.2627520e+03   2.5109637e+04
   1.2618369e+03   2.5422340e+04
   1.2609229e+03   2.5420590e+04
   1.2600078e+03   2.5405176e+04
   1.2590928e+03   2.5045479e+04
   1.2581777e+03   2.5434463e+04
   1.2572627e+03   2.5074885e+04
   1.2563467e+03   2.5193355e+04
   1.2554316e+03   2.5167068e+04
   1.2545156e+03   2.4881436e+04
   1.2535996e+03   2.5412035e+04
   1.2526836e+03   2.5503068e+04
   1.2517676e+03   2.5203883e+04
   1.2508516e+03   2.5229443e+04
   1.2499346e+03   2.5418652e+04
   1.2490176e+03   2.5419619e+04
   1.2481006e+03   2.5349693e+04
   1.2471836e+03   2.5617836e+04
   1.2462666e+03   2.5566977e+04
   1.2453496e+03   2.5679646e+04
   1.2444316e+03   2.5369943e+04
   1.2435146e+03   2.5806791e+04
   1.2425967e+03   2.5497172e+04
   1.2416787e+03   2.5612494e+04
   1.2407598e+03   2.5893865e+04
   1.2398418e+03   2.5516334e+04
   1.2389229e+03   2.5748627e+04
   1.2380049e+03   2.6027100e+04
   1.2370859e+03   2.5595324e+04
   1.2361670e+03   2.5933572e+04
   1.2352480e+03   2.6168344e+04
   1.2343281e+03   2.5864582e+04
   1.2334092e+03   2.6558783e+04
   1.2324893e+03   2.6064764e+04
   1.2315693e+03   2.6193340e+04
   1.2306494e+03   2.6085445e+04
   1.2297295e+03   2.6254725e+04
   1.2288096e+03   2.5845316e+04
   1.2278887e+03   2.6530631e+04
   1.2269678e+03   2.6069721e+04
   1.2260469e+03   2.6502244e+04
   1.2251260e+03   2.6285816e+04
   1.2242051e+03   2.6221457e+04
   1.2232842e+03   2.6740561e+04
   1.2223623e+03   2.6326139e+04
   1.2214414e+03   2.6381162e+04
   1.2205195e+03   2.5896430e+04
   1.2195977e+03   2.6483012e+04
   1.2186758e+03   2.6245156e+04
   1.2177529e+03   2.6451955e+04
   1.2168311e+03   2.6276525e+04
   1.2159082e+03   2.6572668e+04
   1.2149854e+03   2.6511070e+04
   1.2140625e+03   2.6519922e+04
   1.2131396e+03   2.6455645e+04
   1.2122158e+03   2.6832779e+04
   1.2112930e+03   2.6402961e+04
   1.2103691e+03   2.6598604e+04
   1.2094453e+03   2.6794174e+04
   1.2085215e+03   2.6935555e+04
   1.2075977e+03   2.6600711e+04
   1.2066738e+03   2.6755600e+04
   1.2057490e+03   2.6921248e+04
   1.2048242e+03   2.6840768e+04
   1.2038994e+03   2.6852234e+04
   1.2029746e+03   2.6860994e+04
   1.2020498e+03   2.7177852e+04
   1.2011250e+03   2.6994695e+04
   1.2001992e+03   2.6817004e+04
   1.1992744e+03   2.6890588e+04
   1.1983486e+03   2.6896627e+04
   1.1974229e+03   2.6980971e+04
   1.1964961e+03   2.7124678e+04
   1.1955703e+03   2.6747367e+04
   1.1946436e+03   2.7066484e+04
   1.1937178e+03   2.7029309e+04
   1.1927910e+03   2.7067684e+04
   1.1918643e+03   2.6563867e+04
   1.1909365e+03   2.6715580e+04
   1.1900098e+03   2.6662307e+04
   1.1890830e+03   2.6711500e+04
   1.1881553e+03   2.6803801e+04
   1.1872275e+03   2.6518768e+04
   1.1862998e+03   2.6850879e+04
   1.1853721e+03   2.6819178e+04
   1.1844434e+03   2.6784791e+04
   1.1835156e+03   2.6656158e+04
   1.1825869e+03   2.6662201e+04
   1.1816582e+03   2.6813615e+04
   1.1807295e+03   2.6693117e+04
   1.1798008e+03   2.6876762e+04
   1.1788711e+03   2.6772438e+04
   1.1779424e+03   2.6678910e+04
   1.1770127e+03   2.6623070e+04
   1.1760830e+03   2.6650617e+04
   1.1751533e+03   2.6799146e+04
   1.1742227e+03   2.7211078e+04
   1.1732930e+03   2.6832641e+04
   1.1723623e+03   2.6927309e+04
   1.1714326e+03   2.7196590e+04
   1.1705020e+03   2.7645764e+04
   1.1695713e+03   2.6773301e+04
   1.1686396e+03   2.6951156e+04
   1.1677090e+03   2.6884615e+04
   1.1667773e+03   2.7177820e+04
   1.1658457e+03   2.7057580e+04
   1.1649141e+03   2.6964217e+04
   1.1639824e+03   2.7353838e+04
   1.1630508e+03   2.7314105e+04
   1.1621191e+03   2.6987398e+04
   1.1611865e+03   2.7041600e+04
   1.1602539e+03   2.7412158e+04
   1.1593213e+03   2.7300059e+04
   1.1583887e+03   2.7070070e+04
   1.1574561e+03   2.7365389e+04
   1.1565225e+03   2.7422148e+04
   1.1555889e+03   2.7366377e+04
   1.1546562e+03   2.7739152e+04
   1.1537227e+03   2.7656564e+04
   1.1527881e+03   2.7643615e+04
   1.1518545e+03   2.7700270e+04
   1.1509209e+03   2.7946924e+04
   1.1499863e+03   2.7773371e+04
   1.1490518e+03   2.7661416e+04
   1.1481172e+03   2.7932018e+04
   1.1471826e+03   2.7745184e+04
   1.1462480e+03   2.7700139e+04
   1.1453125e+03   2.7930482e+04
   1.1443770e+03   2.8315781e+04
   1.1434414e+03   2.8094264e+04
   1.1425059e+03   2.7910234e+04
   1.1415703e+03   2.7958701e+04
   1.1406348e+03   2.7996463e+04
   1.1396982e+03   2.8010176e+04
   1.1387617e+03   2.8229488e+04
   1.1378262e+03   2.8181748e+04
   1.1368896e+03   2.8355572e+04
   1.1359521e+03   2.8449271e+04
   1.1350156e+03   2.8249420e+04
   1.1340781e+03   2.8399125e+04
   1.1331416e+03   2.8228691e+04
   1.1322041e+03   2.8338342e+04
   1.1312666e+03   2.8197309e+04
   1.1303281e+03   2.8221611e+04
   1.1293906e+03   2.8392506e+04
   1.1284521e+03   2.7873105e+04
   1.1275137e+03   2.8334432e+04
   1.1265762e+03   2.8076301e+04
   1.1256367e+03   2.8068635e+04
   1.1246982e+03   2.8116896e+04
   1.1237598e+03   2.8194428e+04
   1.1228203e+03   2.8381078e+04
   1.1218809e+03   2.8237613e+04
   1.1209414e+03   2.8919168e+04
   1.1200020e+03   2.8600049e+04
   1.1190625e+03   2.8046941e+04
   1.1181221e+03   2.8334518e+04
   1.1171826e+03   2.8584758e+04
   1.1162422e+03   2.8438744e+04
   1.1153018e+03   2.8619760e+04
   1.1143613e+03   2.8362158e+04
   1.1134199e+03   2.8519201e+04
   1.1124795e+03   2.8721357e+04
   1.1115381e+03   2.8519656e+04
   1.1105967e+03   2.8270221e+04
   1.1096553e+03   2.8209412e+04
   1.1087139e+03   2.8260137e+04
   1.1077725e+03   2.8586914e+04
   1.1068301e+03   2.8319061e+04
   1.1058877e+03   2.8319314e+04
   1.1049453e+03   2.8237322e+04
   1.1040029e+03   2.8569170e+04
   1.1030605e+03   2.8503072e+04
   1.1021182e+03   2.8657088e+04
   1.1011748e+03   2.8487598e+04
   1.1002314e+03   2.8524924e+04
   1.0992881e+03   2.8472127e+04
   1.0983447e+03   2.8467045e+04
   1.0974014e+03   2.8446066e+04
   1.0964580e+03   2.8335033e+04
   1.0955137e+03   2.8703398e+04
   1.0945693e+03   2.8618834e+04
   1.0936250e+03   2.8849348e+04
   1.0926807e+03   2.8423324e+04
   1.0917363e+03   2.8966076e+04
   1.0907910e+03   2.8802141e+04
   1.0898467e+03   2.8609160e+04
   1.0889014e+03   2.8604049e+04
   1.0879561e+03   2.8908359e+04
   1.0870107e+03   2.8726037e+04
   1.0860645e+03   2.9291938e+04
   1.0851191e+03   2.9225910e+04
   1.0841729e+03   2.9144049e+04
   1.0832266e+03   2.9099205e+04
   1.0822803e+03   2.9263078e+04
   1.0813340e+03   2.8671477e+04
   1.0803877e+03   2.8938357e+04
   1.0794404e+03   2.9508785e+04
   1.0784932e+03   2.8943852e+04
   1.0775459e+03   2.9244850e+04
   1.0765986e+03   2.9250176e+04
   1.0756514e+03   2.9511434e+04
   1.0747041e+03   2.9300391e+04
   1.0737559e+03   2.9361088e+04
   1.0728076e+03   2.9672285e+04
   1.0718594e+03   2.9606336e+04
   1.0709111e+03   2.9366424e+04
   1.0699629e+03   2.9514039e+04
   1.0690137e+03   2.9732750e+04
   1.0680654e+03   2.9785393e+04
   1.0671162e+03   2.9632547e+04
   1.0661670e+03   2.9619342e+04
   1.0652178e+03   2.9924770e+04
   1.0642676e+03   2.9511326e+04
   1.0633184e+03   2.9864045e+04
   1.0623682e+03   2.9261262e+04
   1.0614180e+03   2.9611264e+04
   1.0604678e+03   2.9500725e+04
   1.0595176e+03   2.9595402e+04
   1.0585674e+03   2.9661113e+04
   1.0576162e+03   2.9632135e+04
   1.0566650e+03   2.9479602e+04
   1.0557139e+03   2.9437521e+04
   1.0547627e+03   2.9608334e+04
   1.0538115e+03   2.9476904e+04
   1.0528604e+03   2.9957650e+04
   1.0519082e+03   2.9726387e+04
   1.0509561e+03   2.9862879e+04
   1.0500039e+03   2.9857527e+04
   1.0490518e+03   2.9458385e+04
   1.0480996e+03   2.9894076e+04
   1.0471465e+03   2.9767998e+04
   1.0461943e+03   2.9977822e+04
   1.0452412e+03   3.0095750e+04
   1.0442881e+03   3.0006420e+04
   1.0433350e+03   3.0226574e+04
   1.0423809e+03   2.9940602e+04
   1.0414277e+03   3.0063689e+04
   1.0404736e+03   2.9835508e+04
   1.0395195e+03   3.0168215e+04
   1.0385654e+03   3.0388135e+04
   1.0376113e+03   3.0414121e+04
   1.0366572e+03   3.0639154e+04
   1.0357021e+03   2.9740680e+04
   1.0347471e+03   3.0379432e+04
   1.0337920e+03   3.0373982e+04
   1.0328369e+03   3.0418262e+04
   1.0318818e+03   3.0554113e+04
   1.0309268e+03   3.0522469e+04
   1.0299707e+03   3.0650402e+04
   1.0290146e+03   3.1016291e+04
   1.0280586e+03   3.0879979e+04
   1.0271025e+03   3.0840447e+04
   1.0261465e+03   3.0743422e+04
   1.0251895e+03   3.0630748e+04
   1.0242324e+03   3.0936205e+04
   1.0232764e+03   3.0786959e+04
   1.0223184e+03   3.0945996e+04
   1.0213613e+03   3.1303461e+04
   1.0204043e+03   3.1384010e+04
   1.0194463e+03   3.1052033e+04
   1.0184893e+03   3.1179580e+04
   1.0175312e+03   3.1202688e+04
   1.0165732e+03   3.1215348e+04
   1.0156143e+03   3.1225395e+04
   1.0146562e+03   3.1344986e+04
   1.0136973e+03   3.1553205e+04
   1.0127383e+03   3.1185102e+04
   1.0117793e+03   3.1367199e+04
   1.0108203e+03   3.1106125e+04
   1.0098613e+03   3.1580047e+04
   1.0089014e+03   3.1227830e+04
   1.0079424e+03   3.1782316e+04
   1.0069824e+03   3.1359861e+04
   1.0060225e+03   3.1497453e+04
   1.0050625e+03   3.1340777e+04
   1.0041016e+03   3.1496543e+04
   1.0031416e+03   3.1751156e+04
   1.0021807e+03   3.1316068e+04
   1.0012197e+03   3.1463945e+04
   1.0002588e+03   3.1403658e+04
   9.9929785e+02   3.1109311e+04
   9.9833594e+02   3.1629002e+04
   9.9737500e+02   3.1490715e+04
   9.9641309e+02   3.1370672e+04
   9.9545117e+02   3.1799066e+04
   9.9448926e+02   3.1372379e+04
   9.9352637e+02   3.1847381e+04
   9.9256445e+02   3.1945555e+04
   9.9160156e+02   3.1404793e+04
   9.9063867e+02   3.2037926e+04
   9.8967578e+02   3.2097064e+04
   9.8871289e+02   3.1849883e+04
   9.8774902e+02   3.2077725e+04
   9.8678613e+02   3.1745004e+04
   9.8582227e+02   3.1824902e+04
   9.8485840e+02   3.1845111e+04
   9.8389453e+02   3.2181709e+04
   9.8293066e+02   3.2183693e+04
   9.8196582e+02   3.1833098e+04
   9.8100195e+02   3.2374279e+04
   9.8003711e+02   3.2244055e+04
   9.7907227e+02   3.2080191e+04
   9.7810742e+02   3.2035553e+04
   9.7714160e+02   3.2205912e+04
   9.7617676e+02   3.1990346e+04
   9.7521094e+02   3.2271984e+04
   9.7424512e+02   3.2056480e+04
   9.7327930e+02   3.2206002e+04
   9.7231348e+02   3.2026814e+04
   9.7134668e+02   3.2207332e+04
   9.7038086e+02   3.2222221e+04
   9.6941406e+02   3.2061229e+04
   9.6844727e+02   3.2448514e+04
   9.6748047e+02   3.2540912e+04
   9.6651367e+02   3.2736678e+04
   9.6554590e+02   3.2596377e+04
   9.6457812e+02   3.2469049e+04
   9.6361133e+02   3.2672467e+04
   9.6264258e+02   3.2565832e+04
   9.6167480e+02   3.2725250e+04
   9.6070703e+02   3.2856207e+04
   9.5973828e+02   3.2690209e+04
   9.5877051e+02   3.2790145e+04
   9.5780176e+02   3.2748098e+04
   9.5683301e+02   3.2737029e+04
   9.5586328e+02   3.2635666e+04
   9.5489453e+02   3.2400209e+04
   9.5392480e+02   3.2224150e+04
   9.5295508e+02   3.2205441e+04
   9.5198535e+02   3.2029479e+04
   9.5101562e+02   3.2286609e+04
   9.5004590e+02   3.2169967e+04
   9.4907520e+02   3.2094590e+04
   9.4810449e+02   3.2209875e+04
   9.4713477e+02   3.2147395e+04
   9.4616309e+02   3.1984500e+04
   9.4519238e+02   3.2037945e+04
   9.4422168e+02   3.2194340e+04
   9.4325000e+02   3.2049539e+04
   9.4227832e+02   3.2398877e+04
   9.4130664e+02   3.2200057e+04
   9.4033496e+02   3.2237971e+04
   9.3936328e+02   3.2108691e+04
   9.3839062e+02   3.2187750e+04
   9.3741895e+02   3.2318201e+04
   9.3644629e+02   3.2325215e+04
   9.3547363e+02   3.2715174e+04
   9.3450000e+02   3.2621893e+04
   9.3352734e+02   3.2654535e+04
   9.3255371e+02   3.2556158e+04
   9.3158105e+02   3.2555410e+04
   9.3060742e+02   3.2726703e+04
   9.2963379e+02   3.2992926e+04
   9.2865918e+02   3.2838082e+04
   9.2768555e+02   3.2744885e+04
   9.2671094e+02   3.2918582e+04
   9.2573633e+02   3.2981895e+04
   9.2476172e+02   3.3088793e+04
   9.2378711e+02   3.2710947e+04
   9.2281250e+02   3.3274258e+04
   9.2183691e+02   3.3270805e+04
   9.2086133e+02   3.2918758e+04
   9.1988574e+02   3.2833359e+04
   9.1891016e+02   3.2911973e+04
   9.1793457e+02   3.3003363e+04
   9.1695801e+02   3.3235594e+04
   9.1598242e+02   3.2855695e+04
   9.1500586e+02   3.2601391e+04
   9.1402930e+02   3.2841242e+04
   9.1305273e+02   3.2940238e+04
   9.1207520e+02   3.2686051e+04
   9.1109863e+02   3.2605936e+04
   9.1012109e+02   3.2725379e+04
   9.0914355e+02   3.2640168e+04
   9.0816602e+02   3.2641928e+04
   9.0718848e+02   3.2830324e+04
   9.0620996e+02   3.2857609e+04
   9.0523145e+02   3.2700869e+04
   9.0425391e+02   3.2723055e+04
   9.0327539e+02   3.2663477e+04
   9.0229590e+02   3.2821039e+04
   9.0131738e+02   3.3044945e+04
   9.0033789e+02   3.2737650e+04
   8.9935938e+02   3.2892555e+04
   8.9837988e+02   3.2690053e+04
   8.9740039e+02   3.2704545e+04
   8.9641992e+02   3.2609312e+04
   8.9544043e+02   3.2825352e+04
   8.9445996e+02   3.2661260e+04
   8.9347949e+02   3.2734395e+04
   8.9249902e+02   3.2435240e+04
   8.9151855e+02   3.2623105e+04
   8.9053809e+02   3.2818547e+04
   8.8955664e+02   3.2784562e+04
   8.8857520e+02   3.2821934e+04
   8.8759375e+02   3.2726820e+04
   8.8661230e+02   3.2942473e+04
   8.8563086e+02   3.2735322e+04
   8.8464844e+02   3.2454412e+04
   8.8366699e+02   3.2700537e+04
   8.8268457e+02   3.2852402e+04
   8.8170215e+02   3.2981309e+04
   8.8071973e+02   3.2776875e+04
   8.7973633e+02   3.2564887e+04
   8.7875391e+02   3.2838738e+04
   8.7777051e+02   3.2520012e+04
   8.7678711e+02   3.2694615e+04
   8.7580371e+02   3.2642928e+04
   8.7482031e+02   3.3140203e+04
   8.7383594e+02   3.2511652e+04
   8.7285156e+02   3.2673422e+04
   8.7186816e+02   3.2891016e+04
   8.7088379e+02   3.2641242e+04
   8.6989844e+02   3.2863836e+04
   8.6891406e+02   3.3126965e+04
   8.6792871e+02   3.2598080e+04
   8.6694434e+02   3.2797715e+04
   8.6595898e+02   3.2999816e+04
   8.6497266e+02   3.3107977e+04
   8.6398730e+02   3.3160297e+04
   8.6300195e+02   3.2832215e+04
   8.6201562e+02   3.2980910e+04
   8.6102930e+02   3.3088992e+04
   8.6004297e+02   3.3088047e+04
   8.5905664e+02   3.3132715e+04
   8.5806934e+02   3.2888535e+04
   8.5708301e+02   3.2885090e+04
   8.5609570e+02   3.3284340e+04
   8.5510840e+02   3.3475801e+04
   8.5412109e+02   3.2932984e+04
   8.5313379e+02   3.3352254e+04
   8.5214551e+02   3.3422113e+04
   8.5115723e+02   3.3231320e+04
   8.5016895e+02   3.3273344e+04
   8.4918066e+02   3.3330531e+04
   8.4819238e+02   3.3516672e+04
   8.4720410e+02   3.3434719e+04
   8.4621484e+02   3.3529758e+04
   8.4522559e+02   3.3420027e+04
   8.4423633e+02   3.3550414e+04
   8.4324707e+02   3.3465980e+04
   8.4225781e+02   3.3219898e+04
   8.4126758e+02   3.2941070e+04
   8.4027734e+02   3.3563879e+04
   8.3928711e+02   3.3489598e+04
   8.3829688e+02   3.3422918e+04
   8.3730664e+02   3.3545555e+04
   8.3631543e+02   3.3733754e+04
   8.3532520e+02   3.3462699e+04
   8.3433398e+02   3.3441469e+04
   8.3334277e+02   3.3437902e+04
   8.3235156e+02   3.3426770e+04
   8.3135938e+02   3.3327398e+04
   8.3036816e+02   3.3255793e+04
   8.2937598e+02   3.3617691e+04
   8.2838379e+02   3.3210922e+04
   8.2739160e+02   3.3338395e+04
   8.2639941e+02   3.3536352e+04
   8.2540625e+02   3.3331285e+04
   8.2441309e+02   3.3390680e+04
   8.2341992e+02   3.3570891e+04
   8.2242676e+02   3.3313066e+04
   8.2143359e+02   3.3724750e+04
   8.2044043e+02   3.3449379e+04
   8.1944629e+02   3.3569066e+04
   8.1845215e+02   3.3437184e+04
   8.1745801e+02   3.3783156e+04
   8.1646387e+02   3.3502938e+04
   8.1546973e+02   3.3700449e+04
   8.1447461e+02   3.3588742e+04
   8.1347949e+02   3.3590156e+04
   8.1248535e+02   3.3594082e+04
   8.1148926e+02   3.3170961e+04
   8.1049414e+02   3.3554199e+04
   8.0949902e+02   3.3264328e+04
   8.0850293e+02   3.3617281e+04
   8.0750684e+02   3.3505719e+04
   8.0651074e+02   3.3434355e+04
   8.0551465e+02   3.3415707e+04
   8.0451758e+02   3.3387031e+04
   8.0352148e+02   3.3564047e+04
   8.0252441e+02   3.3357293e+04
   8.0152734e+02   3.3403859e+04
   8.0053027e+02   3.3701105e+04
   7.9953320e+02   3.3527016e+04
   7.9853516e+02   3.3200121e+04
   7.9753711e+02   3.3246680e+04
   7.9653906e+02   3.3724098e+04
   7.9554102e+02   3.3532594e+04
   7.9454297e+02   3.3796926e+04
   7.9354492e+02   3.3728160e+04
   7.9254590e+02   3.3661922e+04
   7.9154688e+02   3.3810949e+04
   7.9054785e+02   3.3722195e+04
   7.8954883e+02   3.3801102e+04
   7.8854980e+02   3.4272707e+04
   7.8754980e+02   3.3923805e+04
   7.8654980e+02   3.3657551e+04
   7.8554980e+02   3.3636398e+04
   7.8454980e+02   3.3747734e+04
   7.8354980e+02   3.3186746e+04
   7.8254883e+02   3.3488027e+04
   7.8154883e+02   3.3389469e+04
   7.8054785e+02   3.3635645e+04
   7.7954688e+02   3.3719402e+04
   7.7854492e+02   3.3730715e+04
   7.7754395e+02   3.3639668e+04
   7.7654199e+02   3.3663469e+04
   7.7554004e+02   3.3460164e+04
   7.7453809e+02   3.3823316e+04
   7.7353613e+02   3.3662465e+04
   7.7253418e+02   3.3865820e+04
   7.7153125e+02   3.3897031e+04
   7.7052832e+02   3.3651477e+04
   7.6952539e+02   3.3438418e+04
   7.6852246e+02   3.3664086e+04
   7.6751953e+02   3.4265949e+04
   7.6651562e+02   3.3885965e+04
   7.6551270e+02   3.3932074e+04
   7.6450879e+02   3.4090238e+04
   7.6350488e+02   3.3966965e+04
   7.6250000e+02   3.3808883e+04
   7.6149609e+02   3.3996848e+04
   7.6049121e+02   3.3831348e+04
   7.5948730e+02   3.4153602e+04
   7.5848145e+02   3.4112516e+04
   7.5747656e+02   3.4123684e+04
   7.5647168e+02   3.4443215e+04
   7.5546582e+02   3.4237992e+04
   7.5445996e+02   3.4186977e+04
   7.5345508e+02   3.4272676e+04
   7.5244824e+02   3.4492539e+04
   7.5144238e+02   3.5017926e+04
   7.5043555e+02   3.5354320e+04
   7.4942969e+02   3.5285750e+04
   7.4842285e+02   3.5621973e+04
   7.4741602e+02   3.5982895e+04
   7.4640820e+02   3.6706102e+04
   7.4540137e+02   3.7290059e+04
   7.4439355e+02   3.8124426e+04
   7.4338574e+02   3.9226426e+04
   7.4237793e+02   4.1017598e+04
   7.4137012e+02   4.3567008e+04
   7.4036230e+02   4.5832809e+04
   7.3935352e+02   4.9240660e+04
   7.3834473e+02   5.1702879e+04
   7.3733594e+02   5.4848184e+04
   7.3632715e+02   5.6864945e+04
   7.3531836e+02   5.7607621e+04
   7.3430859e+02   5.7012512e+04
   7.3329883e+02   5.5659840e+04
   7.3228906e+02   5.3436121e+04
   7.3127930e+02   5.0619098e+04
   7.3026953e+02   4.7619949e+04
   7.2925977e+02   4.4993090e+04
   7.2824902e+02   4.2275648e+04
   7.2723828e+02   4.0009414e+04
   7.2622754e+02   3.8528027e+04
   7.2521680e+02   3.7697520e+04
   7.2420508e+02   3.6862371e+04
   7.2319336e+02   3.5758090e+04
   7.2218262e+02   3.5281957e+04
   7.2117090e+02   3.5124750e+04
   7.2015820e+02   3.5306059e+04
   7.1914648e+02   3.4519039e+04
   7.1813379e+02   3.4337359e+04
   7.1712207e+02   3.4427348e+04
   7.1610938e+02   3.4724676e+04
   7.1509570e+02   3.4232055e+04
   7.1408301e+02   3.4178879e+04
   7.1306934e+02   3.3822238e+04
   7.1205664e+02   3.4124383e+04
   7.1104297e+02   3.3718551e+04
   7.1002930e+02   3.3843051e+04
   7.0901465e+02   3.3597676e+04
   7.0800098e+02   3.3589039e+04
   7.0698633e+02   3.3718418e+04
   7.0597168e+02   3.4037488e+04
   7.0495703e+02   3.3629648e+04
   7.0394238e+02   3.3431332e+04
   7.0292676e+02   3.3774902e+04
   7.0191211e+02   3.3635727e+04
   7.0089648e+02   3.3878195e+04
   6.9988086e+02   3.3665203e+04
   6.9886523e+02   3.3668855e+04
   6.9784863e+02   3.3679887e+04
   6.9683301e+02   3.4168172e+04
   6.9581641e+02   3.3967574e+04
   6.9479980e+02   3.4214621e+04
   6.9378320e+02   3.4314051e+04
   6.9276562e+02   3.4433113e+04
   6.9174902e+02   3.4596367e+04
   6.9073145e+02   3.4518734e+04
   6.8971387e+02   3.4694195e+04
   6.8869629e+02   3.4648508e+04
   6.8767773e+02   3.4639676e+04
   6.8666016e+02   3.4697141e+04
   6.8564160e+02   3.4590098e+04
   6.8462305e+02   3.4475723e+04
   6.8360449e+02   3.4103699e+04
   6.8258594e+02   3.4202930e+04
   6.8156641e+02   3.3625012e+04
   6.8054785e+02   3.3731652e+04
   6.7952832e+02   3.3796559e+04
   6.7850879e+02   3.3780527e+04
   6.7748926e+02   3.3757145e+04
   6.7646875e+02   3.3848969e+04
   6.7544824e+02   3.3558461e+04
   6.7442871e+02   3.3613535e+04
   6.7340820e+02   3.3342773e+04
   6.7238672e+02   3.3561961e+04
   6.7136621e+02   3.3663523e+04
   6.7034473e+02   3.3321895e+04
   6.6932422e+02   3.3815125e+04
   6.6830273e+02   3.3522543e+04
   6.6728027e+02   3.3587324e+04
   6.6625879e+02   3.3818445e+04
   6.6523633e+02   3.3685016e+04
   6.6421484e+02   3.3363320e+04
   6.6319238e+02   3.3442750e+04
   6.6216992e+02   3.3808180e+04
   6.6114648e+02   3.3755504e+04
   6.6012402e+02   3.3619758e+04
   6.5910059e+02   3.3838348e+04
   6.5807715e+02   3.4056855e+04
   6.5705371e+02   3.3676871e+04
   6.5603027e+02   3.3985680e+04
   6.5500586e+02   3.4069750e+04
   6.5398145e+02   3.4146461e+04
   6.5295703e+02   3.4303684e+04
   6.5193262e+02   3.4097258e+04
   6.5090820e+02   3.4464250e+04
   6.4988379e+02   3.4857938e+04
   6.4885840e+02   3.4539328e+04
   6.4783301e+02   3.4881645e+04
   6.4680762e+02   3.4597277e+04
   6.4578223e+02   3.4924832e+04
   6.4475586e+02   3.5081668e+04
   6.4373047e+02   3.4824219e+04
   6.4270410e+02   3.4786117e+04
   6.4167773e+02   3.5040312e+04
   6.4065137e+02   3.5248145e+04
   6.3962402e+02   3.5119895e+04
   6.3859766e+02   3.4879707e+04
   6.3757031e+02   3.5080148e+04
   6.3654297e+02   3.5431387e+04
   6.3551562e+02   3.5176672e+04
   6.3448730e+02   3.5111789e+04
   6.3345996e+02   3.5448234e+04
   6.3243164e+02   3.5205809e+04
   6.3140332e+02   3.5179852e+04
   6.3037500e+02   3.5462613e+04
   6.2934570e+02   3.5468211e+04
   6.2831738e+02   3.5347449e+04
   6.2728809e+02   3.4855027e+04
   6.2625879e+02   3.5125488e+04
   6.2522949e+02   3.4643000e+04
   6.2420020e+02   3.4687586e+04
   6.2316992e+02   3.4462684e+04
   6.2214062e+02   3.4206309e+04
   6.2111035e+02   3.4260652e+04
   6.2007910e+02   3.4137852e+04
   6.1904883e+02   3.4034504e+04
   6.1801855e+02   3.3889961e+04
   6.1698730e+02   3.3541773e+04
   6.1595605e+02   3.3685887e+04
   6.1492480e+02   3.3512395e+04
   6.1389355e+02   3.3666148e+04
   6.1286133e+02   3.3844078e+04
   6.1183008e+02   3.3624617e+04
   6.1079785e+02   3.3640191e+04
   6.0976562e+02   3.3420848e+04
   6.0873242e+02   3.3412238e+04
   6.0770020e+02   3.3781293e+04
   6.0666699e+02   3.3232855e+04
   6.0563379e+02   3.3030684e+04
   6.0460059e+02   3.3213289e+04
   6.0356738e+02   3.3463566e+04
   6.0253418e+02   3.3387227e+04
   6.0150000e+02   3.3320586e+04
   6.0046582e+02   3.3377277e+04
   5.9943164e+02   3.3267148e+04
   5.9839746e+02   3.2978211e+04
   5.9736328e+02   3.2870613e+04
   5.9632812e+02   3.3311477e+04
   5.9529297e+02   3.2909156e+04
   5.9425781e+02   3.3412641e+04
   5.9322266e+02   3.3148082e+04
   5.9218750e+02   3.3477512e+04
   5.9115137e+02   3.3147863e+04
   5.9011523e+02   3.3231012e+04
   5.8907910e+02   3.3229676e+04
   5.8804297e+02   3.3119781e+04
   5.8700684e+02   3.3309008e+04
   5.8596973e+02   3.2883230e+04
   5.8493262e+02   3.2956699e+04
   5.8389551e+02   3.3290480e+04
   5.8285840e+02   3.3368660e+04
   5.8182129e+02   3.3670914e+04
   5.8078320e+02   3.3047898e+04
   5.7974512e+02   3.3294691e+04
   5.7870703e+02   3.3271656e+04
   5.7766895e+02   3.3511090e+04
   5.7663086e+02   3.3377277e+04
   5.7559180e+02   3.3659926e+04
   5.7455371e+02   3.3932844e+04
   5.7351465e+02   3.3811051e+04
   5.7247559e+02   3.3576234e+04
   5.7143555e+02   3.3913953e+04
   5.7039648e+02   3.4309258e+04
   5.6935645e+02   3.4081688e+04
   5.6831641e+02   3.4039301e+04
   5.6727637e+02   3.4085855e+04
   5.6623633e+02   3.4048285e+04
   5.6519531e+02   3.4493645e+04
   5.6415430e+02   3.4422383e+04
   5.6311328e+02   3.4147000e+04
   5.6207227e+02   3.4246312e+04
   5.6103125e+02   3.4520840e+04
   5.5998926e+02   3.4516828e+04
   5.5894824e+02   3.4536812e+04
   5.5790625e+02   3.4698359e+04
   5.5686426e+02   3.4675117e+04
   5.5582129e+02   3.4229738e+04
   5.5477930e+02   3.4379254e+04
   5.5373633e+02   3.4615027e+04
   5.5269336e+02   3.4172297e+04
   5.5165039e+02   3.4645301e+04
   5.5060742e+02   3.4296184e+04
   5.4956348e+02   3.4308977e+04
   5.4852051e+02   3.4213965e+04
   5.4747656e+02   3.4102223e+04
   5.4643262e+02   3.4052777e+04
   5.4538770e+02   3.3830977e+04
   5.4434375e+02   3.4166977e+04
   5.4329883e+02   3.3703520e+04
   5.4225391e+02   3.4106410e+04
   5.4120898e+02   3.4085711e+04
   5.4016406e+02   3.4048277e+04
   5.3911816e+02   3.3386691e+04
   5.3807324e+02   3.3880191e+04
   5.3702734e+02   3.3969508e+04
   5.3598145e+02   3.3666816e+04
   5.3493457e+02   3.3737020e+04
   5.3388867e+02   3.3446422e+04
   5.3284180e+02   3.3370922e+04
   5.3179492e+02   3.3051840e+04
   5.3074805e+02   3.3291637e+04
   5.2970117e+02   3.3538508e+04
   5.2865332e+02   3.3257758e+04
   5.2760645e+02   3.3000980e+04
   5.2655859e+02   3.3214352e+04
   5.2551074e+02   3.3277352e+04
   5.2446289e+02   3.3628934e+04
   5.2341406e+02   3.3543969e+04
   5.2236523e+02   3.3311211e+04
   5.2131641e+02   3.3359836e+04
   5.2026758e+02   3.3091441e+04
   5.1921875e+02   3.3292594e+04
   5.1816992e+02   3.3498438e+04
   5.1712012e+02   3.3561273e+04
   5.1607031e+02   3.3004859e+04
   5.1502051e+02   3.3386844e+04
   5.1397070e+02   3.3568699e+04
   5.1291992e+02   3.3669555e+04
   5.1187012e+02   3.3739434e+04
   5.1081934e+02   3.3849734e+04
   5.0976855e+02   3.3565082e+04
   5.0871680e+02   3.3216312e+04
   5.0766602e+02   3.3412258e+04
   5.0661426e+02   3.3579594e+04
   5.0556250e+02   3.3647023e+04
   5.0451074e+02   3.3754832e+04
   5.0345898e+02   3.3941016e+04
   5.0240625e+02   3.3732734e+04
   5.0135449e+02   3.3757320e+04
   5.0030176e+02   3.4000395e+04
   4.9924902e+02   3.3922816e+04
   4.9819531e+02   3.3854758e+04
   4.9714258e+02   3.3929145e+04
   4.9608887e+02   3.3989262e+04
   4.9503516e+02   3.4241547e+04
   4.9398145e+02   3.4135520e+04
   4.9292773e+02   3.4366336e+04
   4.9187305e+02   3.4084828e+04
   4.9081934e+02   3.4469680e+04
   4.8976465e+02   3.4242781e+04
   4.8870996e+02   3.4307492e+04
   4.8765430e+02   3.4623359e+04
   4.8659961e+02   3.4109875e+04
   4.8554395e+02   3.4314328e+04
   4.8448828e+02   3.4637117e+04
   4.8343262e+02   3.4479102e+04
   4.8237695e+02   3.4607602e+04
   4.8132031e+02   3.4343133e+04
   4.8026367e+02   3.4634902e+04
   4.7920703e+02   3.4687582e+04
   4.7815039e+02   3.4326246e+04
   4.7709375e+02   3.4468840e+04
   4.7603613e+02   3.4840766e+04
   4.7497949e+02   3.4377930e+04
   4.7392188e+02   3.4834832e+04
   4.7286426e+02   3.4476160e+04
   4.7180566e+02   3.4547695e+04
   4.7074805e+02   3.4914527e+04
   4.6968945e+02   3.4733195e+04
   4.6863086e+02   3.4667656e+04
   4.6757227e+02   3.4930359e+04
   4.6651270e+02   3.4758566e+04
   4.6545410e+02   3.4759145e+04
   4.6439453e+02   3.4880078e+04
   4.6333496e+02   3.4838160e+04
   4.6227539e+02   3.5154836e+04
   4.6121582e+02   3.4777953e+04
   4.6015527e+02   3.4858695e+04
   4.5909473e+02   3.4772008e+04
   4.5803418e+02   3.4951727e+04
   4.5697363e+02   3.4688289e+04
   4.5591309e+02   3.4856168e+04
   4.5485156e+02   3.4665875e+04
   4.5379004e+02   3.4942051e+04
   4.5272852e+02   3.5145113e+04
   4.5166699e+02   3.5303355e+04
   4.5060547e+02   3.4990695e+04
   4.4954297e+02   3.5501973e+04
   4.4848047e+02   3.5043484e+04
   4.4741797e+02   3.5182801e+04
   4.4635547e+02   3.5209145e+04
   4.4529297e+02   3.5489492e+04
   4.4422949e+02   3.5680375e+04
   4.4316602e+02   3.5384500e+04
   4.4210254e+02   3.5735176e+04
   4.4103906e+02   3.5524008e+04
   4.3997461e+02   3.5460953e+04
   4.3891113e+02   3.5372078e+04
   4.3784668e+02   3.5358402e+04
   4.3678223e+02   3.5485637e+04
   4.3571680e+02   3.5312273e+04
   4.3465234e+02   3.5718832e+04
   4.3358691e+02   3.5557219e+04
   4.3252148e+02   3.5679621e+04
   4.3145605e+02   3.5180211e+04
   4.3039062e+02   3.5619324e+04
   4.2932520e+02   3.5317121e+04
   4.2825879e+02   3.5763074e+04
   4.2719238e+02   3.5432824e+04
   4.2612598e+02   3.5351164e+04
   4.2505957e+02   3.5349219e+04
   4.2399219e+02   3.5499582e+04
   4.2292480e+02   3.5656914e+04
   4.2185742e+02   3.5446441e+04
   4.2079004e+02   3.5517070e+04
   4.1972266e+02   3.5477621e+04
   4.1865430e+02   3.5253250e+04
   4.1758691e+02   3.5431535e+04
   4.1651855e+02   3.5726762e+04
   4.1544922e+02   3.5252117e+04
   4.1438086e+02   3.5565973e+04
   4.1331250e+02   3.5493809e+04
   4.1224316e+02   3.5367887e+04
   4.1117383e+02   3.5679203e+04
   4.1010449e+02   3.5852488e+04
   4.0903418e+02   3.5899508e+04
   4.0796484e+02   3.5801633e+04
   4.0689453e+02   3.5895363e+04
   4.0582422e+02   3.5869934e+04
   4.0475391e+02   3.5842176e+04
   4.0368262e+02   3.5854121e+04
   4.0261133e+02   3.5866059e+04
   4.0154102e+02   3.6228086e+04
