   2.0012861e+03   1.3632555e+04
   2.0004980e+03   1.3511969e+04
   1.9997109e+03   1.3953907e+04
   1.9989229e+03   1.3945238e+04
   1.9981338e+03   1.3854106e+04
   1.9973457e+03   1.3677383e+04
   1.9965576e+03   1.3820954e+04
   1.9957686e+03   1.3859863e+04
   1.9949805e+03   1.3648358e+04
   1.9941914e+03   1.3909118e+04
   1.9934023e+03   1.3849767e+04
   1.9926133e+03   1.3790434e+04
   1.9918242e+03   1.3677271e+04
   1.9910342e+03   1.3560980e+04
   1.9902451e+03   1.3736041e+04
   1.9894551e+03   1.3740083e+04
   1.9886650e+03   1.3715635e+04
   1.9878750e+03   1.3738666e+04
   1.9870850e+03   1.3894592e+04
   1.9862949e+03   1.3965043e+04
   1.9855049e+03   1.3687509e+04
   1.9847148e+03   1.3893967e+04
   1.9839238e+03   1.4056086e+04
   1.9831328e+03   1.4167562e+04
   1.9823428e+03   1.3678379e+04
   1.9815518e+03   1.3925787e+04
   1.9807598e+03   1.4040389e+04
   1.9799688e+03   1.3816875e+04
   1.9791777e+03   1.4032545e+04
   1.9783857e+03   1.3884911e+04
   1.9775947e+03   1.4103654e+04
   1.9768027e+03   1.4041309e+04
   1.9760107e+03   1.3963198e+04
   1.9752188e+03   1.4065029e+04
   1.9744268e+03   1.3977473e+04
   1.9736348e+03   1.4129753e+04
   1.9728418e+03   1.3865542e+04
   1.9720488e+03   1.4002017e+04
   1.9712568e+03   1.4173138e+04
   1.9704639e+03   1.4161312e+04
   1.9696709e+03   1.4007615e+04
   1.9688779e+03   1.4200714e+04
   1.9680850e+03   1.4078578e+04
   1.9672910e+03   1.4013204e+04
   1.9664980e+03   1.4111684e+04
   1.9657041e+03   1.4197529e+04
   1.9649102e+03   1.3977837e+04
   1.9641162e+03   1.4249470e+04
   1.9633223e+03   1.4240792e+04
   1.9625283e+03   1.4288781e+04
   1.9617344e+03   1.4025153e+04
   1.9609395e+03   1.4085749e+04
   1.9601445e+03   1.4171495e+04
   1.9593506e+03   1.4005540e+04
   1.9585557e+03   1.4330318e+04
   1.9577607e+03   1.4145521e+04
   1.9569658e+03   1.4297229e+04
   1.9561699e+03   1.4307415e+04
   1.9553750e+03   1.4220155e+04
   1.9545791e+03   1.4004071e+04
   1.9537842e+03   1.4369369e+04
   1.9529883e+03   1.4495776e+04
   1.9521924e+03   1.4342576e+04
   1.9513965e+03   1.4512914e+04
   1.9505996e+03   1.4475945e+04
   1.9498037e+03   1.4495502e+04
   1.9490068e+03   1.4574693e+04
   1.9482109e+03   1.4474961e+04
   1.9474141e+03   1.4117943e+04
   1.9466172e+03   1.4463844e+04
   1.9458203e+03   1.4138316e+04
   1.9450234e+03   1.4477823e+04
   1.9442256e+03   1.4465993e+04
   1.9434287e+03   1.4278585e+04
   1.9426309e+03   1.4539524e+04
   1.9418340e+03   1.4389777e+04
   1.9410361e+03   1.4537793e+04
   1.9402383e+03   1.4388095e+04
   1.9394395e+03   1.4595582e+04
   1.9386416e+03   1.4599403e+04
   1.9378438e+03   1.4290051e+04
   1.9370449e+03   1.4394119e+04
   1.9362461e+03   1.4379188e+04
   1.9354482e+03   1.4630322e+04
   1.9346494e+03   1.4524595e+04
   1.9338496e+03   1.4462710e+04
   1.9330508e+03   1.4538502e+04
   1.9322520e+03   1.4755031e+04
   1.9314521e+03   1.4568036e+04
   1.9306533e+03   1.4521818e+04
   1.9298535e+03   1.4581915e+04
   1.9290537e+03   1.4679504e+04
   1.9282539e+03   1.4680170e+04
   1.9274531e+03   1.4783958e+04
   1.9266533e+03   1.4544027e+04
   1.9258535e+03   1.4582200e+04
   1.9250527e+03   1.4579757e+04
   1.9242520e+03   1.4664753e+04
   1.9234512e+03   1.4715375e+04
   1.9226504e+03   1.4597403e+04
   1.9218496e+03   1.4585593e+04
   1.9210488e+03   1.4782874e+04
   1.9202471e+03   1.4708632e+04
   1.9194463e+03   1.4905825e+04
   1.9186445e+03   1.4560220e+04
   1.9178428e+03   1.4666931e+04
   1.9170410e+03   1.5013700e+04
   1.9162393e+03   1.4877126e+04
   1.9154375e+03   1.4581628e+04
   1.9146348e+03   1.4825390e+04
   1.9138330e+03   1.4813555e+04
   1.9130303e+03   1.4829764e+04
   1.9122275e+03   1.4590538e+04
   1.9114248e+03   1.4790530e+04
   1.9106221e+03   1.4756910e+04
   1.9098193e+03   1.5056435e+04
   1.9090156e+03   1.4758185e+04
   1.9082129e+03   1.4883315e+04
   1.9074092e+03   1.4852812e+04
   1.9066055e+03   1.4984106e+04
   1.9058018e+03   1.5165129e+04
   1.9049980e+03   1.5122150e+04
   1.9041943e+03   1.4737112e+04
   1.9033906e+03   1.5023798e+04
   1.9025859e+03   1.4983971e+04
   1.9017822e+03   1.5276733e+04
   1.9009775e+03   1.5025556e+04
   1.9001729e+03   1.5094498e+04
   1.8993682e+03   1.4945952e+04
   1.8985635e+03   1.4763289e+04
   1.8977578e+03   1.5242175e+04
   1.8969531e+03   1.5245825e+04
   1.8961475e+03   1.5001111e+04
   1.8953428e+03   1.4880640e+04
   1.8945371e+03   1.5148144e+04
   1.8937314e+03   1.4832199e+04
   1.8929258e+03   1.5198899e+04
   1.8921191e+03   1.5035046e+04
   1.8913135e+03   1.4958086e+04
   1.8905068e+03   1.5209846e+04
   1.8897012e+03   1.5176286e+04
   1.8888945e+03   1.5049743e+04
   1.8880879e+03   1.5288961e+04
   1.8872812e+03   1.4951721e+04
   1.8864736e+03   1.5156793e+04
   1.8856670e+03   1.5129464e+04
   1.8848594e+03   1.5105240e+04
   1.8840527e+03   1.5220376e+04
   1.8832451e+03   1.5140412e+04
   1.8824375e+03   1.5295747e+04
   1.8816299e+03   1.5231272e+04
   1.8808223e+03   1.5290604e+04
   1.8800137e+03   1.5238527e+04
   1.8792061e+03   1.5242151e+04
   1.8783975e+03   1.5304543e+04
   1.8775889e+03   1.5428764e+04
   1.8767803e+03   1.5188082e+04
   1.8759717e+03   1.5337012e+04
   1.8751631e+03   1.5346796e+04
   1.8743545e+03   1.5582181e+04
   1.8735449e+03   1.5320003e+04
   1.8727363e+03   1.5493523e+04
   1.8719268e+03   1.5700963e+04
   1.8711172e+03   1.4950930e+04
   1.8703076e+03   1.5667889e+04
   1.8694980e+03   1.5597330e+04
   1.8686875e+03   1.5548403e+04
   1.8678779e+03   1.5663066e+04
   1.8670674e+03   1.5700545e+04
   1.8662578e+03   1.5503530e+04
   1.8654473e+03   1.5636649e+04
   1.8646367e+03   1.5310172e+04
   1.8638252e+03   1.5708478e+04
   1.8630146e+03   1.5462260e+04
   1.8622041e+03   1.5524393e+04
   1.8613926e+03   1.5549519e+04
   1.8605811e+03   1.5417471e+04
   1.8597705e+03   1.5562769e+04
   1.8589590e+03   1.5412278e+04
   1.8581465e+03   1.5594487e+04
   1.8573350e+03   1.5628815e+04
   1.8565234e+03   1.5426044e+04
   1.8557109e+03   1.5586607e+04
   1.8548984e+03   1.5820989e+04
   1.8540869e+03   1.5630596e+04
   1.8532744e+03   1.5751042e+04
   1.8524609e+03   1.5591488e+04
   1.8516484e+03   1.5539646e+04
   1.8508359e+03   1.6047547e+04
   1.8500225e+03   1.5998719e+04
   1.8492100e+03   1.5728551e+04
   1.8483965e+03   1.5821189e+04
   1.8475830e+03   1.5624901e+04
   1.8467695e+03   1.5745181e+04
   1.8459551e+03   1.5721020e+04
   1.8451416e+03   1.5828953e+04
   1.8443271e+03   1.5887710e+04
   1.8435137e+03   1.5980225e+04
   1.8426992e+03   1.5833229e+04
   1.8418848e+03   1.5984044e+04
   1.8410703e+03   1.6116394e+04
   1.8402559e+03   1.5855905e+04
   1.8394404e+03   1.5886980e+04
   1.8386260e+03   1.6053021e+04
   1.8378105e+03   1.6197536e+04
   1.8369951e+03   1.6053739e+04
   1.8361797e+03   1.6176740e+04
   1.8353643e+03   1.5827601e+04
   1.8345488e+03   1.5824930e+04
   1.8337334e+03   1.5972422e+04
   1.8329170e+03   1.6245489e+04
   1.8321016e+03   1.6138588e+04
   1.8312852e+03   1.6062352e+04
   1.8304688e+03   1.5863642e+04
   1.8296523e+03   1.5873212e+04
   1.8288359e+03   1.6302196e+04
   1.8280186e+03   1.5962742e+04
   1.8272021e+03   1.5953926e+04
   1.8263848e+03   1.5951232e+04
   1.8255674e+03   1.6095389e+04
   1.8247500e+03   1.6086553e+04
   1.8239326e+03   1.5946211e+04
   1.8231152e+03   1.5937402e+04
   1.8222979e+03   1.6005028e+04
   1.8214795e+03   1.5947303e+04
   1.8206621e+03   1.6051578e+04
   1.8198438e+03   1.5969417e+04
   1.8190254e+03   1.6067542e+04
   1.8182070e+03   1.6452777e+04
   1.8173887e+03   1.6462215e+04
   1.8165703e+03   1.6273157e+04
   1.8157510e+03   1.6245982e+04
   1.8149326e+03   1.6090604e+04
   1.8141133e+03   1.6444986e+04
   1.8132939e+03   1.6491031e+04
   1.8124746e+03   1.6436375e+04
   1.8116553e+03   1.6320725e+04
   1.8108350e+03   1.6391168e+04
   1.8100156e+03   1.6611016e+04
   1.8091953e+03   1.6257565e+04
   1.8083760e+03   1.6337127e+04
   1.8075557e+03   1.6285597e+04
   1.8067354e+03   1.6535785e+04
   1.8059141e+03   1.6365404e+04
   1.8050938e+03   1.6563705e+04
   1.8042734e+03   1.6524352e+04
   1.8034521e+03   1.6439328e+04
   1.8026309e+03   1.6494402e+04
   1.8018096e+03   1.6677320e+04
   1.8009883e+03   1.6577094e+04
   1.8001670e+03   1.6601680e+04
   1.7993457e+03   1.6635385e+04
   1.7985234e+03   1.6596062e+04
   1.7977021e+03   1.6599338e+04
   1.7968799e+03   1.6623900e+04
   1.7960576e+03   1.6870434e+04
   1.7952354e+03   1.6700361e+04
   1.7944131e+03   1.6536426e+04
   1.7935908e+03   1.6883143e+04
   1.7927676e+03   1.6934982e+04
   1.7919453e+03   1.6412576e+04
   1.7911221e+03   1.6759137e+04
   1.7902988e+03   1.6820080e+04
   1.7894756e+03   1.6969066e+04
   1.7886523e+03   1.6717227e+04
   1.7878291e+03   1.6829750e+04
   1.7870049e+03   1.7066678e+04
   1.7861816e+03   1.6860465e+04
   1.7853574e+03   1.7018418e+04
   1.7845332e+03   1.6994301e+04
   1.7837090e+03   1.6973223e+04
   1.7828848e+03   1.7082553e+04
   1.7820596e+03   1.7276742e+04
   1.7812354e+03   1.7170742e+04
   1.7804102e+03   1.7164803e+04
   1.7795859e+03   1.7034611e+04
   1.7787607e+03   1.7068084e+04
   1.7779355e+03   1.7213637e+04
   1.7771104e+03   1.7277357e+04
   1.7762842e+03   1.7183574e+04
   1.7754590e+03   1.7207912e+04
   1.7746328e+03   1.7253436e+04
   1.7738076e+03   1.7374613e+04
   1.7729814e+03   1.7265744e+04
   1.7721553e+03   1.7441344e+04
   1.7713281e+03   1.7444438e+04
   1.7705020e+03   1.7287211e+04
   1.7696758e+03   1.7172377e+04
   1.7688486e+03   1.7514184e+04
   1.7680215e+03   1.7477957e+04
   1.7671943e+03   1.7728910e+04
   1.7663672e+03   1.7653367e+04
   1.7655400e+03   1.7873986e+04
   1.7647129e+03   1.7571846e+04
   1.7638848e+03   1.7641363e+04
   1.7630576e+03   1.7725957e+04
   1.7622295e+03   1.7529686e+04
   1.7614014e+03   1.7801461e+04
   1.7605732e+03   1.7662598e+04
   1.7597451e+03   1.8067059e+04
   1.7589170e+03   1.7798434e+04
   1.7580879e+03   1.7732053e+04
   1.7572598e+03   1.7970377e+04
   1.7564307e+03   1.7858744e+04
   1.7556016e+03   1.8012525e+04
   1.7547725e+03   1.8024543e+04
   1.7539434e+03   1.7695902e+04
   1.7531133e+03   1.7849631e+04
   1.7522842e+03   1.8114811e+04
   1.7514541e+03   1.8298547e+04
   1.7506240e+03   1.8316527e+04
   1.7497949e+03   1.8096547e+04
   1.7489639e+03   1.8219959e+04
   1.7481338e+03   1.8412582e+04
   1.7473037e+03   1.8159578e+04
   1.7464727e+03   1.8370205e+04
   1.7456426e+03   1.8376113e+04
   1.7448115e+03   1.8427152e+04
   1.7439805e+03   1.8613557e+04
   1.7431494e+03   1.8604377e+04
   1.7423184e+03   1.8796701e+04
   1.7414863e+03   1.8543928e+04
   1.7406553e+03   1.8528750e+04
   1.7398232e+03   1.8916373e+04
   1.7389922e+03   1.8976271e+04
   1.7381602e+03   1.8915951e+04
   1.7373281e+03   1.8744488e+04
   1.7364951e+03   1.8885488e+04
   1.7356631e+03   1.9161592e+04
   1.7348301e+03   1.9254426e+04
   1.7339980e+03   1.9269166e+04
   1.7331650e+03   1.9088779e+04
   1.7323320e+03   1.9019504e+04
   1.7314990e+03   1.9460391e+04
   1.7306660e+03   1.9229057e+04
   1.7298320e+03   1.9576764e+04
   1.7289990e+03   1.9582430e+04
   1.7281650e+03   1.9480139e+04
   1.7273311e+03   1.9353895e+04
   1.7264971e+03   1.9443531e+04
   1.7256631e+03   1.9736951e+04
   1.7248291e+03   1.9910400e+04
   1.7239941e+03   1.9969934e+04
   1.7231602e+03   2.0038432e+04
   1.7223252e+03   1.9783424e+04
   1.7214902e+03   2.0052574e+04
   1.7206553e+03   1.9893461e+04
   1.7198203e+03   1.9866125e+04
   1.7189854e+03   2.0464373e+04
   1.7181504e+03   2.0335195e+04
   1.7173145e+03   1.9844010e+04
   1.7164785e+03   2.0322287e+04
   1.7156426e+03   2.0324809e+04
   1.7148066e+03   2.0479850e+04
   1.7139707e+03   2.0347787e+04
   1.7131348e+03   2.0553594e+04
   1.7122988e+03   2.0582973e+04
   1.7114619e+03   2.0567512e+04
   1.7106250e+03   2.0360818e+04
   1.7097881e+03   2.0763660e+04
   1.7089512e+03   2.0527131e+04
   1.7081143e+03   2.0876047e+04
   1.7072773e+03   2.0702283e+04
   1.7064395e+03   2.0788322e+04
   1.7056025e+03   2.0635527e+04
   1.7047646e+03   2.0879725e+04
   1.7039268e+03   2.1040287e+04
   1.7030889e+03   2.1075486e+04
   1.7022510e+03   2.1033113e+04
   1.7014121e+03   2.1124967e+04
   1.7005742e+03   2.1151186e+04
   1.6997354e+03   2.1451689e+04
   1.6988975e+03   2.1263211e+04
   1.6980586e+03   2.1417549e+04
   1.6972197e+03   2.1404957e+04
   1.6963799e+03   2.1469834e+04
   1.6955410e+03   2.1263604e+04
   1.6947012e+03   2.1793115e+04
   1.6938623e+03   2.1896602e+04
   1.6930225e+03   2.1883934e+04
   1.6921826e+03   2.2139189e+04
   1.6913428e+03   2.2013381e+04
   1.6905029e+03   2.2009625e+04
   1.6896621e+03   2.2321258e+04
   1.6888223e+03   2.2299600e+04
   1.6879814e+03   2.2164922e+04
   1.6871406e+03   2.2372283e+04
   1.6862998e+03   2.2674719e+04
   1.6854590e+03   2.2798680e+04
   1.6846182e+03   2.2756146e+04
   1.6837764e+03   2.3150486e+04
   1.6829355e+03   2.3280242e+04
   1.6820938e+03   2.3216852e+04
   1.6812520e+03   2.3304967e+04
   1.6804102e+03   2.3476205e+04
   1.6795684e+03   2.3712707e+04
   1.6787266e+03   2.3533500e+04
   1.6778838e+03   2.4256707e+04
   1.6770420e+03   2.4359402e+04
   1.6761992e+03   2.4260289e+04
   1.6753564e+03   2.3885301e+04
   1.6745137e+03   2.4542693e+04
   1.6736709e+03   2.4793553e+04
   1.6728271e+03   2.4727047e+04
   1.6719844e+03   2.4799904e+04
   1.6711406e+03   2.4926092e+04
   1.6702979e+03   2.5164855e+04
   1.6694541e+03   2.4935352e+04
   1.6686104e+03   2.5319203e+04
   1.6677656e+03   2.5717732e+04
   1.6669219e+03   2.5769607e+04
   1.6660771e+03   2.5948795e+04
   1.6652334e+03   2.6314443e+04
   1.6643887e+03   2.6105691e+04
   1.6635439e+03   2.6243291e+04
   1.6626992e+03   2.6860227e+04
   1.6618545e+03   2.6837881e+04
   1.6610088e+03   2.6998947e+04
   1.6601641e+03   2.7009117e+04
   1.6593184e+03   2.7270639e+04
   1.6584727e+03   2.7165449e+04
   1.6576270e+03   2.7867314e+04
   1.6567812e+03   2.7581764e+04
   1.6559355e+03   2.7742531e+04
   1.6550889e+03   2.8310977e+04
   1.6542432e+03   2.8545414e+04
   1.6533965e+03   2.8637996e+04
   1.6525498e+03   2.8553363e+04
   1.6517031e+03   2.8474662e+04
   1.6508564e+03   2.9249135e+04
   1.6500088e+03   2.9403514e+04
   1.6491621e+03   2.9619809e+04
   1.6483145e+03   2.9759316e+04
   1.6474678e+03   3.0120027e+04
   1.6466201e+03   3.0383279e+04
   1.6457715e+03   3.0416414e+04
   1.6449238e+03   3.0747340e+04
   1.6440762e+03   3.0913061e+04
   1.6432275e+03   3.0987350e+04
   1.6423799e+03   3.1217803e+04
   1.6415312e+03   3.1657381e+04
   1.6406826e+03   3.1410385e+04
   1.6398340e+03   3.1782029e+04
   1.6389854e+03   3.2277234e+04
   1.6381357e+03   3.2354150e+04
   1.6372871e+03   3.2563520e+04
   1.6364375e+03   3.3152523e+04
   1.6355879e+03   3.3190988e+04
   1.6347383e+03   3.3423641e+04
   1.6338887e+03   3.3809195e+04
   1.6330381e+03   3.3768102e+04
   1.6321885e+03   3.3921129e+04
   1.6313379e+03   3.4388727e+04
   1.6304883e+03   3.4394594e+04
   1.6296377e+03   3.4497457e+04
   1.6287871e+03   3.5164562e+04
   1.6279355e+03   3.5132086e+04
   1.6270850e+03   3.5599070e+04
   1.6262344e+03   3.5575340e+04
   1.6253828e+03   3.5710215e+04
   1.6245312e+03   3.6144555e+04
   1.6236797e+03   3.6517090e+04
   1.6228281e+03   3.6842527e+04
   1.6219766e+03   3.6748160e+04
   1.6211240e+03   3.7047035e+04
   1.6202725e+03   3.7378082e+04
   1.6194199e+03   3.7392203e+04
   1.6185674e+03   3.8113148e+04
   1.6177148e+03   3.7939461e+04
   1.6168623e+03   3.8281848e+04
   1.6160098e+03   3.8838105e+04
   1.6151562e+03   3.8547141e+04
   1.6143037e+03   3.8965434e+04
   1.6134502e+03   3.9316191e+04
   1.6125967e+03   3.9432477e+04
   1.6117432e+03   3.9551648e+04
   1.6108896e+03   3.9937262e+04
   1.6100361e+03   4.0281750e+04
   1.6091816e+03   4.0087480e+04
   1.6083271e+03   4.0727438e+04
   1.6074736e+03   4.0044449e+04
   1.6066191e+03   4.0350641e+04
   1.6057637e+03   4.0238398e+04
   1.6049092e+03   4.0544445e+04
   1.6040547e+03   4.0274289e+04
   1.6031992e+03   4.0205969e+04
   1.6023447e+03   4.0283840e+04
   1.6014893e+03   4.0285688e+04
   1.6006338e+03   4.0559312e+04
   1.5997783e+03   4.0546496e+04
   1.5989219e+03   4.0805371e+04
   1.5980664e+03   4.0459543e+04
   1.5972100e+03   4.1220637e+04
   1.5963535e+03   4.0670465e+04
   1.5954971e+03   4.1223984e+04
   1.5946406e+03   4.1196469e+04
   1.5937842e+03   4.1498730e+04
   1.5929277e+03   4.1447828e+04
   1.5920703e+03   4.1954152e+04
   1.5912139e+03   4.2028609e+04
   1.5903564e+03   4.2680473e+04
   1.5894990e+03   4.2594402e+04
   1.5886416e+03   4.2887355e+04
   1.5877842e+03   4.3139402e+04
   1.5869258e+03   4.2997922e+04
   1.5860684e+03   4.2833180e+04
   1.5852100e+03   4.3021004e+04
   1.5843516e+03   4.4490402e+04
   1.5834932e+03   4.3393539e+04
   1.5826348e+03   4.3653961e+04
   1.5817754e+03   4.3364051e+04
   1.5809170e+03   4.3895090e+04
   1.5800576e+03   4.3552852e+04
   1.5791992e+03   4.3044867e+04
   1.5783398e+03   4.3820062e+04
   1.5774795e+03   4.3457645e+04
   1.5766201e+03   4.3482156e+04
   1.5757607e+03   4.3573535e+04
   1.5749004e+03   4.3912004e+04
   1.5740410e+03   4.3724223e+04
   1.5731807e+03   4.4234016e+04
   1.5723203e+03   4.3915477e+04
   1.5714600e+03   4.4006695e+04
   1.5705986e+03   4.4083355e+04
   1.5697383e+03   4.4061242e+04
   1.5688770e+03   4.4390496e+04
   1.5680166e+03   4.4168004e+04
   1.5671553e+03   4.4215547e+04
   1.5662939e+03   4.3943820e+04
   1.5654316e+03   4.3904332e+04
   1.5645703e+03   4.4198500e+04
   1.5637090e+03   4.4118367e+04
   1.5628467e+03   4.3881637e+04
   1.5619844e+03   4.4268449e+04
   1.5611221e+03   4.4721809e+04
   1.5602598e+03   4.4618441e+04
   1.5593975e+03   4.4396277e+04
   1.5585342e+03   4.4649426e+04
   1.5576719e+03   4.4491070e+04
   1.5568086e+03   4.4460223e+04
   1.5559453e+03   4.4620543e+04
   1.5550820e+03   4.4560727e+04
   1.5542188e+03   4.4567520e+04
   1.5533545e+03   4.4548254e+04
   1.5524912e+03   4.4149840e+04
   1.5516270e+03   4.4356367e+04
   1.5507637e+03   4.4024664e+04
   1.5498994e+03   4.4205105e+04
   1.5490342e+03   4.4119387e+04
   1.5481699e+03   4.3455332e+04
   1.5473057e+03   4.3499879e+04
   1.5464404e+03   4.2928664e+04
   1.5455762e+03   4.2929926e+04
   1.5447109e+03   4.2688445e+04
   1.5438457e+03   4.2478824e+04
   1.5429795e+03   4.2419496e+04
   1.5421143e+03   4.1623660e+04
   1.5412490e+03   4.1746430e+04
   1.5403828e+03   4.1638164e+04
   1.5395166e+03   4.1371164e+04
   1.5386504e+03   4.0853141e+04
   1.5377842e+03   4.0569047e+04
   1.5369180e+03   4.0683227e+04
   1.5360518e+03   4.0445414e+04
   1.5351846e+03   4.0478809e+04
   1.5343174e+03   4.0010406e+04
   1.5334502e+03   3.9905461e+04
   1.5325830e+03   3.9979289e+04
   1.5317158e+03   3.9834031e+04
   1.5308486e+03   3.9711875e+04
   1.5299805e+03   3.9742473e+04
   1.5291133e+03   3.9545469e+04
   1.5282451e+03   3.9648090e+04
   1.5273770e+03   3.9603801e+04
   1.5265088e+03   3.9680457e+04
   1.5256406e+03   3.9800270e+04
   1.5247715e+03   3.9902770e+04
   1.5239033e+03   3.9777883e+04
   1.5230342e+03   4.0070254e+04
   1.5221650e+03   3.9660562e+04
   1.5212959e+03   4.0421699e+04
   1.5204268e+03   4.0043723e+04
   1.5195576e+03   4.0232324e+04
   1.5186875e+03   4.0446734e+04
   1.5178184e+03   4.0534598e+04
   1.5169482e+03   4.0556324e+04
   1.5160781e+03   4.0181516e+04
   1.5152080e+03   3.9961973e+04
   1.5143379e+03   4.0546777e+04
   1.5134668e+03   4.0376062e+04
   1.5125967e+03   4.0581562e+04
   1.5117256e+03   3.9977395e+04
   1.5108545e+03   4.0070941e+04
   1.5099834e+03   4.0127148e+04
   1.5091123e+03   4.0045598e+04
   1.5082412e+03   4.0067359e+04
   1.5073691e+03   4.0137871e+04
   1.5064980e+03   4.0130926e+04
   1.5056260e+03   3.9728273e+04
   1.5047539e+03   3.9695594e+04
   1.5038818e+03   3.9433609e+04
   1.5030098e+03   3.9312145e+04
   1.5021367e+03   3.8892715e+04
   1.5012646e+03   3.9304266e+04
   1.5003916e+03   3.9045387e+04
   1.4995186e+03   3.9107359e+04
   1.4986455e+03   3.8951688e+04
   1.4977725e+03   3.8962121e+04
   1.4968984e+03   3.8849461e+04
   1.4960254e+03   3.8756871e+04
   1.4951514e+03   3.8415367e+04
   1.4942783e+03   3.8752031e+04
   1.4934043e+03   3.8874039e+04
   1.4925293e+03   3.9090383e+04
   1.4916553e+03   3.8666121e+04
   1.4907812e+03   3.8928168e+04
   1.4899062e+03   3.9070066e+04
   1.4890312e+03   3.8768918e+04
   1.4881572e+03   3.9150824e+04
   1.4872822e+03   3.8944047e+04
   1.4864062e+03   3.9651426e+04
   1.4855312e+03   3.9147605e+04
   1.4846562e+03   3.9275027e+04
   1.4837803e+03   3.9262508e+04
   1.4829043e+03   3.9349902e+04
   1.4820283e+03   3.9602797e+04
   1.4811523e+03   3.9812801e+04
   1.4802764e+03   3.9880074e+04
   1.4793994e+03   3.9821812e+04
   1.4785234e+03   4.0299758e+04
   1.4776465e+03   4.0686285e+04
   1.4767695e+03   4.1126848e+04
   1.4758926e+03   4.1239438e+04
   1.4750156e+03   4.1790902e+04
   1.4741377e+03   4.1849191e+04
   1.4732607e+03   4.1884668e+04
   1.4723828e+03   4.2891504e+04
   1.4715049e+03   4.2730262e+04
   1.4706270e+03   4.3053172e+04
   1.4697490e+03   4.3330410e+04
   1.4688711e+03   4.3675871e+04
   1.4679922e+03   4.4174902e+04
   1.4671143e+03   4.3899746e+04
   1.4662354e+03   4.4506676e+04
   1.4653564e+03   4.4743590e+04
   1.4644775e+03   4.5116938e+04
   1.4635986e+03   4.5566938e+04
   1.4627188e+03   4.6048051e+04
   1.4618398e+03   4.6551734e+04
   1.4609600e+03   4.6643125e+04
   1.4600801e+03   4.7174945e+04
   1.4592002e+03   4.7720785e+04
   1.4583203e+03   4.7732383e+04
   1.4574404e+03   4.8033672e+04
   1.4565596e+03   4.8133238e+04
   1.4556787e+03   4.8059574e+04
   1.4547988e+03   4.7755996e+04
   1.4539180e+03   4.7563211e+04
   1.4530371e+03   4.7441434e+04
   1.4521553e+03   4.7075695e+04
   1.4512744e+03   4.6934188e+04
   1.4503926e+03   4.5964535e+04
   1.4495107e+03   4.5814758e+04
   1.4486299e+03   4.5596980e+04
   1.4477471e+03   4.5138324e+04
   1.4468652e+03   4.5048281e+04
   1.4459834e+03   4.4864754e+04
   1.4451006e+03   4.4800285e+04
   1.4442188e+03   4.4764168e+04
   1.4433359e+03   4.4461820e+04
   1.4424531e+03   4.3828254e+04
   1.4415703e+03   4.3795148e+04
   1.4406865e+03   4.3835652e+04
   1.4398037e+03   4.3440270e+04
   1.4389199e+03   4.3390266e+04
   1.4380361e+03   4.3643020e+04
   1.4371523e+03   4.3321418e+04
   1.4362686e+03   4.2915078e+04
   1.4353848e+03   4.2517363e+04
   1.4345010e+03   4.2331836e+04
   1.4336162e+03   4.1448129e+04
   1.4327314e+03   4.1398520e+04
   1.4318467e+03   4.1320664e+04
   1.4309619e+03   4.1025277e+04
   1.4300771e+03   4.0523770e+04
   1.4291924e+03   4.0386793e+04
   1.4283066e+03   3.9987230e+04
   1.4274219e+03   3.9378871e+04
   1.4265361e+03   3.9784168e+04
   1.4256504e+03   3.9444184e+04
   1.4247646e+03   3.9191805e+04
   1.4238779e+03   3.8964898e+04
   1.4229922e+03   3.8791676e+04
   1.4221055e+03   3.8285688e+04
   1.4212188e+03   3.8448219e+04
   1.4203320e+03   3.8754488e+04
   1.4194453e+03   3.8152918e+04
   1.4185586e+03   3.8374574e+04
   1.4176719e+03   3.9047039e+04
   1.4167842e+03   3.8986699e+04
   1.4158965e+03   3.9317957e+04
   1.4150088e+03   3.9677258e+04
   1.4141211e+03   3.9954770e+04
   1.4132334e+03   3.9736637e+04
   1.4123457e+03   4.0357477e+04
   1.4114570e+03   4.0896480e+04
   1.4105684e+03   4.1432477e+04
   1.4096807e+03   4.2224328e+04
   1.4087920e+03   4.2818980e+04
   1.4079023e+03   4.3112469e+04
   1.4070137e+03   4.3793930e+04
   1.4061250e+03   4.4649480e+04
   1.4052354e+03   4.4430852e+04
   1.4043457e+03   4.4774441e+04
   1.4034561e+03   4.5078562e+04
   1.4025664e+03   4.4874020e+04
   1.4016768e+03   4.4697637e+04
   1.4007861e+03   4.4886449e+04
   1.3998965e+03   4.4580945e+04
   1.3990059e+03   4.4213770e+04
   1.3981152e+03   4.3874797e+04
   1.3972246e+03   4.3749258e+04
   1.3963340e+03   4.3373996e+04
   1.3954424e+03   4.3602113e+04
   1.3945518e+03   4.3518758e+04
   1.3936602e+03   4.4223586e+04
   1.3927686e+03   4.4420582e+04
   1.3918770e+03   4.4488531e+04
   1.3909854e+03   4.5147961e+04
   1.3900938e+03   4.5557703e+04
   1.3892012e+03   4.6376445e+04
   1.3883086e+03   4.6651336e+04
   1.3874170e+03   4.7618074e+04
   1.3865244e+03   4.7713391e+04
   1.3856309e+03   4.8657195e+04
   1.3847383e+03   4.9186281e+04
   1.3838457e+03   4.9902742e+04
   1.3829521e+03   4.9989191e+04
   1.3820586e+03   5.0389031e+04
   1.3811650e+03   5.1172051e+04
   1.3802715e+03   5.0925324e+04
   1.3793779e+03   5.1073055e+04
   1.3784844e+03   5.1483605e+04
   1.3775898e+03   5.1418688e+04
   1.3766953e+03   5.1571840e+04
   1.3758008e+03   5.1355992e+04
   1.3749062e+03   5.1243613e+04
   1.3740117e+03   5.0575258e+04
   1.3731172e+03   5.0926785e+04
   1.3722217e+03   5.0498918e+04
   1.3713262e+03   5.0397934e+04
   1.3704307e+03   5.0098742e+04
   1.3695352e+03   4.9799652e+04
   1.3686396e+03   4.9179684e+04
   1.3677441e+03   4.9176664e+04
   1.3668477e+03   4.8939270e+04
   1.3659521e+03   4.8445305e+04
   1.3650557e+03   4.8810578e+04
   1.3641592e+03   4.8506438e+04
   1.3632627e+03   4.8051840e+04
   1.3623652e+03   4.8692969e+04
   1.3614688e+03   4.8439172e+04
   1.3605713e+03   4.8280211e+04
   1.3596738e+03   4.7929051e+04
   1.3587773e+03   4.8828820e+04
   1.3578789e+03   4.8700508e+04
   1.3569814e+03   4.9092992e+04
   1.3560840e+03   4.8844945e+04
   1.3551855e+03   4.9802375e+04
   1.3542871e+03   5.0536805e+04
   1.3533887e+03   5.0330375e+04
   1.3524902e+03   5.1117312e+04
   1.3515918e+03   5.1036031e+04
   1.3506934e+03   5.1402578e+04
   1.3497939e+03   5.1657758e+04
   1.3488945e+03   5.1426277e+04
   1.3479951e+03   5.1787000e+04
   1.3470957e+03   5.1800160e+04
   1.3461963e+03   5.1643801e+04
   1.3452969e+03   5.2170996e+04
   1.3443965e+03   5.1450695e+04
   1.3434971e+03   5.1863855e+04
   1.3425967e+03   5.1313254e+04
   1.3416963e+03   5.1434754e+04
   1.3407949e+03   5.1045426e+04
   1.3398945e+03   5.0881047e+04
   1.3389941e+03   4.9984113e+04
   1.3380928e+03   4.9606336e+04
   1.3371914e+03   4.9525512e+04
   1.3362900e+03   4.9541793e+04
   1.3353887e+03   4.8606891e+04
   1.3344873e+03   4.8626094e+04
   1.3335850e+03   4.7808105e+04
   1.3326836e+03   4.8057480e+04
   1.3317812e+03   4.7558559e+04
   1.3308789e+03   4.7744164e+04
   1.3299766e+03   4.7469852e+04
   1.3290732e+03   4.7231637e+04
   1.3281709e+03   4.7741195e+04
   1.3272676e+03   4.8040148e+04
   1.3263652e+03   4.8078777e+04
   1.3254619e+03   4.8366492e+04
   1.3245576e+03   4.9022148e+04
   1.3236543e+03   4.8537656e+04
   1.3227510e+03   4.8888758e+04
   1.3218467e+03   4.8993574e+04
   1.3209424e+03   4.8559113e+04
   1.3200391e+03   4.8481469e+04
   1.3191338e+03   4.9078352e+04
   1.3182295e+03   4.9282551e+04
   1.3173252e+03   4.9033484e+04
   1.3164199e+03   4.8770688e+04
   1.3155156e+03   4.8759359e+04
   1.3146104e+03   4.8612699e+04
   1.3137051e+03   4.8294879e+04
   1.3127988e+03   4.8024105e+04
   1.3118936e+03   4.7220656e+04
   1.3109873e+03   4.7849918e+04
   1.3100820e+03   4.7187508e+04
   1.3091758e+03   4.8037273e+04
   1.3082695e+03   4.7766770e+04
   1.3073633e+03   4.7548766e+04
   1.3064561e+03   4.7397016e+04
   1.3055498e+03   4.7101949e+04
   1.3046426e+03   4.6997191e+04
   1.3037354e+03   4.7250762e+04
   1.3028281e+03   4.7146008e+04
   1.3019209e+03   4.7082617e+04
   1.3010137e+03   4.6933855e+04
   1.3001055e+03   4.6603363e+04
   1.2991982e+03   4.6730102e+04
   1.2982900e+03   4.6589730e+04
   1.2973818e+03   4.6421879e+04
   1.2964736e+03   4.6287113e+04
   1.2955645e+03   4.6259711e+04
   1.2946562e+03   4.5992953e+04
   1.2937471e+03   4.5511730e+04
   1.2928379e+03   4.5643988e+04
   1.2919287e+03   4.5498469e+04
   1.2910195e+03   4.5146797e+04
   1.2901104e+03   4.5284543e+04
   1.2892012e+03   4.5402996e+04
   1.2882910e+03   4.5128465e+04
   1.2873809e+03   4.5406250e+04
   1.2864707e+03   4.5296625e+04
   1.2855605e+03   4.5258441e+04
   1.2846504e+03   4.5228508e+04
   1.2837393e+03   4.5585691e+04
   1.2828291e+03   4.5454141e+04
   1.2819180e+03   4.5572387e+04
   1.2810068e+03   4.5921086e+04
   1.2800957e+03   4.6069379e+04
   1.2791846e+03   4.6209391e+04
   1.2782725e+03   4.6387750e+04
   1.2773613e+03   4.6596203e+04
   1.2764492e+03   4.6423500e+04
   1.2755371e+03   4.6623648e+04
   1.2746250e+03   4.6220785e+04
   1.2737129e+03   4.6437336e+04
   1.2727998e+03   4.6001766e+04
   1.2718877e+03   4.5804656e+04
   1.2709746e+03   4.5341961e+04
   1.2700615e+03   4.5435285e+04
   1.2691484e+03   4.4748320e+04
   1.2682354e+03   4.4776016e+04
   1.2673213e+03   4.4133191e+04
   1.2664082e+03   4.3780641e+04
   1.2654941e+03   4.3414531e+04
   1.2645801e+03   4.3420555e+04
   1.2636660e+03   4.3341797e+04
   1.2627520e+03   4.3049781e+04
   1.2618369e+03   4.3452270e+04
   1.2609229e+03   4.2993598e+04
   1.2600078e+03   4.3092602e+04
   1.2590928e+03   4.3057676e+04
   1.2581777e+03   4.2828793e+04
   1.2572627e+03   4.3547809e+04
   1.2563467e+03   4.2955695e+04
   1.2554316e+03   4.3417766e+04
   1.2545156e+03   4.3729520e+04
   1.2535996e+03   4.3863738e+04
   1.2526836e+03   4.3793230e+04
   1.2517676e+03   4.3553574e+04
   1.2508516e+03   4.4186992e+04
   1.2499346e+03   4.4255566e+04
   1.2490176e+03   4.4673188e+04
   1.2481006e+03   4.5188820e+04
   1.2471836e+03   4.5298070e+04
   1.2462666e+03   4.5121078e+04
   1.2453496e+03   4.5350207e+04
   1.2444316e+03   4.5543828e+04
   1.2435146e+03   4.5903562e+04
   1.2425967e+03   4.5712965e+04
   1.2416787e+03   4.6042578e+04
   1.2407598e+03   4.5307457e+04
   1.2398418e+03   4.5963703e+04
   1.2389229e+03   4.6263152e+04
   1.2380049e+03   4.5980121e+04
   1.2370859e+03   4.5974719e+04
   1.2361670e+03   4.6143426e+04
   1.2352480e+03   4.5914957e+04
   1.2343281e+03   4.5961234e+04
   1.2334092e+03   4.6486027e+04
   1.2324893e+03   4.6118973e+04
   1.2315693e+03   4.6298367e+04
   1.2306494e+03   4.6151590e+04
   1.2297295e+03   4.6673254e+04
   1.2288096e+03   4.6333582e+04
   1.2278887e+03   4.6034773e+04
   1.2269678e+03   4.5559551e+04
   1.2260469e+03   4.4981320e+04
   1.2251260e+03   4.5263836e+04
   1.2242051e+03   4.5046840e+04
   1.2232842e+03   4.5462207e+04
   1.2223623e+03   4.5085172e+04
   1.2214414e+03   4.4621461e+04
   1.2205195e+03   4.5145168e+04
   1.2195977e+03   4.4787367e+04
   1.2186758e+03   4.4237188e+04
   1.2177529e+03   4.4177855e+04
   1.2168311e+03   4.4419391e+04
   1.2159082e+03   4.4341074e+04
   1.2149854e+03   4.4203180e+04
   1.2140625e+03   4.4360598e+04
   1.2131396e+03   4.4339207e+04
   1.2122158e+03   4.3952250e+04
   1.2112930e+03   4.4069012e+04
   1.2103691e+03   4.4009777e+04
   1.2094453e+03   4.3168391e+04
   1.2085215e+03   4.3369109e+04
   1.2075977e+03   4.3496707e+04
   1.2066738e+03   4.3023738e+04
   1.2057490e+03   4.2851141e+04
   1.2048242e+03   4.2383859e+04
   1.2038994e+03   4.2857594e+04
   1.2029746e+03   4.2417504e+04
   1.2020498e+03   4.2515395e+04
   1.2011250e+03   4.2618652e+04
   1.2001992e+03   4.2581383e+04
   1.1992744e+03   4.2476594e+04
   1.1983486e+03   4.2182793e+04
   1.1974229e+03   4.2207719e+04
   1.1964961e+03   4.2327133e+04
   1.1955703e+03   4.2419504e+04
   1.1946436e+03   4.2568520e+04
   1.1937178e+03   4.2347805e+04
   1.1927910e+03   4.2499473e+04
   1.1918643e+03   4.2947797e+04
   1.1909365e+03   4.2562617e+04
   1.1900098e+03   4.2449910e+04
   1.1890830e+03   4.2385770e+04
   1.1881553e+03   4.2723273e+04
   1.1872275e+03   4.2497402e+04
   1.1862998e+03   4.2729680e+04
   1.1853721e+03   4.2862191e+04
   1.1844434e+03   4.2854590e+04
   1.1835156e+03   4.2814672e+04
   1.1825869e+03   4.2955168e+04
   1.1816582e+03   4.2734871e+04
   1.1807295e+03   4.2355840e+04
   1.1798008e+03   4.2181473e+04
   1.1788711e+03   4.2179371e+04
   1.1779424e+03   4.1682266e+04
   1.1770127e+03   4.1685629e+04
   1.1760830e+03   4.1675539e+04
   1.1751533e+03   4.1463797e+04
   1.1742227e+03   4.0800488e+04
   1.1732930e+03   4.1016336e+04
   1.1723623e+03   4.0694633e+04
   1.1714326e+03   4.0896984e+04
   1.1705020e+03   4.0731227e+04
   1.1695713e+03   4.0323793e+04
   1.1686396e+03   4.0397195e+04
   1.1677090e+03   4.0634352e+04
   1.1667773e+03   4.0608344e+04
   1.1658457e+03   4.0421305e+04
   1.1649141e+03   4.0491945e+04
   1.1639824e+03   4.0597441e+04
   1.1630508e+03   4.0737773e+04
   1.1621191e+03   4.0355039e+04
   1.1611865e+03   4.0127977e+04
   1.1602539e+03   4.0938598e+04
   1.1593213e+03   4.0606961e+04
   1.1583887e+03   4.0119988e+04
   1.1574561e+03   3.9930637e+04
   1.1565225e+03   3.9741352e+04
   1.1555889e+03   3.9605707e+04
   1.1546562e+03   3.9895957e+04
   1.1537227e+03   3.9586270e+04
   1.1527881e+03   3.9480172e+04
   1.1518545e+03   3.9802406e+04
   1.1509209e+03   3.9474160e+04
   1.1499863e+03   3.9555445e+04
   1.1490518e+03   3.9797230e+04
   1.1481172e+03   3.9664426e+04
   1.1471826e+03   3.9882031e+04
   1.1462480e+03   3.9669035e+04
   1.1453125e+03   3.9220848e+04
   1.1443770e+03   3.9617500e+04
   1.1434414e+03   3.9377938e+04
   1.1425059e+03   3.9459113e+04
   1.1415703e+03   3.8864328e+04
   1.1406348e+03   3.9183297e+04
   1.1396982e+03   3.8922609e+04
   1.1387617e+03   3.9030500e+04
   1.1378262e+03   3.8788617e+04
   1.1368896e+03   3.8784379e+04
   1.1359521e+03   3.8513266e+04
   1.1350156e+03   3.8960023e+04
   1.1340781e+03   3.8712980e+04
   1.1331416e+03   3.8655410e+04
   1.1322041e+03   3.8467180e+04
   1.1312666e+03   3.8084363e+04
   1.1303281e+03   3.8413488e+04
   1.1293906e+03   3.7740281e+04
   1.1284521e+03   3.8077344e+04
   1.1275137e+03   3.7822762e+04
   1.1265762e+03   3.7629543e+04
   1.1256367e+03   3.7851906e+04
   1.1246982e+03   3.7829184e+04
   1.1237598e+03   3.7726586e+04
   1.1228203e+03   3.7538840e+04
   1.1218809e+03   3.7337848e+04
   1.1209414e+03   3.7168863e+04
   1.1200020e+03   3.7093059e+04
   1.1190625e+03   3.7387055e+04
   1.1181221e+03   3.7023980e+04
   1.1171826e+03   3.7344477e+04
   1.1162422e+03   3.6861887e+04
   1.1153018e+03   3.7339137e+04
   1.1143613e+03   3.7018848e+04
   1.1134199e+03   3.6826230e+04
   1.1124795e+03   3.6835605e+04
   1.1115381e+03   3.7107961e+04
   1.1105967e+03   3.6854340e+04
   1.1096553e+03   3.6784031e+04
   1.1087139e+03   3.6687199e+04
   1.1077725e+03   3.6386000e+04
   1.1068301e+03   3.6705961e+04
   1.1058877e+03   3.6311984e+04
   1.1049453e+03   3.6172852e+04
   1.1040029e+03   3.6243320e+04
   1.1030605e+03   3.6167898e+04
   1.1021182e+03   3.5997035e+04
   1.1011748e+03   3.5961449e+04
   1.1002314e+03   3.6326137e+04
   1.0992881e+03   3.6139434e+04
   1.0983447e+03   3.6236324e+04
   1.0974014e+03   3.6020555e+04
   1.0964580e+03   3.6286961e+04
   1.0955137e+03   3.6391715e+04
   1.0945693e+03   3.6205156e+04
   1.0936250e+03   3.5986895e+04
   1.0926807e+03   3.5980469e+04
   1.0917363e+03   3.6050789e+04
   1.0907910e+03   3.5978199e+04
   1.0898467e+03   3.6238977e+04
   1.0889014e+03   3.5975926e+04
   1.0879561e+03   3.6416441e+04
   1.0870107e+03   3.6105855e+04
   1.0860645e+03   3.6588484e+04
   1.0851191e+03   3.6920277e+04
   1.0841729e+03   3.6583340e+04
   1.0832266e+03   3.7123746e+04
   1.0822803e+03   3.7317887e+04
   1.0813340e+03   3.6870117e+04
   1.0803877e+03   3.7235887e+04
   1.0794404e+03   3.7334844e+04
   1.0784932e+03   3.7127539e+04
   1.0775459e+03   3.7033797e+04
   1.0765986e+03   3.6955926e+04
   1.0756514e+03   3.7284402e+04
   1.0747041e+03   3.6818723e+04
   1.0737559e+03   3.7083805e+04
   1.0728076e+03   3.7235395e+04
   1.0718594e+03   3.6933438e+04
   1.0709111e+03   3.6916285e+04
   1.0699629e+03   3.7489523e+04
   1.0690137e+03   3.6876727e+04
   1.0680654e+03   3.6978148e+04
   1.0671162e+03   3.7129590e+04
   1.0661670e+03   3.7146648e+04
   1.0652178e+03   3.7005703e+04
   1.0642676e+03   3.7099125e+04
   1.0633184e+03   3.6842414e+04
   1.0623682e+03   3.6625266e+04
   1.0614180e+03   3.6900273e+04
   1.0604678e+03   3.6641094e+04
   1.0595176e+03   3.6376750e+04
   1.0585674e+03   3.6514887e+04
   1.0576162e+03   3.6808113e+04
   1.0566650e+03   3.6401906e+04
   1.0557139e+03   3.6563617e+04
   1.0547627e+03   3.6417777e+04
   1.0538115e+03   3.6844816e+04
   1.0528604e+03   3.6762027e+04
   1.0519082e+03   3.7180969e+04
   1.0509561e+03   3.7003602e+04
   1.0500039e+03   3.7180773e+04
   1.0490518e+03   3.7205617e+04
   1.0480996e+03   3.7668793e+04
   1.0471465e+03   3.7630551e+04
   1.0461943e+03   3.7471621e+04
   1.0452412e+03   3.7895145e+04
   1.0442881e+03   3.7738844e+04
   1.0433350e+03   3.7863203e+04
   1.0423809e+03   3.8307398e+04
   1.0414277e+03   3.8651816e+04
   1.0404736e+03   3.8374918e+04
   1.0395195e+03   3.8748023e+04
   1.0385654e+03   3.8811816e+04
   1.0376113e+03   3.9436191e+04
   1.0366572e+03   3.9308637e+04
   1.0357021e+03   3.9642020e+04
   1.0347471e+03   3.9637527e+04
   1.0337920e+03   3.9640887e+04
   1.0328369e+03   3.9570961e+04
   1.0318818e+03   3.9616199e+04
   1.0309268e+03   3.9760840e+04
   1.0299707e+03   4.0350129e+04
   1.0290146e+03   4.0416117e+04
   1.0280586e+03   4.0275504e+04
   1.0271025e+03   4.0362395e+04
   1.0261465e+03   4.0292414e+04
   1.0251895e+03   4.0847094e+04
   1.0242324e+03   4.0395539e+04
   1.0232764e+03   4.0895133e+04
   1.0223184e+03   4.0574336e+04
   1.0213613e+03   4.1034539e+04
   1.0204043e+03   4.1024559e+04
   1.0194463e+03   4.0938871e+04
   1.0184893e+03   4.0824496e+04
   1.0175312e+03   4.0587504e+04
   1.0165732e+03   4.0387125e+04
   1.0156143e+03   4.0314648e+04
   1.0146562e+03   4.0398699e+04
   1.0136973e+03   4.0091531e+04
   1.0127383e+03   3.9946133e+04
   1.0117793e+03   4.0019770e+04
   1.0108203e+03   4.0069922e+04
   1.0098613e+03   3.9340848e+04
   1.0089014e+03   3.9458848e+04
   1.0079424e+03   3.9446543e+04
   1.0069824e+03   3.9376941e+04
   1.0060225e+03   3.9627676e+04
   1.0050625e+03   4.0021523e+04
   1.0041016e+03   3.9920613e+04
   1.0031416e+03   4.0275219e+04
   1.0021807e+03   4.0215930e+04
   1.0012197e+03   4.0224309e+04
   1.0002588e+03   4.0495422e+04
   9.9929785e+02   4.0269664e+04
   9.9833594e+02   4.0668090e+04
   9.9737500e+02   4.0504777e+04
   9.9641309e+02   4.0682055e+04
   9.9545117e+02   4.0373246e+04
   9.9448926e+02   4.0446539e+04
   9.9352637e+02   4.0052148e+04
   9.9256445e+02   3.9902070e+04
   9.9160156e+02   3.9783211e+04
   9.9063867e+02   3.9765668e+04
   9.8967578e+02   3.9623508e+04
   9.8871289e+02   4.0068035e+04
   9.8774902e+02   3.9949227e+04
   9.8678613e+02   3.9833051e+04
   9.8582227e+02   3.9597578e+04
   9.8485840e+02   4.0036598e+04
   9.8389453e+02   4.0304289e+04
   9.8293066e+02   4.0649676e+04
   9.8196582e+02   4.0595688e+04
   9.8100195e+02   4.0824250e+04
   9.8003711e+02   4.1016449e+04
   9.7907227e+02   4.1301852e+04
   9.7810742e+02   4.1600105e+04
   9.7714160e+02   4.1820543e+04
   9.7617676e+02   4.2162617e+04
   9.7521094e+02   4.2582242e+04
   9.7424512e+02   4.3483219e+04
   9.7327930e+02   4.3589270e+04
   9.7231348e+02   4.3759973e+04
   9.7134668e+02   4.3951312e+04
   9.7038086e+02   4.4789301e+04
   9.6941406e+02   4.4796746e+04
   9.6844727e+02   4.4630930e+04
   9.6748047e+02   4.4798695e+04
   9.6651367e+02   4.4090078e+04
   9.6554590e+02   4.4195852e+04
   9.6457812e+02   4.3947562e+04
   9.6361133e+02   4.3092207e+04
   9.6264258e+02   4.3071520e+04
   9.6167480e+02   4.3164477e+04
   9.6070703e+02   4.2033426e+04
   9.5973828e+02   4.1803812e+04
   9.5877051e+02   4.1434891e+04
   9.5780176e+02   4.1303535e+04
   9.5683301e+02   4.0152984e+04
   9.5586328e+02   4.0653980e+04
   9.5489453e+02   4.0081750e+04
   9.5392480e+02   4.0089988e+04
   9.5295508e+02   4.0010555e+04
   9.5198535e+02   3.9696547e+04
   9.5101562e+02   3.9478023e+04
   9.5004590e+02   3.9334309e+04
   9.4907520e+02   3.9404508e+04
   9.4810449e+02   3.9446344e+04
   9.4713477e+02   3.9233164e+04
   9.4616309e+02   3.9779758e+04
   9.4519238e+02   3.9365758e+04
   9.4422168e+02   3.9327758e+04
   9.4325000e+02   3.9403020e+04
   9.4227832e+02   3.9599199e+04
   9.4130664e+02   3.9522578e+04
   9.4033496e+02   3.9746957e+04
   9.3936328e+02   3.9346266e+04
   9.3839062e+02   3.9470305e+04
   9.3741895e+02   3.9576297e+04
   9.3644629e+02   4.0342895e+04
   9.3547363e+02   3.9595410e+04
   9.3450000e+02   3.9470047e+04
   9.3352734e+02   3.9694145e+04
   9.3255371e+02   3.9792285e+04
   9.3158105e+02   3.9726023e+04
   9.3060742e+02   3.9693164e+04
   9.2963379e+02   3.9362504e+04
   9.2865918e+02   3.9337418e+04
   9.2768555e+02   3.9330305e+04
   9.2671094e+02   3.9010148e+04
   9.2573633e+02   3.8836336e+04
   9.2476172e+02   3.8270137e+04
   9.2378711e+02   3.8745352e+04
   9.2281250e+02   3.8515270e+04
   9.2183691e+02   3.8113504e+04
   9.2086133e+02   3.8221949e+04
   9.1988574e+02   3.8253477e+04
   9.1891016e+02   3.8100508e+04
   9.1793457e+02   3.7791324e+04
   9.1695801e+02   3.8020125e+04
   9.1598242e+02   3.7708504e+04
   9.1500586e+02   3.7811777e+04
   9.1402930e+02   3.8017406e+04
   9.1305273e+02   3.7698270e+04
   9.1207520e+02   3.7343422e+04
   9.1109863e+02   3.7623219e+04
   9.1012109e+02   3.7821051e+04
   9.0914355e+02   3.7489387e+04
   9.0816602e+02   3.7820145e+04
   9.0718848e+02   3.7900223e+04
   9.0620996e+02   3.7729758e+04
   9.0523145e+02   3.8029617e+04
   9.0425391e+02   3.7915406e+04
   9.0327539e+02   3.8230445e+04
   9.0229590e+02   3.8146891e+04
   9.0131738e+02   3.8004621e+04
   9.0033789e+02   3.7939008e+04
   8.9935938e+02   3.8427410e+04
   8.9837988e+02   3.8073305e+04
   8.9740039e+02   3.8556398e+04
   8.9641992e+02   3.8345285e+04
   8.9544043e+02   3.8259250e+04
   8.9445996e+02   3.8652770e+04
   8.9347949e+02   3.8505504e+04
   8.9249902e+02   3.8633656e+04
   8.9151855e+02   3.8879031e+04
   8.9053809e+02   3.8573770e+04
   8.8955664e+02   3.8719680e+04
   8.8857520e+02   3.8651508e+04
   8.8759375e+02   3.8731109e+04
   8.8661230e+02   3.8897281e+04
   8.8563086e+02   3.8760352e+04
   8.8464844e+02   3.8600559e+04
   8.8366699e+02   3.9540512e+04
   8.8268457e+02   3.8586555e+04
   8.8170215e+02   3.8732234e+04
   8.8071973e+02   3.9063586e+04
   8.7973633e+02   3.9130266e+04
   8.7875391e+02   3.8942590e+04
   8.7777051e+02   3.8948238e+04
   8.7678711e+02   3.9106422e+04
   8.7580371e+02   3.8601113e+04
   8.7482031e+02   3.8805043e+04
   8.7383594e+02   3.8752262e+04
   8.7285156e+02   3.8481016e+04
   8.7186816e+02   3.8926156e+04
   8.7088379e+02   3.8807348e+04
   8.6989844e+02   3.9046594e+04
   8.6891406e+02   3.8625703e+04
   8.6792871e+02   3.9184703e+04
   8.6694434e+02   3.9147133e+04
   8.6595898e+02   3.8964953e+04
   8.6497266e+02   3.9262293e+04
   8.6398730e+02   3.9120730e+04
   8.6300195e+02   3.9336781e+04
   8.6201562e+02   3.9491902e+04
   8.6102930e+02   3.9312348e+04
   8.6004297e+02   3.9292531e+04
   8.5905664e+02   3.9151086e+04
   8.5806934e+02   3.9313723e+04
   8.5708301e+02   3.9179918e+04
   8.5609570e+02   3.9887012e+04
   8.5510840e+02   3.9046664e+04
   8.5412109e+02   3.8905379e+04
   8.5313379e+02   3.9118527e+04
   8.5214551e+02   3.9501164e+04
   8.5115723e+02   3.9547117e+04
   8.5016895e+02   3.9448852e+04
   8.4918066e+02   3.9590914e+04
   8.4819238e+02   3.9131023e+04
   8.4720410e+02   3.9756039e+04
   8.4621484e+02   3.9710883e+04
   8.4522559e+02   3.9799707e+04
   8.4423633e+02   3.9716652e+04
   8.4324707e+02   3.9833234e+04
   8.4225781e+02   3.9750199e+04
   8.4126758e+02   3.9788430e+04
   8.4027734e+02   3.9902402e+04
   8.3928711e+02   3.9922914e+04
   8.3829688e+02   3.9461258e+04
   8.3730664e+02   3.9719086e+04
   8.3631543e+02   4.0584977e+04
   8.3532520e+02   4.0224367e+04
   8.3433398e+02   4.0032898e+04
   8.3334277e+02   4.0408965e+04
   8.3235156e+02   4.0164574e+04
   8.3135938e+02   4.0379125e+04
   8.3036816e+02   4.0142383e+04
   8.2937598e+02   4.0263605e+04
   8.2838379e+02   4.0571246e+04
   8.2739160e+02   4.0722574e+04
   8.2639941e+02   4.0246645e+04
   8.2540625e+02   4.0863879e+04
   8.2441309e+02   4.0853914e+04
   8.2341992e+02   4.1521160e+04
   8.2242676e+02   4.1475840e+04
   8.2143359e+02   4.1128543e+04
   8.2044043e+02   4.1000273e+04
   8.1944629e+02   4.0985250e+04
   8.1845215e+02   4.0381676e+04
   8.1745801e+02   4.0525199e+04
   8.1646387e+02   4.0236211e+04
   8.1546973e+02   3.9932242e+04
   8.1447461e+02   3.9296617e+04
   8.1347949e+02   3.9146215e+04
   8.1248535e+02   3.9478258e+04
   8.1148926e+02   3.8672242e+04
   8.1049414e+02   3.8911320e+04
   8.0949902e+02   3.9039820e+04
   8.0850293e+02   3.9040230e+04
   8.0750684e+02   3.9125984e+04
   8.0651074e+02   3.8707254e+04
   8.0551465e+02   3.8660043e+04
   8.0451758e+02   3.8540094e+04
   8.0352148e+02   3.8089086e+04
   8.0252441e+02   3.8305336e+04
   8.0152734e+02   3.7989930e+04
   8.0053027e+02   3.8135922e+04
   7.9953320e+02   3.7803113e+04
   7.9853516e+02   3.8086914e+04
   7.9753711e+02   3.7919605e+04
   7.9653906e+02   3.7602043e+04
   7.9554102e+02   3.7778020e+04
   7.9454297e+02   3.7948922e+04
   7.9354492e+02   3.7754207e+04
   7.9254590e+02   3.8067734e+04
   7.9154688e+02   3.8203445e+04
   7.9054785e+02   3.8461719e+04
   7.8954883e+02   3.8036871e+04
   7.8854980e+02   3.8222535e+04
   7.8754980e+02   3.8158027e+04
   7.8654980e+02   3.8291090e+04
   7.8554980e+02   3.8514102e+04
   7.8454980e+02   3.9206965e+04
   7.8354980e+02   3.8769938e+04
   7.8254883e+02   3.8712879e+04
   7.8154883e+02   3.8735781e+04
   7.8054785e+02   3.8671250e+04
   7.7954688e+02   3.8451906e+04
   7.7854492e+02   3.8270090e+04
   7.7754395e+02   3.8680000e+04
   7.7654199e+02   3.8273570e+04
   7.7554004e+02   3.8328957e+04
   7.7453809e+02   3.8711184e+04
   7.7353613e+02   3.8753996e+04
   7.7253418e+02   3.8697023e+04
   7.7153125e+02   3.8969238e+04
   7.7052832e+02   3.8934688e+04
   7.6952539e+02   3.9169363e+04
   7.6852246e+02   3.8880562e+04
   7.6751953e+02   3.9391762e+04
   7.6651562e+02   3.9267457e+04
   7.6551270e+02   3.9858105e+04
   7.6450879e+02   3.9332781e+04
   7.6350488e+02   3.9527277e+04
   7.6250000e+02   3.9726680e+04
   7.6149609e+02   3.9876227e+04
   7.6049121e+02   3.9968473e+04
   7.5948730e+02   3.9884020e+04
   7.5848145e+02   4.0391688e+04
   7.5747656e+02   4.0642977e+04
   7.5647168e+02   4.0973746e+04
   7.5546582e+02   4.1177590e+04
   7.5445996e+02   4.1177504e+04
   7.5345508e+02   4.2248672e+04
   7.5244824e+02   4.2139047e+04
   7.5144238e+02   4.2774840e+04
   7.5043555e+02   4.3832699e+04
   7.4942969e+02   4.4691477e+04
   7.4842285e+02   4.5415840e+04
   7.4741602e+02   4.7565051e+04
   7.4640820e+02   4.9008492e+04
   7.4540137e+02   5.1756867e+04
   7.4439355e+02   5.4695297e+04
   7.4338574e+02   5.9872957e+04
   7.4237793e+02   6.4768414e+04
   7.4137012e+02   7.0118406e+04
   7.4036230e+02   7.6133445e+04
   7.3935352e+02   8.1023219e+04
   7.3834473e+02   8.4342195e+04
   7.3733594e+02   8.5208977e+04
   7.3632715e+02   8.4001539e+04
   7.3531836e+02   8.0887008e+04
   7.3430859e+02   7.6235477e+04
   7.3329883e+02   7.0768430e+04
   7.3228906e+02   6.5669828e+04
   7.3127930e+02   6.0095324e+04
   7.3026953e+02   5.5458434e+04
   7.2925977e+02   5.2013520e+04
   7.2824902e+02   4.8733160e+04
   7.2723828e+02   4.6458316e+04
   7.2622754e+02   4.4397008e+04
   7.2521680e+02   4.3295891e+04
   7.2420508e+02   4.2148199e+04
   7.2319336e+02   4.1470586e+04
   7.2218262e+02   4.0583148e+04
   7.2117090e+02   3.9505770e+04
   7.2015820e+02   3.9456516e+04
   7.1914648e+02   3.8987371e+04
   7.1813379e+02   3.8664102e+04
   7.1712207e+02   3.8605148e+04
   7.1610938e+02   3.8496844e+04
   7.1509570e+02   3.8329336e+04
   7.1408301e+02   3.7952125e+04
   7.1306934e+02   3.8149941e+04
   7.1205664e+02   3.7698895e+04
   7.1104297e+02   3.7778293e+04
   7.1002930e+02   3.7771352e+04
   7.0901465e+02   3.7712633e+04
   7.0800098e+02   3.7562730e+04
   7.0698633e+02   3.7383305e+04
   7.0597168e+02   3.7061020e+04
   7.0495703e+02   3.7246375e+04
   7.0394238e+02   3.6815848e+04
   7.0292676e+02   3.7055359e+04
   7.0191211e+02   3.6649645e+04
   7.0089648e+02   3.6967879e+04
   6.9988086e+02   3.6857699e+04
   6.9886523e+02   3.6900141e+04
   6.9784863e+02   3.6989316e+04
   6.9683301e+02   3.6724203e+04
   6.9581641e+02   3.6911758e+04
   6.9479980e+02   3.6816438e+04
   6.9378320e+02   3.7043246e+04
   6.9276562e+02   3.7233090e+04
   6.9174902e+02   3.7228699e+04
   6.9073145e+02   3.7118637e+04
   6.8971387e+02   3.7671984e+04
   6.8869629e+02   3.7692074e+04
   6.8767773e+02   3.7997051e+04
   6.8666016e+02   3.8547469e+04
   6.8564160e+02   3.8118094e+04
   6.8462305e+02   3.8123352e+04
   6.8360449e+02   3.8680801e+04
   6.8258594e+02   3.8651594e+04
   6.8156641e+02   3.8632211e+04
   6.8054785e+02   3.8438680e+04
   6.7952832e+02   3.8659672e+04
   6.7850879e+02   3.8093508e+04
   6.7748926e+02   3.8088941e+04
   6.7646875e+02   3.7633387e+04
   6.7544824e+02   3.8248902e+04
   6.7442871e+02   3.7683223e+04
   6.7340820e+02   3.7661582e+04
   6.7238672e+02   3.7664441e+04
   6.7136621e+02   3.7860750e+04
   6.7034473e+02   3.7902738e+04
   6.6932422e+02   3.8094031e+04
   6.6830273e+02   3.7744371e+04
   6.6728027e+02   3.7752094e+04
   6.6625879e+02   3.8139027e+04
   6.6523633e+02   3.8036598e+04
   6.6421484e+02   3.8296160e+04
   6.6319238e+02   3.8428473e+04
   6.6216992e+02   3.8411609e+04
   6.6114648e+02   3.8558516e+04
   6.6012402e+02   3.8761574e+04
   6.5910059e+02   3.9191789e+04
   6.5807715e+02   3.8915836e+04
   6.5705371e+02   3.9367844e+04
   6.5603027e+02   3.9267785e+04
   6.5500586e+02   3.9336227e+04
   6.5398145e+02   3.9734195e+04
   6.5295703e+02   3.9673172e+04
   6.5193262e+02   3.9690250e+04
   6.5090820e+02   3.9934223e+04
   6.4988379e+02   3.9343855e+04
   6.4885840e+02   3.9495117e+04
   6.4783301e+02   3.9465883e+04
   6.4680762e+02   3.9729211e+04
   6.4578223e+02   3.9514688e+04
   6.4475586e+02   3.9724289e+04
   6.4373047e+02   3.8983531e+04
   6.4270410e+02   3.9561016e+04
   6.4167773e+02   3.9295523e+04
   6.4065137e+02   3.9806977e+04
   6.3962402e+02   4.0096676e+04
   6.3859766e+02   4.0113609e+04
   6.3757031e+02   4.0456688e+04
   6.3654297e+02   4.0337273e+04
   6.3551562e+02   4.0675309e+04
   6.3448730e+02   4.1103223e+04
   6.3345996e+02   4.1783922e+04
   6.3243164e+02   4.1759176e+04
   6.3140332e+02   4.2303348e+04
   6.3037500e+02   4.2871621e+04
   6.2934570e+02   4.2822383e+04
   6.2831738e+02   4.2610355e+04
   6.2728809e+02   4.2981469e+04
   6.2625879e+02   4.3041535e+04
   6.2522949e+02   4.2732438e+04
   6.2420020e+02   4.2107805e+04
   6.2316992e+02   4.1629055e+04
   6.2214062e+02   4.0864074e+04
   6.2111035e+02   4.0725473e+04
   6.2007910e+02   4.0227832e+04
   6.1904883e+02   3.9652742e+04
   6.1801855e+02   3.9747273e+04
   6.1698730e+02   3.9444078e+04
   6.1595605e+02   3.9121594e+04
   6.1492480e+02   3.8639242e+04
   6.1389355e+02   3.8348531e+04
   6.1286133e+02   3.8326898e+04
   6.1183008e+02   3.7803770e+04
   6.1079785e+02   3.7530324e+04
   6.0976562e+02   3.7247293e+04
   6.0873242e+02   3.7482531e+04
   6.0770020e+02   3.7628109e+04
   6.0666699e+02   3.7294379e+04
   6.0563379e+02   3.7485914e+04
   6.0460059e+02   3.7055551e+04
   6.0356738e+02   3.7341402e+04
   6.0253418e+02   3.7486859e+04
   6.0150000e+02   3.7194566e+04
   6.0046582e+02   3.7081297e+04
   5.9943164e+02   3.7316160e+04
   5.9839746e+02   3.7140066e+04
   5.9736328e+02   3.7101770e+04
   5.9632812e+02   3.7239855e+04
   5.9529297e+02   3.6831977e+04
   5.9425781e+02   3.6965223e+04
   5.9322266e+02   3.6627570e+04
   5.9218750e+02   3.6681133e+04
   5.9115137e+02   3.7195703e+04
   5.9011523e+02   3.7297406e+04
   5.8907910e+02   3.7560730e+04
   5.8804297e+02   3.7314938e+04
   5.8700684e+02   3.7645691e+04
   5.8596973e+02   3.6792273e+04
   5.8493262e+02   3.6640789e+04
   5.8389551e+02   3.6633992e+04
   5.8285840e+02   3.6877855e+04
   5.8182129e+02   3.6873422e+04
   5.8078320e+02   3.6948500e+04
   5.7974512e+02   3.6960914e+04
   5.7870703e+02   3.6978141e+04
   5.7766895e+02   3.6947199e+04
   5.7663086e+02   3.6921086e+04
   5.7559180e+02   3.7253625e+04
   5.7455371e+02   3.7032523e+04
   5.7351465e+02   3.7379355e+04
   5.7247559e+02   3.7528785e+04
   5.7143555e+02   3.7776773e+04
   5.7039648e+02   3.7954930e+04
   5.6935645e+02   3.8356625e+04
   5.6831641e+02   3.8383156e+04
   5.6727637e+02   3.8373625e+04
   5.6623633e+02   3.8722148e+04
   5.6519531e+02   3.8736578e+04
   5.6415430e+02   3.9344328e+04
   5.6311328e+02   3.9445094e+04
   5.6207227e+02   3.9245668e+04
   5.6103125e+02   3.9708930e+04
   5.5998926e+02   3.9425516e+04
   5.5894824e+02   3.9619781e+04
   5.5790625e+02   3.9672406e+04
   5.5686426e+02   3.9660234e+04
   5.5582129e+02   3.9703234e+04
   5.5477930e+02   3.9753410e+04
   5.5373633e+02   4.0331051e+04
   5.5269336e+02   4.0225266e+04
   5.5165039e+02   4.0277707e+04
   5.5060742e+02   4.0351695e+04
   5.4956348e+02   4.0574195e+04
   5.4852051e+02   4.0267223e+04
   5.4747656e+02   4.0214230e+04
   5.4643262e+02   4.0383949e+04
   5.4538770e+02   4.0508113e+04
   5.4434375e+02   3.9878230e+04
   5.4329883e+02   4.0251332e+04
   5.4225391e+02   3.9662402e+04
   5.4120898e+02   3.9556938e+04
   5.4016406e+02   3.9618941e+04
   5.3911816e+02   3.9671355e+04
   5.3807324e+02   3.9510953e+04
   5.3702734e+02   3.9462961e+04
   5.3598145e+02   3.9833250e+04
   5.3493457e+02   3.9873629e+04
   5.3388867e+02   3.9381199e+04
   5.3284180e+02   3.9705902e+04
   5.3179492e+02   3.9311605e+04
   5.3074805e+02   3.9461887e+04
   5.2970117e+02   3.9411566e+04
   5.2865332e+02   3.9502094e+04
   5.2760645e+02   3.9735773e+04
   5.2655859e+02   3.9198664e+04
   5.2551074e+02   3.9692348e+04
   5.2446289e+02   3.9830453e+04
   5.2341406e+02   3.9875496e+04
   5.2236523e+02   3.9663016e+04
   5.2131641e+02   3.9994137e+04
   5.2026758e+02   4.0205961e+04
   5.1921875e+02   3.9543148e+04
   5.1816992e+02   3.9602488e+04
   5.1712012e+02   3.9411688e+04
   5.1607031e+02   3.9423395e+04
   5.1502051e+02   3.9418430e+04
   5.1397070e+02   3.9151578e+04
   5.1291992e+02   3.9082391e+04
   5.1187012e+02   3.9170301e+04
   5.1081934e+02   3.8977402e+04
   5.0976855e+02   3.9203273e+04
   5.0871680e+02   3.9326781e+04
   5.0766602e+02   3.8998406e+04
   5.0661426e+02   3.9366801e+04
   5.0556250e+02   3.9138375e+04
   5.0451074e+02   3.8879141e+04
   5.0345898e+02   3.8945551e+04
   5.0240625e+02   3.8741086e+04
   5.0135449e+02   3.9064047e+04
   5.0030176e+02   3.8949883e+04
   4.9924902e+02   3.8940238e+04
   4.9819531e+02   3.9243980e+04
   4.9714258e+02   3.8572027e+04
   4.9608887e+02   3.8711969e+04
   4.9503516e+02   3.9074895e+04
   4.9398145e+02   3.8635836e+04
   4.9292773e+02   3.8899020e+04
   4.9187305e+02   3.9181074e+04
   4.9081934e+02   3.8801508e+04
   4.8976465e+02   3.8988648e+04
   4.8870996e+02   3.9208898e+04
   4.8765430e+02   3.9004895e+04
   4.8659961e+02   3.9225055e+04
   4.8554395e+02   3.9241414e+04
   4.8448828e+02   3.9454340e+04
   4.8343262e+02   3.9366461e+04
   4.8237695e+02   3.9588750e+04
   4.8132031e+02   3.9846457e+04
   4.8026367e+02   3.9739617e+04
   4.7920703e+02   3.9753484e+04
   4.7815039e+02   3.9694008e+04
   4.7709375e+02   4.0107605e+04
   4.7603613e+02   3.9944031e+04
   4.7497949e+02   4.0347965e+04
   4.7392188e+02   4.0037836e+04
   4.7286426e+02   4.0191070e+04
   4.7180566e+02   4.0386777e+04
   4.7074805e+02   4.0653285e+04
   4.6968945e+02   4.0364586e+04
   4.6863086e+02   4.0876613e+04
   4.6757227e+02   4.0866605e+04
   4.6651270e+02   4.0771613e+04
   4.6545410e+02   4.0792309e+04
   4.6439453e+02   4.0768156e+04
   4.6333496e+02   4.1454227e+04
   4.6227539e+02   4.0859062e+04
   4.6121582e+02   4.1238230e+04
   4.6015527e+02   4.1037141e+04
   4.5909473e+02   4.1394910e+04
   4.5803418e+02   4.1035926e+04
   4.5697363e+02   4.1120164e+04
   4.5591309e+02   4.1202008e+04
   4.5485156e+02   4.0951629e+04
   4.5379004e+02   4.1294938e+04
   4.5272852e+02   4.1117637e+04
   4.5166699e+02   4.1719793e+04
   4.5060547e+02   4.1883840e+04
   4.4954297e+02   4.1464082e+04
   4.4848047e+02   4.1333945e+04
   4.4741797e+02   4.1690898e+04
   4.4635547e+02   4.1941859e+04
   4.4529297e+02   4.1844625e+04
   4.4422949e+02   4.2088402e+04
   4.4316602e+02   4.1817191e+04
   4.4210254e+02   4.2714371e+04
   4.4103906e+02   4.2600605e+04
   4.3997461e+02   4.2841699e+04
   4.3891113e+02   4.2826621e+04
   4.3784668e+02   4.2919598e+04
   4.3678223e+02   4.2509961e+04
   4.3571680e+02   4.2588871e+04
   4.3465234e+02   4.2580883e+04
   4.3358691e+02   4.2673828e+04
   4.3252148e+02   4.2665824e+04
   4.3145605e+02   4.2291805e+04
   4.3039062e+02   4.2408203e+04
   4.2932520e+02   4.2193852e+04
   4.2825879e+02   4.2298496e+04
   4.2719238e+02   4.2257738e+04
   4.2612598e+02   4.2207617e+04
   4.2505957e+02   4.2333285e+04
   4.2399219e+02   4.2756492e+04
   4.2292480e+02   4.2617273e+04
   4.2185742e+02   4.2756844e+04
   4.2079004e+02   4.2435004e+04
   4.1972266e+02   4.2771234e+04
   4.1865430e+02   4.2929418e+04
   4.1758691e+02   4.3181160e+04
   4.1651855e+02   4.3222199e+04
   4.1544922e+02   4.3623527e+04
   4.1438086e+02   4.3486680e+04
   4.1331250e+02   4.3621180e+04
   4.1224316e+02   4.4024543e+04
   4.1117383e+02   4.3866645e+04
   4.1010449e+02   4.4230066e+04
   4.0903418e+02   4.4233445e+04
   4.0796484e+02   4.3881652e+04
   4.0689453e+02   4.4328965e+04
   4.0582422e+02   4.4334648e+04
   4.0475391e+02   4.4592543e+04
   4.0368262e+02   4.4829324e+04
   4.0261133e+02   4.4792887e+04
   4.0154102e+02   4.4765797e+04
