   2.0012861e+03   1.1227183e+04
   2.0004980e+03   1.0966972e+04
   1.9997109e+03   1.1349051e+04
   1.9989229e+03   1.1159997e+04
   1.9981338e+03   1.1383331e+04
   1.9973457e+03   1.1241901e+04
   1.9965576e+03   1.1287588e+04
   1.9957686e+03   1.1146221e+04
   1.9949805e+03   1.1372576e+04
   1.9941914e+03   1.1256594e+04
   1.9934023e+03   1.1378291e+04
   1.9926133e+03   1.1373227e+04
   1.9918242e+03   1.1209788e+04
   1.9910342e+03   1.1423273e+04
   1.9902451e+03   1.1342208e+04
   1.9894551e+03   1.1435295e+04
   1.9886650e+03   1.1322600e+04
   1.9878750e+03   1.1456801e+04
   1.9870850e+03   1.1337810e+04
   1.9862949e+03   1.1560550e+04
   1.9855049e+03   1.1568111e+04
   1.9847148e+03   1.1490276e+04
   1.9839238e+03   1.1545279e+04
   1.9831328e+03   1.1483281e+04
   1.9823428e+03   1.1326469e+04
   1.9815518e+03   1.1640644e+04
   1.9807598e+03   1.1423813e+04
   1.9799688e+03   1.1570408e+04
   1.9791777e+03   1.1461069e+04
   1.9783857e+03   1.1636035e+04
   1.9775947e+03   1.1754098e+04
   1.9768027e+03   1.1594263e+04
   1.9760107e+03   1.1544973e+04
   1.9752188e+03   1.1754526e+04
   1.9744268e+03   1.1667355e+04
   1.9736348e+03   1.1501328e+04
   1.9728418e+03   1.1657150e+04
   1.9720488e+03   1.1579501e+04
   1.9712568e+03   1.1640644e+04
   1.9704639e+03   1.1837355e+04
   1.9696709e+03   1.1800699e+04
   1.9688779e+03   1.1474051e+04
   1.9680850e+03   1.1579292e+04
   1.9672910e+03   1.1646684e+04
   1.9664980e+03   1.1606931e+04
   1.9657041e+03   1.1586092e+04
   1.9649102e+03   1.1587306e+04
   1.9641162e+03   1.1752270e+04
   1.9633223e+03   1.1687336e+04
   1.9625283e+03   1.1908892e+04
   1.9617344e+03   1.1743233e+04
   1.9609395e+03   1.1930088e+04
   1.9601445e+03   1.1836848e+04
   1.9593506e+03   1.1809703e+04
   1.9585557e+03   1.1773130e+04
   1.9577607e+03   1.1686252e+04
   1.9569658e+03   1.1863524e+04
   1.9561699e+03   1.1993581e+04
   1.9553750e+03   1.1636387e+04
   1.9545791e+03   1.1920431e+04
   1.9537842e+03   1.1974998e+04
   1.9529883e+03   1.1885028e+04
   1.9521924e+03   1.1970994e+04
   1.9513965e+03   1.2056931e+04
   1.9505996e+03   1.1919889e+04
   1.9498037e+03   1.1786033e+04
   1.9490068e+03   1.2097969e+04
   1.9482109e+03   1.2136746e+04
   1.9474141e+03   1.2090784e+04
   1.9466172e+03   1.1853449e+04
   1.9458203e+03   1.2058506e+04
   1.9450234e+03   1.1918485e+04
   1.9442256e+03   1.2029385e+04
   1.9434287e+03   1.2036778e+04
   1.9426309e+03   1.2185237e+04
   1.9418340e+03   1.2227079e+04
   1.9410361e+03   1.2131019e+04
   1.9402383e+03   1.2094522e+04
   1.9394395e+03   1.2120692e+04
   1.9386416e+03   1.2077944e+04
   1.9378438e+03   1.2022684e+04
   1.9370449e+03   1.1958047e+04
   1.9362461e+03   1.2003005e+04
   1.9354482e+03   1.2267059e+04
   1.9346494e+03   1.2246227e+04
   1.9338496e+03   1.2309888e+04
   1.9330508e+03   1.2123240e+04
   1.9322520e+03   1.2496576e+04
   1.9314521e+03   1.2281812e+04
   1.9306533e+03   1.2276627e+04
   1.9298535e+03   1.2124500e+04
   1.9290537e+03   1.2385050e+04
   1.9282539e+03   1.2545497e+04
   1.9274531e+03   1.2255904e+04
   1.9266533e+03   1.2319463e+04
   1.9258535e+03   1.2329895e+04
   1.9250527e+03   1.2309088e+04
   1.9242520e+03   1.2319517e+04
   1.9234512e+03   1.2186316e+04
   1.9226504e+03   1.2493329e+04
   1.9218496e+03   1.2394477e+04
   1.9210488e+03   1.2358071e+04
   1.9202471e+03   1.2574414e+04
   1.9194463e+03   1.2213543e+04
   1.9186445e+03   1.2308189e+04
   1.9178428e+03   1.2483888e+04
   1.9170410e+03   1.2310299e+04
   1.9162393e+03   1.2576347e+04
   1.9154375e+03   1.2393448e+04
   1.9146348e+03   1.2606411e+04
   1.9138330e+03   1.2336319e+04
   1.9130303e+03   1.2518065e+04
   1.9122275e+03   1.2774508e+04
   1.9114248e+03   1.2613528e+04
   1.9106221e+03   1.2437032e+04
   1.9098193e+03   1.2852143e+04
   1.9090156e+03   1.2255426e+04
   1.9082129e+03   1.2695325e+04
   1.9074092e+03   1.2497148e+04
   1.9066055e+03   1.2579058e+04
   1.9058018e+03   1.2645384e+04
   1.9049980e+03   1.2814327e+04
   1.9041943e+03   1.2538519e+04
   1.9033906e+03   1.2471120e+04
   1.9025859e+03   1.2506331e+04
   1.9017822e+03   1.2696939e+04
   1.9009775e+03   1.2676162e+04
   1.9001729e+03   1.2639855e+04
   1.8993682e+03   1.2684332e+04
   1.8985635e+03   1.2567277e+04
   1.8977578e+03   1.2947152e+04
   1.8969531e+03   1.2671733e+04
   1.8961475e+03   1.2759637e+04
   1.8953428e+03   1.2636438e+04
   1.8945371e+03   1.2491555e+04
   1.8937314e+03   1.2591854e+04
   1.8929258e+03   1.2872062e+04
   1.8921191e+03   1.2900919e+04
   1.8913135e+03   1.3131357e+04
   1.8905068e+03   1.2949300e+04
   1.8897012e+03   1.2872716e+04
   1.8888945e+03   1.2867452e+04
   1.8880879e+03   1.2865290e+04
   1.8872812e+03   1.2962290e+04
   1.8864736e+03   1.2891949e+04
   1.8856670e+03   1.2861902e+04
   1.8848594e+03   1.3085839e+04
   1.8840527e+03   1.2925707e+04
   1.8832451e+03   1.2932822e+04
   1.8824375e+03   1.3178303e+04
   1.8816299e+03   1.2953235e+04
   1.8808223e+03   1.3019140e+04
   1.8800137e+03   1.2961257e+04
   1.8792061e+03   1.3113757e+04
   1.8783975e+03   1.3142482e+04
   1.8775889e+03   1.3035125e+04
   1.8767803e+03   1.3100958e+04
   1.8759717e+03   1.3002917e+04
   1.8751631e+03   1.2821452e+04
   1.8743545e+03   1.3159248e+04
   1.8735449e+03   1.2965457e+04
   1.8727363e+03   1.3157910e+04
   1.8719268e+03   1.3226741e+04
   1.8711172e+03   1.3057742e+04
   1.8703076e+03   1.2950557e+04
   1.8694980e+03   1.2997775e+04
   1.8686875e+03   1.3202406e+04
   1.8678779e+03   1.3089076e+04
   1.8670674e+03   1.3441740e+04
   1.8662578e+03   1.3288299e+04
   1.8654473e+03   1.3282978e+04
   1.8646367e+03   1.3271488e+04
   1.8638252e+03   1.3475863e+04
   1.8630146e+03   1.3347184e+04
   1.8622041e+03   1.3449747e+04
   1.8613926e+03   1.3299538e+04
   1.8605811e+03   1.3500688e+04
   1.8597705e+03   1.3218031e+04
   1.8589590e+03   1.3394480e+04
   1.8581465e+03   1.3309062e+04
   1.8573350e+03   1.3439241e+04
   1.8565234e+03   1.3341527e+04
   1.8557109e+03   1.3674840e+04
   1.8548984e+03   1.3494011e+04
   1.8540869e+03   1.3630225e+04
   1.8532744e+03   1.3194074e+04
   1.8524609e+03   1.3407203e+04
   1.8516484e+03   1.3334197e+04
   1.8508359e+03   1.3777886e+04
   1.8500225e+03   1.3458849e+04
   1.8492100e+03   1.3481176e+04
   1.8483965e+03   1.3626448e+04
   1.8475830e+03   1.3491998e+04
   1.8467695e+03   1.3775496e+04
   1.8459551e+03   1.3754740e+04
   1.8451416e+03   1.3638765e+04
   1.8443271e+03   1.3704033e+04
   1.8435137e+03   1.3446850e+04
   1.8426992e+03   1.3674850e+04
   1.8418848e+03   1.3859797e+04
   1.8410703e+03   1.3424701e+04
   1.8402559e+03   1.3692481e+04
   1.8394404e+03   1.3702444e+04
   1.8386260e+03   1.3534479e+04
   1.8378105e+03   1.4059743e+04
   1.8369951e+03   1.3842708e+04
   1.8361797e+03   1.3619613e+04
   1.8353643e+03   1.3822710e+04
   1.8345488e+03   1.3946045e+04
   1.8337334e+03   1.3744496e+04
   1.8329170e+03   1.3778944e+04
   1.8321016e+03   1.3687777e+04
   1.8312852e+03   1.4157168e+04
   1.8304688e+03   1.3719906e+04
   1.8296523e+03   1.3968672e+04
   1.8288359e+03   1.3669354e+04
   1.8280186e+03   1.3859884e+04
   1.8272021e+03   1.3958537e+04
   1.8263848e+03   1.3928642e+04
   1.8255674e+03   1.4008893e+04
   1.8247500e+03   1.3718994e+04
   1.8239326e+03   1.3961345e+04
   1.8231152e+03   1.3790807e+04
   1.8222979e+03   1.3898540e+04
   1.8214795e+03   1.4122396e+04
   1.8206621e+03   1.4251430e+04
   1.8198438e+03   1.4178740e+04
   1.8190254e+03   1.4096908e+04
   1.8182070e+03   1.3895969e+04
   1.8173887e+03   1.4150175e+04
   1.8165703e+03   1.3988991e+04
   1.8157510e+03   1.4157605e+04
   1.8149326e+03   1.4149107e+04
   1.8141133e+03   1.4134508e+04
   1.8132939e+03   1.4122964e+04
   1.8124746e+03   1.4196854e+04
   1.8116553e+03   1.4145646e+04
   1.8108350e+03   1.4179854e+04
   1.8100156e+03   1.4339085e+04
   1.8091953e+03   1.4385445e+04
   1.8083760e+03   1.4227537e+04
   1.8075557e+03   1.4392773e+04
   1.8067354e+03   1.4256249e+04
   1.8059141e+03   1.4299543e+04
   1.8050938e+03   1.4248381e+04
   1.8042734e+03   1.4343441e+04
   1.8034521e+03   1.4493287e+04
   1.8026309e+03   1.4356858e+04
   1.8018096e+03   1.4165676e+04
   1.8009883e+03   1.4431143e+04
   1.8001670e+03   1.4404354e+04
   1.7993457e+03   1.4328888e+04
   1.7985234e+03   1.4429903e+04
   1.7977021e+03   1.4454838e+04
   1.7968799e+03   1.4665285e+04
   1.7960576e+03   1.4303987e+04
   1.7952354e+03   1.4635999e+04
   1.7944131e+03   1.4402498e+04
   1.7935908e+03   1.4597612e+04
   1.7927676e+03   1.4537404e+04
   1.7919453e+03   1.4413414e+04
   1.7911221e+03   1.4599312e+04
   1.7902988e+03   1.4848930e+04
   1.7894756e+03   1.4624736e+04
   1.7886523e+03   1.4877299e+04
   1.7878291e+03   1.4565141e+04
   1.7870049e+03   1.4629447e+04
   1.7861816e+03   1.4441856e+04
   1.7853574e+03   1.4767096e+04
   1.7845332e+03   1.4855603e+04
   1.7837090e+03   1.4743895e+04
   1.7828848e+03   1.4698940e+04
   1.7820596e+03   1.4787412e+04
   1.7812354e+03   1.4754591e+04
   1.7804102e+03   1.4976388e+04
   1.7795859e+03   1.4952637e+04
   1.7787607e+03   1.5107663e+04
   1.7779355e+03   1.4996041e+04
   1.7771104e+03   1.4911716e+04
   1.7762842e+03   1.5021242e+04
   1.7754590e+03   1.4776459e+04
   1.7746328e+03   1.4916244e+04
   1.7738076e+03   1.4822907e+04
   1.7729814e+03   1.5147247e+04
   1.7721553e+03   1.4887477e+04
   1.7713281e+03   1.5248000e+04
   1.7705020e+03   1.5275663e+04
   1.7696758e+03   1.4928294e+04
   1.7688486e+03   1.4901571e+04
   1.7680215e+03   1.5388825e+04
   1.7671943e+03   1.5359010e+04
   1.7663672e+03   1.5162976e+04
   1.7655400e+03   1.5211774e+04
   1.7647129e+03   1.5006767e+04
   1.7638848e+03   1.5535878e+04
   1.7630576e+03   1.5240276e+04
   1.7622295e+03   1.5542686e+04
   1.7614014e+03   1.5135469e+04
   1.7605732e+03   1.5386474e+04
   1.7597451e+03   1.5456300e+04
   1.7589170e+03   1.5465747e+04
   1.7580879e+03   1.5484242e+04
   1.7572598e+03   1.5400163e+04
   1.7564307e+03   1.5521212e+04
   1.7556016e+03   1.5319543e+04
   1.7547725e+03   1.5672729e+04
   1.7539434e+03   1.5561541e+04
   1.7531133e+03   1.5634252e+04
   1.7522842e+03   1.5550229e+04
   1.7514541e+03   1.5592784e+04
   1.7506240e+03   1.5746791e+04
   1.7497949e+03   1.5599536e+04
   1.7489639e+03   1.5675188e+04
   1.7481338e+03   1.5820066e+04
   1.7473037e+03   1.5705988e+04
   1.7464727e+03   1.6031413e+04
   1.7456426e+03   1.5775890e+04
   1.7448115e+03   1.5782236e+04
   1.7439805e+03   1.6008200e+04
   1.7431494e+03   1.5972392e+04
   1.7423184e+03   1.5825318e+04
   1.7414863e+03   1.5864727e+04
   1.7406553e+03   1.6096533e+04
   1.7398232e+03   1.5991595e+04
   1.7389922e+03   1.6079039e+04
   1.7381602e+03   1.6010197e+04
   1.7373281e+03   1.6247828e+04
   1.7364951e+03   1.6242062e+04
   1.7356631e+03   1.6383462e+04
   1.7348301e+03   1.6053362e+04
   1.7339980e+03   1.6425928e+04
   1.7331650e+03   1.6083925e+04
   1.7323320e+03   1.6639439e+04
   1.7314990e+03   1.6381538e+04
   1.7306660e+03   1.6501764e+04
   1.7298320e+03   1.6630949e+04
   1.7289990e+03   1.6661111e+04
   1.7281650e+03   1.6823211e+04
   1.7273311e+03   1.6754387e+04
   1.7264971e+03   1.6916412e+04
   1.7256631e+03   1.6685742e+04
   1.7248291e+03   1.6667918e+04
   1.7239941e+03   1.6745980e+04
   1.7231602e+03   1.6907895e+04
   1.7223252e+03   1.6518635e+04
   1.7214902e+03   1.6506838e+04
   1.7206553e+03   1.6980105e+04
   1.7198203e+03   1.7022119e+04
   1.7189854e+03   1.6866570e+04
   1.7181504e+03   1.6902604e+04
   1.7173145e+03   1.6935631e+04
   1.7164785e+03   1.7088312e+04
   1.7156426e+03   1.6864057e+04
   1.7148066e+03   1.7073520e+04
   1.7139707e+03   1.7142375e+04
   1.7131348e+03   1.6945131e+04
   1.7122988e+03   1.7022949e+04
   1.7114619e+03   1.7154537e+04
   1.7106250e+03   1.7211375e+04
   1.7097881e+03   1.7154666e+04
   1.7089512e+03   1.7232395e+04
   1.7081143e+03   1.6939762e+04
   1.7072773e+03   1.7148885e+04
   1.7064395e+03   1.7119092e+04
   1.7056025e+03   1.7346021e+04
   1.7047646e+03   1.7423646e+04
   1.7039268e+03   1.7301316e+04
   1.7030889e+03   1.7626553e+04
   1.7022510e+03   1.7698123e+04
   1.7014121e+03   1.7253697e+04
   1.7005742e+03   1.7593684e+04
   1.6997354e+03   1.7602609e+04
   1.6988975e+03   1.7396902e+04
   1.6980586e+03   1.7402877e+04
   1.6972197e+03   1.7468447e+04
   1.6963799e+03   1.7846836e+04
   1.6955410e+03   1.7903371e+04
   1.6947012e+03   1.7679914e+04
   1.6938623e+03   1.7825793e+04
   1.6930225e+03   1.7813820e+04
   1.6921826e+03   1.7900088e+04
   1.6913428e+03   1.7828576e+04
   1.6905029e+03   1.8069557e+04
   1.6896621e+03   1.8209291e+04
   1.6888223e+03   1.8036615e+04
   1.6879814e+03   1.8072205e+04
   1.6871406e+03   1.8173205e+04
   1.6862998e+03   1.8422838e+04
   1.6854590e+03   1.8262133e+04
   1.6846182e+03   1.7940975e+04
   1.6837764e+03   1.8484727e+04
   1.6829355e+03   1.8639051e+04
   1.6820938e+03   1.8374438e+04
   1.6812520e+03   1.8754469e+04
   1.6804102e+03   1.8439438e+04
   1.6795684e+03   1.8777756e+04
   1.6787266e+03   1.8640955e+04
   1.6778838e+03   1.8682295e+04
   1.6770420e+03   1.8750330e+04
   1.6761992e+03   1.9109133e+04
   1.6753564e+03   1.8993131e+04
   1.6745137e+03   1.8746654e+04
   1.6736709e+03   1.8856148e+04
   1.6728271e+03   1.8977467e+04
   1.6719844e+03   1.9291449e+04
   1.6711406e+03   1.9403758e+04
   1.6702979e+03   1.9833143e+04
   1.6694541e+03   1.9820863e+04
   1.6686104e+03   1.9494541e+04
   1.6677656e+03   1.9811125e+04
   1.6669219e+03   1.9926207e+04
   1.6660771e+03   2.0316637e+04
   1.6652334e+03   1.9830574e+04
   1.6643887e+03   2.0149842e+04
   1.6635439e+03   2.0208549e+04
   1.6626992e+03   2.0483252e+04
   1.6618545e+03   2.0589221e+04
   1.6610088e+03   2.0674443e+04
   1.6601641e+03   2.0744848e+04
   1.6593184e+03   2.1217396e+04
   1.6584727e+03   2.1015674e+04
   1.6576270e+03   2.1127367e+04
   1.6567812e+03   2.1534582e+04
   1.6559355e+03   2.1409738e+04
   1.6550889e+03   2.1766537e+04
   1.6542432e+03   2.1969600e+04
   1.6533965e+03   2.1998330e+04
   1.6525498e+03   2.2331217e+04
   1.6517031e+03   2.2286059e+04
   1.6508564e+03   2.2571547e+04
   1.6500088e+03   2.3175705e+04
   1.6491621e+03   2.2838270e+04
   1.6483145e+03   2.3448074e+04
   1.6474678e+03   2.3868867e+04
   1.6466201e+03   2.4268869e+04
   1.6457715e+03   2.3981605e+04
   1.6449238e+03   2.4602590e+04
   1.6440762e+03   2.4660285e+04
   1.6432275e+03   2.4585320e+04
   1.6423799e+03   2.4545746e+04
   1.6415312e+03   2.5319422e+04
   1.6406826e+03   2.5438818e+04
   1.6398340e+03   2.5169363e+04
   1.6389854e+03   2.5144438e+04
   1.6381357e+03   2.5001738e+04
   1.6372871e+03   2.5059277e+04
   1.6364375e+03   2.5284576e+04
   1.6355879e+03   2.5056576e+04
   1.6347383e+03   2.4690357e+04
   1.6338887e+03   2.5083293e+04
   1.6330381e+03   2.4976043e+04
   1.6321885e+03   2.4959998e+04
   1.6313379e+03   2.5223301e+04
   1.6304883e+03   2.5057279e+04
   1.6296377e+03   2.5423355e+04
   1.6287871e+03   2.5254416e+04
   1.6279355e+03   2.5358807e+04
   1.6270850e+03   2.5269260e+04
   1.6262344e+03   2.5632105e+04
   1.6253828e+03   2.5707008e+04
   1.6245312e+03   2.5875848e+04
   1.6236797e+03   2.6123900e+04
   1.6228281e+03   2.5978518e+04
   1.6219766e+03   2.5974062e+04
   1.6211240e+03   2.6362818e+04
   1.6202725e+03   2.6584207e+04
   1.6194199e+03   2.6808451e+04
   1.6185674e+03   2.6645475e+04
   1.6177148e+03   2.6723010e+04
   1.6168623e+03   2.7419148e+04
   1.6160098e+03   2.7118371e+04
   1.6151562e+03   2.7251469e+04
   1.6143037e+03   2.7460711e+04
   1.6134502e+03   2.7921850e+04
   1.6125967e+03   2.7788164e+04
   1.6117432e+03   2.7651594e+04
   1.6108896e+03   2.8097816e+04
   1.6100361e+03   2.8110559e+04
   1.6091816e+03   2.8457018e+04
   1.6083271e+03   2.8329203e+04
   1.6074736e+03   2.8292146e+04
   1.6066191e+03   2.8664725e+04
   1.6057637e+03   2.8475504e+04
   1.6049092e+03   2.8251248e+04
   1.6040547e+03   2.8494967e+04
   1.6031992e+03   2.8630416e+04
   1.6023447e+03   2.8336086e+04
   1.6014893e+03   2.8705342e+04
   1.6006338e+03   2.8601051e+04
   1.5997783e+03   2.9066553e+04
   1.5989219e+03   2.8237738e+04
   1.5980664e+03   2.8983543e+04
   1.5972100e+03   2.8631041e+04
   1.5963535e+03   2.8737074e+04
   1.5954971e+03   2.8796359e+04
   1.5946406e+03   2.8803084e+04
   1.5937842e+03   2.8383730e+04
   1.5929277e+03   2.8801936e+04
   1.5920703e+03   2.9001197e+04
   1.5912139e+03   2.8736611e+04
   1.5903564e+03   2.9376180e+04
   1.5894990e+03   2.8951248e+04
   1.5886416e+03   2.9094951e+04
   1.5877842e+03   2.9737037e+04
   1.5869258e+03   2.9049971e+04
   1.5860684e+03   2.9327615e+04
   1.5852100e+03   2.9255564e+04
   1.5843516e+03   2.9189361e+04
   1.5834932e+03   2.9583328e+04
   1.5826348e+03   2.9278320e+04
   1.5817754e+03   2.9305307e+04
   1.5809170e+03   2.9544771e+04
   1.5800576e+03   2.9210822e+04
   1.5791992e+03   2.9421121e+04
   1.5783398e+03   2.9593525e+04
   1.5774795e+03   2.9422629e+04
   1.5766201e+03   2.9516447e+04
   1.5757607e+03   2.9607324e+04
   1.5749004e+03   2.9593504e+04
   1.5740410e+03   2.9149480e+04
   1.5731807e+03   2.9807100e+04
   1.5723203e+03   2.9171406e+04
   1.5714600e+03   2.9471441e+04
   1.5705986e+03   2.9385031e+04
   1.5697383e+03   2.9156338e+04
   1.5688770e+03   2.8884166e+04
   1.5680166e+03   2.9445336e+04
   1.5671553e+03   2.9010648e+04
   1.5662939e+03   2.9142059e+04
   1.5654316e+03   2.9142842e+04
   1.5645703e+03   2.8801268e+04
   1.5637090e+03   2.8993561e+04
   1.5628467e+03   2.8898654e+04
   1.5619844e+03   2.8948771e+04
   1.5611221e+03   2.9010467e+04
   1.5602598e+03   2.9185191e+04
   1.5593975e+03   2.9151178e+04
   1.5585342e+03   2.9262066e+04
   1.5576719e+03   2.9219355e+04
   1.5568086e+03   2.9141898e+04
   1.5559453e+03   2.9319342e+04
   1.5550820e+03   2.9566221e+04
   1.5542188e+03   2.9497426e+04
   1.5533545e+03   2.9631291e+04
   1.5524912e+03   2.9814311e+04
   1.5516270e+03   2.9218830e+04
   1.5507637e+03   2.9289018e+04
   1.5498994e+03   2.9605068e+04
   1.5490342e+03   2.9507406e+04
   1.5481699e+03   2.9372184e+04
   1.5473057e+03   2.9222551e+04
   1.5464404e+03   2.9370723e+04
   1.5455762e+03   2.9498609e+04
   1.5447109e+03   2.9320129e+04
   1.5438457e+03   2.9115707e+04
   1.5429795e+03   2.9393787e+04
   1.5421143e+03   2.8808160e+04
   1.5412490e+03   2.8771422e+04
   1.5403828e+03   2.8893496e+04
   1.5395166e+03   2.8325578e+04
   1.5386504e+03   2.8592002e+04
   1.5377842e+03   2.8480289e+04
   1.5369180e+03   2.8204150e+04
   1.5360518e+03   2.8323328e+04
   1.5351846e+03   2.8413621e+04
   1.5343174e+03   2.8244334e+04
   1.5334502e+03   2.8230807e+04
   1.5325830e+03   2.8459441e+04
   1.5317158e+03   2.8059645e+04
   1.5308486e+03   2.8037506e+04
   1.5299805e+03   2.7972154e+04
   1.5291133e+03   2.7926988e+04
   1.5282451e+03   2.7922164e+04
   1.5273770e+03   2.8355078e+04
   1.5265088e+03   2.8174537e+04
   1.5256406e+03   2.8218607e+04
   1.5247715e+03   2.7989219e+04
   1.5239033e+03   2.7555578e+04
   1.5230342e+03   2.8134922e+04
   1.5221650e+03   2.8529943e+04
   1.5212959e+03   2.8444473e+04
   1.5204268e+03   2.8174975e+04
   1.5195576e+03   2.8385758e+04
   1.5186875e+03   2.8231355e+04
   1.5178184e+03   2.8640385e+04
   1.5169482e+03   2.8319305e+04
   1.5160781e+03   2.8337395e+04
   1.5152080e+03   2.8119898e+04
   1.5143379e+03   2.8382168e+04
   1.5134668e+03   2.7756928e+04
   1.5125967e+03   2.8300564e+04
   1.5117256e+03   2.7787518e+04
   1.5108545e+03   2.8098457e+04
   1.5099834e+03   2.7947229e+04
   1.5091123e+03   2.7761619e+04
   1.5082412e+03   2.7868703e+04
   1.5073691e+03   2.7935592e+04
   1.5064980e+03   2.7798832e+04
   1.5056260e+03   2.7837031e+04
   1.5047539e+03   2.7640129e+04
   1.5038818e+03   2.7927721e+04
   1.5030098e+03   2.7891361e+04
   1.5021367e+03   2.7774779e+04
   1.5012646e+03   2.7835865e+04
   1.5003916e+03   2.7762299e+04
   1.4995186e+03   2.7448184e+04
   1.4986455e+03   2.7755547e+04
   1.4977725e+03   2.7805137e+04
   1.4968984e+03   2.7714447e+04
   1.4960254e+03   2.7915709e+04
   1.4951514e+03   2.7664787e+04
   1.4942783e+03   2.8029061e+04
   1.4934043e+03   2.7726715e+04
   1.4925293e+03   2.7876350e+04
   1.4916553e+03   2.8014496e+04
   1.4907812e+03   2.8021076e+04
   1.4899062e+03   2.7824701e+04
   1.4890312e+03   2.7874182e+04
   1.4881572e+03   2.8240828e+04
   1.4872822e+03   2.8313072e+04
   1.4864062e+03   2.8088213e+04
   1.4855312e+03   2.7866285e+04
   1.4846562e+03   2.8552494e+04
   1.4837803e+03   2.8370531e+04
   1.4829043e+03   2.8220031e+04
   1.4820283e+03   2.8660369e+04
   1.4811523e+03   2.8989266e+04
   1.4802764e+03   2.8955707e+04
   1.4793994e+03   2.8819469e+04
   1.4785234e+03   2.8999854e+04
   1.4776465e+03   2.9220098e+04
   1.4767695e+03   2.9579969e+04
   1.4758926e+03   2.9571986e+04
   1.4750156e+03   3.0162525e+04
   1.4741377e+03   3.0080354e+04
   1.4732607e+03   3.0451215e+04
   1.4723828e+03   3.0841889e+04
   1.4715049e+03   3.1041600e+04
   1.4706270e+03   3.1118795e+04
   1.4697490e+03   3.1346857e+04
   1.4688711e+03   3.2240953e+04
   1.4679922e+03   3.1734436e+04
   1.4671143e+03   3.2411881e+04
   1.4662354e+03   3.2722066e+04
   1.4653564e+03   3.3145930e+04
   1.4644775e+03   3.2804562e+04
   1.4635986e+03   3.3415941e+04
   1.4627188e+03   3.4098188e+04
   1.4618398e+03   3.4299781e+04
   1.4609600e+03   3.4001078e+04
   1.4600801e+03   3.4731172e+04
   1.4592002e+03   3.4730824e+04
   1.4583203e+03   3.4750355e+04
   1.4574404e+03   3.4434734e+04
   1.4565596e+03   3.4380477e+04
   1.4556787e+03   3.4641391e+04
   1.4547988e+03   3.4490598e+04
   1.4539180e+03   3.4629355e+04
   1.4530371e+03   3.3953629e+04
   1.4521553e+03   3.3839914e+04
   1.4512744e+03   3.3731906e+04
   1.4503926e+03   3.3377184e+04
   1.4495107e+03   3.3101984e+04
   1.4486299e+03   3.3158605e+04
   1.4477471e+03   3.3209535e+04
   1.4468652e+03   3.2492355e+04
   1.4459834e+03   3.2410193e+04
   1.4451006e+03   3.2384725e+04
   1.4442188e+03   3.2390424e+04
   1.4433359e+03   3.2427275e+04
   1.4424531e+03   3.2042170e+04
   1.4415703e+03   3.1761957e+04
   1.4406865e+03   3.1864006e+04
   1.4398037e+03   3.1852801e+04
   1.4389199e+03   3.1909518e+04
   1.4380361e+03   3.2045434e+04
   1.4371523e+03   3.1689078e+04
   1.4362686e+03   3.1813670e+04
   1.4353848e+03   3.1655428e+04
   1.4345010e+03   3.1217326e+04
   1.4336162e+03   3.0646512e+04
   1.4327314e+03   3.0595955e+04
   1.4318467e+03   3.0785619e+04
   1.4309619e+03   3.0500543e+04
   1.4300771e+03   3.0240988e+04
   1.4291924e+03   3.0145340e+04
   1.4283066e+03   3.0004543e+04
   1.4274219e+03   3.0182844e+04
   1.4265361e+03   3.0166295e+04
   1.4256504e+03   3.0053787e+04
   1.4247646e+03   2.9605502e+04
   1.4238779e+03   2.9763992e+04
   1.4229922e+03   2.9679820e+04
   1.4221055e+03   2.9494137e+04
   1.4212188e+03   2.9976863e+04
   1.4203320e+03   2.9999836e+04
   1.4194453e+03   3.0000248e+04
   1.4185586e+03   3.0172590e+04
   1.4176719e+03   2.9899615e+04
   1.4167842e+03   3.0694596e+04
   1.4158965e+03   3.0968137e+04
   1.4150088e+03   3.1086670e+04
   1.4141211e+03   3.1050273e+04
   1.4132334e+03   3.1577012e+04
   1.4123457e+03   3.1895244e+04
   1.4114570e+03   3.2033230e+04
   1.4105684e+03   3.2635498e+04
   1.4096807e+03   3.2897105e+04
   1.4087920e+03   3.3358352e+04
   1.4079023e+03   3.3943191e+04
   1.4070137e+03   3.4418156e+04
   1.4061250e+03   3.4668016e+04
   1.4052354e+03   3.4979633e+04
   1.4043457e+03   3.5220875e+04
   1.4034561e+03   3.4790387e+04
   1.4025664e+03   3.4466820e+04
   1.4016768e+03   3.4427098e+04
   1.4007861e+03   3.4716008e+04
   1.3998965e+03   3.4493715e+04
   1.3990059e+03   3.3752062e+04
   1.3981152e+03   3.3951105e+04
   1.3972246e+03   3.4164109e+04
   1.3963340e+03   3.3571629e+04
   1.3954424e+03   3.3492820e+04
   1.3945518e+03   3.3683344e+04
   1.3936602e+03   3.3523199e+04
   1.3927686e+03   3.3780953e+04
   1.3918770e+03   3.4380688e+04
   1.3909854e+03   3.4209285e+04
   1.3900938e+03   3.4623742e+04
   1.3892012e+03   3.5315484e+04
   1.3883086e+03   3.5738008e+04
   1.3874170e+03   3.6123961e+04
   1.3865244e+03   3.6551789e+04
   1.3856309e+03   3.6884254e+04
   1.3847383e+03   3.7129805e+04
   1.3838457e+03   3.7487246e+04
   1.3829521e+03   3.8032090e+04
   1.3820586e+03   3.8176562e+04
   1.3811650e+03   3.8382535e+04
   1.3802715e+03   3.8554867e+04
   1.3793779e+03   3.8531348e+04
   1.3784844e+03   3.8415551e+04
   1.3775898e+03   3.8439590e+04
   1.3766953e+03   3.8295891e+04
   1.3758008e+03   3.7772117e+04
   1.3749062e+03   3.7678883e+04
   1.3740117e+03   3.7725383e+04
   1.3731172e+03   3.7333273e+04
   1.3722217e+03   3.7136816e+04
   1.3713262e+03   3.7175004e+04
   1.3704307e+03   3.7112660e+04
   1.3695352e+03   3.6762801e+04
   1.3686396e+03   3.6876391e+04
   1.3677441e+03   3.6551805e+04
   1.3668477e+03   3.6941613e+04
   1.3659521e+03   3.6329793e+04
   1.3650557e+03   3.6356910e+04
   1.3641592e+03   3.6534602e+04
   1.3632627e+03   3.6218719e+04
   1.3623652e+03   3.6661203e+04
   1.3614688e+03   3.6353766e+04
   1.3605713e+03   3.6483953e+04
   1.3596738e+03   3.6538867e+04
   1.3587773e+03   3.6599328e+04
   1.3578789e+03   3.6882590e+04
   1.3569814e+03   3.7037652e+04
   1.3560840e+03   3.7465520e+04
   1.3551855e+03   3.8065828e+04
   1.3542871e+03   3.8075863e+04
   1.3533887e+03   3.8428184e+04
   1.3524902e+03   3.8680211e+04
   1.3515918e+03   3.8409160e+04
   1.3506934e+03   3.8894738e+04
   1.3497939e+03   3.9013066e+04
   1.3488945e+03   3.8828285e+04
   1.3479951e+03   3.9307969e+04
   1.3470957e+03   3.9620719e+04
   1.3461963e+03   3.9216387e+04
   1.3452969e+03   3.9345660e+04
   1.3443965e+03   3.9422105e+04
   1.3434971e+03   3.9592957e+04
   1.3425967e+03   3.9533254e+04
   1.3416963e+03   3.8879398e+04
   1.3407949e+03   3.8961418e+04
   1.3398945e+03   3.8593770e+04
   1.3389941e+03   3.8473227e+04
   1.3380928e+03   3.7570301e+04
   1.3371914e+03   3.7630289e+04
   1.3362900e+03   3.7243711e+04
   1.3353887e+03   3.7009789e+04
   1.3344873e+03   3.6653949e+04
   1.3335850e+03   3.6398027e+04
   1.3326836e+03   3.5959270e+04
   1.3317812e+03   3.6365863e+04
   1.3308789e+03   3.6312383e+04
   1.3299766e+03   3.6181355e+04
   1.3290732e+03   3.6640316e+04
   1.3281709e+03   3.6384660e+04
   1.3272676e+03   3.6566551e+04
   1.3263652e+03   3.6867410e+04
   1.3254619e+03   3.6844332e+04
   1.3245576e+03   3.7568426e+04
   1.3236543e+03   3.7146816e+04
   1.3227510e+03   3.7292441e+04
   1.3218467e+03   3.7277598e+04
   1.3209424e+03   3.7149383e+04
   1.3200391e+03   3.7364047e+04
   1.3191338e+03   3.7282848e+04
   1.3182295e+03   3.7610730e+04
   1.3173252e+03   3.7278047e+04
   1.3164199e+03   3.7039418e+04
   1.3155156e+03   3.6853359e+04
   1.3146104e+03   3.6556883e+04
   1.3137051e+03   3.6580840e+04
   1.3127988e+03   3.6637914e+04
   1.3118936e+03   3.6653562e+04
   1.3109873e+03   3.6467727e+04
   1.3100820e+03   3.5986684e+04
   1.3091758e+03   3.6286613e+04
   1.3082695e+03   3.6393336e+04
   1.3073633e+03   3.6524844e+04
   1.3064561e+03   3.6383305e+04
   1.3055498e+03   3.6319012e+04
   1.3046426e+03   3.6908055e+04
   1.3037354e+03   3.6284199e+04
   1.3028281e+03   3.6459691e+04
   1.3019209e+03   3.6717773e+04
   1.3010137e+03   3.6320160e+04
   1.3001055e+03   3.6112719e+04
   1.2991982e+03   3.6516668e+04
   1.2982900e+03   3.6072488e+04
   1.2973818e+03   3.6462535e+04
   1.2964736e+03   3.6095582e+04
   1.2955645e+03   3.5995672e+04
   1.2946562e+03   3.5381312e+04
   1.2937471e+03   3.5861977e+04
   1.2928379e+03   3.5704402e+04
   1.2919287e+03   3.5711871e+04
   1.2910195e+03   3.5254695e+04
   1.2901104e+03   3.5218254e+04
   1.2892012e+03   3.5445668e+04
   1.2882910e+03   3.5694984e+04
   1.2873809e+03   3.5375500e+04
   1.2864707e+03   3.5630230e+04
   1.2855605e+03   3.5780508e+04
   1.2846504e+03   3.5727527e+04
   1.2837393e+03   3.5935383e+04
   1.2828291e+03   3.6524719e+04
   1.2819180e+03   3.6696680e+04
   1.2810068e+03   3.6613387e+04
   1.2800957e+03   3.7092547e+04
   1.2791846e+03   3.6992750e+04
   1.2782725e+03   3.7150789e+04
   1.2773613e+03   3.7251188e+04
   1.2764492e+03   3.7154152e+04
   1.2755371e+03   3.7397051e+04
   1.2746250e+03   3.7461719e+04
   1.2737129e+03   3.7140004e+04
   1.2727998e+03   3.6958121e+04
   1.2718877e+03   3.6957086e+04
   1.2709746e+03   3.6726000e+04
   1.2700615e+03   3.6103430e+04
   1.2691484e+03   3.6113496e+04
   1.2682354e+03   3.6016801e+04
   1.2673213e+03   3.5454887e+04
   1.2664082e+03   3.5385703e+04
   1.2654941e+03   3.4949945e+04
   1.2645801e+03   3.5096961e+04
   1.2636660e+03   3.5347848e+04
   1.2627520e+03   3.5297867e+04
   1.2618369e+03   3.4928035e+04
   1.2609229e+03   3.4869941e+04
   1.2600078e+03   3.4981309e+04
   1.2590928e+03   3.5160945e+04
   1.2581777e+03   3.5206652e+04
   1.2572627e+03   3.5342477e+04
   1.2563467e+03   3.5489180e+04
   1.2554316e+03   3.5166180e+04
   1.2545156e+03   3.5771500e+04
   1.2535996e+03   3.6081816e+04
   1.2526836e+03   3.6228277e+04
   1.2517676e+03   3.6325570e+04
   1.2508516e+03   3.5948137e+04
   1.2499346e+03   3.6520047e+04
   1.2490176e+03   3.6295430e+04
   1.2481006e+03   3.6449898e+04
   1.2471836e+03   3.6885102e+04
   1.2462666e+03   3.6807723e+04
   1.2453496e+03   3.6842102e+04
   1.2444316e+03   3.6571301e+04
   1.2435146e+03   3.6766438e+04
   1.2425967e+03   3.6713641e+04
   1.2416787e+03   3.7153777e+04
   1.2407598e+03   3.7231621e+04
   1.2398418e+03   3.7181488e+04
   1.2389229e+03   3.6880961e+04
   1.2380049e+03   3.6888055e+04
   1.2370859e+03   3.7131859e+04
   1.2361670e+03   3.7013762e+04
   1.2352480e+03   3.7358090e+04
   1.2343281e+03   3.7677824e+04
   1.2334092e+03   3.7467242e+04
   1.2324893e+03   3.7865676e+04
   1.2315693e+03   3.7853547e+04
   1.2306494e+03   3.8183828e+04
   1.2297295e+03   3.8081984e+04
   1.2288096e+03   3.7914977e+04
   1.2278887e+03   3.7384070e+04
   1.2269678e+03   3.8205719e+04
   1.2260469e+03   3.7949172e+04
   1.2251260e+03   3.7133500e+04
   1.2242051e+03   3.7409207e+04
   1.2232842e+03   3.6903273e+04
   1.2223623e+03   3.7284734e+04
   1.2214414e+03   3.6521293e+04
   1.2205195e+03   3.6509410e+04
   1.2195977e+03   3.6662945e+04
   1.2186758e+03   3.6556141e+04
   1.2177529e+03   3.6693348e+04
   1.2168311e+03   3.6434793e+04
   1.2159082e+03   3.6479836e+04
   1.2149854e+03   3.6505891e+04
   1.2140625e+03   3.6488598e+04
   1.2131396e+03   3.6241090e+04
   1.2122158e+03   3.6524426e+04
   1.2112930e+03   3.5992715e+04
   1.2103691e+03   3.5840168e+04
   1.2094453e+03   3.6182961e+04
   1.2085215e+03   3.5567703e+04
   1.2075977e+03   3.5418016e+04
   1.2066738e+03   3.5525355e+04
   1.2057490e+03   3.5397359e+04
   1.2048242e+03   3.5145020e+04
   1.2038994e+03   3.5063094e+04
   1.2029746e+03   3.5540742e+04
   1.2020498e+03   3.5593906e+04
   1.2011250e+03   3.5347109e+04
   1.2001992e+03   3.5311129e+04
   1.1992744e+03   3.5526371e+04
   1.1983486e+03   3.5560586e+04
   1.1974229e+03   3.5848613e+04
   1.1964961e+03   3.5572285e+04
   1.1955703e+03   3.5520094e+04
   1.1946436e+03   3.5316785e+04
   1.1937178e+03   3.5769242e+04
   1.1927910e+03   3.5263797e+04
   1.1918643e+03   3.5184719e+04
   1.1909365e+03   3.5388840e+04
   1.1900098e+03   3.5371777e+04
   1.1890830e+03   3.5715980e+04
   1.1881553e+03   3.5701562e+04
   1.1872275e+03   3.5423035e+04
   1.1862998e+03   3.5427531e+04
   1.1853721e+03   3.5456273e+04
   1.1844434e+03   3.5148305e+04
   1.1835156e+03   3.5300961e+04
   1.1825869e+03   3.5351246e+04
   1.1816582e+03   3.5328820e+04
   1.1807295e+03   3.5301020e+04
   1.1798008e+03   3.4907227e+04
   1.1788711e+03   3.4847219e+04
   1.1779424e+03   3.5228430e+04
   1.1770127e+03   3.5060793e+04
   1.1760830e+03   3.4812535e+04
   1.1751533e+03   3.4645031e+04
   1.1742227e+03   3.4778672e+04
   1.1732930e+03   3.4863887e+04
   1.1723623e+03   3.4478777e+04
   1.1714326e+03   3.4577445e+04
   1.1705020e+03   3.4248938e+04
   1.1695713e+03   3.4567855e+04
   1.1686396e+03   3.4156215e+04
   1.1677090e+03   3.4319301e+04
   1.1667773e+03   3.4213879e+04
   1.1658457e+03   3.4266852e+04
   1.1649141e+03   3.4153422e+04
   1.1639824e+03   3.4005152e+04
   1.1630508e+03   3.3953508e+04
   1.1621191e+03   3.3722180e+04
   1.1611865e+03   3.3710824e+04
   1.1602539e+03   3.3281211e+04
   1.1593213e+03   3.3706887e+04
   1.1583887e+03   3.3615133e+04
   1.1574561e+03   3.3448375e+04
   1.1565225e+03   3.3485297e+04
   1.1555889e+03   3.3506133e+04
   1.1546562e+03   3.3446609e+04
   1.1537227e+03   3.3598656e+04
   1.1527881e+03   3.3598035e+04
   1.1518545e+03   3.3377914e+04
   1.1509209e+03   3.3610180e+04
   1.1499863e+03   3.3660395e+04
   1.1490518e+03   3.3873797e+04
   1.1481172e+03   3.3918598e+04
   1.1471826e+03   3.3647789e+04
   1.1462480e+03   3.3574953e+04
   1.1453125e+03   3.3975359e+04
   1.1443770e+03   3.3715375e+04
   1.1434414e+03   3.3471516e+04
   1.1425059e+03   3.3481594e+04
   1.1415703e+03   3.3638605e+04
   1.1406348e+03   3.3621934e+04
   1.1396982e+03   3.4067297e+04
   1.1387617e+03   3.3580594e+04
   1.1378262e+03   3.3732133e+04
   1.1368896e+03   3.4049109e+04
   1.1359521e+03   3.4229863e+04
   1.1350156e+03   3.3858211e+04
   1.1340781e+03   3.4084285e+04
   1.1331416e+03   3.4291605e+04
   1.1322041e+03   3.4232160e+04
   1.1312666e+03   3.3980754e+04
   1.1303281e+03   3.4126664e+04
   1.1293906e+03   3.4051281e+04
   1.1284521e+03   3.3744074e+04
   1.1275137e+03   3.3460953e+04
   1.1265762e+03   3.3540242e+04
   1.1256367e+03   3.3760672e+04
   1.1246982e+03   3.3395137e+04
   1.1237598e+03   3.3234758e+04
   1.1228203e+03   3.3503035e+04
   1.1218809e+03   3.3435848e+04
   1.1209414e+03   3.3187719e+04
   1.1200020e+03   3.2750768e+04
   1.1190625e+03   3.3042879e+04
   1.1181221e+03   3.3111461e+04
   1.1171826e+03   3.3110879e+04
   1.1162422e+03   3.2674246e+04
   1.1153018e+03   3.2912988e+04
   1.1143613e+03   3.2851305e+04
   1.1134199e+03   3.3119160e+04
   1.1124795e+03   3.2951180e+04
   1.1115381e+03   3.2839047e+04
   1.1105967e+03   3.3130660e+04
   1.1096553e+03   3.2840609e+04
   1.1087139e+03   3.2877234e+04
   1.1077725e+03   3.2589984e+04
   1.1068301e+03   3.2846926e+04
   1.1058877e+03   3.2599586e+04
   1.1049453e+03   3.2556627e+04
   1.1040029e+03   3.2540205e+04
   1.1030605e+03   3.2781051e+04
   1.1021182e+03   3.2531244e+04
   1.1011748e+03   3.2342502e+04
   1.1002314e+03   3.2609760e+04
   1.0992881e+03   3.2529730e+04
   1.0983447e+03   3.2534521e+04
   1.0974014e+03   3.2865180e+04
   1.0964580e+03   3.2626213e+04
   1.0955137e+03   3.2596551e+04
   1.0945693e+03   3.2580139e+04
   1.0936250e+03   3.2815238e+04
   1.0926807e+03   3.2809379e+04
   1.0917363e+03   3.2999359e+04
   1.0907910e+03   3.3006695e+04
   1.0898467e+03   3.2836777e+04
   1.0889014e+03   3.3195934e+04
   1.0879561e+03   3.3002234e+04
   1.0870107e+03   3.3170852e+04
   1.0860645e+03   3.3112051e+04
   1.0851191e+03   3.3198645e+04
   1.0841729e+03   3.3575910e+04
   1.0832266e+03   3.2991254e+04
   1.0822803e+03   3.2982715e+04
   1.0813340e+03   3.3082473e+04
   1.0803877e+03   3.3353848e+04
   1.0794404e+03   3.2843574e+04
   1.0784932e+03   3.3117531e+04
   1.0775459e+03   3.3206629e+04
   1.0765986e+03   3.3644035e+04
   1.0756514e+03   3.3310848e+04
   1.0747041e+03   3.2990969e+04
   1.0737559e+03   3.3380699e+04
   1.0728076e+03   3.3590969e+04
   1.0718594e+03   3.3178922e+04
   1.0709111e+03   3.3307430e+04
   1.0699629e+03   3.3098527e+04
   1.0690137e+03   3.3374570e+04
   1.0680654e+03   3.3068242e+04
   1.0671162e+03   3.2717238e+04
   1.0661670e+03   3.3440938e+04
   1.0652178e+03   3.3587684e+04
   1.0642676e+03   3.3355250e+04
   1.0633184e+03   3.3394031e+04
   1.0623682e+03   3.3169605e+04
   1.0614180e+03   3.3361023e+04
   1.0604678e+03   3.3126160e+04
   1.0595176e+03   3.3625277e+04
   1.0585674e+03   3.3561398e+04
   1.0576162e+03   3.3705273e+04
   1.0566650e+03   3.3554637e+04
   1.0557139e+03   3.3514457e+04
   1.0547627e+03   3.3723961e+04
   1.0538115e+03   3.3731059e+04
   1.0528604e+03   3.3441281e+04
   1.0519082e+03   3.3503586e+04
   1.0509561e+03   3.3678793e+04
   1.0500039e+03   3.3764660e+04
   1.0490518e+03   3.3661477e+04
   1.0480996e+03   3.3503203e+04
   1.0471465e+03   3.4205773e+04
   1.0461943e+03   3.4044836e+04
   1.0452412e+03   3.4012500e+04
   1.0442881e+03   3.4250336e+04
   1.0433350e+03   3.4330738e+04
   1.0423809e+03   3.4654957e+04
   1.0414277e+03   3.4391832e+04
   1.0404736e+03   3.4826004e+04
   1.0395195e+03   3.4699211e+04
   1.0385654e+03   3.4808277e+04
   1.0376113e+03   3.5134730e+04
   1.0366572e+03   3.5154621e+04
   1.0357021e+03   3.5226875e+04
   1.0347471e+03   3.5555691e+04
   1.0337920e+03   3.5774441e+04
   1.0328369e+03   3.5713059e+04
   1.0318818e+03   3.6065160e+04
   1.0309268e+03   3.5862461e+04
   1.0299707e+03   3.6091457e+04
   1.0290146e+03   3.5896668e+04
   1.0280586e+03   3.5660113e+04
   1.0271025e+03   3.6315176e+04
   1.0261465e+03   3.6141359e+04
   1.0251895e+03   3.6001582e+04
   1.0242324e+03   3.6076125e+04
   1.0232764e+03   3.6064422e+04
   1.0223184e+03   3.5888160e+04
   1.0213613e+03   3.6195117e+04
   1.0204043e+03   3.6230395e+04
   1.0194463e+03   3.6093355e+04
   1.0184893e+03   3.6313965e+04
   1.0175312e+03   3.6236977e+04
   1.0165732e+03   3.5906914e+04
   1.0156143e+03   3.5681320e+04
   1.0146562e+03   3.5750555e+04
   1.0136973e+03   3.5900605e+04
   1.0127383e+03   3.6178367e+04
   1.0117793e+03   3.5968523e+04
   1.0108203e+03   3.5711832e+04
   1.0098613e+03   3.5877414e+04
   1.0089014e+03   3.5274289e+04
   1.0079424e+03   3.5809812e+04
   1.0069824e+03   3.5826816e+04
   1.0060225e+03   3.5869855e+04
   1.0050625e+03   3.6290418e+04
   1.0041016e+03   3.6138109e+04
   1.0031416e+03   3.5855719e+04
   1.0021807e+03   3.5937750e+04
   1.0012197e+03   3.6157648e+04
   1.0002588e+03   3.5695906e+04
   9.9929785e+02   3.5842941e+04
   9.9833594e+02   3.5828691e+04
   9.9737500e+02   3.5622051e+04
   9.9641309e+02   3.5535059e+04
   9.9545117e+02   3.5396117e+04
   9.9448926e+02   3.5839297e+04
   9.9352637e+02   3.5843242e+04
   9.9256445e+02   3.5844586e+04
   9.9160156e+02   3.6053699e+04
   9.9063867e+02   3.5546051e+04
   9.8967578e+02   3.6040723e+04
   9.8871289e+02   3.5787641e+04
   9.8774902e+02   3.6115988e+04
   9.8678613e+02   3.6335238e+04
   9.8582227e+02   3.6082230e+04
   9.8485840e+02   3.6285840e+04
   9.8389453e+02   3.6211879e+04
   9.8293066e+02   3.6786180e+04
   9.8196582e+02   3.6424383e+04
   9.8100195e+02   3.6811812e+04
   9.8003711e+02   3.6960672e+04
   9.7907227e+02   3.7202762e+04
   9.7810742e+02   3.7149430e+04
   9.7714160e+02   3.8168434e+04
   9.7617676e+02   3.8324707e+04
   9.7521094e+02   3.8486102e+04
   9.7424512e+02   3.8965852e+04
   9.7327930e+02   3.9108953e+04
   9.7231348e+02   3.9402090e+04
   9.7134668e+02   3.9138840e+04
   9.7038086e+02   3.9548277e+04
   9.6941406e+02   3.9737715e+04
   9.6844727e+02   3.9474543e+04
   9.6748047e+02   3.9656168e+04
   9.6651367e+02   3.9695547e+04
   9.6554590e+02   3.9199910e+04
   9.6457812e+02   3.9386648e+04
   9.6361133e+02   3.9351125e+04
   9.6264258e+02   3.9434438e+04
   9.6167480e+02   3.8440738e+04
   9.6070703e+02   3.8575828e+04
   9.5973828e+02   3.7918270e+04
   9.5877051e+02   3.7741062e+04
   9.5780176e+02   3.7829746e+04
   9.5683301e+02   3.7392000e+04
   9.5586328e+02   3.7060188e+04
   9.5489453e+02   3.7197945e+04
   9.5392480e+02   3.6414965e+04
   9.5295508e+02   3.6627566e+04
   9.5198535e+02   3.6530723e+04
   9.5101562e+02   3.6067902e+04
   9.5004590e+02   3.6133551e+04
   9.4907520e+02   3.6222363e+04
   9.4810449e+02   3.5749535e+04
   9.4713477e+02   3.6402461e+04
   9.4616309e+02   3.6040504e+04
   9.4519238e+02   3.5961902e+04
   9.4422168e+02   3.5965707e+04
   9.4325000e+02   3.6005539e+04
   9.4227832e+02   3.5533254e+04
   9.4130664e+02   3.5861316e+04
   9.4033496e+02   3.5450965e+04
   9.3936328e+02   3.5881797e+04
   9.3839062e+02   3.5790453e+04
   9.3741895e+02   3.5640008e+04
   9.3644629e+02   3.5756957e+04
   9.3547363e+02   3.5845590e+04
   9.3450000e+02   3.5674652e+04
   9.3352734e+02   3.5760699e+04
   9.3255371e+02   3.5867258e+04
   9.3158105e+02   3.5886457e+04
   9.3060742e+02   3.6098234e+04
   9.2963379e+02   3.5906859e+04
   9.2865918e+02   3.5990207e+04
   9.2768555e+02   3.6206980e+04
   9.2671094e+02   3.5907914e+04
   9.2573633e+02   3.6132312e+04
   9.2476172e+02   3.6279680e+04
   9.2378711e+02   3.6126938e+04
   9.2281250e+02   3.6171688e+04
   9.2183691e+02   3.6167707e+04
   9.2086133e+02   3.5558820e+04
   9.1988574e+02   3.6205875e+04
   9.1891016e+02   3.5676629e+04
   9.1793457e+02   3.5869992e+04
   9.1695801e+02   3.6001812e+04
   9.1598242e+02   3.5762258e+04
   9.1500586e+02   3.5958059e+04
   9.1402930e+02   3.5803074e+04
   9.1305273e+02   3.5689094e+04
   9.1207520e+02   3.5506062e+04
   9.1109863e+02   3.5486844e+04
   9.1012109e+02   3.5659484e+04
   9.0914355e+02   3.5739984e+04
   9.0816602e+02   3.5892059e+04
   9.0718848e+02   3.5479047e+04
   9.0620996e+02   3.5242562e+04
   9.0523145e+02   3.5780555e+04
   9.0425391e+02   3.5699969e+04
   9.0327539e+02   3.5461012e+04
   9.0229590e+02   3.5515895e+04
   9.0131738e+02   3.5772512e+04
   9.0033789e+02   3.5699641e+04
   8.9935938e+02   3.5843797e+04
   8.9837988e+02   3.5929195e+04
   8.9740039e+02   3.5519457e+04
   8.9641992e+02   3.5599773e+04
   8.9544043e+02   3.5871395e+04
   8.9445996e+02   3.5813879e+04
   8.9347949e+02   3.5950199e+04
   8.9249902e+02   3.5783047e+04
   8.9151855e+02   3.5865785e+04
   8.9053809e+02   3.5994371e+04
   8.8955664e+02   3.6026070e+04
   8.8857520e+02   3.6213176e+04
   8.8759375e+02   3.6114902e+04
   8.8661230e+02   3.5749230e+04
   8.8563086e+02   3.5999941e+04
   8.8464844e+02   3.5787184e+04
   8.8366699e+02   3.5997066e+04
   8.8268457e+02   3.5888730e+04
   8.8170215e+02   3.6157039e+04
   8.8071973e+02   3.6117406e+04
   8.7973633e+02   3.5833586e+04
   8.7875391e+02   3.6350996e+04
   8.7777051e+02   3.6118090e+04
   8.7678711e+02   3.5931027e+04
   8.7580371e+02   3.6331207e+04
   8.7482031e+02   3.6139090e+04
   8.7383594e+02   3.6015645e+04
   8.7285156e+02   3.6230129e+04
   8.7186816e+02   3.6200691e+04
   8.7088379e+02   3.6018887e+04
   8.6989844e+02   3.5946328e+04
   8.6891406e+02   3.5957570e+04
   8.6792871e+02   3.5994188e+04
   8.6694434e+02   3.5718652e+04
   8.6595898e+02   3.6115590e+04
   8.6497266e+02   3.6278996e+04
   8.6398730e+02   3.6051742e+04
   8.6300195e+02   3.6270887e+04
   8.6201562e+02   3.5937227e+04
   8.6102930e+02   3.5768457e+04
   8.6004297e+02   3.6225773e+04
   8.5905664e+02   3.5846684e+04
   8.5806934e+02   3.6149266e+04
   8.5708301e+02   3.6155363e+04
   8.5609570e+02   3.6153855e+04
   8.5510840e+02   3.6101703e+04
   8.5412109e+02   3.6512879e+04
   8.5313379e+02   3.6291082e+04
   8.5214551e+02   3.6243988e+04
   8.5115723e+02   3.6541043e+04
   8.5016895e+02   3.6106844e+04
   8.4918066e+02   3.5531148e+04
   8.4819238e+02   3.6293500e+04
   8.4720410e+02   3.6312184e+04
   8.4621484e+02   3.6419340e+04
   8.4522559e+02   3.6579535e+04
   8.4423633e+02   3.6201391e+04
   8.4324707e+02   3.6359039e+04
   8.4225781e+02   3.6205902e+04
   8.4126758e+02   3.6403898e+04
   8.4027734e+02   3.6076562e+04
   8.3928711e+02   3.6259359e+04
   8.3829688e+02   3.6437039e+04
   8.3730664e+02   3.6094723e+04
   8.3631543e+02   3.6229469e+04
   8.3532520e+02   3.6253148e+04
   8.3433398e+02   3.6246547e+04
   8.3334277e+02   3.6035656e+04
   8.3235156e+02   3.6016488e+04
   8.3135938e+02   3.6287258e+04
   8.3036816e+02   3.6414246e+04
   8.2937598e+02   3.6299242e+04
   8.2838379e+02   3.6375785e+04
   8.2739160e+02   3.6177688e+04
   8.2639941e+02   3.6513664e+04
   8.2540625e+02   3.6464199e+04
   8.2441309e+02   3.6188133e+04
   8.2341992e+02   3.6262102e+04
   8.2242676e+02   3.6597809e+04
   8.2143359e+02   3.5629805e+04
   8.2044043e+02   3.5877441e+04
   8.1944629e+02   3.5996684e+04
   8.1845215e+02   3.6073125e+04
   8.1745801e+02   3.5840219e+04
   8.1646387e+02   3.5997113e+04
   8.1546973e+02   3.5631074e+04
   8.1447461e+02   3.5659766e+04
   8.1347949e+02   3.5778906e+04
   8.1248535e+02   3.5340238e+04
   8.1148926e+02   3.5318723e+04
   8.1049414e+02   3.5452926e+04
   8.0949902e+02   3.5672457e+04
   8.0850293e+02   3.5660930e+04
   8.0750684e+02   3.5604219e+04
   8.0651074e+02   3.5201191e+04
   8.0551465e+02   3.5132035e+04
   8.0451758e+02   3.5065414e+04
   8.0352148e+02   3.5467875e+04
   8.0252441e+02   3.5366102e+04
   8.0152734e+02   3.5241797e+04
   8.0053027e+02   3.4954586e+04
   7.9953320e+02   3.5015879e+04
   7.9853516e+02   3.4946836e+04
   7.9753711e+02   3.5063230e+04
   7.9653906e+02   3.4861430e+04
   7.9554102e+02   3.5255812e+04
   7.9454297e+02   3.4933844e+04
   7.9354492e+02   3.5345590e+04
   7.9254590e+02   3.5436766e+04
   7.9154688e+02   3.5395250e+04
   7.9054785e+02   3.5273676e+04
   7.8954883e+02   3.5920238e+04
   7.8854980e+02   3.5738570e+04
   7.8754980e+02   3.5852090e+04
   7.8654980e+02   3.5973070e+04
   7.8554980e+02   3.5608980e+04
   7.8454980e+02   3.5899930e+04
   7.8354980e+02   3.5278570e+04
   7.8254883e+02   3.5909297e+04
   7.8154883e+02   3.5485523e+04
   7.8054785e+02   3.5748801e+04
   7.7954688e+02   3.5387641e+04
   7.7854492e+02   3.5563445e+04
   7.7754395e+02   3.5776629e+04
   7.7654199e+02   3.5907367e+04
   7.7554004e+02   3.5648750e+04
   7.7453809e+02   3.6171191e+04
   7.7353613e+02   3.6162078e+04
   7.7253418e+02   3.6721641e+04
   7.7153125e+02   3.6747344e+04
   7.7052832e+02   3.6645875e+04
   7.6952539e+02   3.6973207e+04
   7.6852246e+02   3.6836840e+04
   7.6751953e+02   3.7096734e+04
   7.6651562e+02   3.7401375e+04
   7.6551270e+02   3.8007309e+04
   7.6450879e+02   3.7656660e+04
   7.6350488e+02   3.7814113e+04
   7.6250000e+02   3.8103457e+04
   7.6149609e+02   3.8253297e+04
   7.6049121e+02   3.8136793e+04
   7.5948730e+02   3.7997934e+04
   7.5848145e+02   3.8209902e+04
   7.5747656e+02   3.8312348e+04
   7.5647168e+02   3.7947219e+04
   7.5546582e+02   3.8206316e+04
   7.5445996e+02   3.8552328e+04
   7.5345508e+02   3.8771445e+04
   7.5244824e+02   3.9323480e+04
   7.5144238e+02   3.9634309e+04
   7.5043555e+02   4.0091582e+04
   7.4942969e+02   4.1119934e+04
   7.4842285e+02   4.2197570e+04
   7.4741602e+02   4.3411363e+04
   7.4640820e+02   4.5188199e+04
   7.4540137e+02   4.7847926e+04
   7.4439355e+02   5.1524055e+04
   7.4338574e+02   5.5005316e+04
   7.4237793e+02   5.9668500e+04
   7.4137012e+02   6.4984707e+04
   7.4036230e+02   7.0155141e+04
   7.3935352e+02   7.3640344e+04
   7.3834473e+02   7.5523031e+04
   7.3733594e+02   7.5380320e+04
   7.3632715e+02   7.3441258e+04
   7.3531836e+02   6.9783656e+04
   7.3430859e+02   6.5253047e+04
   7.3329883e+02   6.0951934e+04
   7.3228906e+02   5.5810566e+04
   7.3127930e+02   5.1562266e+04
   7.3026953e+02   4.8468895e+04
   7.2925977e+02   4.5173738e+04
   7.2824902e+02   4.3196031e+04
   7.2723828e+02   4.1726152e+04
   7.2622754e+02   4.0570914e+04
   7.2521680e+02   3.9821637e+04
   7.2420508e+02   3.8649859e+04
   7.2319336e+02   3.8541418e+04
   7.2218262e+02   3.7926375e+04
   7.2117090e+02   3.7763742e+04
   7.2015820e+02   3.7097180e+04
   7.1914648e+02   3.7169410e+04
   7.1813379e+02   3.6787203e+04
   7.1712207e+02   3.6484152e+04
   7.1610938e+02   3.6176270e+04
   7.1509570e+02   3.6038809e+04
   7.1408301e+02   3.6039590e+04
   7.1306934e+02   3.5803508e+04
   7.1205664e+02   3.6046086e+04
   7.1104297e+02   3.5422855e+04
   7.1002930e+02   3.5672805e+04
   7.0901465e+02   3.5343266e+04
   7.0800098e+02   3.5812531e+04
   7.0698633e+02   3.5219371e+04
   7.0597168e+02   3.5400172e+04
   7.0495703e+02   3.5159613e+04
   7.0394238e+02   3.5502934e+04
   7.0292676e+02   3.5122059e+04
   7.0191211e+02   3.5093441e+04
   7.0089648e+02   3.5136227e+04
   6.9988086e+02   3.5434984e+04
   6.9886523e+02   3.5507219e+04
   6.9784863e+02   3.5323527e+04
   6.9683301e+02   3.5319492e+04
   6.9581641e+02   3.5344969e+04
   6.9479980e+02   3.5407324e+04
   6.9378320e+02   3.5437691e+04
   6.9276562e+02   3.5445922e+04
   6.9174902e+02   3.5604074e+04
   6.9073145e+02   3.5727766e+04
   6.8971387e+02   3.6006191e+04
   6.8869629e+02   3.5962719e+04
   6.8767773e+02   3.6493969e+04
   6.8666016e+02   3.6170480e+04
   6.8564160e+02   3.6271848e+04
   6.8462305e+02   3.6680008e+04
   6.8360449e+02   3.6464648e+04
   6.8258594e+02   3.6698402e+04
   6.8156641e+02   3.6262316e+04
   6.8054785e+02   3.5912238e+04
   6.7952832e+02   3.5834504e+04
   6.7850879e+02   3.6028965e+04
   6.7748926e+02   3.6125293e+04
   6.7646875e+02   3.5603918e+04
   6.7544824e+02   3.5465027e+04
   6.7442871e+02   3.5730457e+04
   6.7340820e+02   3.5829211e+04
   6.7238672e+02   3.5678105e+04
   6.7136621e+02   3.5426652e+04
   6.7034473e+02   3.5988137e+04
   6.6932422e+02   3.5954578e+04
   6.6830273e+02   3.5531887e+04
   6.6728027e+02   3.5633004e+04
   6.6625879e+02   3.5719402e+04
   6.6523633e+02   3.5644328e+04
   6.6421484e+02   3.5735582e+04
   6.6319238e+02   3.5648301e+04
   6.6216992e+02   3.5685734e+04
   6.6114648e+02   3.5549605e+04
   6.6012402e+02   3.5770324e+04
   6.5910059e+02   3.6220641e+04
   6.5807715e+02   3.6118684e+04
   6.5705371e+02   3.6075383e+04
   6.5603027e+02   3.6266535e+04
   6.5500586e+02   3.6142648e+04
   6.5398145e+02   3.6135977e+04
   6.5295703e+02   3.6563750e+04
   6.5193262e+02   3.6578965e+04
   6.5090820e+02   3.6257484e+04
   6.4988379e+02   3.6706945e+04
   6.4885840e+02   3.6880645e+04
   6.4783301e+02   3.6968938e+04
   6.4680762e+02   3.6384312e+04
   6.4578223e+02   3.6553098e+04
   6.4475586e+02   3.6709633e+04
   6.4373047e+02   3.6559094e+04
   6.4270410e+02   3.6847117e+04
   6.4167773e+02   3.6908516e+04
   6.4065137e+02   3.7116000e+04
   6.3962402e+02   3.7123754e+04
   6.3859766e+02   3.7450406e+04
   6.3757031e+02   3.7382641e+04
   6.3654297e+02   3.7928133e+04
   6.3551562e+02   3.8054941e+04
   6.3448730e+02   3.8227918e+04
   6.3345996e+02   3.8276793e+04
   6.3243164e+02   3.9055152e+04
   6.3140332e+02   3.9152477e+04
   6.3037500e+02   3.9451520e+04
   6.2934570e+02   3.9261953e+04
   6.2831738e+02   3.9264414e+04
   6.2728809e+02   3.9509816e+04
   6.2625879e+02   3.9364059e+04
   6.2522949e+02   3.9128496e+04
   6.2420020e+02   3.8761906e+04
   6.2316992e+02   3.8664914e+04
   6.2214062e+02   3.8060676e+04
   6.2111035e+02   3.7628961e+04
   6.2007910e+02   3.7287172e+04
   6.1904883e+02   3.7023137e+04
   6.1801855e+02   3.6863488e+04
   6.1698730e+02   3.6793617e+04
   6.1595605e+02   3.6476477e+04
   6.1492480e+02   3.6178840e+04
   6.1389355e+02   3.6021883e+04
   6.1286133e+02   3.6085488e+04
   6.1183008e+02   3.5947984e+04
   6.1079785e+02   3.5970395e+04
   6.0976562e+02   3.5859602e+04
   6.0873242e+02   3.5455859e+04
   6.0770020e+02   3.5662336e+04
   6.0666699e+02   3.5694461e+04
   6.0563379e+02   3.5518449e+04
   6.0460059e+02   3.5490098e+04
   6.0356738e+02   3.5253707e+04
   6.0253418e+02   3.5351180e+04
   6.0150000e+02   3.5644492e+04
   6.0046582e+02   3.5536344e+04
   5.9943164e+02   3.4915762e+04
   5.9839746e+02   3.4790867e+04
   5.9736328e+02   3.4827914e+04
   5.9632812e+02   3.4782805e+04
   5.9529297e+02   3.5003422e+04
   5.9425781e+02   3.4777160e+04
   5.9322266e+02   3.4770715e+04
   5.9218750e+02   3.5025004e+04
   5.9115137e+02   3.4996789e+04
   5.9011523e+02   3.4859980e+04
   5.8907910e+02   3.4735289e+04
   5.8804297e+02   3.4948379e+04
   5.8700684e+02   3.4992547e+04
   5.8596973e+02   3.5019820e+04
   5.8493262e+02   3.4825266e+04
   5.8389551e+02   3.4936926e+04
   5.8285840e+02   3.4858141e+04
   5.8182129e+02   3.4834809e+04
   5.8078320e+02   3.5206598e+04
   5.7974512e+02   3.4930281e+04
   5.7870703e+02   3.5395840e+04
   5.7766895e+02   3.5288141e+04
   5.7663086e+02   3.5303258e+04
   5.7559180e+02   3.5412246e+04
   5.7455371e+02   3.5039871e+04
   5.7351465e+02   3.5336543e+04
   5.7247559e+02   3.5094227e+04
   5.7143555e+02   3.5551922e+04
   5.7039648e+02   3.5619871e+04
   5.6935645e+02   3.5945059e+04
   5.6831641e+02   3.5960020e+04
   5.6727637e+02   3.6164848e+04
   5.6623633e+02   3.6424867e+04
   5.6519531e+02   3.5716551e+04
   5.6415430e+02   3.6235984e+04
   5.6311328e+02   3.6248465e+04
   5.6207227e+02   3.6393012e+04
   5.6103125e+02   3.5997324e+04
   5.5998926e+02   3.6885961e+04
   5.5894824e+02   3.6701516e+04
   5.5790625e+02   3.6999426e+04
   5.5686426e+02   3.7186867e+04
   5.5582129e+02   3.7594906e+04
   5.5477930e+02   3.7134676e+04
   5.5373633e+02   3.7403504e+04
   5.5269336e+02   3.7279090e+04
   5.5165039e+02   3.7773082e+04
   5.5060742e+02   3.6831496e+04
   5.4956348e+02   3.6767145e+04
   5.4852051e+02   3.6777078e+04
   5.4747656e+02   3.6913938e+04
   5.4643262e+02   3.6878340e+04
   5.4538770e+02   3.6328020e+04
   5.4434375e+02   3.6536691e+04
   5.4329883e+02   3.6608871e+04
   5.4225391e+02   3.6451316e+04
   5.4120898e+02   3.6327312e+04
   5.4016406e+02   3.6062230e+04
   5.3911816e+02   3.6263574e+04
   5.3807324e+02   3.6003383e+04
   5.3702734e+02   3.5860422e+04
   5.3598145e+02   3.5609961e+04
   5.3493457e+02   3.5794504e+04
   5.3388867e+02   3.5883406e+04
   5.3284180e+02   3.5946004e+04
   5.3179492e+02   3.5602559e+04
   5.3074805e+02   3.5476535e+04
   5.2970117e+02   3.5591688e+04
   5.2865332e+02   3.5799891e+04
   5.2760645e+02   3.5707309e+04
   5.2655859e+02   3.6189805e+04
   5.2551074e+02   3.5739336e+04
   5.2446289e+02   3.6064223e+04
   5.2341406e+02   3.6424754e+04
   5.2236523e+02   3.6766078e+04
   5.2131641e+02   3.6847434e+04
   5.2026758e+02   3.6993105e+04
   5.1921875e+02   3.6643062e+04
   5.1816992e+02   3.6607645e+04
   5.1712012e+02   3.6355465e+04
   5.1607031e+02   3.6396324e+04
   5.1502051e+02   3.6451449e+04
   5.1397070e+02   3.6308953e+04
   5.1291992e+02   3.5937996e+04
   5.1187012e+02   3.5445801e+04
   5.1081934e+02   3.5553406e+04
   5.0976855e+02   3.5558672e+04
   5.0871680e+02   3.5642422e+04
   5.0766602e+02   3.5849805e+04
   5.0661426e+02   3.5931090e+04
   5.0556250e+02   3.5819793e+04
   5.0451074e+02   3.5544535e+04
   5.0345898e+02   3.5366809e+04
   5.0240625e+02   3.5552656e+04
   5.0135449e+02   3.5493766e+04
   5.0030176e+02   3.5261516e+04
   4.9924902e+02   3.5442527e+04
   4.9819531e+02   3.4980082e+04
   4.9714258e+02   3.5391320e+04
   4.9608887e+02   3.5050090e+04
   4.9503516e+02   3.5093375e+04
   4.9398145e+02   3.4849590e+04
   4.9292773e+02   3.4971168e+04
   4.9187305e+02   3.5140125e+04
   4.9081934e+02   3.5095625e+04
   4.8976465e+02   3.4828312e+04
   4.8870996e+02   3.4881059e+04
   4.8765430e+02   3.5194453e+04
   4.8659961e+02   3.5083633e+04
   4.8554395e+02   3.5013121e+04
   4.8448828e+02   3.5070523e+04
   4.8343262e+02   3.5234461e+04
   4.8237695e+02   3.5206570e+04
   4.8132031e+02   3.4951457e+04
   4.8026367e+02   3.4980422e+04
   4.7920703e+02   3.5321707e+04
   4.7815039e+02   3.5227574e+04
   4.7709375e+02   3.5303773e+04
   4.7603613e+02   3.5240422e+04
   4.7497949e+02   3.5666512e+04
   4.7392188e+02   3.5466004e+04
   4.7286426e+02   3.5225387e+04
   4.7180566e+02   3.5362945e+04
   4.7074805e+02   3.5526441e+04
   4.6968945e+02   3.5297754e+04
   4.6863086e+02   3.5383258e+04
   4.6757227e+02   3.5563180e+04
   4.6651270e+02   3.5178797e+04
   4.6545410e+02   3.5370488e+04
   4.6439453e+02   3.5337910e+04
   4.6333496e+02   3.5336020e+04
   4.6227539e+02   3.5284582e+04
   4.6121582e+02   3.5219016e+04
   4.6015527e+02   3.5601523e+04
   4.5909473e+02   3.5252988e+04
   4.5803418e+02   3.5687207e+04
   4.5697363e+02   3.5178516e+04
   4.5591309e+02   3.5348660e+04
   4.5485156e+02   3.5151207e+04
   4.5379004e+02   3.5410805e+04
   4.5272852e+02   3.5514863e+04
   4.5166699e+02   3.5529402e+04
   4.5060547e+02   3.5560418e+04
   4.4954297e+02   3.5683215e+04
   4.4848047e+02   3.5667117e+04
   4.4741797e+02   3.5632203e+04
   4.4635547e+02   3.5994863e+04
   4.4529297e+02   3.6098664e+04
   4.4422949e+02   3.5840281e+04
   4.4316602e+02   3.6035762e+04
   4.4210254e+02   3.5826852e+04
   4.4103906e+02   3.6497008e+04
   4.3997461e+02   3.6273988e+04
   4.3891113e+02   3.6314176e+04
   4.3784668e+02   3.6497633e+04
   4.3678223e+02   3.6542457e+04
   4.3571680e+02   3.6225664e+04
   4.3465234e+02   3.6519363e+04
   4.3358691e+02   3.6406895e+04
   4.3252148e+02   3.6407109e+04
   4.3145605e+02   3.6508211e+04
   4.3039062e+02   3.6731254e+04
   4.2932520e+02   3.6546113e+04
   4.2825879e+02   3.6543949e+04
   4.2719238e+02   3.6091633e+04
   4.2612598e+02   3.6839660e+04
   4.2505957e+02   3.6654629e+04
   4.2399219e+02   3.6247062e+04
   4.2292480e+02   3.6251977e+04
   4.2185742e+02   3.6212379e+04
   4.2079004e+02   3.6221977e+04
   4.1972266e+02   3.6123863e+04
   4.1865430e+02   3.6547828e+04
   4.1758691e+02   3.6573734e+04
   4.1651855e+02   3.6513047e+04
   4.1544922e+02   3.6653590e+04
   4.1438086e+02   3.6688816e+04
   4.1331250e+02   3.6660875e+04
   4.1224316e+02   3.6562793e+04
   4.1117383e+02   3.6163156e+04
   4.1010449e+02   3.6693988e+04
   4.0903418e+02   3.6799273e+04
   4.0796484e+02   3.6757309e+04
   4.0689453e+02   3.7021402e+04
   4.0582422e+02   3.6724812e+04
   4.0475391e+02   3.6769289e+04
   4.0368262e+02   3.7044898e+04
   4.0261133e+02   3.7135984e+04
   4.0154102e+02   3.6881602e+04
