   2.0012861e+03   1.3277144e+04
   2.0004980e+03   1.3045491e+04
   1.9997109e+03   1.3290796e+04
   1.9989229e+03   1.3463056e+04
   1.9981338e+03   1.3280024e+04
   1.9973457e+03   1.3623472e+04
   1.9965576e+03   1.3307306e+04
   1.9957686e+03   1.3393853e+04
   1.9949805e+03   1.3480369e+04
   1.9941914e+03   1.3459108e+04
   1.9934023e+03   1.3269920e+04
   1.9926133e+03   1.3448286e+04
   1.9918242e+03   1.3762795e+04
   1.9910342e+03   1.3361462e+04
   1.9902451e+03   1.3238909e+04
   1.9894551e+03   1.3401330e+04
   1.9886650e+03   1.3579522e+04
   1.9878750e+03   1.3662710e+04
   1.9870850e+03   1.3638281e+04
   1.9862949e+03   1.3673973e+04
   1.9855049e+03   1.3731794e+04
   1.9847148e+03   1.3539739e+04
   1.9839238e+03   1.3720890e+04
   1.9831328e+03   1.3724925e+04
   1.9823428e+03   1.3709990e+04
   1.9815518e+03   1.3796201e+04
   1.9807598e+03   1.3645374e+04
   1.9799688e+03   1.3696811e+04
   1.9791777e+03   1.3302802e+04
   1.9783857e+03   1.3970191e+04
   1.9775947e+03   1.3573109e+04
   1.9768027e+03   1.3839229e+04
   1.9760107e+03   1.3600148e+04
   1.9752188e+03   1.3878801e+04
   1.9744268e+03   1.3721845e+04
   1.9736348e+03   1.3798438e+04
   1.9728418e+03   1.3843458e+04
   1.9720488e+03   1.3897925e+04
   1.9712568e+03   1.3734761e+04
   1.9704639e+03   1.3603184e+04
   1.9696709e+03   1.3900423e+04
   1.9688779e+03   1.3819296e+04
   1.9680850e+03   1.3845354e+04
   1.9672910e+03   1.3761111e+04
   1.9664980e+03   1.3717854e+04
   1.9657041e+03   1.3929771e+04
   1.9649102e+03   1.3971538e+04
   1.9641162e+03   1.3654299e+04
   1.9633223e+03   1.3922791e+04
   1.9625283e+03   1.3885837e+04
   1.9617344e+03   1.3830010e+04
   1.9609395e+03   1.3988193e+04
   1.9601445e+03   1.3866292e+04
   1.9593506e+03   1.3917455e+04
   1.9585557e+03   1.3880530e+04
   1.9577607e+03   1.3906514e+04
   1.9569658e+03   1.4268931e+04
   1.9561699e+03   1.4288552e+04
   1.9553750e+03   1.3924688e+04
   1.9545791e+03   1.4098354e+04
   1.9537842e+03   1.3976592e+04
   1.9529883e+03   1.4147049e+04
   1.9521924e+03   1.4352000e+04
   1.9513965e+03   1.4170584e+04
   1.9505996e+03   1.4240437e+04
   1.9498037e+03   1.3980608e+04
   1.9490068e+03   1.4339263e+04
   1.9482109e+03   1.4252124e+04
   1.9474141e+03   1.4004975e+04
   1.9466172e+03   1.4124994e+04
   1.9458203e+03   1.4091262e+04
   1.9450234e+03   1.4393140e+04
   1.9442256e+03   1.4168081e+04
   1.9434287e+03   1.4306803e+04
   1.9426309e+03   1.4389051e+04
   1.9418340e+03   1.4383509e+04
   1.9410361e+03   1.4584800e+04
   1.9402383e+03   1.4287829e+04
   1.9394395e+03   1.4363757e+04
   1.9386416e+03   1.4317501e+04
   1.9378438e+03   1.4524930e+04
   1.9370449e+03   1.4322102e+04
   1.9362461e+03   1.4066120e+04
   1.9354482e+03   1.4686665e+04
   1.9346494e+03   1.4133392e+04
   1.9338496e+03   1.4437677e+04
   1.9330508e+03   1.4275702e+04
   1.9322520e+03   1.4382793e+04
   1.9314521e+03   1.4352236e+04
   1.9306533e+03   1.4393610e+04
   1.9298535e+03   1.4600674e+04
   1.9290537e+03   1.4373159e+04
   1.9282539e+03   1.4505146e+04
   1.9274531e+03   1.4377719e+04
   1.9266533e+03   1.4419052e+04
   1.9258535e+03   1.4269814e+04
   1.9250527e+03   1.4367370e+04
   1.9242520e+03   1.4702227e+04
   1.9234512e+03   1.4556138e+04
   1.9226504e+03   1.4619255e+04
   1.9218496e+03   1.4545017e+04
   1.9210488e+03   1.4723581e+04
   1.9202471e+03   1.4571343e+04
   1.9194463e+03   1.4665610e+04
   1.9186445e+03   1.4700582e+04
   1.9178428e+03   1.4626389e+04
   1.9170410e+03   1.4630173e+04
   1.9162393e+03   1.4465604e+04
   1.9154375e+03   1.4584745e+04
   1.9146348e+03   1.4716311e+04
   1.9138330e+03   1.4741887e+04
   1.9130303e+03   1.4624141e+04
   1.9122275e+03   1.4827276e+04
   1.9114248e+03   1.4753156e+04
   1.9106221e+03   1.4629238e+04
   1.9098193e+03   1.4701506e+04
   1.9090156e+03   1.4867136e+04
   1.9082129e+03   1.4581416e+04
   1.9074092e+03   1.4818581e+04
   1.9066055e+03   1.4831651e+04
   1.9058018e+03   1.4931818e+04
   1.9049980e+03   1.4932423e+04
   1.9041943e+03   1.4951686e+04
   1.9033906e+03   1.5082873e+04
   1.9025859e+03   1.5071015e+04
   1.9017822e+03   1.4965915e+04
   1.9009775e+03   1.4615345e+04
   1.9001729e+03   1.4609783e+04
   1.8993682e+03   1.4747129e+04
   1.8985635e+03   1.4694955e+04
   1.8977578e+03   1.4903667e+04
   1.8969531e+03   1.4714860e+04
   1.8961475e+03   1.4904870e+04
   1.8953428e+03   1.4768895e+04
   1.8945371e+03   1.4946417e+04
   1.8937314e+03   1.5204556e+04
   1.8929258e+03   1.4991035e+04
   1.8921191e+03   1.4982313e+04
   1.8913135e+03   1.4936376e+04
   1.8905068e+03   1.4936968e+04
   1.8897012e+03   1.4993365e+04
   1.8888945e+03   1.5108640e+04
   1.8880879e+03   1.4972830e+04
   1.8872812e+03   1.5320479e+04
   1.8864736e+03   1.5008075e+04
   1.8856670e+03   1.5048922e+04
   1.8848594e+03   1.5300366e+04
   1.8840527e+03   1.5149151e+04
   1.8832451e+03   1.5326185e+04
   1.8824375e+03   1.5366947e+04
   1.8816299e+03   1.5160083e+04
   1.8808223e+03   1.4987329e+04
   1.8800137e+03   1.5284938e+04
   1.8792061e+03   1.4908043e+04
   1.8783975e+03   1.5125145e+04
   1.8775889e+03   1.5240118e+04
   1.8767803e+03   1.5184990e+04
   1.8759717e+03   1.5052593e+04
   1.8751631e+03   1.5288067e+04
   1.8743545e+03   1.5353486e+04
   1.8735449e+03   1.5140786e+04
   1.8727363e+03   1.5431735e+04
   1.8719268e+03   1.5447672e+04
   1.8711172e+03   1.5287564e+04
   1.8703076e+03   1.5664801e+04
   1.8694980e+03   1.5572632e+04
   1.8686875e+03   1.5452711e+04
   1.8678779e+03   1.5305054e+04
   1.8670674e+03   1.5614143e+04
   1.8662578e+03   1.5549809e+04
   1.8654473e+03   1.5371360e+04
   1.8646367e+03   1.5464384e+04
   1.8638252e+03   1.5619050e+04
   1.8630146e+03   1.5493092e+04
   1.8622041e+03   1.5619956e+04
   1.8613926e+03   1.5608079e+04
   1.8605811e+03   1.5608532e+04
   1.8597705e+03   1.5695257e+04
   1.8589590e+03   1.5597114e+04
   1.8581465e+03   1.5723852e+04
   1.8573350e+03   1.5687327e+04
   1.8565234e+03   1.5715476e+04
   1.8557109e+03   1.5839048e+04
   1.8548984e+03   1.5697868e+04
   1.8540869e+03   1.5806014e+04
   1.8532744e+03   1.5683348e+04
   1.8524609e+03   1.5782229e+04
   1.8516484e+03   1.5801101e+04
   1.8508359e+03   1.5863021e+04
   1.8500225e+03   1.5795774e+04
   1.8492100e+03   1.5916088e+04
   1.8483965e+03   1.5658274e+04
   1.8475830e+03   1.5873843e+04
   1.8467695e+03   1.5803564e+04
   1.8459551e+03   1.5813188e+04
   1.8451416e+03   1.5878103e+04
   1.8443271e+03   1.5761788e+04
   1.8435137e+03   1.5838970e+04
   1.8426992e+03   1.5676646e+04
   1.8418848e+03   1.5707770e+04
   1.8410703e+03   1.5729674e+04
   1.8402559e+03   1.5862043e+04
   1.8394404e+03   1.5828686e+04
   1.8386260e+03   1.5967128e+04
   1.8378105e+03   1.5860151e+04
   1.8369951e+03   1.5793077e+04
   1.8361797e+03   1.5931452e+04
   1.8353643e+03   1.5701911e+04
   1.8345488e+03   1.6024159e+04
   1.8337334e+03   1.5938712e+04
   1.8329170e+03   1.6006495e+04
   1.8321016e+03   1.5835300e+04
   1.8312852e+03   1.6154242e+04
   1.8304688e+03   1.6203577e+04
   1.8296523e+03   1.5759919e+04
   1.8288359e+03   1.6014420e+04
   1.8280186e+03   1.6164763e+04
   1.8272021e+03   1.6152853e+04
   1.8263848e+03   1.6070568e+04
   1.8255674e+03   1.6187170e+04
   1.8247500e+03   1.6104906e+04
   1.8239326e+03   1.5973735e+04
   1.8231152e+03   1.6096409e+04
   1.8222979e+03   1.6243499e+04
   1.8214795e+03   1.6219357e+04
   1.8206621e+03   1.6210505e+04
   1.8198438e+03   1.6143596e+04
   1.8190254e+03   1.6626652e+04
   1.8182070e+03   1.6058718e+04
   1.8173887e+03   1.6312559e+04
   1.8165703e+03   1.6205977e+04
   1.8157510e+03   1.6499396e+04
   1.8149326e+03   1.6142499e+04
   1.8141133e+03   1.6130614e+04
   1.8132939e+03   1.6301831e+04
   1.8124746e+03   1.6506551e+04
   1.8116553e+03   1.6482406e+04
   1.8108350e+03   1.6494871e+04
   1.8100156e+03   1.6391447e+04
   1.8091953e+03   1.6458803e+04
   1.8083760e+03   1.6224331e+04
   1.8075557e+03   1.6434949e+04
   1.8067354e+03   1.6368173e+04
   1.8059141e+03   1.6249619e+04
   1.8050938e+03   1.6539332e+04
   1.8042734e+03   1.6317226e+04
   1.8034521e+03   1.6737783e+04
   1.8026309e+03   1.6445684e+04
   1.8018096e+03   1.6525100e+04
   1.8009883e+03   1.6671455e+04
   1.8001670e+03   1.6537770e+04
   1.7993457e+03   1.6495414e+04
   1.7985234e+03   1.6672121e+04
   1.7977021e+03   1.6562836e+04
   1.7968799e+03   1.6885455e+04
   1.7960576e+03   1.6794414e+04
   1.7952354e+03   1.6654758e+04
   1.7944131e+03   1.6685375e+04
   1.7935908e+03   1.6801082e+04
   1.7927676e+03   1.6944100e+04
   1.7919453e+03   1.6929078e+04
   1.7911221e+03   1.7065947e+04
   1.7902988e+03   1.6577104e+04
   1.7894756e+03   1.6893148e+04
   1.7886523e+03   1.6814383e+04
   1.7878291e+03   1.6826715e+04
   1.7870049e+03   1.7057572e+04
   1.7861816e+03   1.6772461e+04
   1.7853574e+03   1.6718039e+04
   1.7845332e+03   1.6882057e+04
   1.7837090e+03   1.7224969e+04
   1.7828848e+03   1.7143205e+04
   1.7820596e+03   1.6861350e+04
   1.7812354e+03   1.7176805e+04
   1.7804102e+03   1.7225422e+04
   1.7795859e+03   1.7119465e+04
   1.7787607e+03   1.6980213e+04
   1.7779355e+03   1.7013689e+04
   1.7771104e+03   1.6971430e+04
   1.7762842e+03   1.7071521e+04
   1.7754590e+03   1.7044402e+04
   1.7746328e+03   1.7226188e+04
   1.7738076e+03   1.7235375e+04
   1.7729814e+03   1.7153766e+04
   1.7721553e+03   1.7226506e+04
   1.7713281e+03   1.7335523e+04
   1.7705020e+03   1.7290236e+04
   1.7696758e+03   1.7523205e+04
   1.7688486e+03   1.7350896e+04
   1.7680215e+03   1.7075852e+04
   1.7671943e+03   1.7399422e+04
   1.7663672e+03   1.7496207e+04
   1.7655400e+03   1.7456977e+04
   1.7647129e+03   1.7469121e+04
   1.7638848e+03   1.7454074e+04
   1.7630576e+03   1.7632328e+04
   1.7622295e+03   1.7732008e+04
   1.7614014e+03   1.7590113e+04
   1.7605732e+03   1.7605240e+04
   1.7597451e+03   1.7502652e+04
   1.7589170e+03   1.7475539e+04
   1.7580879e+03   1.7738086e+04
   1.7572598e+03   1.7466590e+04
   1.7564307e+03   1.7623482e+04
   1.7556016e+03   1.7662709e+04
   1.7547725e+03   1.8024543e+04
   1.7539434e+03   1.7710975e+04
   1.7531133e+03   1.7726053e+04
   1.7522842e+03   1.7804410e+04
   1.7514541e+03   1.7843568e+04
   1.7506240e+03   1.7741123e+04
   1.7497949e+03   1.7930883e+04
   1.7489639e+03   1.7897721e+04
   1.7481338e+03   1.7948879e+04
   1.7473037e+03   1.8135494e+04
   1.7464727e+03   1.8078232e+04
   1.7456426e+03   1.8276799e+04
   1.7448115e+03   1.7906594e+04
   1.7439805e+03   1.7966730e+04
   1.7431494e+03   1.7954652e+04
   1.7423184e+03   1.8336559e+04
   1.7414863e+03   1.8237219e+04
   1.7406553e+03   1.7951512e+04
   1.7398232e+03   1.8140842e+04
   1.7389922e+03   1.8438301e+04
   1.7381602e+03   1.8756691e+04
   1.7373281e+03   1.8504137e+04
   1.7364951e+03   1.8371822e+04
   1.7356631e+03   1.8467811e+04
   1.7348301e+03   1.8083305e+04
   1.7339980e+03   1.8737748e+04
   1.7331650e+03   1.8374338e+04
   1.7323320e+03   1.8767391e+04
   1.7314990e+03   1.8668172e+04
   1.7306660e+03   1.8941025e+04
   1.7298320e+03   1.8790812e+04
   1.7289990e+03   1.9111541e+04
   1.7281650e+03   1.8757430e+04
   1.7273311e+03   1.8766232e+04
   1.7264971e+03   1.8960891e+04
   1.7256631e+03   1.9107527e+04
   1.7248291e+03   1.8984406e+04
   1.7239941e+03   1.9017129e+04
   1.7231602e+03   1.9121738e+04
   1.7223252e+03   1.9124475e+04
   1.7214902e+03   1.8989451e+04
   1.7206553e+03   1.8863457e+04
   1.7198203e+03   1.9060822e+04
   1.7189854e+03   1.9153359e+04
   1.7181504e+03   1.9138127e+04
   1.7173145e+03   1.9341328e+04
   1.7164785e+03   1.9041861e+04
   1.7156426e+03   1.9418492e+04
   1.7148066e+03   1.9403223e+04
   1.7139707e+03   1.9381977e+04
   1.7131348e+03   1.9590938e+04
   1.7122988e+03   1.9548742e+04
   1.7114619e+03   1.9330234e+04
   1.7106250e+03   1.9551047e+04
   1.7097881e+03   1.9601492e+04
   1.7089512e+03   1.9442824e+04
   1.7081143e+03   1.9812832e+04
   1.7072773e+03   1.9740775e+04
   1.7064395e+03   1.9579178e+04
   1.7056025e+03   1.9728078e+04
   1.7047646e+03   1.9527736e+04
   1.7039268e+03   1.9831762e+04
   1.7030889e+03   1.9685172e+04
   1.7022510e+03   1.9950285e+04
   1.7014121e+03   1.9815654e+04
   1.7005742e+03   1.9842096e+04
   1.6997354e+03   1.9841695e+04
   1.6988975e+03   2.0029092e+04
   1.6980586e+03   2.0270074e+04
   1.6972197e+03   1.9840484e+04
   1.6963799e+03   1.9857957e+04
   1.6955410e+03   1.9988621e+04
   1.6947012e+03   2.0059672e+04
   1.6938623e+03   2.0136654e+04
   1.6930225e+03   2.0291021e+04
   1.6921826e+03   2.0272676e+04
   1.6913428e+03   2.0248381e+04
   1.6905029e+03   2.0194336e+04
   1.6896621e+03   2.0381314e+04
   1.6888223e+03   2.0196369e+04
   1.6879814e+03   2.0297025e+04
   1.6871406e+03   2.0314377e+04
   1.6862998e+03   2.0471471e+04
   1.6854590e+03   2.0693912e+04
   1.6846182e+03   2.0743881e+04
   1.6837764e+03   2.0529340e+04
   1.6829355e+03   2.0620918e+04
   1.6820938e+03   2.0745141e+04
   1.6812520e+03   2.0753480e+04
   1.6804102e+03   2.0898426e+04
   1.6795684e+03   2.1114584e+04
   1.6787266e+03   2.1048633e+04
   1.6778838e+03   2.1255785e+04
   1.6770420e+03   2.1338219e+04
   1.6761992e+03   2.1500740e+04
   1.6753564e+03   2.1535635e+04
   1.6745137e+03   2.1374746e+04
   1.6736709e+03   2.1667666e+04
   1.6728271e+03   2.1984209e+04
   1.6719844e+03   2.1651369e+04
   1.6711406e+03   2.1635812e+04
   1.6702979e+03   2.1735844e+04
   1.6694541e+03   2.1951406e+04
   1.6686104e+03   2.1716564e+04
   1.6677656e+03   2.1863924e+04
   1.6669219e+03   2.2339979e+04
   1.6660771e+03   2.2235479e+04
   1.6652334e+03   2.2592879e+04
   1.6643887e+03   2.1979223e+04
   1.6635439e+03   2.2608832e+04
   1.6626992e+03   2.2625680e+04
   1.6618545e+03   2.2775660e+04
   1.6610088e+03   2.2733309e+04
   1.6601641e+03   2.2995607e+04
   1.6593184e+03   2.3101088e+04
   1.6584727e+03   2.2833996e+04
   1.6576270e+03   2.3229166e+04
   1.6567812e+03   2.3358195e+04
   1.6559355e+03   2.3637889e+04
   1.6550889e+03   2.3503842e+04
   1.6542432e+03   2.3709561e+04
   1.6533965e+03   2.3740947e+04
   1.6525498e+03   2.3733930e+04
   1.6517031e+03   2.3963123e+04
   1.6508564e+03   2.4103672e+04
   1.6500088e+03   2.4368139e+04
   1.6491621e+03   2.4378723e+04
   1.6483145e+03   2.4625348e+04
   1.6474678e+03   2.4871885e+04
   1.6466201e+03   2.4988559e+04
   1.6457715e+03   2.4842727e+04
   1.6449238e+03   2.5204090e+04
   1.6440762e+03   2.5370760e+04
   1.6432275e+03   2.5357572e+04
   1.6423799e+03   2.5786441e+04
   1.6415312e+03   2.5390139e+04
   1.6406826e+03   2.6275484e+04
   1.6398340e+03   2.5855668e+04
   1.6389854e+03   2.6266482e+04
   1.6381357e+03   2.6550545e+04
   1.6372871e+03   2.6416459e+04
   1.6364375e+03   2.6582656e+04
   1.6355879e+03   2.6707592e+04
   1.6347383e+03   2.6944299e+04
   1.6338887e+03   2.6689611e+04
   1.6330381e+03   2.6935062e+04
   1.6321885e+03   2.7268658e+04
   1.6313379e+03   2.7008162e+04
   1.6304883e+03   2.7091732e+04
   1.6296377e+03   2.7451580e+04
   1.6287871e+03   2.7878898e+04
   1.6279355e+03   2.7768336e+04
   1.6270850e+03   2.8013299e+04
   1.6262344e+03   2.8011432e+04
   1.6253828e+03   2.7874467e+04
   1.6245312e+03   2.8412926e+04
   1.6236797e+03   2.8637055e+04
   1.6228281e+03   2.8799463e+04
   1.6219766e+03   2.8999967e+04
   1.6211240e+03   2.9218008e+04
   1.6202725e+03   2.9550395e+04
   1.6194199e+03   2.9982404e+04
   1.6185674e+03   3.0038850e+04
   1.6177148e+03   3.0124600e+04
   1.6168623e+03   3.0412621e+04
   1.6160098e+03   3.0433783e+04
   1.6151562e+03   3.0642516e+04
   1.6143037e+03   3.0845314e+04
   1.6134502e+03   3.1156447e+04
   1.6125967e+03   3.1247770e+04
   1.6117432e+03   3.1438641e+04
   1.6108896e+03   3.1503523e+04
   1.6100361e+03   3.1272668e+04
   1.6091816e+03   3.1738605e+04
   1.6083271e+03   3.1867791e+04
   1.6074736e+03   3.1999859e+04
   1.6066191e+03   3.2430316e+04
   1.6057637e+03   3.1997645e+04
   1.6049092e+03   3.2331432e+04
   1.6040547e+03   3.2358047e+04
   1.6031992e+03   3.1984082e+04
   1.6023447e+03   3.2551564e+04
   1.6014893e+03   3.2987320e+04
   1.6006338e+03   3.2730332e+04
   1.5997783e+03   3.2973066e+04
   1.5989219e+03   3.2631443e+04
   1.5980664e+03   3.3096094e+04
   1.5972100e+03   3.3134211e+04
   1.5963535e+03   3.3271586e+04
   1.5954971e+03   3.3105305e+04
   1.5946406e+03   3.3846836e+04
   1.5937842e+03   3.3560855e+04
   1.5929277e+03   3.3969418e+04
   1.5920703e+03   3.4240727e+04
   1.5912139e+03   3.4237754e+04
   1.5903564e+03   3.4170625e+04
   1.5894990e+03   3.4622531e+04
   1.5886416e+03   3.4631156e+04
   1.5877842e+03   3.5007039e+04
   1.5869258e+03   3.5001020e+04
   1.5860684e+03   3.5277641e+04
   1.5852100e+03   3.5490070e+04
   1.5843516e+03   3.5274242e+04
   1.5834932e+03   3.5355543e+04
   1.5826348e+03   3.5497961e+04
   1.5817754e+03   3.5777160e+04
   1.5809170e+03   3.5974762e+04
   1.5800576e+03   3.5956930e+04
   1.5791992e+03   3.5959473e+04
   1.5783398e+03   3.6066746e+04
   1.5774795e+03   3.6261246e+04
   1.5766201e+03   3.6080504e+04
   1.5757607e+03   3.6388336e+04
   1.5749004e+03   3.6515809e+04
   1.5740410e+03   3.6878688e+04
   1.5731807e+03   3.6523578e+04
   1.5723203e+03   3.6671297e+04
   1.5714600e+03   3.6659172e+04
   1.5705986e+03   3.6542477e+04
   1.5697383e+03   3.6771430e+04
   1.5688770e+03   3.7418453e+04
   1.5680166e+03   3.6909738e+04
   1.5671553e+03   3.6877254e+04
   1.5662939e+03   3.7042137e+04
   1.5654316e+03   3.6937094e+04
   1.5645703e+03   3.7348516e+04
   1.5637090e+03   3.6860547e+04
   1.5628467e+03   3.6668574e+04
   1.5619844e+03   3.7117527e+04
   1.5611221e+03   3.7111129e+04
   1.5602598e+03   3.7287359e+04
   1.5593975e+03   3.7393965e+04
   1.5585342e+03   3.7897535e+04
   1.5576719e+03   3.7227516e+04
   1.5568086e+03   3.6963281e+04
   1.5559453e+03   3.7675195e+04
   1.5550820e+03   3.7668699e+04
   1.5542188e+03   3.7471113e+04
   1.5533545e+03   3.7542812e+04
   1.5524912e+03   3.7238223e+04
   1.5516270e+03   3.7243375e+04
   1.5507637e+03   3.7245629e+04
   1.5498994e+03   3.6978852e+04
   1.5490342e+03   3.7203859e+04
   1.5481699e+03   3.6902477e+04
   1.5473057e+03   3.6841176e+04
   1.5464404e+03   3.6930215e+04
   1.5455762e+03   3.6776438e+04
   1.5447109e+03   3.6851004e+04
   1.5438457e+03   3.6630836e+04
   1.5429795e+03   3.6716957e+04
   1.5421143e+03   3.6482441e+04
   1.5412490e+03   3.6686953e+04
   1.5403828e+03   3.6438086e+04
   1.5395166e+03   3.6437570e+04
   1.5386504e+03   3.6535188e+04
   1.5377842e+03   3.6601023e+04
   1.5369180e+03   3.6612016e+04
   1.5360518e+03   3.6175855e+04
   1.5351846e+03   3.6071539e+04
   1.5343174e+03   3.5990332e+04
   1.5334502e+03   3.5914914e+04
   1.5325830e+03   3.5764570e+04
   1.5317158e+03   3.5997625e+04
   1.5308486e+03   3.5351637e+04
   1.5299805e+03   3.5754684e+04
   1.5291133e+03   3.5106074e+04
   1.5282451e+03   3.5108648e+04
   1.5273770e+03   3.5497125e+04
   1.5265088e+03   3.5421887e+04
   1.5256406e+03   3.5044391e+04
   1.5247715e+03   3.5205281e+04
   1.5239033e+03   3.5245242e+04
   1.5230342e+03   3.5331223e+04
   1.5221650e+03   3.5428684e+04
   1.5212959e+03   3.5537613e+04
   1.5204268e+03   3.5180613e+04
   1.5195576e+03   3.5157277e+04
   1.5186875e+03   3.5346691e+04
   1.5178184e+03   3.4897926e+04
   1.5169482e+03   3.5268367e+04
   1.5160781e+03   3.4518062e+04
   1.5152080e+03   3.5052195e+04
   1.5143379e+03   3.4784746e+04
   1.5134668e+03   3.4003312e+04
   1.5125967e+03   3.3985945e+04
   1.5117256e+03   3.4155191e+04
   1.5108545e+03   3.3658441e+04
   1.5099834e+03   3.3801855e+04
   1.5091123e+03   3.3615234e+04
   1.5082412e+03   3.3767207e+04
   1.5073691e+03   3.3379863e+04
   1.5064980e+03   3.3219219e+04
   1.5056260e+03   3.2800559e+04
   1.5047539e+03   3.2542590e+04
   1.5038818e+03   3.2683145e+04
   1.5030098e+03   3.2416686e+04
   1.5021367e+03   3.2316514e+04
   1.5012646e+03   3.2368217e+04
   1.5003916e+03   3.2173559e+04
   1.4995186e+03   3.1938871e+04
   1.4986455e+03   3.2045016e+04
   1.4977725e+03   3.2216971e+04
   1.4968984e+03   3.1613133e+04
   1.4960254e+03   3.1853787e+04
   1.4951514e+03   3.1971314e+04
   1.4942783e+03   3.1671094e+04
   1.4934043e+03   3.2011727e+04
   1.4925293e+03   3.2160619e+04
   1.4916553e+03   3.1997775e+04
   1.4907812e+03   3.1880730e+04
   1.4899062e+03   3.1883781e+04
   1.4890312e+03   3.1961137e+04
   1.4881572e+03   3.1778432e+04
   1.4872822e+03   3.2178621e+04
   1.4864062e+03   3.1770273e+04
   1.4855312e+03   3.2187459e+04
   1.4846562e+03   3.2410322e+04
   1.4837803e+03   3.2016418e+04
   1.4829043e+03   3.2190703e+04
   1.4820283e+03   3.2242201e+04
   1.4811523e+03   3.2810176e+04
   1.4802764e+03   3.2350850e+04
   1.4793994e+03   3.2593412e+04
   1.4785234e+03   3.2733215e+04
   1.4776465e+03   3.3055469e+04
   1.4767695e+03   3.3337695e+04
   1.4758926e+03   3.2998391e+04
   1.4750156e+03   3.3562684e+04
   1.4741377e+03   3.3411531e+04
   1.4732607e+03   3.3941367e+04
   1.4723828e+03   3.3978207e+04
   1.4715049e+03   3.4510605e+04
   1.4706270e+03   3.4453359e+04
   1.4697490e+03   3.4720703e+04
   1.4688711e+03   3.5124590e+04
   1.4679922e+03   3.5326262e+04
   1.4671143e+03   3.5240453e+04
   1.4662354e+03   3.5555836e+04
   1.4653564e+03   3.5933691e+04
   1.4644775e+03   3.6012777e+04
   1.4635986e+03   3.6125957e+04
   1.4627188e+03   3.5761445e+04
   1.4618398e+03   3.6639309e+04
   1.4609600e+03   3.6118508e+04
   1.4600801e+03   3.6558383e+04
   1.4592002e+03   3.6708297e+04
   1.4583203e+03   3.7048488e+04
   1.4574404e+03   3.7240867e+04
   1.4565596e+03   3.6797078e+04
   1.4556787e+03   3.6529477e+04
   1.4547988e+03   3.6835391e+04
   1.4539180e+03   3.6653020e+04
   1.4530371e+03   3.7026906e+04
   1.4521553e+03   3.6765121e+04
   1.4512744e+03   3.6494910e+04
   1.4503926e+03   3.6420496e+04
   1.4495107e+03   3.6550285e+04
   1.4486299e+03   3.6447531e+04
   1.4477471e+03   3.6282445e+04
   1.4468652e+03   3.6035223e+04
   1.4459834e+03   3.6062965e+04
   1.4451006e+03   3.6226691e+04
   1.4442188e+03   3.5835129e+04
   1.4433359e+03   3.6163109e+04
   1.4424531e+03   3.6312574e+04
   1.4415703e+03   3.6362883e+04
   1.4406865e+03   3.5767742e+04
   1.4398037e+03   3.5772840e+04
   1.4389199e+03   3.5630785e+04
   1.4380361e+03   3.5825473e+04
   1.4371523e+03   3.5346816e+04
   1.4362686e+03   3.5368949e+04
   1.4353848e+03   3.5654066e+04
   1.4345010e+03   3.4822262e+04
   1.4336162e+03   3.4878395e+04
   1.4327314e+03   3.4654688e+04
   1.4318467e+03   3.4439539e+04
   1.4309619e+03   3.4023855e+04
   1.4300771e+03   3.4532074e+04
   1.4291924e+03   3.3927277e+04
   1.4283066e+03   3.3605086e+04
   1.4274219e+03   3.3266066e+04
   1.4265361e+03   3.3463527e+04
   1.4256504e+03   3.2986348e+04
   1.4247646e+03   3.3180965e+04
   1.4238779e+03   3.3234438e+04
   1.4229922e+03   3.2991684e+04
   1.4221055e+03   3.2483885e+04
   1.4212188e+03   3.2833547e+04
   1.4203320e+03   3.2667115e+04
   1.4194453e+03   3.2768547e+04
   1.4185586e+03   3.3058785e+04
   1.4176719e+03   3.2917758e+04
   1.4167842e+03   3.2503475e+04
   1.4158965e+03   3.2841492e+04
   1.4150088e+03   3.2838586e+04
   1.4141211e+03   3.2934242e+04
   1.4132334e+03   3.2891898e+04
   1.4123457e+03   3.2860828e+04
   1.4114570e+03   3.2902949e+04
   1.4105684e+03   3.3178625e+04
   1.4096807e+03   3.3164398e+04
   1.4087920e+03   3.3662172e+04
   1.4079023e+03   3.3813812e+04
   1.4070137e+03   3.3636371e+04
   1.4061250e+03   3.3875121e+04
   1.4052354e+03   3.4282457e+04
   1.4043457e+03   3.4237129e+04
   1.4034561e+03   3.3896742e+04
   1.4025664e+03   3.3921734e+04
   1.4016768e+03   3.4317535e+04
   1.4007861e+03   3.4162688e+04
   1.3998965e+03   3.4050012e+04
   1.3990059e+03   3.3985105e+04
   1.3981152e+03   3.4383422e+04
   1.3972246e+03   3.3908691e+04
   1.3963340e+03   3.4242332e+04
   1.3954424e+03   3.4870469e+04
   1.3945518e+03   3.4595070e+04
   1.3936602e+03   3.4964879e+04
   1.3927686e+03   3.5141055e+04
   1.3918770e+03   3.5493812e+04
   1.3909854e+03   3.5818410e+04
   1.3900938e+03   3.5910254e+04
   1.3892012e+03   3.6935258e+04
   1.3883086e+03   3.6704656e+04
   1.3874170e+03   3.6504949e+04
   1.3865244e+03   3.7392062e+04
   1.3856309e+03   3.7673973e+04
   1.3847383e+03   3.8109781e+04
   1.3838457e+03   3.8422258e+04
   1.3829521e+03   3.8701039e+04
   1.3820586e+03   3.8411633e+04
   1.3811650e+03   3.8939332e+04
   1.3802715e+03   3.8840211e+04
   1.3793779e+03   3.9417992e+04
   1.3784844e+03   3.9170605e+04
   1.3775898e+03   3.9077082e+04
   1.3766953e+03   3.9232395e+04
   1.3758008e+03   3.9429570e+04
   1.3749062e+03   3.9053801e+04
   1.3740117e+03   3.9108441e+04
   1.3731172e+03   3.8878117e+04
   1.3722217e+03   3.9270730e+04
   1.3713262e+03   3.9369980e+04
   1.3704307e+03   3.8665070e+04
   1.3695352e+03   3.9146840e+04
   1.3686396e+03   3.8978109e+04
   1.3677441e+03   3.8764785e+04
   1.3668477e+03   3.8635234e+04
   1.3659521e+03   3.8435992e+04
   1.3650557e+03   3.8420898e+04
   1.3641592e+03   3.8330516e+04
   1.3632627e+03   3.7950191e+04
   1.3623652e+03   3.8503879e+04
   1.3614688e+03   3.8232355e+04
   1.3605713e+03   3.8214520e+04
   1.3596738e+03   3.8138172e+04
   1.3587773e+03   3.8262430e+04
   1.3578789e+03   3.7974418e+04
   1.3569814e+03   3.7984480e+04
   1.3560840e+03   3.8364848e+04
   1.3551855e+03   3.8430508e+04
   1.3542871e+03   3.8312449e+04
   1.3533887e+03   3.8842824e+04
   1.3524902e+03   3.8312941e+04
   1.3515918e+03   3.8578855e+04
   1.3506934e+03   3.8672227e+04
   1.3497939e+03   3.8423516e+04
   1.3488945e+03   3.8494637e+04
   1.3479951e+03   3.8179324e+04
   1.3470957e+03   3.8333844e+04
   1.3461963e+03   3.8179844e+04
   1.3452969e+03   3.8359309e+04
   1.3443965e+03   3.8505375e+04
   1.3434971e+03   3.8440301e+04
   1.3425967e+03   3.8169750e+04
   1.3416963e+03   3.8188051e+04
   1.3407949e+03   3.7767730e+04
   1.3398945e+03   3.7924867e+04
   1.3389941e+03   3.8001469e+04
   1.3380928e+03   3.8025328e+04
   1.3371914e+03   3.8082465e+04
   1.3362900e+03   3.7604277e+04
   1.3353887e+03   3.7517266e+04
   1.3344873e+03   3.7541184e+04
   1.3335850e+03   3.7493020e+04
   1.3326836e+03   3.7115043e+04
   1.3317812e+03   3.7629512e+04
   1.3308789e+03   3.7243328e+04
   1.3299766e+03   3.7444559e+04
   1.3290732e+03   3.7590324e+04
   1.3281709e+03   3.7002195e+04
   1.3272676e+03   3.7150750e+04
   1.3263652e+03   3.7409984e+04
   1.3254619e+03   3.7674660e+04
   1.3245576e+03   3.7656980e+04
   1.3236543e+03   3.7675270e+04
   1.3227510e+03   3.7668660e+04
   1.3218467e+03   3.8040961e+04
   1.3209424e+03   3.7591832e+04
   1.3200391e+03   3.7513348e+04
   1.3191338e+03   3.7805312e+04
   1.3182295e+03   3.7710230e+04
   1.3173252e+03   3.7908102e+04
   1.3164199e+03   3.7815793e+04
   1.3155156e+03   3.7706945e+04
   1.3146104e+03   3.7755559e+04
   1.3137051e+03   3.7450691e+04
   1.3127988e+03   3.7190105e+04
   1.3118936e+03   3.7534152e+04
   1.3109873e+03   3.7047324e+04
   1.3100820e+03   3.7145676e+04
   1.3091758e+03   3.7227438e+04
   1.3082695e+03   3.7082969e+04
   1.3073633e+03   3.7137129e+04
   1.3064561e+03   3.7420148e+04
   1.3055498e+03   3.7308805e+04
   1.3046426e+03   3.7514504e+04
   1.3037354e+03   3.7419715e+04
   1.3028281e+03   3.7652875e+04
   1.3019209e+03   3.7582891e+04
   1.3010137e+03   3.7240215e+04
   1.3001055e+03   3.7506328e+04
   1.2991982e+03   3.6965520e+04
   1.2982900e+03   3.7396781e+04
   1.2973818e+03   3.7103922e+04
   1.2964736e+03   3.7006570e+04
   1.2955645e+03   3.7335777e+04
   1.2946562e+03   3.7455770e+04
   1.2937471e+03   3.6896273e+04
   1.2928379e+03   3.7065801e+04
   1.2919287e+03   3.7345262e+04
   1.2910195e+03   3.7366184e+04
   1.2901104e+03   3.7054488e+04
   1.2892012e+03   3.7185387e+04
   1.2882910e+03   3.7143117e+04
   1.2873809e+03   3.6881074e+04
   1.2864707e+03   3.7237176e+04
   1.2855605e+03   3.6788445e+04
   1.2846504e+03   3.6573277e+04
   1.2837393e+03   3.7365770e+04
   1.2828291e+03   3.7241160e+04
   1.2819180e+03   3.7245582e+04
   1.2810068e+03   3.7527145e+04
   1.2800957e+03   3.7553457e+04
   1.2791846e+03   3.7316430e+04
   1.2782725e+03   3.7167246e+04
   1.2773613e+03   3.7330707e+04
   1.2764492e+03   3.7485887e+04
   1.2755371e+03   3.7120199e+04
   1.2746250e+03   3.7648082e+04
   1.2737129e+03   3.7808598e+04
   1.2727998e+03   3.7525230e+04
   1.2718877e+03   3.7315922e+04
   1.2709746e+03   3.7377812e+04
   1.2700615e+03   3.7540996e+04
   1.2691484e+03   3.7320836e+04
   1.2682354e+03   3.7322473e+04
   1.2673213e+03   3.7233789e+04
   1.2664082e+03   3.7117773e+04
   1.2654941e+03   3.7165949e+04
   1.2645801e+03   3.6965188e+04
   1.2636660e+03   3.6994223e+04
   1.2627520e+03   3.6963094e+04
   1.2618369e+03   3.7074133e+04
   1.2609229e+03   3.7007461e+04
   1.2600078e+03   3.6908016e+04
   1.2590928e+03   3.7281312e+04
   1.2581777e+03   3.7173656e+04
   1.2572627e+03   3.6287566e+04
   1.2563467e+03   3.6502375e+04
   1.2554316e+03   3.6777176e+04
   1.2545156e+03   3.7002742e+04
   1.2535996e+03   3.6685043e+04
   1.2526836e+03   3.7161613e+04
   1.2517676e+03   3.7174156e+04
   1.2508516e+03   3.7203062e+04
   1.2499346e+03   3.7619277e+04
   1.2490176e+03   3.7784445e+04
   1.2481006e+03   3.8080438e+04
   1.2471836e+03   3.8073715e+04
   1.2462666e+03   3.8126957e+04
   1.2453496e+03   3.8591688e+04
   1.2444316e+03   3.8699312e+04
   1.2435146e+03   3.8185770e+04
   1.2425967e+03   3.8443230e+04
   1.2416787e+03   3.8188625e+04
   1.2407598e+03   3.8671984e+04
   1.2398418e+03   3.8686934e+04
   1.2389229e+03   3.8367086e+04
   1.2380049e+03   3.8469164e+04
   1.2370859e+03   3.8424277e+04
   1.2361670e+03   3.8599754e+04
   1.2352480e+03   3.8707172e+04
   1.2343281e+03   3.8567078e+04
   1.2334092e+03   3.8870227e+04
   1.2324893e+03   3.8450148e+04
   1.2315693e+03   3.8291145e+04
   1.2306494e+03   3.8159371e+04
   1.2297295e+03   3.8527578e+04
   1.2288096e+03   3.7857930e+04
   1.2278887e+03   3.8190746e+04
   1.2269678e+03   3.8178562e+04
   1.2260469e+03   3.8087645e+04
   1.2251260e+03   3.7912602e+04
   1.2242051e+03   3.8326590e+04
   1.2232842e+03   3.8270969e+04
   1.2223623e+03   3.8505672e+04
   1.2214414e+03   3.8393066e+04
   1.2205195e+03   3.8681910e+04
   1.2195977e+03   3.8506938e+04
   1.2186758e+03   3.8595020e+04
   1.2177529e+03   3.8596324e+04
   1.2168311e+03   3.8570523e+04
   1.2159082e+03   3.8861781e+04
   1.2149854e+03   3.8990375e+04
   1.2140625e+03   3.8969930e+04
   1.2131396e+03   3.8998242e+04
   1.2122158e+03   3.8969676e+04
   1.2112930e+03   3.9333699e+04
   1.2103691e+03   3.9153488e+04
   1.2094453e+03   3.9100547e+04
   1.2085215e+03   3.9288457e+04
   1.2075977e+03   3.8994715e+04
   1.2066738e+03   3.8563121e+04
   1.2057490e+03   3.9037703e+04
   1.2048242e+03   3.9157883e+04
   1.2038994e+03   3.8664297e+04
   1.2029746e+03   3.8560137e+04
   1.2020498e+03   3.8501957e+04
   1.2011250e+03   3.8043875e+04
   1.2001992e+03   3.8577473e+04
   1.1992744e+03   3.8097926e+04
   1.1983486e+03   3.8002055e+04
   1.1974229e+03   3.8241043e+04
   1.1964961e+03   3.8134375e+04
   1.1955703e+03   3.7946762e+04
   1.1946436e+03   3.8220715e+04
   1.1937178e+03   3.7903633e+04
   1.1927910e+03   3.7913102e+04
   1.1918643e+03   3.7793090e+04
   1.1909365e+03   3.7206555e+04
   1.1900098e+03   3.7741941e+04
   1.1890830e+03   3.7638195e+04
   1.1881553e+03   3.7717777e+04
   1.1872275e+03   3.7681445e+04
   1.1862998e+03   3.7531953e+04
   1.1853721e+03   3.7651914e+04
   1.1844434e+03   3.7348945e+04
   1.1835156e+03   3.7102637e+04
   1.1825869e+03   3.7648039e+04
   1.1816582e+03   3.7240234e+04
   1.1807295e+03   3.7327836e+04
   1.1798008e+03   3.7375035e+04
   1.1788711e+03   3.7400691e+04
   1.1779424e+03   3.7114273e+04
   1.1770127e+03   3.7228723e+04
   1.1760830e+03   3.7523316e+04
   1.1751533e+03   3.7640340e+04
   1.1742227e+03   3.7397086e+04
   1.1732930e+03   3.7600102e+04
   1.1723623e+03   3.7872910e+04
   1.1714326e+03   3.7777520e+04
   1.1705020e+03   3.7832598e+04
   1.1695713e+03   3.8250258e+04
   1.1686396e+03   3.8152160e+04
   1.1677090e+03   3.8043355e+04
   1.1667773e+03   3.8447328e+04
   1.1658457e+03   3.8512969e+04
   1.1649141e+03   3.8071395e+04
   1.1639824e+03   3.8091461e+04
   1.1630508e+03   3.8385145e+04
   1.1621191e+03   3.7930410e+04
   1.1611865e+03   3.7977305e+04
   1.1602539e+03   3.7930340e+04
   1.1593213e+03   3.7711824e+04
   1.1583887e+03   3.7571113e+04
   1.1574561e+03   3.7382215e+04
   1.1565225e+03   3.7466664e+04
   1.1555889e+03   3.7114445e+04
   1.1546562e+03   3.6856086e+04
   1.1537227e+03   3.6608531e+04
   1.1527881e+03   3.6759984e+04
   1.1518545e+03   3.6793602e+04
   1.1509209e+03   3.6950320e+04
   1.1499863e+03   3.7072195e+04
   1.1490518e+03   3.6658934e+04
   1.1481172e+03   3.6181617e+04
   1.1471826e+03   3.6672641e+04
   1.1462480e+03   3.6337211e+04
   1.1453125e+03   3.6501855e+04
   1.1443770e+03   3.6519418e+04
   1.1434414e+03   3.6689312e+04
   1.1425059e+03   3.6378164e+04
   1.1415703e+03   3.6489242e+04
   1.1406348e+03   3.6410629e+04
   1.1396982e+03   3.6465574e+04
   1.1387617e+03   3.6467094e+04
   1.1378262e+03   3.6068152e+04
   1.1368896e+03   3.6550207e+04
   1.1359521e+03   3.6258141e+04
   1.1350156e+03   3.6115602e+04
   1.1340781e+03   3.6210551e+04
   1.1331416e+03   3.6660223e+04
   1.1322041e+03   3.6021641e+04
   1.1312666e+03   3.6332531e+04
   1.1303281e+03   3.5872852e+04
   1.1293906e+03   3.6287605e+04
   1.1284521e+03   3.5969340e+04
   1.1275137e+03   3.5832371e+04
   1.1265762e+03   3.6254898e+04
   1.1256367e+03   3.6224469e+04
   1.1246982e+03   3.6167414e+04
   1.1237598e+03   3.5822816e+04
   1.1228203e+03   3.6213094e+04
   1.1218809e+03   3.5703586e+04
   1.1209414e+03   3.5715852e+04
   1.1200020e+03   3.6066023e+04
   1.1190625e+03   3.5745684e+04
   1.1181221e+03   3.5699418e+04
   1.1171826e+03   3.5171832e+04
   1.1162422e+03   3.5016668e+04
   1.1153018e+03   3.4938648e+04
   1.1143613e+03   3.4722445e+04
   1.1134199e+03   3.4405340e+04
   1.1124795e+03   3.5052809e+04
   1.1115381e+03   3.4207117e+04
   1.1105967e+03   3.4817203e+04
   1.1096553e+03   3.4157742e+04
   1.1087139e+03   3.4244574e+04
   1.1077725e+03   3.4241117e+04
   1.1068301e+03   3.4349137e+04
   1.1058877e+03   3.4329738e+04
   1.1049453e+03   3.4185652e+04
   1.1040029e+03   3.4211383e+04
   1.1030605e+03   3.4022277e+04
   1.1021182e+03   3.4016207e+04
   1.1011748e+03   3.3707891e+04
   1.1002314e+03   3.4046477e+04
   1.0992881e+03   3.3923785e+04
   1.0983447e+03   3.4238359e+04
   1.0974014e+03   3.3773906e+04
   1.0964580e+03   3.3624840e+04
   1.0955137e+03   3.3584406e+04
   1.0945693e+03   3.4208617e+04
   1.0936250e+03   3.3789504e+04
   1.0926807e+03   3.3929055e+04
   1.0917363e+03   3.4253809e+04
   1.0907910e+03   3.4017484e+04
   1.0898467e+03   3.4125168e+04
   1.0889014e+03   3.3851914e+04
   1.0879561e+03   3.3668680e+04
   1.0870107e+03   3.4220578e+04
   1.0860645e+03   3.4682395e+04
   1.0851191e+03   3.4329938e+04
   1.0841729e+03   3.4363445e+04
   1.0832266e+03   3.4349375e+04
   1.0822803e+03   3.4551938e+04
   1.0813340e+03   3.4281629e+04
   1.0803877e+03   3.4460359e+04
   1.0794404e+03   3.4678633e+04
   1.0784932e+03   3.4648672e+04
   1.0775459e+03   3.4272957e+04
   1.0765986e+03   3.4266828e+04
   1.0756514e+03   3.4643281e+04
   1.0747041e+03   3.4666105e+04
   1.0737559e+03   3.4960586e+04
   1.0728076e+03   3.4938508e+04
   1.0718594e+03   3.4747699e+04
   1.0709111e+03   3.4182625e+04
   1.0699629e+03   3.4603484e+04
   1.0690137e+03   3.4534051e+04
   1.0680654e+03   3.4812418e+04
   1.0671162e+03   3.4574375e+04
   1.0661670e+03   3.4678809e+04
   1.0652178e+03   3.4725270e+04
   1.0642676e+03   3.4840164e+04
   1.0633184e+03   3.4586484e+04
   1.0623682e+03   3.4685570e+04
   1.0614180e+03   3.4460953e+04
   1.0604678e+03   3.4352180e+04
   1.0595176e+03   3.4401266e+04
   1.0585674e+03   3.4295168e+04
   1.0576162e+03   3.4317953e+04
   1.0566650e+03   3.4248711e+04
   1.0557139e+03   3.4466004e+04
   1.0547627e+03   3.4420410e+04
   1.0538115e+03   3.4340672e+04
   1.0528604e+03   3.4718086e+04
   1.0519082e+03   3.4309984e+04
   1.0509561e+03   3.4072727e+04
   1.0500039e+03   3.4127016e+04
   1.0490518e+03   3.4328297e+04
   1.0480996e+03   3.4259152e+04
   1.0471465e+03   3.4468207e+04
   1.0461943e+03   3.4273113e+04
   1.0452412e+03   3.4689340e+04
   1.0442881e+03   3.4583449e+04
   1.0433350e+03   3.4404168e+04
   1.0423809e+03   3.4945996e+04
   1.0414277e+03   3.5023621e+04
   1.0404736e+03   3.5093352e+04
   1.0395195e+03   3.5042508e+04
   1.0385654e+03   3.5272035e+04
   1.0376113e+03   3.5553871e+04
   1.0366572e+03   3.5948230e+04
   1.0357021e+03   3.5957496e+04
   1.0347471e+03   3.6089812e+04
   1.0337920e+03   3.6481238e+04
   1.0328369e+03   3.6665758e+04
   1.0318818e+03   3.6769086e+04
   1.0309268e+03   3.6778188e+04
   1.0299707e+03   3.6962547e+04
   1.0290146e+03   3.6513910e+04
   1.0280586e+03   3.7106180e+04
   1.0271025e+03   3.7128281e+04
   1.0261465e+03   3.7155598e+04
   1.0251895e+03   3.7943445e+04
   1.0242324e+03   3.7492414e+04
   1.0232764e+03   3.7605863e+04
   1.0223184e+03   3.7418871e+04
   1.0213613e+03   3.8326238e+04
   1.0204043e+03   3.7802340e+04
   1.0194463e+03   3.7931309e+04
   1.0184893e+03   3.7793984e+04
   1.0175312e+03   3.7531434e+04
   1.0165732e+03   3.7840422e+04
   1.0156143e+03   3.7267504e+04
   1.0146562e+03   3.7610332e+04
   1.0136973e+03   3.7540984e+04
   1.0127383e+03   3.7435156e+04
   1.0117793e+03   3.7371078e+04
   1.0108203e+03   3.7395641e+04
   1.0098613e+03   3.7115285e+04
   1.0089014e+03   3.6842848e+04
   1.0079424e+03   3.7365062e+04
   1.0069824e+03   3.7254160e+04
   1.0060225e+03   3.6888090e+04
   1.0050625e+03   3.6634105e+04
   1.0041016e+03   3.7275727e+04
   1.0031416e+03   3.7542312e+04
   1.0021807e+03   3.7181648e+04
   1.0012197e+03   3.7531414e+04
   1.0002588e+03   3.7691152e+04
   9.9929785e+02   3.7767602e+04
   9.9833594e+02   3.8106668e+04
   9.9737500e+02   3.8094613e+04
   9.9641309e+02   3.8215137e+04
   9.9545117e+02   3.8592914e+04
   9.9448926e+02   3.8001297e+04
   9.9352637e+02   3.7861957e+04
   9.9256445e+02   3.7455109e+04
   9.9160156e+02   3.7741848e+04
   9.9063867e+02   3.7498758e+04
   9.8967578e+02   3.7266137e+04
   9.8871289e+02   3.7448922e+04
   9.8774902e+02   3.7302035e+04
   9.8678613e+02   3.7370570e+04
   9.8582227e+02   3.7296387e+04
   9.8485840e+02   3.7396023e+04
   9.8389453e+02   3.7236277e+04
   9.8293066e+02   3.7444789e+04
   9.8196582e+02   3.7614332e+04
   9.8100195e+02   3.7382055e+04
   9.8003711e+02   3.7722590e+04
   9.7907227e+02   3.8021543e+04
   9.7810742e+02   3.8297070e+04
   9.7714160e+02   3.8181387e+04
   9.7617676e+02   3.8381680e+04
   9.7521094e+02   3.8426551e+04
   9.7424512e+02   3.8740633e+04
   9.7327930e+02   3.9129656e+04
   9.7231348e+02   3.9593590e+04
   9.7134668e+02   3.9741695e+04
   9.7038086e+02   3.9587078e+04
   9.6941406e+02   3.9564426e+04
   9.6844727e+02   3.9877949e+04
   9.6748047e+02   4.0005207e+04
   9.6651367e+02   3.9969559e+04
   9.6554590e+02   3.9858969e+04
   9.6457812e+02   3.9554613e+04
   9.6361133e+02   3.9260699e+04
   9.6264258e+02   3.9034051e+04
   9.6167480e+02   3.9060586e+04
   9.6070703e+02   3.9293688e+04
   9.5973828e+02   3.9007770e+04
   9.5877051e+02   3.8737441e+04
   9.5780176e+02   3.8908531e+04
   9.5683301e+02   3.9136324e+04
   9.5586328e+02   3.8969309e+04
   9.5489453e+02   3.8890051e+04
   9.5392480e+02   3.9099668e+04
   9.5295508e+02   3.8597539e+04
   9.5198535e+02   3.8791660e+04
   9.5101562e+02   3.8882605e+04
   9.5004590e+02   3.8769926e+04
   9.4907520e+02   3.8930406e+04
   9.4810449e+02   3.8977480e+04
   9.4713477e+02   3.9341344e+04
   9.4616309e+02   3.8839793e+04
   9.4519238e+02   3.9363184e+04
   9.4422168e+02   3.8915867e+04
   9.4325000e+02   3.9336098e+04
   9.4227832e+02   3.9552879e+04
   9.4130664e+02   3.9432523e+04
   9.4033496e+02   3.9875582e+04
   9.3936328e+02   3.9387414e+04
   9.3839062e+02   4.0095184e+04
   9.3741895e+02   3.9967098e+04
   9.3644629e+02   4.0340324e+04
   9.3547363e+02   4.0088875e+04
   9.3450000e+02   4.0382277e+04
   9.3352734e+02   4.0583086e+04
   9.3255371e+02   4.0696480e+04
   9.3158105e+02   4.0619781e+04
   9.3060742e+02   4.0992473e+04
   9.2963379e+02   4.0972227e+04
   9.2865918e+02   4.0790273e+04
   9.2768555e+02   4.1131930e+04
   9.2671094e+02   4.1270750e+04
   9.2573633e+02   4.0863070e+04
   9.2476172e+02   4.0635090e+04
   9.2378711e+02   4.0671336e+04
   9.2281250e+02   4.0497312e+04
   9.2183691e+02   4.0784805e+04
   9.2086133e+02   4.0172520e+04
   9.1988574e+02   4.0042242e+04
   9.1891016e+02   3.9912012e+04
   9.1793457e+02   4.0063621e+04
   9.1695801e+02   4.0189559e+04
   9.1598242e+02   4.0154117e+04
   9.1500586e+02   4.0310711e+04
   9.1402930e+02   4.0085824e+04
   9.1305273e+02   3.9574355e+04
   9.1207520e+02   3.9173105e+04
   9.1109863e+02   3.9483270e+04
   9.1012109e+02   3.9570773e+04
   9.0914355e+02   3.9637777e+04
   9.0816602e+02   3.9413242e+04
   9.0718848e+02   3.9068625e+04
   9.0620996e+02   3.8734352e+04
   9.0523145e+02   3.8883238e+04
   9.0425391e+02   3.9037180e+04
   9.0327539e+02   3.8876816e+04
   9.0229590e+02   3.8716512e+04
   9.0131738e+02   3.8722270e+04
   9.0033789e+02   3.8733129e+04
   8.9935938e+02   3.8570379e+04
   8.9837988e+02   3.8400027e+04
   8.9740039e+02   3.8451766e+04
   8.9641992e+02   3.9041867e+04
   8.9544043e+02   3.8810293e+04
   8.9445996e+02   3.8372195e+04
   8.9347949e+02   3.8536105e+04
   8.9249902e+02   3.8610711e+04
   8.9151855e+02   3.8884129e+04
   8.9053809e+02   3.8413195e+04
   8.8955664e+02   3.8569324e+04
   8.8857520e+02   3.9003117e+04
   8.8759375e+02   3.8940000e+04
   8.8661230e+02   3.8843793e+04
   8.8563086e+02   3.9249281e+04
   8.8464844e+02   3.9155598e+04
   8.8366699e+02   3.9410688e+04
   8.8268457e+02   3.9426445e+04
   8.8170215e+02   3.9503266e+04
   8.8071973e+02   3.9488465e+04
   8.7973633e+02   3.9722953e+04
   8.7875391e+02   3.9616559e+04
   8.7777051e+02   4.0059445e+04
   8.7678711e+02   4.0026754e+04
   8.7580371e+02   3.9874598e+04
   8.7482031e+02   3.9829238e+04
   8.7383594e+02   4.0058320e+04
   8.7285156e+02   4.0302555e+04
   8.7186816e+02   4.0277457e+04
   8.7088379e+02   4.1085352e+04
   8.6989844e+02   4.0884918e+04
   8.6891406e+02   4.1212594e+04
   8.6792871e+02   4.1222879e+04
   8.6694434e+02   4.1332125e+04
   8.6595898e+02   4.1953863e+04
   8.6497266e+02   4.1345016e+04
   8.6398730e+02   4.1619039e+04
   8.6300195e+02   4.1809277e+04
   8.6201562e+02   4.1586172e+04
   8.6102930e+02   4.1231324e+04
   8.6004297e+02   4.0876602e+04
   8.5905664e+02   4.0881844e+04
   8.5806934e+02   4.0545047e+04
   8.5708301e+02   4.0221035e+04
   8.5609570e+02   4.0152941e+04
   8.5510840e+02   3.9869629e+04
   8.5412109e+02   3.9915547e+04
   8.5313379e+02   3.9715914e+04
   8.5214551e+02   3.9607457e+04
   8.5115723e+02   3.9334566e+04
   8.5016895e+02   3.9456441e+04
   8.4918066e+02   3.9722445e+04
   8.4819238e+02   3.9515430e+04
   8.4720410e+02   3.8977250e+04
   8.4621484e+02   3.9081395e+04
   8.4522559e+02   3.9516617e+04
   8.4423633e+02   3.9241551e+04
   8.4324707e+02   3.9282418e+04
   8.4225781e+02   3.9136328e+04
   8.4126758e+02   3.9260543e+04
   8.4027734e+02   3.9175113e+04
   8.3928711e+02   3.9327051e+04
   8.3829688e+02   3.8969000e+04
   8.3730664e+02   3.8785234e+04
   8.3631543e+02   3.8717609e+04
   8.3532520e+02   3.8604594e+04
   8.3433398e+02   3.8648016e+04
   8.3334277e+02   3.8540094e+04
   8.3235156e+02   3.8328824e+04
   8.3135938e+02   3.8251254e+04
   8.3036816e+02   3.8503918e+04
   8.2937598e+02   3.8252441e+04
   8.2838379e+02   3.8245473e+04
   8.2739160e+02   3.8853227e+04
   8.2639941e+02   3.8808363e+04
   8.2540625e+02   3.8720703e+04
   8.2441309e+02   3.9005730e+04
   8.2341992e+02   3.9016246e+04
   8.2242676e+02   3.8905938e+04
   8.2143359e+02   3.9258719e+04
   8.2044043e+02   3.9236469e+04
   8.1944629e+02   3.9206676e+04
   8.1845215e+02   3.8865004e+04
   8.1745801e+02   3.9194898e+04
   8.1646387e+02   3.8810609e+04
   8.1546973e+02   3.8710520e+04
   8.1447461e+02   3.8411910e+04
   8.1347949e+02   3.7862117e+04
   8.1248535e+02   3.7704465e+04
   8.1148926e+02   3.7740289e+04
   8.1049414e+02   3.7529973e+04
   8.0949902e+02   3.7520617e+04
   8.0850293e+02   3.7074410e+04
   8.0750684e+02   3.7097770e+04
   8.0651074e+02   3.7143707e+04
   8.0551465e+02   3.7001430e+04
   8.0451758e+02   3.6788957e+04
   8.0352148e+02   3.6897625e+04
   8.0252441e+02   3.6878352e+04
   8.0152734e+02   3.6533121e+04
   8.0053027e+02   3.6388570e+04
   7.9953320e+02   3.6161355e+04
   7.9853516e+02   3.6588297e+04
   7.9753711e+02   3.6448824e+04
   7.9653906e+02   3.6254281e+04
   7.9554102e+02   3.6355363e+04
   7.9454297e+02   3.6093293e+04
   7.9354492e+02   3.6369629e+04
   7.9254590e+02   3.6355477e+04
   7.9154688e+02   3.5988426e+04
   7.9054785e+02   3.6202062e+04
   7.8954883e+02   3.6488176e+04
   7.8854980e+02   3.6383953e+04
   7.8754980e+02   3.6502355e+04
   7.8654980e+02   3.6333148e+04
   7.8554980e+02   3.6464016e+04
   7.8454980e+02   3.6872293e+04
   7.8354980e+02   3.6713105e+04
   7.8254883e+02   3.6066719e+04
   7.8154883e+02   3.6664711e+04
   7.8054785e+02   3.6360766e+04
   7.7954688e+02   3.6449020e+04
   7.7854492e+02   3.6507273e+04
   7.7754395e+02   3.6263438e+04
   7.7654199e+02   3.6561316e+04
   7.7554004e+02   3.6981367e+04
   7.7453809e+02   3.7109340e+04
   7.7353613e+02   3.7062641e+04
   7.7253418e+02   3.7539730e+04
   7.7153125e+02   3.7370770e+04
   7.7052832e+02   3.7708004e+04
   7.6952539e+02   3.7878094e+04
   7.6852246e+02   3.8501727e+04
   7.6751953e+02   3.8836070e+04
   7.6651562e+02   3.8764188e+04
   7.6551270e+02   3.8627562e+04
   7.6450879e+02   3.9190820e+04
   7.6350488e+02   3.9111438e+04
   7.6250000e+02   3.9218801e+04
   7.6149609e+02   3.9206645e+04
   7.6049121e+02   3.8711680e+04
   7.5948730e+02   3.9013137e+04
   7.5848145e+02   3.8326828e+04
   7.5747656e+02   3.8521281e+04
   7.5647168e+02   3.8601270e+04
   7.5546582e+02   3.8524578e+04
   7.5445996e+02   3.8795953e+04
   7.5345508e+02   3.8647172e+04
   7.5244824e+02   3.8881145e+04
   7.5144238e+02   3.9038004e+04
   7.5043555e+02   3.9403473e+04
   7.4942969e+02   3.9818480e+04
   7.4842285e+02   3.9192859e+04
   7.4741602e+02   3.9466230e+04
   7.4640820e+02   3.9791629e+04
   7.4540137e+02   4.0193844e+04
   7.4439355e+02   4.0531395e+04
   7.4338574e+02   4.1236000e+04
   7.4237793e+02   4.2424043e+04
   7.4137012e+02   4.3460367e+04
   7.4036230e+02   4.5113727e+04
   7.3935352e+02   4.6332629e+04
   7.3834473e+02   4.7516379e+04
   7.3733594e+02   4.8320527e+04
   7.3632715e+02   4.8170430e+04
   7.3531836e+02   4.8047641e+04
   7.3430859e+02   4.6602242e+04
   7.3329883e+02   4.5642754e+04
   7.3228906e+02   4.4483059e+04
   7.3127930e+02   4.2935133e+04
   7.3026953e+02   4.1518953e+04
   7.2925977e+02   4.0632855e+04
   7.2824902e+02   3.9764398e+04
   7.2723828e+02   3.8871520e+04
   7.2622754e+02   3.8322746e+04
   7.2521680e+02   3.7910176e+04
   7.2420508e+02   3.7460672e+04
   7.2319336e+02   3.6900098e+04
   7.2218262e+02   3.6700551e+04
   7.2117090e+02   3.6441773e+04
   7.2015820e+02   3.5987922e+04
   7.1914648e+02   3.6509906e+04
   7.1813379e+02   3.6597047e+04
   7.1712207e+02   3.6239703e+04
   7.1610938e+02   3.6139238e+04
   7.1509570e+02   3.6564543e+04
   7.1408301e+02   3.6264160e+04
   7.1306934e+02   3.6602922e+04
   7.1205664e+02   3.6776281e+04
   7.1104297e+02   3.6838586e+04
   7.1002930e+02   3.6775098e+04
   7.0901465e+02   3.6334406e+04
   7.0800098e+02   3.6234059e+04
   7.0698633e+02   3.6047480e+04
   7.0597168e+02   3.5893004e+04
   7.0495703e+02   3.5608008e+04
   7.0394238e+02   3.5544809e+04
   7.0292676e+02   3.5112207e+04
   7.0191211e+02   3.5255953e+04
   7.0089648e+02   3.4919578e+04
   6.9988086e+02   3.4844234e+04
   6.9886523e+02   3.4951035e+04
   6.9784863e+02   3.4548457e+04
   6.9683301e+02   3.4623285e+04
   6.9581641e+02   3.4872719e+04
   6.9479980e+02   3.4637602e+04
   6.9378320e+02   3.4606641e+04
   6.9276562e+02   3.4590441e+04
   6.9174902e+02   3.4311258e+04
   6.9073145e+02   3.5027414e+04
   6.8971387e+02   3.4492727e+04
   6.8869629e+02   3.5240516e+04
   6.8767773e+02   3.5489457e+04
   6.8666016e+02   3.5237367e+04
   6.8564160e+02   3.5189145e+04
   6.8462305e+02   3.5136027e+04
   6.8360449e+02   3.5325895e+04
   6.8258594e+02   3.5280129e+04
   6.8156641e+02   3.5418379e+04
   6.8054785e+02   3.5215629e+04
   6.7952832e+02   3.5427406e+04
   6.7850879e+02   3.5175688e+04
   6.7748926e+02   3.4784320e+04
   6.7646875e+02   3.5358812e+04
   6.7544824e+02   3.5175855e+04
   6.7442871e+02   3.5367836e+04
   6.7340820e+02   3.4925277e+04
   6.7238672e+02   3.5146621e+04
   6.7136621e+02   3.5431551e+04
   6.7034473e+02   3.5268324e+04
   6.6932422e+02   3.5465000e+04
   6.6830273e+02   3.6038508e+04
   6.6728027e+02   3.5863020e+04
   6.6625879e+02   3.5856410e+04
   6.6523633e+02   3.5739727e+04
   6.6421484e+02   3.5437215e+04
   6.6319238e+02   3.5785230e+04
   6.6216992e+02   3.5350805e+04
   6.6114648e+02   3.5747594e+04
   6.6012402e+02   3.5291336e+04
   6.5910059e+02   3.5394777e+04
   6.5807715e+02   3.5485965e+04
   6.5705371e+02   3.5782289e+04
   6.5603027e+02   3.5582766e+04
   6.5500586e+02   3.5500512e+04
   6.5398145e+02   3.5938246e+04
   6.5295703e+02   3.5814465e+04
   6.5193262e+02   3.5634598e+04
   6.5090820e+02   3.5962270e+04
   6.4988379e+02   3.5943438e+04
   6.4885840e+02   3.6188008e+04
   6.4783301e+02   3.6137434e+04
   6.4680762e+02   3.5886965e+04
   6.4578223e+02   3.6219156e+04
   6.4475586e+02   3.5949266e+04
   6.4373047e+02   3.5986484e+04
   6.4270410e+02   3.6191789e+04
   6.4167773e+02   3.6070625e+04
   6.4065137e+02   3.6319668e+04
   6.3962402e+02   3.5955039e+04
   6.3859766e+02   3.5846152e+04
   6.3757031e+02   3.5428199e+04
   6.3654297e+02   3.5358383e+04
   6.3551562e+02   3.5658410e+04
   6.3448730e+02   3.5608035e+04
   6.3345996e+02   3.5295008e+04
   6.3243164e+02   3.5339551e+04
   6.3140332e+02   3.5571281e+04
   6.3037500e+02   3.5341074e+04
   6.2934570e+02   3.5329680e+04
   6.2831738e+02   3.5267262e+04
   6.2728809e+02   3.5365207e+04
   6.2625879e+02   3.5433969e+04
   6.2522949e+02   3.5148137e+04
   6.2420020e+02   3.5416008e+04
   6.2316992e+02   3.5470148e+04
   6.2214062e+02   3.5230582e+04
   6.2111035e+02   3.5469164e+04
   6.2007910e+02   3.4928820e+04
   6.1904883e+02   3.5325047e+04
   6.1801855e+02   3.5316090e+04
   6.1698730e+02   3.5229531e+04
   6.1595605e+02   3.5089664e+04
   6.1492480e+02   3.4831074e+04
   6.1389355e+02   3.5173625e+04
   6.1286133e+02   3.4447441e+04
   6.1183008e+02   3.4772973e+04
   6.1079785e+02   3.4495246e+04
   6.0976562e+02   3.4278164e+04
   6.0873242e+02   3.4288770e+04
   6.0770020e+02   3.4422832e+04
   6.0666699e+02   3.4554426e+04
   6.0563379e+02   3.4548027e+04
   6.0460059e+02   3.4476301e+04
   6.0356738e+02   3.4706988e+04
   6.0253418e+02   3.4569953e+04
   6.0150000e+02   3.4495840e+04
   6.0046582e+02   3.4421754e+04
   5.9943164e+02   3.4483062e+04
   5.9839746e+02   3.4631352e+04
   5.9736328e+02   3.4264887e+04
   5.9632812e+02   3.4502555e+04
   5.9529297e+02   3.4411617e+04
   5.9425781e+02   3.4308637e+04
   5.9322266e+02   3.4505105e+04
   5.9218750e+02   3.4107613e+04
   5.9115137e+02   3.4330594e+04
   5.9011523e+02   3.4543840e+04
   5.8907910e+02   3.4245484e+04
   5.8804297e+02   3.4412824e+04
   5.8700684e+02   3.4418504e+04
   5.8596973e+02   3.4045574e+04
   5.8493262e+02   3.4502184e+04
   5.8389551e+02   3.4102855e+04
   5.8285840e+02   3.4424312e+04
   5.8182129e+02   3.4295031e+04
   5.8078320e+02   3.4175434e+04
   5.7974512e+02   3.4149824e+04
   5.7870703e+02   3.4422859e+04
   5.7766895e+02   3.4259957e+04
   5.7663086e+02   3.4477496e+04
   5.7559180e+02   3.4406105e+04
   5.7455371e+02   3.4671664e+04
   5.7351465e+02   3.4561766e+04
   5.7247559e+02   3.4519266e+04
   5.7143555e+02   3.4200176e+04
   5.7039648e+02   3.4407855e+04
   5.6935645e+02   3.4430316e+04
   5.6831641e+02   3.4695566e+04
   5.6727637e+02   3.4573758e+04
   5.6623633e+02   3.4761980e+04
   5.6519531e+02   3.4868445e+04
   5.6415430e+02   3.4994086e+04
   5.6311328e+02   3.4994793e+04
   5.6207227e+02   3.4954676e+04
   5.6103125e+02   3.5013000e+04
   5.5998926e+02   3.4800066e+04
   5.5894824e+02   3.4959195e+04
   5.5790625e+02   3.5077469e+04
   5.5686426e+02   3.4955801e+04
   5.5582129e+02   3.5479383e+04
   5.5477930e+02   3.5014750e+04
   5.5373633e+02   3.5610055e+04
   5.5269336e+02   3.5473988e+04
   5.5165039e+02   3.5697480e+04
   5.5060742e+02   3.5194805e+04
   5.4956348e+02   3.5665043e+04
   5.4852051e+02   3.5845254e+04
   5.4747656e+02   3.5989473e+04
   5.4643262e+02   3.6234207e+04
   5.4538770e+02   3.6117340e+04
   5.4434375e+02   3.6239879e+04
   5.4329883e+02   3.6120656e+04
   5.4225391e+02   3.6348430e+04
   5.4120898e+02   3.6205305e+04
   5.4016406e+02   3.5916328e+04
   5.3911816e+02   3.5634629e+04
   5.3807324e+02   3.5847969e+04
   5.3702734e+02   3.5924969e+04
   5.3598145e+02   3.5758145e+04
   5.3493457e+02   3.5849465e+04
   5.3388867e+02   3.5259828e+04
   5.3284180e+02   3.5334480e+04
   5.3179492e+02   3.5425824e+04
   5.3074805e+02   3.5550559e+04
   5.2970117e+02   3.5672863e+04
   5.2865332e+02   3.5596996e+04
   5.2760645e+02   3.5540250e+04
   5.2655859e+02   3.5490680e+04
   5.2551074e+02   3.5615281e+04
   5.2446289e+02   3.6104770e+04
   5.2341406e+02   3.6682309e+04
   5.2236523e+02   3.6375051e+04
   5.2131641e+02   3.6678176e+04
   5.2026758e+02   3.6280461e+04
   5.1921875e+02   3.6218895e+04
   5.1816992e+02   3.5997715e+04
   5.1712012e+02   3.6012445e+04
   5.1607031e+02   3.5624668e+04
   5.1502051e+02   3.5487062e+04
   5.1397070e+02   3.5554250e+04
   5.1291992e+02   3.5471453e+04
   5.1187012e+02   3.5707586e+04
   5.1081934e+02   3.5772312e+04
   5.0976855e+02   3.5090012e+04
   5.0871680e+02   3.5445004e+04
   5.0766602e+02   3.5300465e+04
   5.0661426e+02   3.5262973e+04
   5.0556250e+02   3.5246887e+04
   5.0451074e+02   3.5264078e+04
   5.0345898e+02   3.4991352e+04
   5.0240625e+02   3.5253297e+04
   5.0135449e+02   3.4933160e+04
   5.0030176e+02   3.5242516e+04
   4.9924902e+02   3.4656551e+04
   4.9819531e+02   3.4688070e+04
   4.9714258e+02   3.5082742e+04
   4.9608887e+02   3.4995504e+04
   4.9503516e+02   3.5185914e+04
   4.9398145e+02   3.5193578e+04
   4.9292773e+02   3.5068414e+04
   4.9187305e+02   3.5078465e+04
   4.9081934e+02   3.5159645e+04
   4.8976465e+02   3.5288199e+04
   4.8870996e+02   3.5575504e+04
   4.8765430e+02   3.5324785e+04
   4.8659961e+02   3.5630926e+04
   4.8554395e+02   3.5434766e+04
   4.8448828e+02   3.5492090e+04
   4.8343262e+02   3.5395480e+04
   4.8237695e+02   3.5710840e+04
   4.8132031e+02   3.5074539e+04
   4.8026367e+02   3.5517637e+04
   4.7920703e+02   3.5899047e+04
   4.7815039e+02   3.6046105e+04
   4.7709375e+02   3.6268797e+04
   4.7603613e+02   3.6254926e+04
   4.7497949e+02   3.6285977e+04
   4.7392188e+02   3.6250824e+04
   4.7286426e+02   3.6801832e+04
   4.7180566e+02   3.6865840e+04
   4.7074805e+02   3.7187348e+04
   4.6968945e+02   3.7251258e+04
   4.6863086e+02   3.7515891e+04
   4.6757227e+02   3.7527762e+04
   4.6651270e+02   3.7929168e+04
   4.6545410e+02   3.7796973e+04
   4.6439453e+02   3.7513785e+04
   4.6333496e+02   3.7572832e+04
   4.6227539e+02   3.7660164e+04
   4.6121582e+02   3.7556414e+04
   4.6015527e+02   3.7469207e+04
   4.5909473e+02   3.7551789e+04
   4.5803418e+02   3.7233598e+04
   4.5697363e+02   3.7254910e+04
   4.5591309e+02   3.7379895e+04
   4.5485156e+02   3.7806398e+04
   4.5379004e+02   3.8056070e+04
   4.5272852e+02   3.8317426e+04
   4.5166699e+02   3.8774121e+04
   4.5060547e+02   3.8830422e+04
   4.4954297e+02   3.9115016e+04
   4.4848047e+02   3.9114750e+04
   4.4741797e+02   3.9290949e+04
   4.4635547e+02   3.9502367e+04
   4.4529297e+02   3.8972820e+04
   4.4422949e+02   3.9395855e+04
   4.4316602e+02   3.9381422e+04
   4.4210254e+02   3.9362289e+04
   4.4103906e+02   3.9364312e+04
   4.3997461e+02   3.9302891e+04
   4.3891113e+02   3.9697266e+04
   4.3784668e+02   3.9074402e+04
   4.3678223e+02   3.9290184e+04
   4.3571680e+02   3.9332129e+04
   4.3465234e+02   3.9118164e+04
   4.3358691e+02   3.9033375e+04
   4.3252148e+02   3.9382758e+04
   4.3145605e+02   3.9389449e+04
   4.3039062e+02   3.9271805e+04
   4.2932520e+02   3.8933738e+04
   4.2825879e+02   3.9132793e+04
   4.2719238e+02   3.8996504e+04
   4.2612598e+02   3.9148586e+04
   4.2505957e+02   3.9192801e+04
   4.2399219e+02   3.9307293e+04
   4.2292480e+02   3.9468594e+04
   4.2185742e+02   3.9882809e+04
   4.2079004e+02   4.0046281e+04
   4.1972266e+02   3.9984910e+04
   4.1865430e+02   4.0059340e+04
   4.1758691e+02   4.0246086e+04
   4.1651855e+02   4.0346180e+04
   4.1544922e+02   4.0205242e+04
   4.1438086e+02   4.0960289e+04
   4.1331250e+02   4.1223898e+04
   4.1224316e+02   4.0968289e+04
   4.1117383e+02   4.1248160e+04
   4.1010449e+02   4.1104840e+04
   4.0903418e+02   4.1798234e+04
   4.0796484e+02   4.1715609e+04
   4.0689453e+02   4.1798883e+04
   4.0582422e+02   4.2426352e+04
   4.0475391e+02   4.2542152e+04
   4.0368262e+02   4.2760637e+04
   4.0261133e+02   4.2556512e+04
   4.0154102e+02   4.2704891e+04
