   2.0012861e+03   7.1970747e+03
   2.0004980e+03   7.2446743e+03
   1.9997109e+03   7.0404097e+03
   1.9989229e+03   7.2549502e+03
   1.9981338e+03   7.1776196e+03
   1.9973457e+03   7.2810737e+03
   1.9965576e+03   7.2513242e+03
   1.9957686e+03   7.1835430e+03
   1.9949805e+03   7.2235508e+03
   1.9941914e+03   7.3712939e+03
   1.9934023e+03   7.4270996e+03
   1.9926133e+03   7.4005171e+03
   1.9918242e+03   7.2250713e+03
   1.9910342e+03   7.3727144e+03
   1.9902451e+03   7.2923242e+03
   1.9894551e+03   7.3354312e+03
   1.9886650e+03   7.2392466e+03
   1.9878750e+03   7.2538638e+03
   1.9870850e+03   7.3159409e+03
   1.9862949e+03   7.3242124e+03
   1.9855049e+03   7.3957466e+03
   1.9847148e+03   7.4767446e+03
   1.9839238e+03   7.2414927e+03
   1.9831328e+03   7.5311611e+03
   1.9823428e+03   7.1442422e+03
   1.9815518e+03   7.2757974e+03
   1.9807598e+03   7.3125049e+03
   1.9799688e+03   7.4376685e+03
   1.9791777e+03   7.3574507e+03
   1.9783857e+03   7.4920400e+03
   1.9775947e+03   7.6739541e+03
   1.9768027e+03   7.2969336e+03
   1.9760107e+03   7.4062090e+03
   1.9752188e+03   7.3418442e+03
   1.9744268e+03   7.2490981e+03
   1.9736348e+03   7.4277441e+03
   1.9728418e+03   7.3634072e+03
   1.9720488e+03   7.6649927e+03
   1.9712568e+03   7.3704102e+03
   1.9704639e+03   7.4606240e+03
   1.9696709e+03   7.5224331e+03
   1.9688779e+03   7.3982407e+03
   1.9680850e+03   7.5136177e+03
   1.9672910e+03   7.3768633e+03
   1.9664980e+03   7.7505562e+03
   1.9657041e+03   7.5098535e+03
   1.9649102e+03   7.6660781e+03
   1.9641162e+03   7.6553506e+03
   1.9633223e+03   7.4840513e+03
   1.9625283e+03   7.4387285e+03
   1.9617344e+03   7.5539424e+03
   1.9609395e+03   7.5715620e+03
   1.9601445e+03   7.5073682e+03
   1.9593506e+03   7.6382417e+03
   1.9585557e+03   7.5834937e+03
   1.9577607e+03   7.6356885e+03
   1.9569658e+03   7.6501338e+03
   1.9561699e+03   7.7431689e+03
   1.9553750e+03   7.8330298e+03
   1.9545791e+03   7.6494409e+03
   1.9537842e+03   7.5413267e+03
   1.9529883e+03   7.5149321e+03
   1.9521924e+03   7.7178516e+03
   1.9513965e+03   7.7887959e+03
   1.9505996e+03   7.6210674e+03
   1.9498037e+03   7.5161860e+03
   1.9490068e+03   7.7315249e+03
   1.9482109e+03   7.7365088e+03
   1.9474141e+03   7.6128320e+03
   1.9466172e+03   7.7056831e+03
   1.9458203e+03   7.7389009e+03
   1.9450234e+03   7.6591953e+03
   1.9442256e+03   7.5669722e+03
   1.9434287e+03   7.5782476e+03
   1.9426309e+03   7.4860684e+03
   1.9418340e+03   7.6572046e+03
   1.9410361e+03   7.7405361e+03
   1.9402383e+03   7.6734414e+03
   1.9394395e+03   7.9415757e+03
   1.9386416e+03   7.8055596e+03
   1.9378438e+03   7.7729360e+03
   1.9370449e+03   7.8311274e+03
   1.9362461e+03   7.8172939e+03
   1.9354482e+03   7.8003340e+03
   1.9346494e+03   7.8303242e+03
   1.9338496e+03   7.7695605e+03
   1.9330508e+03   7.7682593e+03
   1.9322520e+03   7.7200376e+03
   1.9314521e+03   7.6468115e+03
   1.9306533e+03   7.8331514e+03
   1.9298535e+03   7.8724834e+03
   1.9290537e+03   7.7304966e+03
   1.9282539e+03   7.7510796e+03
   1.9274531e+03   7.8747778e+03
   1.9266533e+03   7.6828706e+03
   1.9258535e+03   7.9033779e+03
   1.9250527e+03   7.7739966e+03
   1.9242520e+03   7.8819927e+03
   1.9234512e+03   7.9493623e+03
   1.9226504e+03   8.0666572e+03
   1.9218496e+03   7.7843931e+03
   1.9210488e+03   7.7518809e+03
   1.9202471e+03   7.9814766e+03
   1.9194463e+03   7.7243247e+03
   1.9186445e+03   7.8696304e+03
   1.9178428e+03   7.9150903e+03
   1.9170410e+03   7.8919365e+03
   1.9162393e+03   7.8781431e+03
   1.9154375e+03   7.7552563e+03
   1.9146348e+03   7.9534146e+03
   1.9138330e+03   7.8118599e+03
   1.9130303e+03   7.9569780e+03
   1.9122275e+03   7.9151489e+03
   1.9114248e+03   7.9200503e+03
   1.9106221e+03   8.0432788e+03
   1.9098193e+03   7.8364443e+03
   1.9090156e+03   7.7697593e+03
   1.9082129e+03   8.0143325e+03
   1.9074092e+03   7.9383032e+03
   1.9066055e+03   8.0334224e+03
   1.9058018e+03   7.9916338e+03
   1.9049980e+03   7.8223379e+03
   1.9041943e+03   7.9702930e+03
   1.9033906e+03   7.9782832e+03
   1.9025859e+03   8.0670967e+03
   1.9017822e+03   8.2056104e+03
   1.9009775e+03   7.9835889e+03
   1.9001729e+03   7.9636060e+03
   1.8993682e+03   8.0865337e+03
   1.8985635e+03   8.0758574e+03
   1.8977578e+03   8.1086631e+03
   1.8969531e+03   7.9675737e+03
   1.8961475e+03   8.0190127e+03
   1.8953428e+03   8.0269780e+03
   1.8945371e+03   8.0256299e+03
   1.8937314e+03   8.0863413e+03
   1.8929258e+03   8.0694707e+03
   1.8921191e+03   8.1270518e+03
   1.8913135e+03   8.1504976e+03
   1.8905068e+03   8.0964131e+03
   1.8897012e+03   8.0516479e+03
   1.8888945e+03   8.0967925e+03
   1.8880879e+03   8.1047300e+03
   1.8872812e+03   8.2242217e+03
   1.8864736e+03   7.9811733e+03
   1.8856670e+03   8.2865098e+03
   1.8848594e+03   8.0806992e+03
   1.8840527e+03   8.0917280e+03
   1.8832451e+03   8.2018311e+03
   1.8824375e+03   8.1044858e+03
   1.8816299e+03   8.1681216e+03
   1.8808223e+03   8.2441143e+03
   1.8800137e+03   8.2179756e+03
   1.8792061e+03   8.2506230e+03
   1.8783975e+03   8.1904668e+03
   1.8775889e+03   8.2385703e+03
   1.8767803e+03   7.9063369e+03
   1.8759717e+03   8.2357988e+03
   1.8751631e+03   8.2189590e+03
   1.8743545e+03   8.2052148e+03
   1.8735449e+03   8.4324912e+03
   1.8727363e+03   8.1622910e+03
   1.8719268e+03   8.3864092e+03
   1.8711172e+03   8.3757324e+03
   1.8703076e+03   8.3218291e+03
   1.8694980e+03   8.5211064e+03
   1.8686875e+03   8.2850732e+03
   1.8678779e+03   8.4102178e+03
   1.8670674e+03   8.3902871e+03
   1.8662578e+03   8.4721777e+03
   1.8654473e+03   8.2856660e+03
   1.8646367e+03   8.2071650e+03
   1.8638252e+03   8.3075459e+03
   1.8630146e+03   8.4510576e+03
   1.8622041e+03   8.5791074e+03
   1.8613926e+03   8.3218438e+03
   1.8605811e+03   8.4005645e+03
   1.8597705e+03   8.4299609e+03
   1.8589590e+03   8.3884932e+03
   1.8581465e+03   8.4548428e+03
   1.8573350e+03   8.4226230e+03
   1.8565234e+03   8.3934922e+03
   1.8557109e+03   8.4105498e+03
   1.8548984e+03   8.4522246e+03
   1.8540869e+03   8.5185059e+03
   1.8532744e+03   8.3847607e+03
   1.8524609e+03   8.5310176e+03
   1.8516484e+03   8.5480352e+03
   1.8508359e+03   8.4082012e+03
   1.8500225e+03   8.5144053e+03
   1.8492100e+03   8.4699287e+03
   1.8483965e+03   8.4746494e+03
   1.8475830e+03   8.3687266e+03
   1.8467695e+03   8.6285059e+03
   1.8459551e+03   8.5318096e+03
   1.8451416e+03   8.6624590e+03
   1.8443271e+03   8.7039961e+03
   1.8435137e+03   8.4906455e+03
   1.8426992e+03   8.4462305e+03
   1.8418848e+03   8.5982920e+03
   1.8410703e+03   8.8208945e+03
   1.8402559e+03   8.6629033e+03
   1.8394404e+03   8.6123516e+03
   1.8386260e+03   8.5648838e+03
   1.8378105e+03   8.9253604e+03
   1.8369951e+03   8.6815918e+03
   1.8361797e+03   8.6126729e+03
   1.8353643e+03   8.6541387e+03
   1.8345488e+03   8.7568896e+03
   1.8337334e+03   8.7308955e+03
   1.8329170e+03   8.7294229e+03
   1.8321016e+03   8.6666787e+03
   1.8312852e+03   8.6070195e+03
   1.8304688e+03   8.7341904e+03
   1.8296523e+03   8.6347334e+03
   1.8288359e+03   8.8108398e+03
   1.8280186e+03   8.6716104e+03
   1.8272021e+03   8.7588984e+03
   1.8263848e+03   8.6901016e+03
   1.8255674e+03   8.6702773e+03
   1.8247500e+03   8.6412842e+03
   1.8239326e+03   8.8080332e+03
   1.8231152e+03   8.8034883e+03
   1.8222979e+03   8.6032764e+03
   1.8214795e+03   8.8433096e+03
   1.8206621e+03   8.7623525e+03
   1.8198438e+03   8.7303145e+03
   1.8190254e+03   8.6769004e+03
   1.8182070e+03   8.7640215e+03
   1.8173887e+03   8.8816553e+03
   1.8165703e+03   8.7427383e+03
   1.8157510e+03   8.6832500e+03
   1.8149326e+03   8.9931543e+03
   1.8141133e+03   8.7260977e+03
   1.8132939e+03   9.0267344e+03
   1.8124746e+03   9.1045381e+03
   1.8116553e+03   8.7918369e+03
   1.8108350e+03   8.8666035e+03
   1.8100156e+03   8.7431211e+03
   1.8091953e+03   8.9916660e+03
   1.8083760e+03   8.7676016e+03
   1.8075557e+03   8.9002324e+03
   1.8067354e+03   8.8682520e+03
   1.8059141e+03   8.8606582e+03
   1.8050938e+03   8.9566475e+03
   1.8042734e+03   8.9947295e+03
   1.8034521e+03   8.8987998e+03
   1.8026309e+03   8.9947314e+03
   1.8018096e+03   8.9414551e+03
   1.8009883e+03   8.9125469e+03
   1.8001670e+03   9.0388613e+03
   1.7993457e+03   8.9277891e+03
   1.7985234e+03   9.0996924e+03
   1.7977021e+03   9.0373154e+03
   1.7968799e+03   9.1270264e+03
   1.7960576e+03   9.0555430e+03
   1.7952354e+03   9.1421787e+03
   1.7944131e+03   9.2743818e+03
   1.7935908e+03   9.1390840e+03
   1.7927676e+03   9.1618467e+03
   1.7919453e+03   9.1238369e+03
   1.7911221e+03   9.1101416e+03
   1.7902988e+03   9.1875664e+03
   1.7894756e+03   9.2649648e+03
   1.7886523e+03   9.3909150e+03
   1.7878291e+03   9.2223633e+03
   1.7870049e+03   9.1297461e+03
   1.7861816e+03   9.1706855e+03
   1.7853574e+03   9.2631895e+03
   1.7845332e+03   9.1220742e+03
   1.7837090e+03   9.2934160e+03
   1.7828848e+03   9.2493848e+03
   1.7820596e+03   9.3963896e+03
   1.7812354e+03   9.4008604e+03
   1.7804102e+03   9.2234668e+03
   1.7795859e+03   9.2794834e+03
   1.7787607e+03   9.3476016e+03
   1.7779355e+03   9.3066338e+03
   1.7771104e+03   9.2687080e+03
   1.7762842e+03   9.2974219e+03
   1.7754590e+03   9.5199150e+03
   1.7746328e+03   9.5213291e+03
   1.7738076e+03   9.4531221e+03
   1.7729814e+03   9.4605986e+03
   1.7721553e+03   9.4892539e+03
   1.7713281e+03   9.4573906e+03
   1.7705020e+03   9.6251797e+03
   1.7696758e+03   9.5933037e+03
   1.7688486e+03   9.5826055e+03
   1.7680215e+03   9.3814395e+03
   1.7671943e+03   9.5944688e+03
   1.7663672e+03   9.5958633e+03
   1.7655400e+03   9.5489092e+03
   1.7647129e+03   9.6772041e+03
   1.7638848e+03   9.8870176e+03
   1.7630576e+03   9.7192246e+03
   1.7622295e+03   9.5212910e+03
   1.7614014e+03   9.6736572e+03
   1.7605732e+03   9.6871084e+03
   1.7597451e+03   9.6039727e+03
   1.7589170e+03   9.6687324e+03
   1.7580879e+03   9.8330371e+03
   1.7572598e+03   9.6564004e+03
   1.7564307e+03   9.7542939e+03
   1.7556016e+03   9.6712158e+03
   1.7547725e+03   9.8233457e+03
   1.7539434e+03   9.8277070e+03
   1.7531133e+03   9.8591934e+03
   1.7522842e+03   9.9057373e+03
   1.7514541e+03   9.8980283e+03
   1.7506240e+03   9.9023730e+03
   1.7497949e+03   9.8434609e+03
   1.7489639e+03   1.0022483e+04
   1.7481338e+03   9.8551729e+03
   1.7473037e+03   9.9739199e+03
   1.7464727e+03   1.0107677e+04
   1.7456426e+03   1.0006646e+04
   1.7448115e+03   1.0074152e+04
   1.7439805e+03   1.0271001e+04
   1.7431494e+03   1.0239176e+04
   1.7423184e+03   1.0267510e+04
   1.7414863e+03   1.0301849e+04
   1.7406553e+03   1.0227942e+04
   1.7398232e+03   1.0328406e+04
   1.7389922e+03   1.0476922e+04
   1.7381602e+03   1.0550264e+04
   1.7373281e+03   1.0548470e+04
   1.7364951e+03   1.0525648e+04
   1.7356631e+03   1.0466795e+04
   1.7348301e+03   1.0519066e+04
   1.7339980e+03   1.0703424e+04
   1.7331650e+03   1.0626558e+04
   1.7323320e+03   1.0684776e+04
   1.7314990e+03   1.0887016e+04
   1.7306660e+03   1.0657140e+04
   1.7298320e+03   1.1039303e+04
   1.7289990e+03   1.0989436e+04
   1.7281650e+03   1.0852620e+04
   1.7273311e+03   1.0991692e+04
   1.7264971e+03   1.1031791e+04
   1.7256631e+03   1.1017925e+04
   1.7248291e+03   1.1028037e+04
   1.7239941e+03   1.1047134e+04
   1.7231602e+03   1.1000317e+04
   1.7223252e+03   1.1112264e+04
   1.7214902e+03   1.0984594e+04
   1.7206553e+03   1.1096504e+04
   1.7198203e+03   1.0944930e+04
   1.7189854e+03   1.1209459e+04
   1.7181504e+03   1.1255434e+04
   1.7173145e+03   1.1136822e+04
   1.7164785e+03   1.1278525e+04
   1.7156426e+03   1.1303524e+04
   1.7148066e+03   1.1331506e+04
   1.7139707e+03   1.1168109e+04
   1.7131348e+03   1.1294761e+04
   1.7122988e+03   1.1534954e+04
   1.7114619e+03   1.1455285e+04
   1.7106250e+03   1.1557917e+04
   1.7097881e+03   1.1263165e+04
   1.7089512e+03   1.1613720e+04
   1.7081143e+03   1.1644593e+04
   1.7072773e+03   1.1436571e+04
   1.7064395e+03   1.1610769e+04
   1.7056025e+03   1.1623715e+04
   1.7047646e+03   1.1675455e+04
   1.7039268e+03   1.1503376e+04
   1.7030889e+03   1.1769931e+04
   1.7022510e+03   1.1582979e+04
   1.7014121e+03   1.1724163e+04
   1.7005742e+03   1.1701290e+04
   1.6997354e+03   1.1466740e+04
   1.6988975e+03   1.1545271e+04
   1.6980586e+03   1.1802602e+04
   1.6972197e+03   1.1717150e+04
   1.6963799e+03   1.1673439e+04
   1.6955410e+03   1.1617828e+04
   1.6947012e+03   1.1752854e+04
   1.6938623e+03   1.2012905e+04
   1.6930225e+03   1.1933443e+04
   1.6921826e+03   1.1931407e+04
   1.6913428e+03   1.2018663e+04
   1.6905029e+03   1.2043396e+04
   1.6896621e+03   1.1955054e+04
   1.6888223e+03   1.1783446e+04
   1.6879814e+03   1.2129436e+04
   1.6871406e+03   1.2014358e+04
   1.6862998e+03   1.2155028e+04
   1.6854590e+03   1.2289704e+04
   1.6846182e+03   1.2293551e+04
   1.6837764e+03   1.2350889e+04
   1.6829355e+03   1.2229927e+04
   1.6820938e+03   1.2409059e+04
   1.6812520e+03   1.2403969e+04
   1.6804102e+03   1.2672102e+04
   1.6795684e+03   1.2643214e+04
   1.6787266e+03   1.2498554e+04
   1.6778838e+03   1.2775437e+04
   1.6770420e+03   1.2883062e+04
   1.6761992e+03   1.2981747e+04
   1.6753564e+03   1.3041831e+04
   1.6745137e+03   1.3143422e+04
   1.6736709e+03   1.3405127e+04
   1.6728271e+03   1.3456210e+04
   1.6719844e+03   1.3495417e+04
   1.6711406e+03   1.3244116e+04
   1.6702979e+03   1.3461168e+04
   1.6694541e+03   1.3648512e+04
   1.6686104e+03   1.3841717e+04
   1.6677656e+03   1.3895633e+04
   1.6669219e+03   1.3887334e+04
   1.6660771e+03   1.4178116e+04
   1.6652334e+03   1.4045423e+04
   1.6643887e+03   1.4117025e+04
   1.6635439e+03   1.4221159e+04
   1.6626992e+03   1.4340053e+04
   1.6618545e+03   1.4606837e+04
   1.6610088e+03   1.4438683e+04
   1.6601641e+03   1.4335654e+04
   1.6593184e+03   1.4797471e+04
   1.6584727e+03   1.4729895e+04
   1.6576270e+03   1.5008205e+04
   1.6567812e+03   1.4798745e+04
   1.6559355e+03   1.5020801e+04
   1.6550889e+03   1.5225053e+04
   1.6542432e+03   1.5240173e+04
   1.6533965e+03   1.5175539e+04
   1.6525498e+03   1.5494828e+04
   1.6517031e+03   1.5495129e+04
   1.6508564e+03   1.5460004e+04
   1.6500088e+03   1.5740708e+04
   1.6491621e+03   1.5950490e+04
   1.6483145e+03   1.5992018e+04
   1.6474678e+03   1.6033531e+04
   1.6466201e+03   1.5871510e+04
   1.6457715e+03   1.6169595e+04
   1.6449238e+03   1.6476422e+04
   1.6440762e+03   1.6296719e+04
   1.6432275e+03   1.6420672e+04
   1.6423799e+03   1.6624150e+04
   1.6415312e+03   1.6709699e+04
   1.6406826e+03   1.6715674e+04
   1.6398340e+03   1.7083945e+04
   1.6389854e+03   1.6954383e+04
   1.6381357e+03   1.7181150e+04
   1.6372871e+03   1.7251805e+04
   1.6364375e+03   1.7451951e+04
   1.6355879e+03   1.7487219e+04
   1.6347383e+03   1.7534244e+04
   1.6338887e+03   1.7666570e+04
   1.6330381e+03   1.7866504e+04
   1.6321885e+03   1.7886969e+04
   1.6313379e+03   1.7942713e+04
   1.6304883e+03   1.8374750e+04
   1.6296377e+03   1.8677303e+04
   1.6287871e+03   1.8350816e+04
   1.6279355e+03   1.8756115e+04
   1.6270850e+03   1.8987934e+04
   1.6262344e+03   1.9105113e+04
   1.6253828e+03   1.8907998e+04
   1.6245312e+03   1.9166098e+04
   1.6236797e+03   1.9471084e+04
   1.6228281e+03   1.9661482e+04
   1.6219766e+03   1.9840074e+04
   1.6211240e+03   2.0203473e+04
   1.6202725e+03   2.0261619e+04
   1.6194199e+03   2.0120273e+04
   1.6185674e+03   2.0838316e+04
   1.6177148e+03   2.0808348e+04
   1.6168623e+03   2.1162469e+04
   1.6160098e+03   2.1402145e+04
   1.6151562e+03   2.1656389e+04
   1.6143037e+03   2.1596994e+04
   1.6134502e+03   2.1971244e+04
   1.6125967e+03   2.2113941e+04
   1.6117432e+03   2.2452824e+04
   1.6108896e+03   2.2405043e+04
   1.6100361e+03   2.2521240e+04
   1.6091816e+03   2.2944770e+04
   1.6083271e+03   2.3043270e+04
   1.6074736e+03   2.3288055e+04
   1.6066191e+03   2.3114354e+04
   1.6057637e+03   2.3385369e+04
   1.6049092e+03   2.3261434e+04
   1.6040547e+03   2.3394883e+04
   1.6031992e+03   2.3484426e+04
   1.6023447e+03   2.3378074e+04
   1.6014893e+03   2.3461744e+04
   1.6006338e+03   2.3317439e+04
   1.5997783e+03   2.3281293e+04
   1.5989219e+03   2.3537291e+04
   1.5980664e+03   2.3238240e+04
   1.5972100e+03   2.3403627e+04
   1.5963535e+03   2.3387926e+04
   1.5954971e+03   2.3173713e+04
   1.5946406e+03   2.3213512e+04
   1.5937842e+03   2.3405049e+04
   1.5929277e+03   2.3307654e+04
   1.5920703e+03   2.3391168e+04
   1.5912139e+03   2.3244221e+04
   1.5903564e+03   2.3228559e+04
   1.5894990e+03   2.3644443e+04
   1.5886416e+03   2.3208908e+04
   1.5877842e+03   2.3269043e+04
   1.5869258e+03   2.3579787e+04
   1.5860684e+03   2.3392160e+04
   1.5852100e+03   2.3259951e+04
   1.5843516e+03   2.3497713e+04
   1.5834932e+03   2.3426688e+04
   1.5826348e+03   2.3556600e+04
   1.5817754e+03   2.3505965e+04
   1.5809170e+03   2.3365111e+04
   1.5800576e+03   2.3794729e+04
   1.5791992e+03   2.3380350e+04
   1.5783398e+03   2.3809812e+04
   1.5774795e+03   2.3482836e+04
   1.5766201e+03   2.3525326e+04
   1.5757607e+03   2.3355531e+04
   1.5749004e+03   2.3648057e+04
   1.5740410e+03   2.3446322e+04
   1.5731807e+03   2.3770697e+04
   1.5723203e+03   2.4071715e+04
   1.5714600e+03   2.3532992e+04
   1.5705986e+03   2.3566701e+04
   1.5697383e+03   2.3748520e+04
   1.5688770e+03   2.3567295e+04
   1.5680166e+03   2.3377424e+04
   1.5671553e+03   2.3596914e+04
   1.5662939e+03   2.3549314e+04
   1.5654316e+03   2.4122717e+04
   1.5645703e+03   2.3845838e+04
   1.5637090e+03   2.3746002e+04
   1.5628467e+03   2.4011639e+04
   1.5619844e+03   2.3868309e+04
   1.5611221e+03   2.3722131e+04
   1.5602598e+03   2.3996326e+04
   1.5593975e+03   2.3829885e+04
   1.5585342e+03   2.3593953e+04
   1.5576719e+03   2.3931768e+04
   1.5568086e+03   2.3606096e+04
   1.5559453e+03   2.3712086e+04
   1.5550820e+03   2.3844102e+04
   1.5542188e+03   2.3582307e+04
   1.5533545e+03   2.3725875e+04
   1.5524912e+03   2.3406303e+04
   1.5516270e+03   2.3355965e+04
   1.5507637e+03   2.3551576e+04
   1.5498994e+03   2.3362373e+04
   1.5490342e+03   2.3517420e+04
   1.5481699e+03   2.3362988e+04
   1.5473057e+03   2.3370523e+04
   1.5464404e+03   2.3305783e+04
   1.5455762e+03   2.3047414e+04
   1.5447109e+03   2.2974082e+04
   1.5438457e+03   2.2975895e+04
   1.5429795e+03   2.3356145e+04
   1.5421143e+03   2.3126822e+04
   1.5412490e+03   2.2949562e+04
   1.5403828e+03   2.2786797e+04
   1.5395166e+03   2.3111963e+04
   1.5386504e+03   2.2929020e+04
   1.5377842e+03   2.3069352e+04
   1.5369180e+03   2.2632568e+04
   1.5360518e+03   2.3096004e+04
   1.5351846e+03   2.2740127e+04
   1.5343174e+03   2.2860205e+04
   1.5334502e+03   2.3009074e+04
   1.5325830e+03   2.2762939e+04
   1.5317158e+03   2.2874303e+04
   1.5308486e+03   2.2685912e+04
   1.5299805e+03   2.2840467e+04
   1.5291133e+03   2.2735691e+04
   1.5282451e+03   2.2870021e+04
   1.5273770e+03   2.2428330e+04
   1.5265088e+03   2.2631770e+04
   1.5256406e+03   2.2532855e+04
   1.5247715e+03   2.2661365e+04
   1.5239033e+03   2.2784074e+04
   1.5230342e+03   2.2829053e+04
   1.5221650e+03   2.2393574e+04
   1.5212959e+03   2.3008125e+04
   1.5204268e+03   2.2544006e+04
   1.5195576e+03   2.2565986e+04
   1.5186875e+03   2.2214225e+04
   1.5178184e+03   2.2555309e+04
   1.5169482e+03   2.2508301e+04
   1.5160781e+03   2.2740025e+04
   1.5152080e+03   2.2509135e+04
   1.5143379e+03   2.2381729e+04
   1.5134668e+03   2.2300314e+04
   1.5125967e+03   2.2735783e+04
   1.5117256e+03   2.2763430e+04
   1.5108545e+03   2.2340410e+04
   1.5099834e+03   2.2534570e+04
   1.5091123e+03   2.2582320e+04
   1.5082412e+03   2.2604232e+04
   1.5073691e+03   2.2585979e+04
   1.5064980e+03   2.3038070e+04
   1.5056260e+03   2.2595365e+04
   1.5047539e+03   2.2731936e+04
   1.5038818e+03   2.2513018e+04
   1.5030098e+03   2.2480461e+04
   1.5021367e+03   2.2324699e+04
   1.5012646e+03   2.2524246e+04
   1.5003916e+03   2.2359936e+04
   1.4995186e+03   2.2473486e+04
   1.4986455e+03   2.2323559e+04
   1.4977725e+03   2.2345459e+04
   1.4968984e+03   2.2576311e+04
   1.4960254e+03   2.2289066e+04
   1.4951514e+03   2.2348156e+04
   1.4942783e+03   2.2633246e+04
   1.4934043e+03   2.2097273e+04
   1.4925293e+03   2.2322244e+04
   1.4916553e+03   2.2289781e+04
   1.4907812e+03   2.2251611e+04
   1.4899062e+03   2.2079104e+04
   1.4890312e+03   2.2226752e+04
   1.4881572e+03   2.2540084e+04
   1.4872822e+03   2.2204764e+04
   1.4864062e+03   2.1915262e+04
   1.4855312e+03   2.1971439e+04
   1.4846562e+03   2.1950498e+04
   1.4837803e+03   2.1686883e+04
   1.4829043e+03   2.1640305e+04
   1.4820283e+03   2.1687926e+04
   1.4811523e+03   2.1572875e+04
   1.4802764e+03   2.1457865e+04
   1.4793994e+03   2.1534016e+04
   1.4785234e+03   2.1612990e+04
   1.4776465e+03   2.1634906e+04
   1.4767695e+03   2.1739494e+04
   1.4758926e+03   2.1812689e+04
   1.4750156e+03   2.1968510e+04
   1.4741377e+03   2.2047338e+04
   1.4732607e+03   2.2365461e+04
   1.4723828e+03   2.2560982e+04
   1.4715049e+03   2.3004221e+04
   1.4706270e+03   2.2795201e+04
   1.4697490e+03   2.3312268e+04
   1.4688711e+03   2.3592885e+04
   1.4679922e+03   2.3662789e+04
   1.4671143e+03   2.3715594e+04
   1.4662354e+03   2.3748465e+04
   1.4653564e+03   2.3957691e+04
   1.4644775e+03   2.4317584e+04
   1.4635986e+03   2.4225207e+04
   1.4627188e+03   2.4420023e+04
   1.4618398e+03   2.4285020e+04
   1.4609600e+03   2.4496807e+04
   1.4600801e+03   2.4759672e+04
   1.4592002e+03   2.4744006e+04
   1.4583203e+03   2.4742549e+04
   1.4574404e+03   2.4528074e+04
   1.4565596e+03   2.4634562e+04
   1.4556787e+03   2.4689906e+04
   1.4547988e+03   2.4762262e+04
   1.4539180e+03   2.4902709e+04
   1.4530371e+03   2.4651498e+04
   1.4521553e+03   2.4811775e+04
   1.4512744e+03   2.4682645e+04
   1.4503926e+03   2.4621629e+04
   1.4495107e+03   2.4328102e+04
   1.4486299e+03   2.4131072e+04
   1.4477471e+03   2.4197746e+04
   1.4468652e+03   2.4363598e+04
   1.4459834e+03   2.4152494e+04
   1.4451006e+03   2.4590291e+04
   1.4442188e+03   2.4450039e+04
   1.4433359e+03   2.4357984e+04
   1.4424531e+03   2.4084725e+04
   1.4415703e+03   2.4321199e+04
   1.4406865e+03   2.4435865e+04
   1.4398037e+03   2.4434445e+04
   1.4389199e+03   2.4549047e+04
   1.4380361e+03   2.4324086e+04
   1.4371523e+03   2.4141635e+04
   1.4362686e+03   2.4168547e+04
   1.4353848e+03   2.4039914e+04
   1.4345010e+03   2.3939598e+04
   1.4336162e+03   2.3452031e+04
   1.4327314e+03   2.3117258e+04
   1.4318467e+03   2.3127363e+04
   1.4309619e+03   2.2874699e+04
   1.4300771e+03   2.2579750e+04
   1.4291924e+03   2.2465664e+04
   1.4283066e+03   2.2433514e+04
   1.4274219e+03   2.2025852e+04
   1.4265361e+03   2.2146229e+04
   1.4256504e+03   2.1727467e+04
   1.4247646e+03   2.1509211e+04
   1.4238779e+03   2.1485715e+04
   1.4229922e+03   2.1428373e+04
   1.4221055e+03   2.1043871e+04
   1.4212188e+03   2.1395527e+04
   1.4203320e+03   2.1391801e+04
   1.4194453e+03   2.0999045e+04
   1.4185586e+03   2.1342068e+04
   1.4176719e+03   2.1535613e+04
   1.4167842e+03   2.1064145e+04
   1.4158965e+03   2.1367535e+04
   1.4150088e+03   2.1532807e+04
   1.4141211e+03   2.1754342e+04
   1.4132334e+03   2.1781521e+04
   1.4123457e+03   2.2042346e+04
   1.4114570e+03   2.1911844e+04
   1.4105684e+03   2.2096570e+04
   1.4096807e+03   2.2036445e+04
   1.4087920e+03   2.2733078e+04
   1.4079023e+03   2.2602543e+04
   1.4070137e+03   2.2941688e+04
   1.4061250e+03   2.3277898e+04
   1.4052354e+03   2.3057377e+04
   1.4043457e+03   2.3623928e+04
   1.4034561e+03   2.3482107e+04
   1.4025664e+03   2.3399338e+04
   1.4016768e+03   2.3302551e+04
   1.4007861e+03   2.3079404e+04
   1.3998965e+03   2.2940582e+04
   1.3990059e+03   2.3262277e+04
   1.3981152e+03   2.3008371e+04
   1.3972246e+03   2.2869631e+04
   1.3963340e+03   2.3424092e+04
   1.3954424e+03   2.3310576e+04
   1.3945518e+03   2.3219543e+04
   1.3936602e+03   2.3683895e+04
   1.3927686e+03   2.3438588e+04
   1.3918770e+03   2.3841053e+04
   1.3909854e+03   2.3940613e+04
   1.3900938e+03   2.4205508e+04
   1.3892012e+03   2.4624438e+04
   1.3883086e+03   2.5146893e+04
   1.3874170e+03   2.5288172e+04
   1.3865244e+03   2.5586254e+04
   1.3856309e+03   2.5909432e+04
   1.3847383e+03   2.6652486e+04
   1.3838457e+03   2.6639432e+04
   1.3829521e+03   2.6808312e+04
   1.3820586e+03   2.7033102e+04
   1.3811650e+03   2.7103924e+04
   1.3802715e+03   2.6900566e+04
   1.3793779e+03   2.7418902e+04
   1.3784844e+03   2.7100902e+04
   1.3775898e+03   2.6774623e+04
   1.3766953e+03   2.7141748e+04
   1.3758008e+03   2.7304707e+04
   1.3749062e+03   2.7037246e+04
   1.3740117e+03   2.6934727e+04
   1.3731172e+03   2.6759609e+04
   1.3722217e+03   2.6310830e+04
   1.3713262e+03   2.6501711e+04
   1.3704307e+03   2.6240203e+04
   1.3695352e+03   2.5864328e+04
   1.3686396e+03   2.5990988e+04
   1.3677441e+03   2.5729703e+04
   1.3668477e+03   2.5719623e+04
   1.3659521e+03   2.5399891e+04
   1.3650557e+03   2.5387080e+04
   1.3641592e+03   2.5000588e+04
   1.3632627e+03   2.5202539e+04
   1.3623652e+03   2.5181404e+04
   1.3614688e+03   2.5051572e+04
   1.3605713e+03   2.5387170e+04
   1.3596738e+03   2.5572191e+04
   1.3587773e+03   2.5225066e+04
   1.3578789e+03   2.5187229e+04
   1.3569814e+03   2.5258008e+04
   1.3560840e+03   2.5704643e+04
   1.3551855e+03   2.5755818e+04
   1.3542871e+03   2.5834809e+04
   1.3533887e+03   2.6077957e+04
   1.3524902e+03   2.6042785e+04
   1.3515918e+03   2.6121680e+04
   1.3506934e+03   2.6295113e+04
   1.3497939e+03   2.6315535e+04
   1.3488945e+03   2.6202490e+04
   1.3479951e+03   2.6550949e+04
   1.3470957e+03   2.6649137e+04
   1.3461963e+03   2.6650025e+04
   1.3452969e+03   2.6528660e+04
   1.3443965e+03   2.6418449e+04
   1.3434971e+03   2.6769338e+04
   1.3425967e+03   2.6653566e+04
   1.3416963e+03   2.6518398e+04
   1.3407949e+03   2.6597031e+04
   1.3398945e+03   2.6189918e+04
   1.3389941e+03   2.6487807e+04
   1.3380928e+03   2.6078078e+04
   1.3371914e+03   2.6187242e+04
   1.3362900e+03   2.5722236e+04
   1.3353887e+03   2.5531928e+04
   1.3344873e+03   2.5327822e+04
   1.3335850e+03   2.5414861e+04
   1.3326836e+03   2.5504641e+04
   1.3317812e+03   2.5574988e+04
   1.3308789e+03   2.5310059e+04
   1.3299766e+03   2.4967656e+04
   1.3290732e+03   2.5093453e+04
   1.3281709e+03   2.5365971e+04
   1.3272676e+03   2.5439045e+04
   1.3263652e+03   2.5323852e+04
   1.3254619e+03   2.5778855e+04
   1.3245576e+03   2.6109170e+04
   1.3236543e+03   2.6195893e+04
   1.3227510e+03   2.6285348e+04
   1.3218467e+03   2.6726031e+04
   1.3209424e+03   2.6585838e+04
   1.3200391e+03   2.6459518e+04
   1.3191338e+03   2.6739602e+04
   1.3182295e+03   2.6693449e+04
   1.3173252e+03   2.7034184e+04
   1.3164199e+03   2.7059830e+04
   1.3155156e+03   2.7187674e+04
   1.3146104e+03   2.6862516e+04
   1.3137051e+03   2.6664496e+04
   1.3127988e+03   2.6375434e+04
   1.3118936e+03   2.6561273e+04
   1.3109873e+03   2.6460008e+04
   1.3100820e+03   2.6356018e+04
   1.3091758e+03   2.6536240e+04
   1.3082695e+03   2.6379859e+04
   1.3073633e+03   2.6391771e+04
   1.3064561e+03   2.6593951e+04
   1.3055498e+03   2.6804330e+04
   1.3046426e+03   2.6515689e+04
   1.3037354e+03   2.6417320e+04
   1.3028281e+03   2.6765398e+04
   1.3019209e+03   2.6479668e+04
   1.3010137e+03   2.6348299e+04
   1.3001055e+03   2.6079266e+04
   1.2991982e+03   2.6049896e+04
   1.2982900e+03   2.6144432e+04
   1.2973818e+03   2.5801250e+04
   1.2964736e+03   2.5648092e+04
   1.2955645e+03   2.5283102e+04
   1.2946562e+03   2.5570289e+04
   1.2937471e+03   2.5607053e+04
   1.2928379e+03   2.5610799e+04
   1.2919287e+03   2.5672289e+04
   1.2910195e+03   2.5818986e+04
   1.2901104e+03   2.5723730e+04
   1.2892012e+03   2.5738443e+04
   1.2882910e+03   2.5689947e+04
   1.2873809e+03   2.6155232e+04
   1.2864707e+03   2.6265998e+04
   1.2855605e+03   2.6384965e+04
   1.2846504e+03   2.6534094e+04
   1.2837393e+03   2.6408623e+04
   1.2828291e+03   2.6288684e+04
   1.2819180e+03   2.6360902e+04
   1.2810068e+03   2.6575781e+04
   1.2800957e+03   2.6582076e+04
   1.2791846e+03   2.6607568e+04
   1.2782725e+03   2.6723557e+04
   1.2773613e+03   2.6798369e+04
   1.2764492e+03   2.7029428e+04
   1.2755371e+03   2.6936951e+04
   1.2746250e+03   2.6987018e+04
   1.2737129e+03   2.6946643e+04
   1.2727998e+03   2.7076139e+04
   1.2718877e+03   2.6556400e+04
   1.2709746e+03   2.6729736e+04
   1.2700615e+03   2.6399180e+04
   1.2691484e+03   2.6345248e+04
   1.2682354e+03   2.6236588e+04
   1.2673213e+03   2.6188176e+04
   1.2664082e+03   2.5712918e+04
   1.2654941e+03   2.5629047e+04
   1.2645801e+03   2.5309967e+04
   1.2636660e+03   2.5584459e+04
   1.2627520e+03   2.5199871e+04
   1.2618369e+03   2.4973984e+04
   1.2609229e+03   2.5193719e+04
   1.2600078e+03   2.5049896e+04
   1.2590928e+03   2.5045479e+04
   1.2581777e+03   2.5021938e+04
   1.2572627e+03   2.5025719e+04
   1.2563467e+03   2.5114158e+04
   1.2554316e+03   2.4866713e+04
   1.2545156e+03   2.5331889e+04
   1.2535996e+03   2.4909801e+04
   1.2526836e+03   2.5363887e+04
   1.2517676e+03   2.5356682e+04
   1.2508516e+03   2.5474973e+04
   1.2499346e+03   2.5939627e+04
   1.2490176e+03   2.5711424e+04
   1.2481006e+03   2.6282209e+04
   1.2471836e+03   2.6163070e+04
   1.2462666e+03   2.6174805e+04
   1.2453496e+03   2.6276467e+04
   1.2444316e+03   2.6230957e+04
   1.2435146e+03   2.6294432e+04
   1.2425967e+03   2.6344264e+04
   1.2416787e+03   2.6483945e+04
   1.2407598e+03   2.6724320e+04
   1.2398418e+03   2.6616152e+04
   1.2389229e+03   2.6679498e+04
   1.2380049e+03   2.6571373e+04
   1.2370859e+03   2.6740814e+04
   1.2361670e+03   2.6510297e+04
   1.2352480e+03   2.6660648e+04
   1.2343281e+03   2.6030467e+04
   1.2334092e+03   2.6566939e+04
   1.2324893e+03   2.6480691e+04
   1.2315693e+03   2.6576578e+04
   1.2306494e+03   2.6354479e+04
   1.2297295e+03   2.6420463e+04
   1.2288096e+03   2.6486424e+04
   1.2278887e+03   2.6536062e+04
   1.2269678e+03   2.5966527e+04
   1.2260469e+03   2.6483238e+04
   1.2251260e+03   2.6359111e+04
   1.2242051e+03   2.6118320e+04
   1.2232842e+03   2.6610303e+04
   1.2223623e+03   2.6274588e+04
   1.2214414e+03   2.6134305e+04
   1.2205195e+03   2.6059164e+04
   1.2195977e+03   2.6369117e+04
   1.2186758e+03   2.6207199e+04
   1.2177529e+03   2.6346234e+04
   1.2168311e+03   2.6466248e+04
   1.2159082e+03   2.6079479e+04
   1.2149854e+03   2.6454174e+04
   1.2140625e+03   2.6677037e+04
   1.2131396e+03   2.6477312e+04
   1.2122158e+03   2.6548447e+04
   1.2112930e+03   2.6140340e+04
   1.2103691e+03   2.6222336e+04
   1.2094453e+03   2.6353018e+04
   1.2085215e+03   2.5947863e+04
   1.2075977e+03   2.6005496e+04
   1.2066738e+03   2.6038762e+04
   1.2057490e+03   2.5809672e+04
   1.2048242e+03   2.5713162e+04
   1.2038994e+03   2.5987080e+04
   1.2029746e+03   2.5444555e+04
   1.2020498e+03   2.5940039e+04
   1.2011250e+03   2.5870592e+04
   1.2001992e+03   2.5666084e+04
   1.1992744e+03   2.5485957e+04
   1.1983486e+03   2.5370711e+04
   1.1974229e+03   2.5306811e+04
   1.1964961e+03   2.5531807e+04
   1.1955703e+03   2.5273549e+04
   1.1946436e+03   2.5401312e+04
   1.1937178e+03   2.5537123e+04
   1.1927910e+03   2.5475941e+04
   1.1918643e+03   2.5304188e+04
   1.1909365e+03   2.5852568e+04
   1.1900098e+03   2.5621484e+04
   1.1890830e+03   2.5668166e+04
   1.1881553e+03   2.6100281e+04
   1.1872275e+03   2.6157639e+04
   1.1862998e+03   2.6204195e+04
   1.1853721e+03   2.6107951e+04
   1.1844434e+03   2.5793561e+04
   1.1835156e+03   2.6034057e+04
   1.1825869e+03   2.6026746e+04
   1.1816582e+03   2.6299418e+04
   1.1807295e+03   2.6227461e+04
   1.1798008e+03   2.6104395e+04
   1.1788711e+03   2.5946395e+04
   1.1779424e+03   2.5756164e+04
   1.1770127e+03   2.5982912e+04
   1.1760830e+03   2.5903000e+04
   1.1751533e+03   2.5866139e+04
   1.1742227e+03   2.5872301e+04
   1.1732930e+03   2.5717189e+04
   1.1723623e+03   2.5873865e+04
   1.1714326e+03   2.5689250e+04
   1.1705020e+03   2.5496641e+04
   1.1695713e+03   2.5940664e+04
   1.1686396e+03   2.5557408e+04
   1.1677090e+03   2.5869697e+04
   1.1667773e+03   2.5760408e+04
   1.1658457e+03   2.5712887e+04
   1.1649141e+03   2.5520473e+04
   1.1639824e+03   2.5770830e+04
   1.1630508e+03   2.5546279e+04
   1.1621191e+03   2.5807270e+04
   1.1611865e+03   2.5706146e+04
   1.1602539e+03   2.5733752e+04
   1.1593213e+03   2.5584424e+04
   1.1583887e+03   2.5432465e+04
   1.1574561e+03   2.5693238e+04
   1.1565225e+03   2.5586859e+04
   1.1555889e+03   2.5542131e+04
   1.1546562e+03   2.5500094e+04
   1.1537227e+03   2.5190289e+04
   1.1527881e+03   2.5183133e+04
   1.1518545e+03   2.5245578e+04
   1.1509209e+03   2.4925273e+04
   1.1499863e+03   2.4974359e+04
   1.1490518e+03   2.4581979e+04
   1.1481172e+03   2.4818354e+04
   1.1471826e+03   2.4589283e+04
   1.1462480e+03   2.4354943e+04
   1.1453125e+03   2.4540434e+04
   1.1443770e+03   2.4399740e+04
   1.1434414e+03   2.4141504e+04
   1.1425059e+03   2.4532682e+04
   1.1415703e+03   2.4429465e+04
   1.1406348e+03   2.4475871e+04
   1.1396982e+03   2.4474186e+04
   1.1387617e+03   2.4341660e+04
   1.1378262e+03   2.4537557e+04
   1.1368896e+03   2.4202201e+04
   1.1359521e+03   2.4147186e+04
   1.1350156e+03   2.4278971e+04
   1.1340781e+03   2.3885145e+04
   1.1331416e+03   2.4128957e+04
   1.1322041e+03   2.3828635e+04
   1.1312666e+03   2.4363008e+04
   1.1303281e+03   2.4329344e+04
   1.1293906e+03   2.3698627e+04
   1.1284521e+03   2.4176768e+04
   1.1275137e+03   2.4092527e+04
   1.1265762e+03   2.3624691e+04
   1.1256367e+03   2.3708381e+04
   1.1246982e+03   2.3784049e+04
   1.1237598e+03   2.3641355e+04
   1.1228203e+03   2.3429496e+04
   1.1218809e+03   2.3640916e+04
   1.1209414e+03   2.3546223e+04
   1.1200020e+03   2.3528723e+04
   1.1190625e+03   2.3484625e+04
   1.1181221e+03   2.3195844e+04
   1.1171826e+03   2.3582625e+04
   1.1162422e+03   2.3472068e+04
   1.1153018e+03   2.3303066e+04
   1.1143613e+03   2.3057045e+04
   1.1134199e+03   2.3350562e+04
   1.1124795e+03   2.3277318e+04
   1.1115381e+03   2.3087215e+04
   1.1105967e+03   2.2862650e+04
   1.1096553e+03   2.2994004e+04
   1.1087139e+03   2.2790775e+04
   1.1077725e+03   2.2847764e+04
   1.1068301e+03   2.3175449e+04
   1.1058877e+03   2.3123549e+04
   1.1049453e+03   2.2777168e+04
   1.1040029e+03   2.3213445e+04
   1.1030605e+03   2.3103217e+04
   1.1021182e+03   2.3112352e+04
   1.1011748e+03   2.3362746e+04
   1.1002314e+03   2.3066990e+04
   1.0992881e+03   2.3166234e+04
   1.0983447e+03   2.3281342e+04
   1.0974014e+03   2.3208303e+04
   1.0964580e+03   2.3008143e+04
   1.0955137e+03   2.2813348e+04
   1.0945693e+03   2.2682174e+04
   1.0936250e+03   2.2813145e+04
   1.0926807e+03   2.2893773e+04
   1.0917363e+03   2.2670023e+04
   1.0907910e+03   2.2822090e+04
   1.0898467e+03   2.2876217e+04
   1.0889014e+03   2.2940902e+04
   1.0879561e+03   2.3008209e+04
   1.0870107e+03   2.3239428e+04
   1.0860645e+03   2.3063436e+04
   1.0851191e+03   2.3241695e+04
   1.0841729e+03   2.3372322e+04
   1.0832266e+03   2.3745988e+04
   1.0822803e+03   2.3437938e+04
   1.0813340e+03   2.3571098e+04
   1.0803877e+03   2.3846812e+04
   1.0794404e+03   2.4040578e+04
   1.0784932e+03   2.3972922e+04
   1.0775459e+03   2.4116443e+04
   1.0765986e+03   2.3985461e+04
   1.0756514e+03   2.4186975e+04
   1.0747041e+03   2.4042834e+04
   1.0737559e+03   2.3991059e+04
   1.0728076e+03   2.3746795e+04
   1.0718594e+03   2.3887559e+04
   1.0709111e+03   2.3777842e+04
   1.0699629e+03   2.3568006e+04
   1.0690137e+03   2.3571695e+04
   1.0680654e+03   2.3491072e+04
   1.0671162e+03   2.3413109e+04
   1.0661670e+03   2.3509002e+04
   1.0652178e+03   2.3615395e+04
   1.0642676e+03   2.3632230e+04
   1.0633184e+03   2.3370029e+04
   1.0623682e+03   2.3447436e+04
   1.0614180e+03   2.3395873e+04
   1.0604678e+03   2.3433779e+04
   1.0595176e+03   2.3292799e+04
   1.0585674e+03   2.3396459e+04
   1.0576162e+03   2.2918953e+04
   1.0566650e+03   2.3351273e+04
   1.0557139e+03   2.3562635e+04
   1.0547627e+03   2.3224645e+04
   1.0538115e+03   2.3499016e+04
   1.0528604e+03   2.3831084e+04
   1.0519082e+03   2.3632439e+04
   1.0509561e+03   2.4074664e+04
   1.0500039e+03   2.3936438e+04
   1.0490518e+03   2.3992529e+04
   1.0480996e+03   2.3833367e+04
   1.0471465e+03   2.4086281e+04
   1.0461943e+03   2.4239398e+04
   1.0452412e+03   2.3988453e+04
   1.0442881e+03   2.4388086e+04
   1.0433350e+03   2.4485990e+04
   1.0423809e+03   2.4476357e+04
   1.0414277e+03   2.4962195e+04
   1.0404736e+03   2.4889572e+04
   1.0395195e+03   2.4911314e+04
   1.0385654e+03   2.4878025e+04
   1.0376113e+03   2.4933816e+04
   1.0366572e+03   2.5296029e+04
   1.0357021e+03   2.4846312e+04
   1.0347471e+03   2.5190082e+04
   1.0337920e+03   2.5319068e+04
   1.0328369e+03   2.4927166e+04
   1.0318818e+03   2.4715965e+04
   1.0309268e+03   2.5001945e+04
   1.0299707e+03   2.5141334e+04
   1.0290146e+03   2.4802049e+04
   1.0280586e+03   2.4957109e+04
   1.0271025e+03   2.4879426e+04
   1.0261465e+03   2.5068396e+04
   1.0251895e+03   2.4969809e+04
   1.0242324e+03   2.5571561e+04
   1.0232764e+03   2.5478141e+04
   1.0223184e+03   2.5713883e+04
   1.0213613e+03   2.5437652e+04
   1.0204043e+03   2.5417418e+04
   1.0194463e+03   2.5488564e+04
   1.0184893e+03   2.5327371e+04
   1.0175312e+03   2.5367189e+04
   1.0165732e+03   2.5005156e+04
   1.0156143e+03   2.5217199e+04
   1.0146562e+03   2.4996174e+04
   1.0136973e+03   2.5020369e+04
   1.0127383e+03   2.4786418e+04
   1.0117793e+03   2.4742861e+04
   1.0108203e+03   2.4626334e+04
   1.0098613e+03   2.4679242e+04
   1.0089014e+03   2.4541922e+04
   1.0079424e+03   2.4865754e+04
   1.0069824e+03   2.4809193e+04
   1.0060225e+03   2.5078172e+04
   1.0050625e+03   2.5360070e+04
   1.0041016e+03   2.5358113e+04
   1.0031416e+03   2.5403008e+04
   1.0021807e+03   2.5333383e+04
   1.0012197e+03   2.5229957e+04
   1.0002588e+03   2.5142176e+04
   9.9929785e+02   2.5322318e+04
   9.9833594e+02   2.5447785e+04
   9.9737500e+02   2.5094812e+04
   9.9641309e+02   2.5298258e+04
   9.9545117e+02   2.5088385e+04
   9.9448926e+02   2.4966936e+04
   9.9352637e+02   2.5053377e+04
   9.9256445e+02   2.4908598e+04
   9.9160156e+02   2.5075527e+04
   9.9063867e+02   2.4972340e+04
   9.8967578e+02   2.4853611e+04
   9.8871289e+02   2.5199564e+04
   9.8774902e+02   2.5088623e+04
   9.8678613e+02   2.4964744e+04
   9.8582227e+02   2.5165203e+04
   9.8485840e+02   2.5321494e+04
   9.8389453e+02   2.5296188e+04
   9.8293066e+02   2.5195693e+04
   9.8196582e+02   2.5066717e+04
   9.8100195e+02   2.5552094e+04
   9.8003711e+02   2.5557857e+04
   9.7907227e+02   2.5659488e+04
   9.7810742e+02   2.5647094e+04
   9.7714160e+02   2.5961062e+04
   9.7617676e+02   2.6344838e+04
   9.7521094e+02   2.6340092e+04
   9.7424512e+02   2.6312047e+04
   9.7327930e+02   2.6268480e+04
   9.7231348e+02   2.6416428e+04
   9.7134668e+02   2.6321109e+04
   9.7038086e+02   2.6686291e+04
   9.6941406e+02   2.6539227e+04
   9.6844727e+02   2.6674084e+04
   9.6748047e+02   2.6713229e+04
   9.6651367e+02   2.6682562e+04
   9.6554590e+02   2.7037006e+04
   9.6457812e+02   2.6778889e+04
   9.6361133e+02   2.7019504e+04
   9.6264258e+02   2.6831229e+04
   9.6167480e+02   2.6444150e+04
   9.6070703e+02   2.6398066e+04
   9.5973828e+02   2.6380395e+04
   9.5877051e+02   2.6158809e+04
   9.5780176e+02   2.6141184e+04
   9.5683301e+02   2.5878432e+04
   9.5586328e+02   2.5912461e+04
   9.5489453e+02   2.6093504e+04
   9.5392480e+02   2.6142953e+04
   9.5295508e+02   2.5906172e+04
   9.5198535e+02   2.5695252e+04
   9.5101562e+02   2.5801449e+04
   9.5004590e+02   2.6077697e+04
   9.4907520e+02   2.5786982e+04
   9.4810449e+02   2.5442271e+04
   9.4713477e+02   2.5836914e+04
   9.4616309e+02   2.5469139e+04
   9.4519238e+02   2.5984645e+04
   9.4422168e+02   2.5753412e+04
   9.4325000e+02   2.5777074e+04
   9.4227832e+02   2.5643750e+04
   9.4130664e+02   2.5564502e+04
   9.4033496e+02   2.5698797e+04
   9.3936328e+02   2.5532119e+04
   9.3839062e+02   2.5740943e+04
   9.3741895e+02   2.5456047e+04
   9.3644629e+02   2.5621105e+04
   9.3547363e+02   2.5917182e+04
   9.3450000e+02   2.5663240e+04
   9.3352734e+02   2.5560973e+04
   9.3255371e+02   2.5486996e+04
   9.3158105e+02   2.5705830e+04
   9.3060742e+02   2.5865521e+04
   9.2963379e+02   2.6045695e+04
   9.2865918e+02   2.6056387e+04
   9.2768555e+02   2.6043977e+04
   9.2671094e+02   2.6139340e+04
   9.2573633e+02   2.5980684e+04
   9.2476172e+02   2.5678441e+04
   9.2378711e+02   2.6022578e+04
   9.2281250e+02   2.5684539e+04
   9.2183691e+02   2.5602982e+04
   9.2086133e+02   2.5518893e+04
   9.1988574e+02   2.5709043e+04
   9.1891016e+02   2.5553219e+04
   9.1793457e+02   2.5364146e+04
   9.1695801e+02   2.4929256e+04
   9.1598242e+02   2.5308873e+04
   9.1500586e+02   2.5255645e+04
   9.1402930e+02   2.5146117e+04
   9.1305273e+02   2.5389832e+04
   9.1207520e+02   2.5060244e+04
   9.1109863e+02   2.5114553e+04
   9.1012109e+02   2.5227678e+04
   9.0914355e+02   2.5085000e+04
   9.0816602e+02   2.4960271e+04
   9.0718848e+02   2.4991545e+04
   9.0620996e+02   2.5043256e+04
   9.0523145e+02   2.5215066e+04
   9.0425391e+02   2.5138951e+04
   9.0327539e+02   2.5361777e+04
   9.0229590e+02   2.5293324e+04
   9.0131738e+02   2.5556902e+04
   9.0033789e+02   2.5519076e+04
   8.9935938e+02   2.5504240e+04
   8.9837988e+02   2.5979492e+04
   8.9740039e+02   2.5762965e+04
   8.9641992e+02   2.5750641e+04
   8.9544043e+02   2.5376059e+04
   8.9445996e+02   2.5720900e+04
   8.9347949e+02   2.5968709e+04
   8.9249902e+02   2.6004797e+04
   8.9151855e+02   2.6089307e+04
   8.9053809e+02   2.5857732e+04
   8.8955664e+02   2.6174135e+04
   8.8857520e+02   2.6052186e+04
   8.8759375e+02   2.6065293e+04
   8.8661230e+02   2.6182820e+04
   8.8563086e+02   2.6302850e+04
   8.8464844e+02   2.6522131e+04
   8.8366699e+02   2.6797334e+04
   8.8268457e+02   2.6789928e+04
   8.8170215e+02   2.6729084e+04
   8.8071973e+02   2.6983742e+04
   8.7973633e+02   2.7042439e+04
   8.7875391e+02   2.7085854e+04
   8.7777051e+02   2.7134338e+04
   8.7678711e+02   2.7035346e+04
   8.7580371e+02   2.6949098e+04
   8.7482031e+02   2.6796803e+04
   8.7383594e+02   2.6807186e+04
   8.7285156e+02   2.6964910e+04
   8.7186816e+02   2.6520586e+04
   8.7088379e+02   2.6685924e+04
   8.6989844e+02   2.6325600e+04
   8.6891406e+02   2.6330975e+04
   8.6792871e+02   2.6366803e+04
   8.6694434e+02   2.6491439e+04
   8.6595898e+02   2.6565283e+04
   8.6497266e+02   2.6271260e+04
   8.6398730e+02   2.6593678e+04
   8.6300195e+02   2.6264250e+04
   8.6201562e+02   2.6226518e+04
   8.6102930e+02   2.6492994e+04
   8.6004297e+02   2.6475508e+04
   8.5905664e+02   2.6559389e+04
   8.5806934e+02   2.6648303e+04
   8.5708301e+02   2.6494006e+04
   8.5609570e+02   2.6481592e+04
   8.5510840e+02   2.7087039e+04
   8.5412109e+02   2.6740328e+04
   8.5313379e+02   2.6813938e+04
   8.5214551e+02   2.7008996e+04
   8.5115723e+02   2.6834551e+04
   8.5016895e+02   2.6741123e+04
   8.4918066e+02   2.7009441e+04
   8.4819238e+02   2.6840145e+04
   8.4720410e+02   2.6850434e+04
   8.4621484e+02   2.6954256e+04
   8.4522559e+02   2.7151561e+04
   8.4423633e+02   2.7116295e+04
   8.4324707e+02   2.7202322e+04
   8.4225781e+02   2.7232740e+04
   8.4126758e+02   2.6987836e+04
   8.4027734e+02   2.7076361e+04
   8.3928711e+02   2.7096682e+04
   8.3829688e+02   2.6970578e+04
   8.3730664e+02   2.6892475e+04
   8.3631543e+02   2.7013752e+04
   8.3532520e+02   2.6804471e+04
   8.3433398e+02   2.7051846e+04
   8.3334277e+02   2.6716525e+04
   8.3235156e+02   2.6744441e+04
   8.3135938e+02   2.6754699e+04
   8.3036816e+02   2.6500275e+04
   8.2937598e+02   2.6550895e+04
   8.2838379e+02   2.6626691e+04
   8.2739160e+02   2.6647035e+04
   8.2639941e+02   2.7360061e+04
   8.2540625e+02   2.7012570e+04
   8.2441309e+02   2.6987506e+04
   8.2341992e+02   2.7377836e+04
   8.2242676e+02   2.6756170e+04
   8.2143359e+02   2.7274744e+04
   8.2044043e+02   2.7262225e+04
   8.1944629e+02   2.6947828e+04
   8.1845215e+02   2.7005797e+04
   8.1745801e+02   2.6860047e+04
   8.1646387e+02   2.6397549e+04
   8.1546973e+02   2.6209227e+04
   8.1447461e+02   2.5988297e+04
   8.1347949e+02   2.6116742e+04
   8.1248535e+02   2.6177305e+04
   8.1148926e+02   2.6082098e+04
   8.1049414e+02   2.5966832e+04
   8.0949902e+02   2.6007295e+04
   8.0850293e+02   2.5731404e+04
   8.0750684e+02   2.5776912e+04
   8.0651074e+02   2.5322973e+04
   8.0551465e+02   2.5830238e+04
   8.0451758e+02   2.5464260e+04
   8.0352148e+02   2.5585029e+04
   8.0252441e+02   2.5562805e+04
   8.0152734e+02   2.5385127e+04
   8.0053027e+02   2.5350410e+04
   7.9953320e+02   2.5486146e+04
   7.9853516e+02   2.5220865e+04
   7.9753711e+02   2.5183688e+04
   7.9653906e+02   2.5156545e+04
   7.9554102e+02   2.5530156e+04
   7.9454297e+02   2.5250031e+04
   7.9354492e+02   2.5415676e+04
   7.9254590e+02   2.5355961e+04
   7.9154688e+02   2.5278746e+04
   7.9054785e+02   2.5579422e+04
   7.8954883e+02   2.5537219e+04
   7.8854980e+02   2.5732672e+04
   7.8754980e+02   2.5490373e+04
   7.8654980e+02   2.5650754e+04
   7.8554980e+02   2.5623564e+04
   7.8454980e+02   2.5468904e+04
   7.8354980e+02   2.5069377e+04
   7.8254883e+02   2.5751947e+04
   7.8154883e+02   2.5285059e+04
   7.8054785e+02   2.5217990e+04
   7.7954688e+02   2.5023582e+04
   7.7854492e+02   2.5111393e+04
   7.7754395e+02   2.5201666e+04
   7.7654199e+02   2.5167105e+04
   7.7554004e+02   2.5816334e+04
   7.7453809e+02   2.5177863e+04
   7.7353613e+02   2.5547451e+04
   7.7253418e+02   2.5667486e+04
   7.7153125e+02   2.5829871e+04
   7.7052832e+02   2.5899943e+04
   7.6952539e+02   2.6064715e+04
   7.6852246e+02   2.5788281e+04
   7.6751953e+02   2.5756152e+04
   7.6651562e+02   2.6062867e+04
   7.6551270e+02   2.5806510e+04
   7.6450879e+02   2.5874012e+04
   7.6350488e+02   2.6113303e+04
   7.6250000e+02   2.6003959e+04
   7.6149609e+02   2.5907100e+04
   7.6049121e+02   2.5994439e+04
   7.5948730e+02   2.6201180e+04
   7.5848145e+02   2.6178969e+04
   7.5747656e+02   2.6191586e+04
   7.5647168e+02   2.6112184e+04
   7.5546582e+02   2.6139725e+04
   7.5445996e+02   2.6413365e+04
   7.5345508e+02   2.6291709e+04
   7.5244824e+02   2.6624859e+04
   7.5144238e+02   2.6585199e+04
   7.5043555e+02   2.7077156e+04
   7.4942969e+02   2.7139256e+04
   7.4842285e+02   2.7558914e+04
   7.4741602e+02   2.8164629e+04
   7.4640820e+02   2.9013385e+04
   7.4540137e+02   2.9896576e+04
   7.4439355e+02   3.1702529e+04
   7.4338574e+02   3.2907426e+04
   7.4237793e+02   3.5357090e+04
   7.4137012e+02   3.7590094e+04
   7.4036230e+02   3.9728051e+04
   7.3935352e+02   4.1654492e+04
   7.3834473e+02   4.3389371e+04
   7.3733594e+02   4.3470629e+04
   7.3632715e+02   4.3418059e+04
   7.3531836e+02   4.1817176e+04
   7.3430859e+02   4.0283758e+04
   7.3329883e+02   3.8302668e+04
   7.3228906e+02   3.5834539e+04
   7.3127930e+02   3.3590109e+04
   7.3026953e+02   3.2376121e+04
   7.2925977e+02   3.0670133e+04
   7.2824902e+02   2.9721857e+04
   7.2723828e+02   2.8548822e+04
   7.2622754e+02   2.8212170e+04
   7.2521680e+02   2.7705018e+04
   7.2420508e+02   2.7215355e+04
   7.2319336e+02   2.7158451e+04
   7.2218262e+02   2.6503482e+04
   7.2117090e+02   2.6236693e+04
   7.2015820e+02   2.6241758e+04
   7.1914648e+02   2.6103557e+04
   7.1813379e+02   2.6232121e+04
   7.1712207e+02   2.6368045e+04
   7.1610938e+02   2.6069428e+04
   7.1509570e+02   2.5896799e+04
   7.1408301e+02   2.5637859e+04
   7.1306934e+02   2.5401221e+04
   7.1205664e+02   2.5554434e+04
   7.1104297e+02   2.5024389e+04
   7.1002930e+02   2.5424211e+04
   7.0901465e+02   2.5542814e+04
   7.0800098e+02   2.5303939e+04
   7.0698633e+02   2.5365832e+04
   7.0597168e+02   2.5063006e+04
   7.0495703e+02   2.5262887e+04
   7.0394238e+02   2.4864123e+04
   7.0292676e+02   2.5012244e+04
   7.0191211e+02   2.4963324e+04
   7.0089648e+02   2.5364947e+04
   6.9988086e+02   2.4995988e+04
   6.9886523e+02   2.5193193e+04
   6.9784863e+02   2.5055691e+04
   6.9683301e+02   2.5262650e+04
   6.9581641e+02   2.5344090e+04
   6.9479980e+02   2.5174662e+04
   6.9378320e+02   2.5659318e+04
   6.9276562e+02   2.5578391e+04
   6.9174902e+02   2.5517154e+04
   6.9073145e+02   2.5539490e+04
   6.8971387e+02   2.5743629e+04
   6.8869629e+02   2.5353225e+04
   6.8767773e+02   2.5581881e+04
   6.8666016e+02   2.5604184e+04
   6.8564160e+02   2.5864621e+04
   6.8462305e+02   2.5859861e+04
   6.8360449e+02   2.5884551e+04
   6.8258594e+02   2.5879783e+04
   6.8156641e+02   2.5926537e+04
   6.8054785e+02   2.6257805e+04
   6.7952832e+02   2.5892465e+04
   6.7850879e+02   2.6196643e+04
   6.7748926e+02   2.6039824e+04
   6.7646875e+02   2.6481119e+04
   6.7544824e+02   2.6486043e+04
   6.7442871e+02   2.6285150e+04
   6.7340820e+02   2.6341551e+04
   6.7238672e+02   2.6307307e+04
   6.7136621e+02   2.6427346e+04
   6.7034473e+02   2.6375957e+04
   6.6932422e+02   2.6312348e+04
   6.6830273e+02   2.6410289e+04
   6.6728027e+02   2.6574264e+04
   6.6625879e+02   2.6911879e+04
   6.6523633e+02   2.6532668e+04
   6.6421484e+02   2.6647611e+04
   6.6319238e+02   2.6830977e+04
   6.6216992e+02   2.7016719e+04
   6.6114648e+02   2.6962852e+04
   6.6012402e+02   2.6786811e+04
   6.5910059e+02   2.7116613e+04
   6.5807715e+02   2.7092066e+04
   6.5705371e+02   2.7155459e+04
   6.5603027e+02   2.7189521e+04
   6.5500586e+02   2.7199154e+04
   6.5398145e+02   2.7482189e+04
   6.5295703e+02   2.7611355e+04
   6.5193262e+02   2.7828320e+04
   6.5090820e+02   2.7769510e+04
   6.4988379e+02   2.7835125e+04
   6.4885840e+02   2.8005586e+04
   6.4783301e+02   2.7885811e+04
   6.4680762e+02   2.7924545e+04
   6.4578223e+02   2.7955953e+04
   6.4475586e+02   2.8218869e+04
   6.4373047e+02   2.7831109e+04
   6.4270410e+02   2.7757756e+04
   6.4167773e+02   2.7669816e+04
   6.4065137e+02   2.7567295e+04
   6.3962402e+02   2.7851947e+04
   6.3859766e+02   2.8224129e+04
   6.3757031e+02   2.7741867e+04
   6.3654297e+02   2.7707539e+04
   6.3551562e+02   2.7960320e+04
   6.3448730e+02   2.8215439e+04
   6.3345996e+02   2.8015656e+04
   6.3243164e+02   2.8107746e+04
   6.3140332e+02   2.8284893e+04
   6.3037500e+02   2.8413357e+04
   6.2934570e+02   2.8354639e+04
   6.2831738e+02   2.8354258e+04
   6.2728809e+02   2.8591957e+04
   6.2625879e+02   2.8032863e+04
   6.2522949e+02   2.7964539e+04
   6.2420020e+02   2.7898666e+04
   6.2316992e+02   2.7575486e+04
   6.2214062e+02   2.7388348e+04
   6.2111035e+02   2.7232824e+04
   6.2007910e+02   2.7531074e+04
   6.1904883e+02   2.7239732e+04
   6.1801855e+02   2.7234691e+04
   6.1698730e+02   2.7021109e+04
   6.1595605e+02   2.7353113e+04
   6.1492480e+02   2.6797795e+04
   6.1389355e+02   2.7318756e+04
   6.1286133e+02   2.6770914e+04
   6.1183008e+02   2.6831373e+04
   6.1079785e+02   2.6705293e+04
   6.0976562e+02   2.6932844e+04
   6.0873242e+02   2.6370947e+04
   6.0770020e+02   2.6276490e+04
   6.0666699e+02   2.6441057e+04
   6.0563379e+02   2.6201420e+04
   6.0460059e+02   2.6174793e+04
   6.0356738e+02   2.6385246e+04
   6.0253418e+02   2.6160262e+04
   6.0150000e+02   2.5746736e+04
   6.0046582e+02   2.6010340e+04
   5.9943164e+02   2.5959592e+04
   5.9839746e+02   2.5775936e+04
   5.9736328e+02   2.5882314e+04
   5.9632812e+02   2.5797791e+04
   5.9529297e+02   2.5884801e+04
   5.9425781e+02   2.5674723e+04
   5.9322266e+02   2.5834158e+04
   5.9218750e+02   2.5684520e+04
   5.9115137e+02   2.5421488e+04
   5.9011523e+02   2.5660518e+04
   5.8907910e+02   2.5482037e+04
   5.8804297e+02   2.5380816e+04
   5.8700684e+02   2.5561830e+04
   5.8596973e+02   2.5598086e+04
   5.8493262e+02   2.5658438e+04
   5.8389551e+02   2.5627162e+04
   5.8285840e+02   2.5509131e+04
   5.8182129e+02   2.5776697e+04
   5.8078320e+02   2.6167035e+04
   5.7974512e+02   2.5849033e+04
   5.7870703e+02   2.6410205e+04
   5.7766895e+02   2.6371594e+04
   5.7663086e+02   2.6085025e+04
   5.7559180e+02   2.6125918e+04
   5.7455371e+02   2.6246213e+04
   5.7351465e+02   2.6277434e+04
   5.7247559e+02   2.6128215e+04
   5.7143555e+02   2.5962213e+04
   5.7039648e+02   2.6243564e+04
   5.6935645e+02   2.5971809e+04
   5.6831641e+02   2.6346803e+04
   5.6727637e+02   2.6678395e+04
   5.6623633e+02   2.6815219e+04
   5.6519531e+02   2.6581994e+04
   5.6415430e+02   2.6723588e+04
   5.6311328e+02   2.6862725e+04
   5.6207227e+02   2.6932172e+04
   5.6103125e+02   2.7056811e+04
   5.5998926e+02   2.7248611e+04
   5.5894824e+02   2.7133154e+04
   5.5790625e+02   2.7384854e+04
   5.5686426e+02   2.8229010e+04
   5.5582129e+02   2.8288523e+04
   5.5477930e+02   2.8225711e+04
   5.5373633e+02   2.8361928e+04
   5.5269336e+02   2.7927555e+04
   5.5165039e+02   2.7572434e+04
   5.5060742e+02   2.7167121e+04
   5.4956348e+02   2.7190820e+04
   5.4852051e+02   2.7082762e+04
   5.4747656e+02   2.7106465e+04
   5.4643262e+02   2.7020010e+04
   5.4538770e+02   2.7331006e+04
   5.4434375e+02   2.7124855e+04
   5.4329883e+02   2.7375883e+04
   5.4225391e+02   2.7035803e+04
   5.4120898e+02   2.7138428e+04
   5.4016406e+02   2.6946812e+04
   5.3911816e+02   2.7066152e+04
   5.3807324e+02   2.7058725e+04
   5.3702734e+02   2.6864838e+04
   5.3598145e+02   2.6917199e+04
   5.3493457e+02   2.6909801e+04
   5.3388867e+02   2.6861785e+04
   5.3284180e+02   2.6723016e+04
   5.3179492e+02   2.7054791e+04
   5.3074805e+02   2.6916033e+04
   5.2970117e+02   2.6870436e+04
   5.2865332e+02   2.6772340e+04
   5.2760645e+02   2.7130107e+04
   5.2655859e+02   2.7079719e+04
   5.2551074e+02   2.6967322e+04
   5.2446289e+02   2.7620613e+04
   5.2341406e+02   2.7856328e+04
   5.2236523e+02   2.8046652e+04
   5.2131641e+02   2.7807809e+04
   5.2026758e+02   2.7959934e+04
   5.1921875e+02   2.7721191e+04
   5.1816992e+02   2.7220457e+04
   5.1712012e+02   2.7029582e+04
   5.1607031e+02   2.7360355e+04
   5.1502051e+02   2.7205240e+04
   5.1397070e+02   2.7162076e+04
   5.1291992e+02   2.6845191e+04
   5.1187012e+02   2.6911584e+04
   5.1081934e+02   2.7065986e+04
   5.0976855e+02   2.7246500e+04
   5.0871680e+02   2.6989295e+04
   5.0766602e+02   2.6706023e+04
   5.0661426e+02   2.7119510e+04
   5.0556250e+02   2.6978951e+04
   5.0451074e+02   2.6752879e+04
   5.0345898e+02   2.6895219e+04
   5.0240625e+02   2.6778535e+04
   5.0135449e+02   2.7179738e+04
   5.0030176e+02   2.6832668e+04
   4.9924902e+02   2.6777795e+04
   4.9819531e+02   2.7107547e+04
   4.9714258e+02   2.7038398e+04
   4.9608887e+02   2.6902824e+04
   4.9503516e+02   2.7263211e+04
   4.9398145e+02   2.7431301e+04
   4.9292773e+02   2.7037189e+04
   4.9187305e+02   2.7183914e+04
   4.9081934e+02   2.7290275e+04
   4.8976465e+02   2.7297033e+04
   4.8870996e+02   2.7270604e+04
   4.8765430e+02   2.7367406e+04
   4.8659961e+02   2.7279371e+04
   4.8554395e+02   2.7364289e+04
   4.8448828e+02   2.7560488e+04
   4.8343262e+02   2.7659525e+04
   4.8237695e+02   2.7488637e+04
   4.8132031e+02   2.7440893e+04
   4.8026367e+02   2.7705555e+04
   4.7920703e+02   2.7721674e+04
   4.7815039e+02   2.7841873e+04
   4.7709375e+02   2.7701850e+04
   4.7603613e+02   2.8006463e+04
   4.7497949e+02   2.8048514e+04
   4.7392188e+02   2.7934529e+04
   4.7286426e+02   2.7960031e+04
   4.7180566e+02   2.7994977e+04
   4.7074805e+02   2.8242539e+04
   4.6968945e+02   2.8605754e+04
   4.6863086e+02   2.8879088e+04
   4.6757227e+02   2.8613945e+04
   4.6651270e+02   2.8653449e+04
   4.6545410e+02   2.9219303e+04
   4.6439453e+02   2.9220916e+04
   4.6333496e+02   2.9283875e+04
   4.6227539e+02   2.8794787e+04
   4.6121582e+02   2.9055924e+04
   4.6015527e+02   2.9460811e+04
   4.5909473e+02   2.9344482e+04
   4.5803418e+02   2.8912318e+04
   4.5697363e+02   2.8989396e+04
   4.5591309e+02   2.8661141e+04
   4.5485156e+02   2.8820693e+04
   4.5379004e+02   2.8424277e+04
   4.5272852e+02   2.8960627e+04
   4.5166699e+02   2.8653809e+04
   4.5060547e+02   2.8415375e+04
   4.4954297e+02   2.8548926e+04
   4.4848047e+02   2.8421205e+04
   4.4741797e+02   2.8705287e+04
   4.4635547e+02   2.8471723e+04
   4.4529297e+02   2.8628676e+04
   4.4422949e+02   2.8874932e+04
   4.4316602e+02   2.8813094e+04
   4.4210254e+02   2.8774785e+04
   4.4103906e+02   2.8908057e+04
   4.3997461e+02   2.9175217e+04
   4.3891113e+02   2.9118062e+04
   4.3784668e+02   2.9065625e+04
   4.3678223e+02   2.9076615e+04
   4.3571680e+02   2.9378760e+04
   4.3465234e+02   2.9215961e+04
   4.3358691e+02   2.9184664e+04
   4.3252148e+02   2.9575789e+04
   4.3145605e+02   2.9131486e+04
   4.3039062e+02   2.9377029e+04
   4.2932520e+02   2.9383246e+04
   4.2825879e+02   2.9412908e+04
   4.2719238e+02   2.9156525e+04
   4.2612598e+02   2.9120584e+04
   4.2505957e+02   2.9260426e+04
   4.2399219e+02   2.9315859e+04
   4.2292480e+02   2.9052654e+04
   4.2185742e+02   2.9197109e+04
   4.2079004e+02   2.9446896e+04
   4.1972266e+02   2.9595904e+04
   4.1865430e+02   2.9433502e+04
   4.1758691e+02   2.9563730e+04
   4.1651855e+02   2.9850695e+04
   4.1544922e+02   2.9445004e+04
   4.1438086e+02   2.9731881e+04
   4.1331250e+02   2.9791785e+04
   4.1224316e+02   3.0015352e+04
   4.1117383e+02   3.0182721e+04
   4.1010449e+02   3.0078877e+04
   4.0903418e+02   3.0047520e+04
   4.0796484e+02   3.0373676e+04
   4.0689453e+02   3.0655318e+04
   4.0582422e+02   3.0602844e+04
   4.0475391e+02   3.0968406e+04
   4.0368262e+02   3.0939238e+04
   4.0261133e+02   3.0928756e+04
   4.0154102e+02   3.1200688e+04
