   2.0012861e+03   9.6659131e+03
   2.0004980e+03   9.5421533e+03
   1.9997109e+03   9.4390352e+03
   1.9989229e+03   9.3422949e+03
   1.9981338e+03   9.7054873e+03
   1.9973457e+03   9.4723721e+03
   1.9965576e+03   9.6642051e+03
   1.9957686e+03   9.6118721e+03
   1.9949805e+03   9.8733486e+03
   1.9941914e+03   9.6435283e+03
   1.9934023e+03   9.6831123e+03
   1.9926133e+03   9.5326016e+03
   1.9918242e+03   9.7780771e+03
   1.9910342e+03   9.5610938e+03
   1.9902451e+03   9.6006631e+03
   1.9894551e+03   9.6148926e+03
   1.9886650e+03   9.7145820e+03
   1.9878750e+03   9.6528291e+03
   1.9870850e+03   9.6195762e+03
   1.9862949e+03   9.9343525e+03
   1.9855049e+03   9.7460625e+03
   1.9847148e+03   9.7444375e+03
   1.9839238e+03   9.6700811e+03
   1.9831328e+03   9.8297148e+03
   1.9823428e+03   9.8565254e+03
   1.9815518e+03   9.6620820e+03
   1.9807598e+03   9.6541494e+03
   1.9799688e+03   9.8579121e+03
   1.9791777e+03   9.8910166e+03
   1.9783857e+03   9.9462197e+03
   1.9775947e+03   9.7645537e+03
   1.9768027e+03   9.8134443e+03
   1.9760107e+03   9.8244346e+03
   1.9752188e+03   1.0021649e+04
   1.9744268e+03   9.8716494e+03
   1.9736348e+03   9.6933008e+03
   1.9728418e+03   1.0038716e+04
   1.9720488e+03   9.9297930e+03
   1.9712568e+03   9.8051367e+03
   1.9704639e+03   9.8886377e+03
   1.9696709e+03   9.7419609e+03
   1.9688779e+03   9.8695752e+03
   1.9680850e+03   9.8427129e+03
   1.9672910e+03   9.9198486e+03
   1.9664980e+03   9.7953164e+03
   1.9657041e+03   9.9480361e+03
   1.9649102e+03   9.8833828e+03
   1.9641162e+03   9.8533906e+03
   1.9633223e+03   9.8485957e+03
   1.9625283e+03   9.9225020e+03
   1.9617344e+03   1.0059333e+04
   1.9609395e+03   1.0089122e+04
   1.9601445e+03   1.0134633e+04
   1.9593506e+03   9.9504766e+03
   1.9585557e+03   1.0068338e+04
   1.9577607e+03   9.9785996e+03
   1.9569658e+03   1.0184457e+04
   1.9561699e+03   1.0157604e+04
   1.9553750e+03   1.0111900e+04
   1.9545791e+03   1.0097639e+04
   1.9537842e+03   1.0240493e+04
   1.9529883e+03   1.0062846e+04
   1.9521924e+03   1.0064305e+04
   1.9513965e+03   1.0279326e+04
   1.9505996e+03   1.0045238e+04
   1.9498037e+03   1.0049838e+04
   1.9490068e+03   1.0258475e+04
   1.9482109e+03   1.0410548e+04
   1.9474141e+03   1.0201697e+04
   1.9466172e+03   1.0290978e+04
   1.9458203e+03   1.0185736e+04
   1.9450234e+03   1.0227942e+04
   1.9442256e+03   1.0103931e+04
   1.9434287e+03   1.0233927e+04
   1.9426309e+03   1.0210270e+04
   1.9418340e+03   1.0214830e+04
   1.9410361e+03   1.0244459e+04
   1.9402383e+03   1.0267811e+04
   1.9394395e+03   1.0454059e+04
   1.9386416e+03   1.0461705e+04
   1.9378438e+03   1.0340948e+04
   1.9370449e+03   1.0254675e+04
   1.9362461e+03   1.0240436e+04
   1.9354482e+03   1.0426530e+04
   1.9346494e+03   1.0634470e+04
   1.9338496e+03   1.0488750e+04
   1.9330508e+03   1.0343079e+04
   1.9322520e+03   1.0400780e+04
   1.9314521e+03   1.0480354e+04
   1.9306533e+03   1.0362899e+04
   1.9298535e+03   1.0551879e+04
   1.9290537e+03   1.0256271e+04
   1.9282539e+03   1.0263930e+04
   1.9274531e+03   1.0371582e+04
   1.9266533e+03   1.0347974e+04
   1.9258535e+03   1.0202542e+04
   1.9250527e+03   1.0647471e+04
   1.9242520e+03   1.0402106e+04
   1.9234512e+03   1.0487788e+04
   1.9226504e+03   1.0470421e+04
   1.9218496e+03   1.0534213e+04
   1.9210488e+03   1.0395135e+04
   1.9202471e+03   1.0549402e+04
   1.9194463e+03   1.0709857e+04
   1.9186445e+03   1.0545866e+04
   1.9178428e+03   1.0509793e+04
   1.9170410e+03   1.0582865e+04
   1.9162393e+03   1.0434564e+04
   1.9154375e+03   1.0654126e+04
   1.9146348e+03   1.0724021e+04
   1.9138330e+03   1.0687945e+04
   1.9130303e+03   1.0564648e+04
   1.9122275e+03   1.0522382e+04
   1.9114248e+03   1.0772888e+04
   1.9106221e+03   1.0733714e+04
   1.9098193e+03   1.0582470e+04
   1.9090156e+03   1.0860854e+04
   1.9082129e+03   1.0781223e+04
   1.9074092e+03   1.0636269e+04
   1.9066055e+03   1.0678042e+04
   1.9058018e+03   1.0716690e+04
   1.9049980e+03   1.0727333e+04
   1.9041943e+03   1.0818825e+04
   1.9033906e+03   1.0848102e+04
   1.9025859e+03   1.0886694e+04
   1.9017822e+03   1.0502561e+04
   1.9009775e+03   1.0640642e+04
   1.9001729e+03   1.0837713e+04
   1.8993682e+03   1.0497271e+04
   1.8985635e+03   1.0762634e+04
   1.8977578e+03   1.0953372e+04
   1.8969531e+03   1.0724863e+04
   1.8961475e+03   1.0555418e+04
   1.8953428e+03   1.0625037e+04
   1.8945371e+03   1.0797048e+04
   1.8937314e+03   1.0801440e+04
   1.8929258e+03   1.0877188e+04
   1.8921191e+03   1.0915686e+04
   1.8913135e+03   1.0811505e+04
   1.8905068e+03   1.0949229e+04
   1.8897012e+03   1.0891582e+04
   1.8888945e+03   1.0855653e+04
   1.8880879e+03   1.0850730e+04
   1.8872812e+03   1.0901586e+04
   1.8864736e+03   1.0967916e+04
   1.8856670e+03   1.0792599e+04
   1.8848594e+03   1.0948744e+04
   1.8840527e+03   1.0990258e+04
   1.8832451e+03   1.1041045e+04
   1.8824375e+03   1.1014424e+04
   1.8816299e+03   1.0959954e+04
   1.8808223e+03   1.0979773e+04
   1.8800137e+03   1.0937704e+04
   1.8792061e+03   1.0994644e+04
   1.8783975e+03   1.1181472e+04
   1.8775889e+03   1.1089907e+04
   1.8767803e+03   1.0921072e+04
   1.8759717e+03   1.1185105e+04
   1.8751631e+03   1.0830851e+04
   1.8743545e+03   1.1045362e+04
   1.8735449e+03   1.1160922e+04
   1.8727363e+03   1.1041646e+04
   1.8719268e+03   1.0962565e+04
   1.8711172e+03   1.1139848e+04
   1.8703076e+03   1.1039161e+04
   1.8694980e+03   1.1204021e+04
   1.8686875e+03   1.1128051e+04
   1.8678779e+03   1.1184818e+04
   1.8670674e+03   1.1346482e+04
   1.8662578e+03   1.1181053e+04
   1.8654473e+03   1.1256290e+04
   1.8646367e+03   1.1180373e+04
   1.8638252e+03   1.1280254e+04
   1.8630146e+03   1.1417099e+04
   1.8622041e+03   1.1418259e+04
   1.8613926e+03   1.1259146e+04
   1.8605811e+03   1.1081596e+04
   1.8597705e+03   1.1375518e+04
   1.8589590e+03   1.1050138e+04
   1.8581465e+03   1.1331646e+04
   1.8573350e+03   1.1188076e+04
   1.8565234e+03   1.1216982e+04
   1.8557109e+03   1.1544495e+04
   1.8548984e+03   1.1391728e+04
   1.8540869e+03   1.1315948e+04
   1.8532744e+03   1.1098653e+04
   1.8524609e+03   1.1339823e+04
   1.8516484e+03   1.1322533e+04
   1.8508359e+03   1.1286795e+04
   1.8500225e+03   1.1168046e+04
   1.8492100e+03   1.1473603e+04
   1.8483965e+03   1.1465521e+04
   1.8475830e+03   1.1500468e+04
   1.8467695e+03   1.1258849e+04
   1.8459551e+03   1.1321469e+04
   1.8451416e+03   1.1408643e+04
   1.8443271e+03   1.1643207e+04
   1.8435137e+03   1.1493847e+04
   1.8426992e+03   1.1525682e+04
   1.8418848e+03   1.1625039e+04
   1.8410703e+03   1.1432787e+04
   1.8402559e+03   1.1691697e+04
   1.8394404e+03   1.1478021e+04
   1.8386260e+03   1.1644807e+04
   1.8378105e+03   1.1602969e+04
   1.8369951e+03   1.1542746e+04
   1.8361797e+03   1.1684905e+04
   1.8353643e+03   1.1618556e+04
   1.8345488e+03   1.1524644e+04
   1.8337334e+03   1.1642216e+04
   1.8329170e+03   1.1744429e+04
   1.8321016e+03   1.1782271e+04
   1.8312852e+03   1.1771095e+04
   1.8304688e+03   1.1842606e+04
   1.8296523e+03   1.1730377e+04
   1.8288359e+03   1.1602878e+04
   1.8280186e+03   1.1806001e+04
   1.8272021e+03   1.1629564e+04
   1.8263848e+03   1.1780596e+04
   1.8255674e+03   1.1900981e+04
   1.8247500e+03   1.1755205e+04
   1.8239326e+03   1.2184446e+04
   1.8231152e+03   1.1855201e+04
   1.8222979e+03   1.1883771e+04
   1.8214795e+03   1.1909275e+04
   1.8206621e+03   1.2041740e+04
   1.8198438e+03   1.1902196e+04
   1.8190254e+03   1.1964346e+04
   1.8182070e+03   1.1986762e+04
   1.8173887e+03   1.1880894e+04
   1.8165703e+03   1.1836134e+04
   1.8157510e+03   1.1901304e+04
   1.8149326e+03   1.1923714e+04
   1.8141133e+03   1.2001055e+04
   1.8132939e+03   1.2087523e+04
   1.8124746e+03   1.2134299e+04
   1.8116553e+03   1.1900401e+04
   1.8108350e+03   1.1837388e+04
   1.8100156e+03   1.1835387e+04
   1.8091953e+03   1.2196224e+04
   1.8083760e+03   1.2166725e+04
   1.8075557e+03   1.2234771e+04
   1.8067354e+03   1.1970616e+04
   1.8059141e+03   1.2145317e+04
   1.8050938e+03   1.2027498e+04
   1.8042734e+03   1.2089429e+04
   1.8034521e+03   1.2206156e+04
   1.8026309e+03   1.2070114e+04
   1.8018096e+03   1.2144183e+04
   1.8009883e+03   1.2248665e+04
   1.8001670e+03   1.2133987e+04
   1.7993457e+03   1.2277992e+04
   1.7985234e+03   1.2330677e+04
   1.7977021e+03   1.1957485e+04
   1.7968799e+03   1.2293049e+04
   1.7960576e+03   1.2199744e+04
   1.7952354e+03   1.2319291e+04
   1.7944131e+03   1.2004108e+04
   1.7935908e+03   1.2378945e+04
   1.7927676e+03   1.2349501e+04
   1.7919453e+03   1.2462863e+04
   1.7911221e+03   1.2372659e+04
   1.7902988e+03   1.2297671e+04
   1.7894756e+03   1.2268259e+04
   1.7886523e+03   1.2545510e+04
   1.7878291e+03   1.2388566e+04
   1.7870049e+03   1.2532155e+04
   1.7861816e+03   1.2551275e+04
   1.7853574e+03   1.2588593e+04
   1.7845332e+03   1.2565225e+04
   1.7837090e+03   1.2520633e+04
   1.7828848e+03   1.2621620e+04
   1.7820596e+03   1.2719539e+04
   1.7812354e+03   1.2559743e+04
   1.7804102e+03   1.2648546e+04
   1.7795859e+03   1.2616098e+04
   1.7787607e+03   1.2592749e+04
   1.7779355e+03   1.2399757e+04
   1.7771104e+03   1.2639974e+04
   1.7762842e+03   1.2619660e+04
   1.7754590e+03   1.2844618e+04
   1.7746328e+03   1.2854551e+04
   1.7738076e+03   1.2746429e+04
   1.7729814e+03   1.2916773e+04
   1.7721553e+03   1.2708821e+04
   1.7713281e+03   1.2951724e+04
   1.7705020e+03   1.3000950e+04
   1.7696758e+03   1.2932209e+04
   1.7688486e+03   1.3075161e+04
   1.7680215e+03   1.2921776e+04
   1.7671943e+03   1.2865173e+04
   1.7663672e+03   1.2820679e+04
   1.7655400e+03   1.2888005e+04
   1.7647129e+03   1.3064075e+04
   1.7638848e+03   1.2883632e+04
   1.7630576e+03   1.2851243e+04
   1.7622295e+03   1.3317125e+04
   1.7614014e+03   1.3009921e+04
   1.7605732e+03   1.3240155e+04
   1.7597451e+03   1.3219799e+04
   1.7589170e+03   1.2822235e+04
   1.7580879e+03   1.3260569e+04
   1.7572598e+03   1.3164802e+04
   1.7564307e+03   1.3060017e+04
   1.7556016e+03   1.3277942e+04
   1.7547725e+03   1.3164128e+04
   1.7539434e+03   1.3381961e+04
   1.7531133e+03   1.3394759e+04
   1.7522842e+03   1.3329198e+04
   1.7514541e+03   1.3483615e+04
   1.7506240e+03   1.3393961e+04
   1.7497949e+03   1.3304335e+04
   1.7489639e+03   1.3431572e+04
   1.7481338e+03   1.3844816e+04
   1.7473037e+03   1.3547431e+04
   1.7464727e+03   1.3722721e+04
   1.7456426e+03   1.3912999e+04
   1.7448115e+03   1.3874526e+04
   1.7439805e+03   1.3869160e+04
   1.7431494e+03   1.3815668e+04
   1.7423184e+03   1.3849409e+04
   1.7414863e+03   1.3786916e+04
   1.7406553e+03   1.3949928e+04
   1.7398232e+03   1.3995651e+04
   1.7389922e+03   1.3969229e+04
   1.7381602e+03   1.3951829e+04
   1.7373281e+03   1.4303977e+04
   1.7364951e+03   1.4361623e+04
   1.7356631e+03   1.4263072e+04
   1.7348301e+03   1.4446825e+04
   1.7339980e+03   1.4588481e+04
   1.7331650e+03   1.4643036e+04
   1.7323320e+03   1.4799616e+04
   1.7314990e+03   1.4692070e+04
   1.7306660e+03   1.4668568e+04
   1.7298320e+03   1.4594078e+04
   1.7289990e+03   1.4702569e+04
   1.7281650e+03   1.4942970e+04
   1.7273311e+03   1.5009388e+04
   1.7264971e+03   1.4973858e+04
   1.7256631e+03   1.4842428e+04
   1.7248291e+03   1.4986742e+04
   1.7239941e+03   1.5008162e+04
   1.7231602e+03   1.5050543e+04
   1.7223252e+03   1.5131848e+04
   1.7214902e+03   1.5368849e+04
   1.7206553e+03   1.5309342e+04
   1.7198203e+03   1.5357629e+04
   1.7189854e+03   1.5555557e+04
   1.7181504e+03   1.5343421e+04
   1.7173145e+03   1.5526322e+04
   1.7164785e+03   1.5559578e+04
   1.7156426e+03   1.5694521e+04
   1.7148066e+03   1.5527363e+04
   1.7139707e+03   1.5602462e+04
   1.7131348e+03   1.5982475e+04
   1.7122988e+03   1.5570245e+04
   1.7114619e+03   1.5684147e+04
   1.7106250e+03   1.5786059e+04
   1.7097881e+03   1.5798307e+04
   1.7089512e+03   1.5625352e+04
   1.7081143e+03   1.5775004e+04
   1.7072773e+03   1.5488641e+04
   1.7064395e+03   1.5939804e+04
   1.7056025e+03   1.5793805e+04
   1.7047646e+03   1.5701577e+04
   1.7039268e+03   1.5854069e+04
   1.7030889e+03   1.5878219e+04
   1.7022510e+03   1.5851647e+04
   1.7014121e+03   1.5893683e+04
   1.7005742e+03   1.5876062e+04
   1.6997354e+03   1.5924041e+04
   1.6988975e+03   1.5945173e+04
   1.6980586e+03   1.6124262e+04
   1.6972197e+03   1.5918875e+04
   1.6963799e+03   1.6106844e+04
   1.6955410e+03   1.5907487e+04
   1.6947012e+03   1.6190702e+04
   1.6938623e+03   1.5908017e+04
   1.6930225e+03   1.6182201e+04
   1.6921826e+03   1.6227071e+04
   1.6913428e+03   1.6268948e+04
   1.6905029e+03   1.6423895e+04
   1.6896621e+03   1.6498451e+04
   1.6888223e+03   1.6662229e+04
   1.6879814e+03   1.6418461e+04
   1.6871406e+03   1.6448371e+04
   1.6862998e+03   1.6754791e+04
   1.6854590e+03   1.6743012e+04
   1.6846182e+03   1.7052248e+04
   1.6837764e+03   1.6992873e+04
   1.6829355e+03   1.7076141e+04
   1.6820938e+03   1.6969246e+04
   1.6812520e+03   1.7043576e+04
   1.6804102e+03   1.7411891e+04
   1.6795684e+03   1.7604889e+04
   1.6787266e+03   1.7495006e+04
   1.6778838e+03   1.7563256e+04
   1.6770420e+03   1.7729420e+04
   1.6761992e+03   1.7969705e+04
   1.6753564e+03   1.7951803e+04
   1.6745137e+03   1.8037723e+04
   1.6736709e+03   1.8028709e+04
   1.6728271e+03   1.7975219e+04
   1.6719844e+03   1.8265656e+04
   1.6711406e+03   1.8484850e+04
   1.6702979e+03   1.8286086e+04
   1.6694541e+03   1.8786705e+04
   1.6686104e+03   1.8505000e+04
   1.6677656e+03   1.8623287e+04
   1.6669219e+03   1.8898502e+04
   1.6660771e+03   1.8904154e+04
   1.6652334e+03   1.8966059e+04
   1.6643887e+03   1.9394998e+04
   1.6635439e+03   1.9566303e+04
   1.6626992e+03   1.9382447e+04
   1.6618545e+03   1.9846600e+04
   1.6610088e+03   2.0150852e+04
   1.6601641e+03   1.9866430e+04
   1.6593184e+03   2.0002018e+04
   1.6584727e+03   2.0471656e+04
   1.6576270e+03   2.0400162e+04
   1.6567812e+03   2.0704057e+04
   1.6559355e+03   2.0877820e+04
   1.6550889e+03   2.0989477e+04
   1.6542432e+03   2.1021336e+04
   1.6533965e+03   2.1316051e+04
   1.6525498e+03   2.1073203e+04
   1.6517031e+03   2.1604012e+04
   1.6508564e+03   2.1396621e+04
   1.6500088e+03   2.1767809e+04
   1.6491621e+03   2.1917537e+04
   1.6483145e+03   2.1955094e+04
   1.6474678e+03   2.2196189e+04
   1.6466201e+03   2.2204188e+04
   1.6457715e+03   2.2403869e+04
   1.6449238e+03   2.2429518e+04
   1.6440762e+03   2.2484637e+04
   1.6432275e+03   2.2940602e+04
   1.6423799e+03   2.2918990e+04
   1.6415312e+03   2.2649877e+04
   1.6406826e+03   2.2943545e+04
   1.6398340e+03   2.3166418e+04
   1.6389854e+03   2.3660156e+04
   1.6381357e+03   2.3358707e+04
   1.6372871e+03   2.3707984e+04
   1.6364375e+03   2.3742188e+04
   1.6355879e+03   2.4082449e+04
   1.6347383e+03   2.4128344e+04
   1.6338887e+03   2.4468420e+04
   1.6330381e+03   2.4184787e+04
   1.6321885e+03   2.4930588e+04
   1.6313379e+03   2.4905730e+04
   1.6304883e+03   2.4980840e+04
   1.6296377e+03   2.5241109e+04
   1.6287871e+03   2.5560066e+04
   1.6279355e+03   2.5731990e+04
   1.6270850e+03   2.5792213e+04
   1.6262344e+03   2.6060973e+04
   1.6253828e+03   2.6112305e+04
   1.6245312e+03   2.6768523e+04
   1.6236797e+03   2.7089820e+04
   1.6228281e+03   2.6997111e+04
   1.6219766e+03   2.7608814e+04
   1.6211240e+03   2.8000225e+04
   1.6202725e+03   2.7649219e+04
   1.6194199e+03   2.8090354e+04
   1.6185674e+03   2.8669182e+04
   1.6177148e+03   2.9221420e+04
   1.6168623e+03   2.9192949e+04
   1.6160098e+03   2.9396068e+04
   1.6151562e+03   2.9813072e+04
   1.6143037e+03   3.0118576e+04
   1.6134502e+03   3.0500152e+04
   1.6125967e+03   3.0368953e+04
   1.6117432e+03   3.0917299e+04
   1.6108896e+03   3.1175545e+04
   1.6100361e+03   3.1609375e+04
   1.6091816e+03   3.1969869e+04
   1.6083271e+03   3.1917549e+04
   1.6074736e+03   3.1973521e+04
   1.6066191e+03   3.2082139e+04
   1.6057637e+03   3.2161465e+04
   1.6049092e+03   3.2600520e+04
   1.6040547e+03   3.2413609e+04
   1.6031992e+03   3.2682883e+04
   1.6023447e+03   3.2718195e+04
   1.6014893e+03   3.2861641e+04
   1.6006338e+03   3.2899828e+04
   1.5997783e+03   3.3458094e+04
   1.5989219e+03   3.3499086e+04
   1.5980664e+03   3.3613082e+04
   1.5972100e+03   3.3332793e+04
   1.5963535e+03   3.4042426e+04
   1.5954971e+03   3.3741719e+04
   1.5946406e+03   3.3770945e+04
   1.5937842e+03   3.4211645e+04
   1.5929277e+03   3.4199930e+04
   1.5920703e+03   3.4482863e+04
   1.5912139e+03   3.4138582e+04
   1.5903564e+03   3.4071469e+04
   1.5894990e+03   3.4412594e+04
   1.5886416e+03   3.3905238e+04
   1.5877842e+03   3.4377438e+04
   1.5869258e+03   3.3919805e+04
   1.5860684e+03   3.4796859e+04
   1.5852100e+03   3.4397574e+04
   1.5843516e+03   3.4752848e+04
   1.5834932e+03   3.4875008e+04
   1.5826348e+03   3.4790391e+04
   1.5817754e+03   3.4516562e+04
   1.5809170e+03   3.4839543e+04
   1.5800576e+03   3.4603633e+04
   1.5791992e+03   3.4894480e+04
   1.5783398e+03   3.4641184e+04
   1.5774795e+03   3.4547957e+04
   1.5766201e+03   3.4446035e+04
   1.5757607e+03   3.4329605e+04
   1.5749004e+03   3.4224848e+04
   1.5740410e+03   3.4355574e+04
   1.5731807e+03   3.4942547e+04
   1.5723203e+03   3.4471602e+04
   1.5714600e+03   3.4480191e+04
   1.5705986e+03   3.4366777e+04
   1.5697383e+03   3.4988188e+04
   1.5688770e+03   3.4834066e+04
   1.5680166e+03   3.5071945e+04
   1.5671553e+03   3.4842387e+04
   1.5662939e+03   3.4946672e+04
   1.5654316e+03   3.4911633e+04
   1.5645703e+03   3.4905617e+04
   1.5637090e+03   3.5218691e+04
   1.5628467e+03   3.4818180e+04
   1.5619844e+03   3.4991969e+04
   1.5611221e+03   3.5412137e+04
   1.5602598e+03   3.4817574e+04
   1.5593975e+03   3.5794098e+04
   1.5585342e+03   3.5208367e+04
   1.5576719e+03   3.5199402e+04
   1.5568086e+03   3.4970277e+04
   1.5559453e+03   3.4920805e+04
   1.5550820e+03   3.5192781e+04
   1.5542188e+03   3.5664438e+04
   1.5533545e+03   3.5244332e+04
   1.5524912e+03   3.5284562e+04
   1.5516270e+03   3.5240855e+04
   1.5507637e+03   3.5055391e+04
   1.5498994e+03   3.4670387e+04
   1.5490342e+03   3.4357820e+04
   1.5481699e+03   3.4895555e+04
   1.5473057e+03   3.4357531e+04
   1.5464404e+03   3.4366059e+04
   1.5455762e+03   3.4305211e+04
   1.5447109e+03   3.4492910e+04
   1.5438457e+03   3.4348270e+04
   1.5429795e+03   3.4602336e+04
   1.5421143e+03   3.4659906e+04
   1.5412490e+03   3.4752109e+04
   1.5403828e+03   3.4728789e+04
   1.5395166e+03   3.4523602e+04
   1.5386504e+03   3.4713910e+04
   1.5377842e+03   3.4661746e+04
   1.5369180e+03   3.4958719e+04
   1.5360518e+03   3.4975762e+04
   1.5351846e+03   3.4802430e+04
   1.5343174e+03   3.5018477e+04
   1.5334502e+03   3.5162363e+04
   1.5325830e+03   3.4991969e+04
   1.5317158e+03   3.4507453e+04
   1.5308486e+03   3.4752211e+04
   1.5299805e+03   3.4679938e+04
   1.5291133e+03   3.5045578e+04
   1.5282451e+03   3.4823496e+04
   1.5273770e+03   3.4696523e+04
   1.5265088e+03   3.4486094e+04
   1.5256406e+03   3.5081816e+04
   1.5247715e+03   3.4799430e+04
   1.5239033e+03   3.4655277e+04
   1.5230342e+03   3.4548578e+04
   1.5221650e+03   3.4329719e+04
   1.5212959e+03   3.4625805e+04
   1.5204268e+03   3.4697465e+04
   1.5195576e+03   3.4271660e+04
   1.5186875e+03   3.4662469e+04
   1.5178184e+03   3.4078723e+04
   1.5169482e+03   3.3863039e+04
   1.5160781e+03   3.3880168e+04
   1.5152080e+03   3.3650223e+04
   1.5143379e+03   3.3451953e+04
   1.5134668e+03   3.3526578e+04
   1.5125967e+03   3.3302551e+04
   1.5117256e+03   3.2851801e+04
   1.5108545e+03   3.2828895e+04
   1.5099834e+03   3.2777297e+04
   1.5091123e+03   3.2981090e+04
   1.5082412e+03   3.3047105e+04
   1.5073691e+03   3.2800441e+04
   1.5064980e+03   3.2995520e+04
   1.5056260e+03   3.2895184e+04
   1.5047539e+03   3.2654400e+04
   1.5038818e+03   3.2958324e+04
   1.5030098e+03   3.2660291e+04
   1.5021367e+03   3.3038605e+04
   1.5012646e+03   3.2924020e+04
   1.5003916e+03   3.2646193e+04
   1.4995186e+03   3.2740779e+04
   1.4986455e+03   3.2597664e+04
   1.4977725e+03   3.2328625e+04
   1.4968984e+03   3.2801059e+04
   1.4960254e+03   3.2283084e+04
   1.4951514e+03   3.2944215e+04
   1.4942783e+03   3.2852680e+04
   1.4934043e+03   3.2589545e+04
   1.4925293e+03   3.2500959e+04
   1.4916553e+03   3.2749822e+04
   1.4907812e+03   3.2827059e+04
   1.4899062e+03   3.2635568e+04
   1.4890312e+03   3.2752807e+04
   1.4881572e+03   3.2775707e+04
   1.4872822e+03   3.2464324e+04
   1.4864062e+03   3.2570100e+04
   1.4855312e+03   3.2630143e+04
   1.4846562e+03   3.2358922e+04
   1.4837803e+03   3.2892914e+04
   1.4829043e+03   3.2687393e+04
   1.4820283e+03   3.2476234e+04
   1.4811523e+03   3.2795906e+04
   1.4802764e+03   3.2656127e+04
   1.4793994e+03   3.2835879e+04
   1.4785234e+03   3.2530717e+04
   1.4776465e+03   3.2673357e+04
   1.4767695e+03   3.2955648e+04
   1.4758926e+03   3.3192230e+04
   1.4750156e+03   3.3551285e+04
   1.4741377e+03   3.3679395e+04
   1.4732607e+03   3.3431379e+04
   1.4723828e+03   3.3815836e+04
   1.4715049e+03   3.3399840e+04
   1.4706270e+03   3.3932242e+04
   1.4697490e+03   3.4065863e+04
   1.4688711e+03   3.4381621e+04
   1.4679922e+03   3.4856648e+04
   1.4671143e+03   3.4443672e+04
   1.4662354e+03   3.4670992e+04
   1.4653564e+03   3.4770227e+04
   1.4644775e+03   3.5145309e+04
   1.4635986e+03   3.5210297e+04
   1.4627188e+03   3.4942609e+04
   1.4618398e+03   3.5519293e+04
   1.4609600e+03   3.6004820e+04
   1.4600801e+03   3.5847957e+04
   1.4592002e+03   3.6191199e+04
   1.4583203e+03   3.6136621e+04
   1.4574404e+03   3.6570574e+04
   1.4565596e+03   3.6422238e+04
   1.4556787e+03   3.6282465e+04
   1.4547988e+03   3.6381195e+04
   1.4539180e+03   3.6894270e+04
   1.4530371e+03   3.6527465e+04
   1.4521553e+03   3.6115391e+04
   1.4512744e+03   3.6199891e+04
   1.4503926e+03   3.6431844e+04
   1.4495107e+03   3.6164621e+04
   1.4486299e+03   3.6181016e+04
   1.4477471e+03   3.5913926e+04
   1.4468652e+03   3.5649758e+04
   1.4459834e+03   3.5340344e+04
   1.4451006e+03   3.5997195e+04
   1.4442188e+03   3.5764309e+04
   1.4433359e+03   3.5633465e+04
   1.4424531e+03   3.5440367e+04
   1.4415703e+03   3.5759809e+04
   1.4406865e+03   3.5951746e+04
   1.4398037e+03   3.5566227e+04
   1.4389199e+03   3.5234605e+04
   1.4380361e+03   3.5268086e+04
   1.4371523e+03   3.4781039e+04
   1.4362686e+03   3.4749531e+04
   1.4353848e+03   3.5297754e+04
   1.4345010e+03   3.4347258e+04
   1.4336162e+03   3.4496762e+04
   1.4327314e+03   3.4431402e+04
   1.4318467e+03   3.3809359e+04
   1.4309619e+03   3.3359879e+04
   1.4300771e+03   3.3314523e+04
   1.4291924e+03   3.2633680e+04
   1.4283066e+03   3.2574344e+04
   1.4274219e+03   3.2402086e+04
   1.4265361e+03   3.2023812e+04
   1.4256504e+03   3.1837596e+04
   1.4247646e+03   3.1499057e+04
   1.4238779e+03   3.1685434e+04
   1.4229922e+03   3.1792754e+04
   1.4221055e+03   3.1539012e+04
   1.4212188e+03   3.1618117e+04
   1.4203320e+03   3.1403965e+04
   1.4194453e+03   3.1485883e+04
   1.4185586e+03   3.1074525e+04
   1.4176719e+03   3.1556635e+04
   1.4167842e+03   3.1286285e+04
   1.4158965e+03   3.1356895e+04
   1.4150088e+03   3.1562672e+04
   1.4141211e+03   3.1712057e+04
   1.4132334e+03   3.1917699e+04
   1.4123457e+03   3.1853018e+04
   1.4114570e+03   3.2368170e+04
   1.4105684e+03   3.1923523e+04
   1.4096807e+03   3.2089590e+04
   1.4087920e+03   3.2145883e+04
   1.4079023e+03   3.2753438e+04
   1.4070137e+03   3.2297779e+04
   1.4061250e+03   3.2950078e+04
   1.4052354e+03   3.2654779e+04
   1.4043457e+03   3.2916102e+04
   1.4034561e+03   3.2792328e+04
   1.4025664e+03   3.3031055e+04
   1.4016768e+03   3.2935395e+04
   1.4007861e+03   3.2772359e+04
   1.3998965e+03   3.2794727e+04
   1.3990059e+03   3.2859195e+04
   1.3981152e+03   3.2637303e+04
   1.3972246e+03   3.2561438e+04
   1.3963340e+03   3.2752193e+04
   1.3954424e+03   3.2760506e+04
   1.3945518e+03   3.2709902e+04
   1.3936602e+03   3.2670535e+04
   1.3927686e+03   3.2900395e+04
   1.3918770e+03   3.2650717e+04
   1.3909854e+03   3.2849660e+04
   1.3900938e+03   3.3275566e+04
   1.3892012e+03   3.3513562e+04
   1.3883086e+03   3.3628188e+04
   1.3874170e+03   3.3922066e+04
   1.3865244e+03   3.4683586e+04
   1.3856309e+03   3.4671930e+04
   1.3847383e+03   3.5074660e+04
   1.3838457e+03   3.5258895e+04
   1.3829521e+03   3.5599805e+04
   1.3820586e+03   3.5781082e+04
   1.3811650e+03   3.6060223e+04
   1.3802715e+03   3.5782566e+04
   1.3793779e+03   3.6109152e+04
   1.3784844e+03   3.6295801e+04
   1.3775898e+03   3.5979102e+04
   1.3766953e+03   3.6288707e+04
   1.3758008e+03   3.5899441e+04
   1.3749062e+03   3.6228512e+04
   1.3740117e+03   3.6373059e+04
   1.3731172e+03   3.5816363e+04
   1.3722217e+03   3.6326820e+04
   1.3713262e+03   3.5921129e+04
   1.3704307e+03   3.6364375e+04
   1.3695352e+03   3.6009062e+04
   1.3686396e+03   3.5550602e+04
   1.3677441e+03   3.5622523e+04
   1.3668477e+03   3.5730688e+04
   1.3659521e+03   3.5654695e+04
   1.3650557e+03   3.5679141e+04
   1.3641592e+03   3.5327098e+04
   1.3632627e+03   3.5195449e+04
   1.3623652e+03   3.5236680e+04
   1.3614688e+03   3.5325281e+04
   1.3605713e+03   3.5266152e+04
   1.3596738e+03   3.5627762e+04
   1.3587773e+03   3.5212020e+04
   1.3578789e+03   3.5074949e+04
   1.3569814e+03   3.5350070e+04
   1.3560840e+03   3.5332746e+04
   1.3551855e+03   3.5474102e+04
   1.3542871e+03   3.5467891e+04
   1.3533887e+03   3.5453332e+04
   1.3524902e+03   3.5630758e+04
   1.3515918e+03   3.6044578e+04
   1.3506934e+03   3.5796285e+04
   1.3497939e+03   3.5923500e+04
   1.3488945e+03   3.5630828e+04
   1.3479951e+03   3.5899797e+04
   1.3470957e+03   3.5865711e+04
   1.3461963e+03   3.5995598e+04
   1.3452969e+03   3.5628090e+04
   1.3443965e+03   3.5982984e+04
   1.3434971e+03   3.5765590e+04
   1.3425967e+03   3.5789867e+04
   1.3416963e+03   3.5789148e+04
   1.3407949e+03   3.6143758e+04
   1.3398945e+03   3.5854320e+04
   1.3389941e+03   3.5762008e+04
   1.3380928e+03   3.5705797e+04
   1.3371914e+03   3.5333359e+04
   1.3362900e+03   3.5451977e+04
   1.3353887e+03   3.5437441e+04
   1.3344873e+03   3.5112375e+04
   1.3335850e+03   3.5341848e+04
   1.3326836e+03   3.4828441e+04
   1.3317812e+03   3.4991371e+04
   1.3308789e+03   3.4652754e+04
   1.3299766e+03   3.5333680e+04
   1.3290732e+03   3.4981270e+04
   1.3281709e+03   3.4842211e+04
   1.3272676e+03   3.5110199e+04
   1.3263652e+03   3.4913031e+04
   1.3254619e+03   3.5737230e+04
   1.3245576e+03   3.5711590e+04
   1.3236543e+03   3.5735758e+04
   1.3227510e+03   3.6019945e+04
   1.3218467e+03   3.5966605e+04
   1.3209424e+03   3.6181516e+04
   1.3200391e+03   3.6277465e+04
   1.3191338e+03   3.6237922e+04
   1.3182295e+03   3.6413977e+04
   1.3173252e+03   3.6498773e+04
   1.3164199e+03   3.6519996e+04
   1.3155156e+03   3.6485957e+04
   1.3146104e+03   3.6661836e+04
   1.3137051e+03   3.6542180e+04
   1.3127988e+03   3.6455691e+04
   1.3118936e+03   3.6882684e+04
   1.3109873e+03   3.6702324e+04
   1.3100820e+03   3.6687598e+04
   1.3091758e+03   3.6797031e+04
   1.3082695e+03   3.6782289e+04
   1.3073633e+03   3.7007504e+04
   1.3064561e+03   3.7064422e+04
   1.3055498e+03   3.6663648e+04
   1.3046426e+03   3.7183715e+04
   1.3037354e+03   3.7397668e+04
   1.3028281e+03   3.7035617e+04
   1.3019209e+03   3.7266047e+04
   1.3010137e+03   3.7411004e+04
   1.3001055e+03   3.6875625e+04
   1.2991982e+03   3.7769598e+04
   1.2982900e+03   3.7743684e+04
   1.2973818e+03   3.7304867e+04
   1.2964736e+03   3.7023086e+04
   1.2955645e+03   3.7319266e+04
   1.2946562e+03   3.7128367e+04
   1.2937471e+03   3.7523449e+04
   1.2928379e+03   3.7063051e+04
   1.2919287e+03   3.7238020e+04
   1.2910195e+03   3.7113246e+04
   1.2901104e+03   3.7475062e+04
   1.2892012e+03   3.7168895e+04
   1.2882910e+03   3.7275016e+04
   1.2873809e+03   3.7675074e+04
   1.2864707e+03   3.7742609e+04
   1.2855605e+03   3.7637094e+04
   1.2846504e+03   3.7674402e+04
   1.2837393e+03   3.7766609e+04
   1.2828291e+03   3.7740746e+04
   1.2819180e+03   3.7695680e+04
   1.2810068e+03   3.7546352e+04
   1.2800957e+03   3.7764711e+04
   1.2791846e+03   3.7577020e+04
   1.2782725e+03   3.7636223e+04
   1.2773613e+03   3.7999777e+04
   1.2764492e+03   3.8042434e+04
   1.2755371e+03   3.7742430e+04
   1.2746250e+03   3.7861852e+04
   1.2737129e+03   3.7545547e+04
   1.2727998e+03   3.7355371e+04
   1.2718877e+03   3.7244703e+04
   1.2709746e+03   3.7054645e+04
   1.2700615e+03   3.6930371e+04
   1.2691484e+03   3.6691156e+04
   1.2682354e+03   3.6545090e+04
   1.2673213e+03   3.6182867e+04
   1.2664082e+03   3.6110820e+04
   1.2654941e+03   3.5877383e+04
   1.2645801e+03   3.6081680e+04
   1.2636660e+03   3.5856531e+04
   1.2627520e+03   3.5131070e+04
   1.2618369e+03   3.5299844e+04
   1.2609229e+03   3.5586094e+04
   1.2600078e+03   3.5598949e+04
   1.2590928e+03   3.5773012e+04
   1.2581777e+03   3.5449793e+04
   1.2572627e+03   3.5662059e+04
   1.2563467e+03   3.5631188e+04
   1.2554316e+03   3.5660398e+04
   1.2545156e+03   3.5880699e+04
   1.2535996e+03   3.5625980e+04
   1.2526836e+03   3.6121844e+04
   1.2517676e+03   3.5878082e+04
   1.2508516e+03   3.5814461e+04
   1.2499346e+03   3.6225465e+04
   1.2490176e+03   3.6216344e+04
   1.2481006e+03   3.5945465e+04
   1.2471836e+03   3.5928215e+04
   1.2462666e+03   3.6289844e+04
   1.2453496e+03   3.6490551e+04
   1.2444316e+03   3.6519531e+04
   1.2435146e+03   3.6818199e+04
   1.2425967e+03   3.6749051e+04
   1.2416787e+03   3.6679926e+04
   1.2407598e+03   3.6474684e+04
   1.2398418e+03   3.6647914e+04
   1.2389229e+03   3.7169477e+04
   1.2380049e+03   3.6700281e+04
   1.2370859e+03   3.7346809e+04
   1.2361670e+03   3.7087211e+04
   1.2352480e+03   3.6980023e+04
   1.2343281e+03   3.7645191e+04
   1.2334092e+03   3.7393832e+04
   1.2324893e+03   3.7389941e+04
   1.2315693e+03   3.7269180e+04
   1.2306494e+03   3.7306070e+04
   1.2297295e+03   3.7712469e+04
   1.2288096e+03   3.7534656e+04
   1.2278887e+03   3.7365059e+04
   1.2269678e+03   3.7095039e+04
   1.2260469e+03   3.7349133e+04
   1.2251260e+03   3.7475547e+04
   1.2242051e+03   3.7509629e+04
   1.2232842e+03   3.7378168e+04
   1.2223623e+03   3.7355277e+04
   1.2214414e+03   3.7232023e+04
   1.2205195e+03   3.7738051e+04
   1.2195977e+03   3.8262879e+04
   1.2186758e+03   3.7987695e+04
   1.2177529e+03   3.8086695e+04
   1.2168311e+03   3.7979676e+04
   1.2159082e+03   3.8189742e+04
   1.2149854e+03   3.8069191e+04
   1.2140625e+03   3.8290000e+04
   1.2131396e+03   3.7982594e+04
   1.2122158e+03   3.8035445e+04
   1.2112930e+03   3.7411414e+04
   1.2103691e+03   3.7710680e+04
   1.2094453e+03   3.7043621e+04
   1.2085215e+03   3.7304957e+04
   1.2075977e+03   3.6833004e+04
   1.2066738e+03   3.7429707e+04
   1.2057490e+03   3.7128281e+04
   1.2048242e+03   3.6948645e+04
   1.2038994e+03   3.6985359e+04
   1.2029746e+03   3.6927449e+04
   1.2020498e+03   3.6874961e+04
   1.2011250e+03   3.6363125e+04
   1.2001992e+03   3.6640359e+04
   1.1992744e+03   3.6428578e+04
   1.1983486e+03   3.6224969e+04
   1.1974229e+03   3.6799105e+04
   1.1964961e+03   3.6641398e+04
   1.1955703e+03   3.6853547e+04
   1.1946436e+03   3.6668895e+04
   1.1937178e+03   3.6883660e+04
   1.1927910e+03   3.7370832e+04
   1.1918643e+03   3.7418152e+04
   1.1909365e+03   3.7481641e+04
   1.1900098e+03   3.7647566e+04
   1.1890830e+03   3.7551926e+04
   1.1881553e+03   3.7817508e+04
   1.1872275e+03   3.7438895e+04
   1.1862998e+03   3.7604703e+04
   1.1853721e+03   3.7546848e+04
   1.1844434e+03   3.7771836e+04
   1.1835156e+03   3.7759750e+04
   1.1825869e+03   3.7362625e+04
   1.1816582e+03   3.7665590e+04
   1.1807295e+03   3.7562008e+04
   1.1798008e+03   3.7240477e+04
   1.1788711e+03   3.7171984e+04
   1.1779424e+03   3.7001285e+04
   1.1770127e+03   3.6642359e+04
   1.1760830e+03   3.6643926e+04
   1.1751533e+03   3.6072777e+04
   1.1742227e+03   3.5964219e+04
   1.1732930e+03   3.5987398e+04
   1.1723623e+03   3.6058945e+04
   1.1714326e+03   3.5928945e+04
   1.1705020e+03   3.5825855e+04
   1.1695713e+03   3.5411234e+04
   1.1686396e+03   3.5775539e+04
   1.1677090e+03   3.5395973e+04
   1.1667773e+03   3.5735988e+04
   1.1658457e+03   3.5485395e+04
   1.1649141e+03   3.5487145e+04
   1.1639824e+03   3.5521086e+04
   1.1630508e+03   3.5300168e+04
   1.1621191e+03   3.5728398e+04
   1.1611865e+03   3.5751547e+04
   1.1602539e+03   3.5560195e+04
   1.1593213e+03   3.6162391e+04
   1.1583887e+03   3.5853102e+04
   1.1574561e+03   3.5712742e+04
   1.1565225e+03   3.5336660e+04
   1.1555889e+03   3.5595578e+04
   1.1546562e+03   3.5597285e+04
   1.1537227e+03   3.5797148e+04
   1.1527881e+03   3.5560531e+04
   1.1518545e+03   3.5690730e+04
   1.1509209e+03   3.5312367e+04
   1.1499863e+03   3.5600438e+04
   1.1490518e+03   3.5567352e+04
   1.1481172e+03   3.5451352e+04
   1.1471826e+03   3.5297949e+04
   1.1462480e+03   3.5286324e+04
   1.1453125e+03   3.5199840e+04
   1.1443770e+03   3.5661363e+04
   1.1434414e+03   3.5243441e+04
   1.1425059e+03   3.4961941e+04
   1.1415703e+03   3.5153422e+04
   1.1406348e+03   3.5117785e+04
   1.1396982e+03   3.5084828e+04
   1.1387617e+03   3.4966438e+04
   1.1378262e+03   3.4848082e+04
   1.1368896e+03   3.4873910e+04
   1.1359521e+03   3.5185289e+04
   1.1350156e+03   3.5074961e+04
   1.1340781e+03   3.5343504e+04
   1.1331416e+03   3.5345215e+04
   1.1322041e+03   3.5050895e+04
   1.1312666e+03   3.4991324e+04
   1.1303281e+03   3.5107727e+04
   1.1293906e+03   3.5184105e+04
   1.1284521e+03   3.4828723e+04
   1.1275137e+03   3.4859824e+04
   1.1265762e+03   3.4299492e+04
   1.1256367e+03   3.4325348e+04
   1.1246982e+03   3.4036941e+04
   1.1237598e+03   3.3783254e+04
   1.1228203e+03   3.3375254e+04
   1.1218809e+03   3.3212266e+04
   1.1209414e+03   3.2884344e+04
   1.1200020e+03   3.3070055e+04
   1.1190625e+03   3.2537432e+04
   1.1181221e+03   3.2720477e+04
   1.1171826e+03   3.2972594e+04
   1.1162422e+03   3.2549281e+04
   1.1153018e+03   3.2753488e+04
   1.1143613e+03   3.2699807e+04
   1.1134199e+03   3.2640828e+04
   1.1124795e+03   3.2908672e+04
   1.1115381e+03   3.2374168e+04
   1.1105967e+03   3.2379018e+04
   1.1096553e+03   3.2596305e+04
   1.1087139e+03   3.2646246e+04
   1.1077725e+03   3.2146674e+04
   1.1068301e+03   3.2377152e+04
   1.1058877e+03   3.2374029e+04
   1.1049453e+03   3.2049877e+04
   1.1040029e+03   3.2033547e+04
   1.1030605e+03   3.2168396e+04
   1.1021182e+03   3.2279332e+04
   1.1011748e+03   3.1958072e+04
   1.1002314e+03   3.1843688e+04
   1.0992881e+03   3.2113633e+04
   1.0983447e+03   3.2372883e+04
   1.0974014e+03   3.2168402e+04
   1.0964580e+03   3.2435494e+04
   1.0955137e+03   3.2503857e+04
   1.0945693e+03   3.2458334e+04
   1.0936250e+03   3.2550494e+04
   1.0926807e+03   3.2444096e+04
   1.0917363e+03   3.2274217e+04
   1.0907910e+03   3.2249930e+04
   1.0898467e+03   3.2130410e+04
   1.0889014e+03   3.2389180e+04
   1.0879561e+03   3.2322566e+04
   1.0870107e+03   3.2033867e+04
   1.0860645e+03   3.2022855e+04
   1.0851191e+03   3.2262951e+04
   1.0841729e+03   3.1966486e+04
   1.0832266e+03   3.2016260e+04
   1.0822803e+03   3.2089791e+04
   1.0813340e+03   3.2134240e+04
   1.0803877e+03   3.2337123e+04
   1.0794404e+03   3.1679170e+04
   1.0784932e+03   3.2312363e+04
   1.0775459e+03   3.2269633e+04
   1.0765986e+03   3.2345670e+04
   1.0756514e+03   3.2094508e+04
   1.0747041e+03   3.2421158e+04
   1.0737559e+03   3.2378434e+04
   1.0728076e+03   3.2124758e+04
   1.0718594e+03   3.1786801e+04
   1.0709111e+03   3.2229256e+04
   1.0699629e+03   3.2144420e+04
   1.0690137e+03   3.1964748e+04
   1.0680654e+03   3.1856275e+04
   1.0671162e+03   3.1974383e+04
   1.0661670e+03   3.2005535e+04
   1.0652178e+03   3.1799676e+04
   1.0642676e+03   3.1728164e+04
   1.0633184e+03   3.2064691e+04
   1.0623682e+03   3.2072111e+04
   1.0614180e+03   3.1716393e+04
   1.0604678e+03   3.1868570e+04
   1.0595176e+03   3.1802365e+04
   1.0585674e+03   3.1728291e+04
   1.0576162e+03   3.2051301e+04
   1.0566650e+03   3.1832607e+04
   1.0557139e+03   3.1892621e+04
   1.0547627e+03   3.1700312e+04
   1.0538115e+03   3.1844410e+04
   1.0528604e+03   3.1610143e+04
   1.0519082e+03   3.2003738e+04
   1.0509561e+03   3.2040023e+04
   1.0500039e+03   3.2102553e+04
   1.0490518e+03   3.1936658e+04
   1.0480996e+03   3.2217041e+04
   1.0471465e+03   3.2203395e+04
   1.0461943e+03   3.2767006e+04
   1.0452412e+03   3.2010838e+04
   1.0442881e+03   3.2359197e+04
   1.0433350e+03   3.2447805e+04
   1.0423809e+03   3.2646504e+04
   1.0414277e+03   3.2640652e+04
   1.0404736e+03   3.2710811e+04
   1.0395195e+03   3.2828113e+04
   1.0385654e+03   3.3005633e+04
   1.0376113e+03   3.3059969e+04
   1.0366572e+03   3.3520250e+04
   1.0357021e+03   3.3673980e+04
   1.0347471e+03   3.3856453e+04
   1.0337920e+03   3.4075508e+04
   1.0328369e+03   3.3962086e+04
   1.0318818e+03   3.4133938e+04
   1.0309268e+03   3.3842629e+04
   1.0299707e+03   3.3559273e+04
   1.0290146e+03   3.3780793e+04
   1.0280586e+03   3.3884559e+04
   1.0271025e+03   3.4228816e+04
   1.0261465e+03   3.3762609e+04
   1.0251895e+03   3.4788898e+04
   1.0242324e+03   3.4395918e+04
   1.0232764e+03   3.4256500e+04
   1.0223184e+03   3.4676129e+04
   1.0213613e+03   3.4278152e+04
   1.0204043e+03   3.4488727e+04
   1.0194463e+03   3.4432930e+04
   1.0184893e+03   3.4340605e+04
   1.0175312e+03   3.4120438e+04
   1.0165732e+03   3.3996887e+04
   1.0156143e+03   3.4191664e+04
   1.0146562e+03   3.4292465e+04
   1.0136973e+03   3.3746465e+04
   1.0127383e+03   3.4113266e+04
   1.0117793e+03   3.3695234e+04
   1.0108203e+03   3.4319957e+04
   1.0098613e+03   3.4081852e+04
   1.0089014e+03   3.4018402e+04
   1.0079424e+03   3.4655750e+04
   1.0069824e+03   3.4584406e+04
   1.0060225e+03   3.4625062e+04
   1.0050625e+03   3.4558953e+04
   1.0041016e+03   3.4253367e+04
   1.0031416e+03   3.4445020e+04
   1.0021807e+03   3.4542918e+04
   1.0012197e+03   3.4591348e+04
   1.0002588e+03   3.4694383e+04
   9.9929785e+02   3.4126348e+04
   9.9833594e+02   3.4564883e+04
   9.9737500e+02   3.4602867e+04
   9.9641309e+02   3.4651230e+04
   9.9545117e+02   3.4502051e+04
   9.9448926e+02   3.4298355e+04
   9.9352637e+02   3.4279191e+04
   9.9256445e+02   3.4496418e+04
   9.9160156e+02   3.4108430e+04
   9.9063867e+02   3.4520359e+04
   9.8967578e+02   3.3911824e+04
   9.8871289e+02   3.3820059e+04
   9.8774902e+02   3.4208453e+04
   9.8678613e+02   3.3665168e+04
   9.8582227e+02   3.3908168e+04
   9.8485840e+02   3.3917625e+04
   9.8389453e+02   3.4010066e+04
   9.8293066e+02   3.3731684e+04
   9.8196582e+02   3.3564875e+04
   9.8100195e+02   3.3799887e+04
   9.8003711e+02   3.4073688e+04
   9.7907227e+02   3.4028684e+04
   9.7810742e+02   3.4519953e+04
   9.7714160e+02   3.4493012e+04
   9.7617676e+02   3.4629230e+04
   9.7521094e+02   3.4918164e+04
   9.7424512e+02   3.4997301e+04
   9.7327930e+02   3.5443941e+04
   9.7231348e+02   3.5419441e+04
   9.7134668e+02   3.5498441e+04
   9.7038086e+02   3.5331656e+04
   9.6941406e+02   3.5940855e+04
   9.6844727e+02   3.6032641e+04
   9.6748047e+02   3.5602125e+04
   9.6651367e+02   3.5970535e+04
   9.6554590e+02   3.5896852e+04
   9.6457812e+02   3.5619051e+04
   9.6361133e+02   3.5907160e+04
   9.6264258e+02   3.5923934e+04
   9.6167480e+02   3.5527469e+04
   9.6070703e+02   3.5657918e+04
   9.5973828e+02   3.5235820e+04
   9.5877051e+02   3.5717328e+04
   9.5780176e+02   3.5326344e+04
   9.5683301e+02   3.5627031e+04
   9.5586328e+02   3.5267160e+04
   9.5489453e+02   3.5500684e+04
   9.5392480e+02   3.5434961e+04
   9.5295508e+02   3.5137195e+04
   9.5198535e+02   3.4576574e+04
   9.5101562e+02   3.4333199e+04
   9.5004590e+02   3.5463504e+04
   9.4907520e+02   3.4359453e+04
   9.4810449e+02   3.4407352e+04
   9.4713477e+02   3.4450078e+04
   9.4616309e+02   3.4106500e+04
   9.4519238e+02   3.4342371e+04
   9.4422168e+02   3.4719742e+04
   9.4325000e+02   3.4466379e+04
   9.4227832e+02   3.4210539e+04
   9.4130664e+02   3.4466797e+04
   9.4033496e+02   3.3943508e+04
   9.3936328e+02   3.4310312e+04
   9.3839062e+02   3.4306684e+04
   9.3741895e+02   3.4159078e+04
   9.3644629e+02   3.4386832e+04
   9.3547363e+02   3.4614500e+04
   9.3450000e+02   3.4893477e+04
   9.3352734e+02   3.4756141e+04
   9.3255371e+02   3.4747289e+04
   9.3158105e+02   3.5352258e+04
   9.3060742e+02   3.4860551e+04
   9.2963379e+02   3.4725883e+04
   9.2865918e+02   3.4578426e+04
   9.2768555e+02   3.4243672e+04
   9.2671094e+02   3.3806398e+04
   9.2573633e+02   3.3869555e+04
   9.2476172e+02   3.3783914e+04
   9.2378711e+02   3.3580332e+04
   9.2281250e+02   3.4112719e+04
   9.2183691e+02   3.4152691e+04
   9.2086133e+02   3.3615938e+04
   9.1988574e+02   3.3966074e+04
   9.1891016e+02   3.4085477e+04
   9.1793457e+02   3.3833379e+04
   9.1695801e+02   3.4242191e+04
   9.1598242e+02   3.3867230e+04
   9.1500586e+02   3.4096656e+04
   9.1402930e+02   3.3895930e+04
   9.1305273e+02   3.4230203e+04
   9.1207520e+02   3.4029523e+04
   9.1109863e+02   3.3759836e+04
   9.1012109e+02   3.3909766e+04
   9.0914355e+02   3.4202863e+04
   9.0816602e+02   3.4096941e+04
   9.0718848e+02   3.3709824e+04
   9.0620996e+02   3.3841754e+04
   9.0523145e+02   3.4318664e+04
   9.0425391e+02   3.4261340e+04
   9.0327539e+02   3.4186152e+04
   9.0229590e+02   3.4182516e+04
   9.0131738e+02   3.4587500e+04
   9.0033789e+02   3.4259500e+04
   8.9935938e+02   3.4398812e+04
   8.9837988e+02   3.4295586e+04
   8.9740039e+02   3.4309785e+04
   8.9641992e+02   3.4209160e+04
   8.9544043e+02   3.4746348e+04
   8.9445996e+02   3.4561504e+04
   8.9347949e+02   3.4930117e+04
   8.9249902e+02   3.4503078e+04
   8.9151855e+02   3.4570754e+04
   8.9053809e+02   3.4505863e+04
   8.8955664e+02   3.4818148e+04
   8.8857520e+02   3.4929039e+04
   8.8759375e+02   3.4729102e+04
   8.8661230e+02   3.4918918e+04
   8.8563086e+02   3.4800539e+04
   8.8464844e+02   3.4799316e+04
   8.8366699e+02   3.5073020e+04
   8.8268457e+02   3.5333895e+04
   8.8170215e+02   3.5520875e+04
   8.8071973e+02   3.5593301e+04
   8.7973633e+02   3.5251070e+04
   8.7875391e+02   3.5354035e+04
   8.7777051e+02   3.5960434e+04
   8.7678711e+02   3.5801367e+04
   8.7580371e+02   3.5385625e+04
   8.7482031e+02   3.5768039e+04
   8.7383594e+02   3.5601465e+04
   8.7285156e+02   3.5526410e+04
   8.7186816e+02   3.5601238e+04
   8.7088379e+02   3.5490652e+04
   8.6989844e+02   3.4750402e+04
   8.6891406e+02   3.4815172e+04
   8.6792871e+02   3.5103281e+04
   8.6694434e+02   3.5320227e+04
   8.6595898e+02   3.5032172e+04
   8.6497266e+02   3.5081621e+04
   8.6398730e+02   3.4760738e+04
   8.6300195e+02   3.4939543e+04
   8.6201562e+02   3.5070109e+04
   8.6102930e+02   3.4904031e+04
   8.6004297e+02   3.5242383e+04
   8.5905664e+02   3.5066195e+04
   8.5806934e+02   3.5178902e+04
   8.5708301e+02   3.5405555e+04
   8.5609570e+02   3.5262355e+04
   8.5510840e+02   3.5471184e+04
   8.5412109e+02   3.5419164e+04
   8.5313379e+02   3.5422848e+04
   8.5214551e+02   3.5322766e+04
   8.5115723e+02   3.5506121e+04
   8.5016895e+02   3.5638809e+04
   8.4918066e+02   3.5199793e+04
   8.4819238e+02   3.5673898e+04
   8.4720410e+02   3.5530867e+04
   8.4621484e+02   3.5810074e+04
   8.4522559e+02   3.5811145e+04
   8.4423633e+02   3.6011855e+04
   8.4324707e+02   3.6015410e+04
   8.4225781e+02   3.6026539e+04
   8.4126758e+02   3.5822973e+04
   8.4027734e+02   3.5710391e+04
   8.3928711e+02   3.5368086e+04
   8.3829688e+02   3.5268246e+04
   8.3730664e+02   3.5110391e+04
   8.3631543e+02   3.5136805e+04
   8.3532520e+02   3.5503812e+04
   8.3433398e+02   3.5240051e+04
   8.3334277e+02   3.5284074e+04
   8.3235156e+02   3.5343211e+04
   8.3135938e+02   3.5629230e+04
   8.3036816e+02   3.5514352e+04
   8.2937598e+02   3.5349105e+04
   8.2838379e+02   3.5677801e+04
   8.2739160e+02   3.5646109e+04
   8.2639941e+02   3.5833566e+04
   8.2540625e+02   3.6207320e+04
   8.2441309e+02   3.6475184e+04
   8.2341992e+02   3.6778188e+04
   8.2242676e+02   3.6368758e+04
   8.2143359e+02   3.6550875e+04
   8.2044043e+02   3.6566859e+04
   8.1944629e+02   3.5875930e+04
   8.1845215e+02   3.6002699e+04
   8.1745801e+02   3.5835191e+04
   8.1646387e+02   3.5808543e+04
   8.1546973e+02   3.5515438e+04
   8.1447461e+02   3.5255109e+04
   8.1347949e+02   3.5067750e+04
   8.1248535e+02   3.4970910e+04
   8.1148926e+02   3.4969555e+04
   8.1049414e+02   3.4214738e+04
   8.0949902e+02   3.4329027e+04
   8.0850293e+02   3.4518594e+04
   8.0750684e+02   3.4384277e+04
   8.0651074e+02   3.4041703e+04
   8.0551465e+02   3.3967742e+04
   8.0451758e+02   3.4092004e+04
   8.0352148e+02   3.4010531e+04
   8.0252441e+02   3.3813727e+04
   8.0152734e+02   3.3835137e+04
   8.0053027e+02   3.4049570e+04
   7.9953320e+02   3.4148629e+04
   7.9853516e+02   3.3919359e+04
   7.9753711e+02   3.3685156e+04
   7.9653906e+02   3.3799254e+04
   7.9554102e+02   3.3888258e+04
   7.9454297e+02   3.3531480e+04
   7.9354492e+02   3.3865867e+04
   7.9254590e+02   3.3934781e+04
   7.9154688e+02   3.3868516e+04
   7.9054785e+02   3.3532012e+04
   7.8954883e+02   3.3853641e+04
   7.8854980e+02   3.3609816e+04
   7.8754980e+02   3.3836270e+04
   7.8654980e+02   3.4207672e+04
   7.8554980e+02   3.3808906e+04
   7.8454980e+02   3.3990199e+04
   7.8354980e+02   3.3481652e+04
   7.8254883e+02   3.3690422e+04
   7.8154883e+02   3.3586832e+04
   7.8054785e+02   3.3463297e+04
   7.7954688e+02   3.3474660e+04
   7.7854492e+02   3.3413605e+04
   7.7754395e+02   3.3439953e+04
   7.7654199e+02   3.3251629e+04
   7.7554004e+02   3.3382805e+04
   7.7453809e+02   3.3249449e+04
   7.7353613e+02   3.3667453e+04
   7.7253418e+02   3.3948125e+04
   7.7153125e+02   3.3612746e+04
   7.7052832e+02   3.3930723e+04
   7.6952539e+02   3.3525664e+04
   7.6852246e+02   3.3743844e+04
   7.6751953e+02   3.3543301e+04
   7.6651562e+02   3.3786305e+04
   7.6551270e+02   3.3854852e+04
   7.6450879e+02   3.3470098e+04
   7.6350488e+02   3.3571043e+04
   7.6250000e+02   3.3771535e+04
   7.6149609e+02   3.3730508e+04
   7.6049121e+02   3.3706910e+04
   7.5948730e+02   3.3859988e+04
   7.5848145e+02   3.3771691e+04
   7.5747656e+02   3.3765508e+04
   7.5647168e+02   3.4027906e+04
   7.5546582e+02   3.4233020e+04
   7.5445996e+02   3.4204375e+04
   7.5345508e+02   3.4394465e+04
   7.5244824e+02   3.4845418e+04
   7.5144238e+02   3.5072586e+04
   7.5043555e+02   3.4907176e+04
   7.4942969e+02   3.5404969e+04
   7.4842285e+02   3.5748617e+04
   7.4741602e+02   3.6452141e+04
   7.4640820e+02   3.7227391e+04
   7.4540137e+02   3.8334926e+04
   7.4439355e+02   3.9911043e+04
   7.4338574e+02   4.1737152e+04
   7.4237793e+02   4.3240129e+04
   7.4137012e+02   4.5625449e+04
   7.4036230e+02   4.8156188e+04
   7.3935352e+02   4.9726570e+04
   7.3834473e+02   5.1422785e+04
   7.3733594e+02   5.2255953e+04
   7.3632715e+02   5.1812762e+04
   7.3531836e+02   5.0646348e+04
   7.3430859e+02   4.9299551e+04
   7.3329883e+02   4.7121172e+04
   7.3228906e+02   4.5857215e+04
   7.3127930e+02   4.2957414e+04
   7.3026953e+02   4.1617957e+04
   7.2925977e+02   4.0071121e+04
   7.2824902e+02   3.8542172e+04
   7.2723828e+02   3.7622309e+04
   7.2622754e+02   3.7049031e+04
   7.2521680e+02   3.6382000e+04
   7.2420508e+02   3.5571816e+04
   7.2319336e+02   3.5271133e+04
   7.2218262e+02   3.5057059e+04
   7.2117090e+02   3.4988848e+04
   7.2015820e+02   3.4653848e+04
   7.1914648e+02   3.4247332e+04
   7.1813379e+02   3.4327480e+04
   7.1712207e+02   3.3894012e+04
   7.1610938e+02   3.4270434e+04
   7.1509570e+02   3.3953141e+04
   7.1408301e+02   3.3574270e+04
   7.1306934e+02   3.3644590e+04
   7.1205664e+02   3.3391719e+04
   7.1104297e+02   3.3651957e+04
   7.1002930e+02   3.3473156e+04
   7.0901465e+02   3.3679039e+04
   7.0800098e+02   3.2888957e+04
   7.0698633e+02   3.3329008e+04
   7.0597168e+02   3.3241566e+04
   7.0495703e+02   3.2989082e+04
   7.0394238e+02   3.3148059e+04
   7.0292676e+02   3.3058227e+04
   7.0191211e+02   3.3062000e+04
   7.0089648e+02   3.2982062e+04
   6.9988086e+02   3.2956305e+04
   6.9886523e+02   3.2915793e+04
   6.9784863e+02   3.3094277e+04
   6.9683301e+02   3.2947965e+04
   6.9581641e+02   3.2754975e+04
   6.9479980e+02   3.3171930e+04
   6.9378320e+02   3.2870777e+04
   6.9276562e+02   3.3157266e+04
   6.9174902e+02   3.3212609e+04
   6.9073145e+02   3.3904391e+04
   6.8971387e+02   3.3620520e+04
   6.8869629e+02   3.4211254e+04
   6.8767773e+02   3.4276184e+04
   6.8666016e+02   3.4174105e+04
   6.8564160e+02   3.4187457e+04
   6.8462305e+02   3.4978930e+04
   6.8360449e+02   3.4950402e+04
   6.8258594e+02   3.5562312e+04
   6.8156641e+02   3.6097945e+04
   6.8054785e+02   3.6150164e+04
   6.7952832e+02   3.5905625e+04
   6.7850879e+02   3.5656270e+04
   6.7748926e+02   3.5897305e+04
   6.7646875e+02   3.5625977e+04
   6.7544824e+02   3.5352301e+04
   6.7442871e+02   3.5191426e+04
   6.7340820e+02   3.5398066e+04
   6.7238672e+02   3.5031504e+04
   6.7136621e+02   3.5186672e+04
   6.7034473e+02   3.5121426e+04
   6.6932422e+02   3.5083129e+04
   6.6830273e+02   3.4824578e+04
   6.6728027e+02   3.5031047e+04
   6.6625879e+02   3.4887582e+04
   6.6523633e+02   3.5106191e+04
   6.6421484e+02   3.5442105e+04
   6.6319238e+02   3.5181273e+04
   6.6216992e+02   3.5350805e+04
   6.6114648e+02   3.5407836e+04
   6.6012402e+02   3.5679902e+04
   6.5910059e+02   3.5998293e+04
   6.5807715e+02   3.5911035e+04
   6.5705371e+02   3.6155988e+04
   6.5603027e+02   3.5892902e+04
   6.5500586e+02   3.6086492e+04
   6.5398145e+02   3.6519234e+04
   6.5295703e+02   3.6456359e+04
   6.5193262e+02   3.6737578e+04
   6.5090820e+02   3.6674684e+04
   6.4988379e+02   3.6653281e+04
   6.4885840e+02   3.6485547e+04
   6.4783301e+02   3.6712902e+04
   6.4680762e+02   3.6898727e+04
   6.4578223e+02   3.6372719e+04
   6.4475586e+02   3.6373316e+04
   6.4373047e+02   3.6225273e+04
   6.4270410e+02   3.6489000e+04
   6.4167773e+02   3.6513926e+04
   6.4065137e+02   3.6390289e+04
   6.3962402e+02   3.6383566e+04
   6.3859766e+02   3.6571598e+04
   6.3757031e+02   3.6311715e+04
   6.3654297e+02   3.6390176e+04
   6.3551562e+02   3.6563496e+04
   6.3448730e+02   3.6495926e+04
   6.3345996e+02   3.6683754e+04
   6.3243164e+02   3.6373012e+04
   6.3140332e+02   3.6577809e+04
   6.3037500e+02   3.6840863e+04
   6.2934570e+02   3.6744133e+04
   6.2831738e+02   3.6710609e+04
   6.2728809e+02   3.6431727e+04
   6.2625879e+02   3.6675176e+04
   6.2522949e+02   3.6680539e+04
   6.2420020e+02   3.6277977e+04
   6.2316992e+02   3.6230000e+04
   6.2214062e+02   3.6145629e+04
   6.2111035e+02   3.5852590e+04
   6.2007910e+02   3.6037633e+04
   6.1904883e+02   3.6086762e+04
   6.1801855e+02   3.5970941e+04
   6.1698730e+02   3.5484148e+04
   6.1595605e+02   3.5654574e+04
   6.1492480e+02   3.5495262e+04
   6.1389355e+02   3.5151812e+04
   6.1286133e+02   3.4961148e+04
   6.1183008e+02   3.4823852e+04
   6.1079785e+02   3.4550957e+04
   6.0976562e+02   3.4607527e+04
   6.0873242e+02   3.4274238e+04
   6.0770020e+02   3.4580191e+04
   6.0666699e+02   3.4019504e+04
   6.0563379e+02   3.3967227e+04
   6.0460059e+02   3.3844797e+04
   6.0356738e+02   3.3603875e+04
   6.0253418e+02   3.3858867e+04
   6.0150000e+02   3.3702664e+04
   6.0046582e+02   3.3464316e+04
   5.9943164e+02   3.3566898e+04
   5.9839746e+02   3.3717773e+04
   5.9736328e+02   3.3385309e+04
   5.9632812e+02   3.3347715e+04
   5.9529297e+02   3.3377770e+04
   5.9425781e+02   3.3910148e+04
   5.9322266e+02   3.3730008e+04
   5.9218750e+02   3.3772039e+04
   5.9115137e+02   3.3473719e+04
   5.9011523e+02   3.3660578e+04
   5.8907910e+02   3.3705004e+04
   5.8804297e+02   3.3684281e+04
   5.8700684e+02   3.3569500e+04
   5.8596973e+02   3.3852652e+04
   5.8493262e+02   3.3173691e+04
   5.8389551e+02   3.3357977e+04
   5.8285840e+02   3.3356609e+04
   5.8182129e+02   3.3066078e+04
   5.8078320e+02   3.3341828e+04
   5.7974512e+02   3.3215203e+04
   5.7870703e+02   3.3228305e+04
   5.7766895e+02   3.3576105e+04
   5.7663086e+02   3.3057082e+04
   5.7559180e+02   3.3515504e+04
   5.7455371e+02   3.3567043e+04
   5.7351465e+02   3.3712398e+04
   5.7247559e+02   3.3066227e+04
   5.7143555e+02   3.3199594e+04
   5.7039648e+02   3.3219883e+04
   5.6935645e+02   3.3312293e+04
   5.6831641e+02   3.3628234e+04
   5.6727637e+02   3.3585938e+04
   5.6623633e+02   3.3620551e+04
   5.6519531e+02   3.3717617e+04
   5.6415430e+02   3.3473543e+04
   5.6311328e+02   3.3743520e+04
   5.6207227e+02   3.3528344e+04
   5.6103125e+02   3.4004672e+04
   5.5998926e+02   3.4022359e+04
   5.5894824e+02   3.3960840e+04
   5.5790625e+02   3.3688191e+04
   5.5686426e+02   3.4200113e+04
   5.5582129e+02   3.3953902e+04
   5.5477930e+02   3.4357668e+04
   5.5373633e+02   3.4528711e+04
   5.5269336e+02   3.4126750e+04
   5.5165039e+02   3.3820812e+04
   5.5060742e+02   3.3905582e+04
   5.4956348e+02   3.3499168e+04
   5.4852051e+02   3.3835484e+04
   5.4747656e+02   3.3697469e+04
   5.4643262e+02   3.3674441e+04
   5.4538770e+02   3.3323430e+04
   5.4434375e+02   3.3563777e+04
   5.4329883e+02   3.3468984e+04
   5.4225391e+02   3.3156484e+04
   5.4120898e+02   3.3131180e+04
   5.4016406e+02   3.3074785e+04
   5.3911816e+02   3.2941887e+04
   5.3807324e+02   3.3141379e+04
   5.3702734e+02   3.3175852e+04
   5.3598145e+02   3.3497117e+04
   5.3493457e+02   3.3144387e+04
   5.3388867e+02   3.3441645e+04
   5.3284180e+02   3.3722070e+04
   5.3179492e+02   3.3553387e+04
   5.3074805e+02   3.3480281e+04
   5.2970117e+02   3.3495531e+04
   5.2865332e+02   3.3501230e+04
   5.2760645e+02   3.3246793e+04
   5.2655859e+02   3.3462508e+04
   5.2551074e+02   3.3566012e+04
   5.2446289e+02   3.3664711e+04
   5.2341406e+02   3.4030461e+04
   5.2236523e+02   3.4601125e+04
   5.2131641e+02   3.4473102e+04
   5.2026758e+02   3.4471445e+04
   5.1921875e+02   3.3864512e+04
   5.1816992e+02   3.4067863e+04
   5.1712012e+02   3.4066277e+04
   5.1607031e+02   3.3897977e+04
   5.1502051e+02   3.3665441e+04
   5.1397070e+02   3.3942477e+04
   5.1291992e+02   3.4136098e+04
   5.1187012e+02   3.3829867e+04
   5.1081934e+02   3.3928254e+04
   5.0976855e+02   3.3943340e+04
   5.0871680e+02   3.4201027e+04
   5.0766602e+02   3.3837934e+04
   5.0661426e+02   3.3665188e+04
   5.0556250e+02   3.3737355e+04
   5.0451074e+02   3.3773844e+04
   5.0345898e+02   3.3477633e+04
   5.0240625e+02   3.4046352e+04
   5.0135449e+02   3.4006742e+04
   5.0030176e+02   3.4059770e+04
   4.9924902e+02   3.4108031e+04
   4.9819531e+02   3.3985332e+04
   4.9714258e+02   3.3862680e+04
   4.9608887e+02   3.3884840e+04
   4.9503516e+02   3.4073082e+04
   4.9398145e+02   3.4154496e+04
   4.9292773e+02   3.3974973e+04
   4.9187305e+02   3.4141746e+04
   4.9081934e+02   3.4182789e+04
   4.8976465e+02   3.4114770e+04
   4.8870996e+02   3.4205574e+04
   4.8765430e+02   3.4317672e+04
   4.8659961e+02   3.4631105e+04
   4.8554395e+02   3.4653062e+04
   4.8448828e+02   3.4658434e+04
   4.8343262e+02   3.5035559e+04
   4.8237695e+02   3.4991133e+04
   4.8132031e+02   3.4679250e+04
   4.8026367e+02   3.5219449e+04
   4.7920703e+02   3.5127684e+04
   4.7815039e+02   3.5459414e+04
   4.7709375e+02   3.5497727e+04
   4.7603613e+02   3.5685004e+04
   4.7497949e+02   3.5574301e+04
   4.7392188e+02   3.5702395e+04
   4.7286426e+02   3.5669723e+04
   4.7180566e+02   3.5852094e+04
   4.7074805e+02   3.6048574e+04
   4.6968945e+02   3.6145770e+04
   4.6863086e+02   3.5652492e+04
   4.6757227e+02   3.6106273e+04
   4.6651270e+02   3.6359211e+04
   4.6545410e+02   3.5800078e+04
   4.6439453e+02   3.6409328e+04
   4.6333496e+02   3.5940051e+04
   4.6227539e+02   3.6317855e+04
   4.6121582e+02   3.6131805e+04
   4.6015527e+02   3.6200504e+04
   4.5909473e+02   3.6405926e+04
   4.5803418e+02   3.6189312e+04
   4.5697363e+02   3.5960992e+04
   4.5591309e+02   3.6194617e+04
   4.5485156e+02   3.6378672e+04
   4.5379004e+02   3.6214043e+04
   4.5272852e+02   3.6247297e+04
   4.5166699e+02   3.6506586e+04
   4.5060547e+02   3.6200762e+04
   4.4954297e+02   3.6384641e+04
   4.4848047e+02   3.6410770e+04
   4.4741797e+02   3.6766297e+04
   4.4635547e+02   3.6862918e+04
   4.4529297e+02   3.6820730e+04
   4.4422949e+02   3.6764449e+04
   4.4316602e+02   3.6882172e+04
   4.4210254e+02   3.7225512e+04
   4.4103906e+02   3.7086922e+04
   4.3997461e+02   3.6779195e+04
   4.3891113e+02   3.6910914e+04
   4.3784668e+02   3.6934531e+04
   4.3678223e+02   3.6899426e+04
   4.3571680e+02   3.7216539e+04
   4.3465234e+02   3.6714215e+04
   4.3358691e+02   3.6843469e+04
   4.3252148e+02   3.6953895e+04
   4.3145605e+02   3.6989199e+04
   4.3039062e+02   3.7383402e+04
   4.2932520e+02   3.7486621e+04
   4.2825879e+02   3.7721121e+04
   4.2719238e+02   3.8335348e+04
   4.2612598e+02   3.7697594e+04
   4.2505957e+02   3.8145188e+04
   4.2399219e+02   3.7976352e+04
   4.2292480e+02   3.7346047e+04
   4.2185742e+02   3.7629488e+04
   4.2079004e+02   3.7139996e+04
   4.1972266e+02   3.7158781e+04
   4.1865430e+02   3.7104988e+04
   4.1758691e+02   3.7091000e+04
   4.1651855e+02   3.7313371e+04
   4.1544922e+02   3.7257230e+04
   4.1438086e+02   3.7247895e+04
   4.1331250e+02   3.7297031e+04
   4.1224316e+02   3.7984523e+04
   4.1117383e+02   3.7715543e+04
   4.1010449e+02   3.7650023e+04
   4.0903418e+02   3.8000520e+04
   4.0796484e+02   3.7895242e+04
   4.0689453e+02   3.8070344e+04
   4.0582422e+02   3.7696480e+04
   4.0475391e+02   3.8537113e+04
   4.0368262e+02   3.8569562e+04
   4.0261133e+02   3.8627680e+04
   4.0154102e+02   3.8632090e+04
