   2.0012861e+03   9.5135938e+03
   2.0004980e+03   9.2914619e+03
   1.9997109e+03   9.4993174e+03
   1.9989229e+03   9.5960752e+03
   1.9981338e+03   9.5913047e+03
   1.9973457e+03   9.7609512e+03
   1.9965576e+03   9.6134736e+03
   1.9957686e+03   9.3867920e+03
   1.9949805e+03   9.3154961e+03
   1.9941914e+03   9.8178281e+03
   1.9934023e+03   9.7464834e+03
   1.9926133e+03   9.4407285e+03
   1.9918242e+03   9.4803320e+03
   1.9910342e+03   9.5484258e+03
   1.9902451e+03   9.4803379e+03
   1.9894551e+03   9.4977529e+03
   1.9886650e+03   9.6924238e+03
   1.9878750e+03   9.4819268e+03
   1.9870850e+03   9.7714648e+03
   1.9862949e+03   9.6559375e+03
   1.9855049e+03   9.8504512e+03
   1.9847148e+03   9.9025752e+03
   1.9839238e+03   9.7048652e+03
   1.9831328e+03   9.4566338e+03
   1.9823428e+03   9.7427236e+03
   1.9815518e+03   9.6431182e+03
   1.9807598e+03   9.8595566e+03
   1.9799688e+03   9.8041992e+03
   1.9791777e+03   9.7867676e+03
   1.9783857e+03   9.7630254e+03
   1.9775947e+03   9.8782422e+03
   1.9768027e+03   9.8260742e+03
   1.9760107e+03   9.7518242e+03
   1.9752188e+03   1.0072152e+04
   1.9744268e+03   9.7706602e+03
   1.9736348e+03   9.7595635e+03
   1.9728418e+03   9.6885273e+03
   1.9720488e+03   9.8446260e+03
   1.9712568e+03   9.9029043e+03
   1.9704639e+03   9.8728721e+03
   1.9696709e+03   9.8775283e+03
   1.9688779e+03   1.0181644e+04
   1.9680850e+03   9.6315498e+03
   1.9672910e+03   1.0238115e+04
   1.9664980e+03   9.8331240e+03
   1.9657041e+03   1.0036239e+04
   1.9649102e+03   9.9873193e+03
   1.9641162e+03   1.0023439e+04
   1.9633223e+03   1.0109924e+04
   1.9625283e+03   9.9476865e+03
   1.9617344e+03   1.0049891e+04
   1.9609395e+03   9.8656885e+03
   1.9601445e+03   1.0024508e+04
   1.9593506e+03   1.0066875e+04
   1.9585557e+03   1.0146973e+04
   1.9577607e+03   1.0016338e+04
   1.9569658e+03   9.9989424e+03
   1.9561699e+03   1.0179611e+04
   1.9553750e+03   1.0218771e+04
   1.9545791e+03   1.0138495e+04
   1.9537842e+03   1.0042533e+04
   1.9529883e+03   1.0185372e+04
   1.9521924e+03   9.8412812e+03
   1.9513965e+03   9.9684023e+03
   1.9505996e+03   1.0305868e+04
   1.9498037e+03   1.0187979e+04
   1.9490068e+03   1.0340090e+04
   1.9482109e+03   1.0162603e+04
   1.9474141e+03   1.0245629e+04
   1.9466172e+03   1.0043115e+04
   1.9458203e+03   1.0229653e+04
   1.9450234e+03   1.0268716e+04
   1.9442256e+03   1.0301493e+04
   1.9434287e+03   1.0202572e+04
   1.9426309e+03   1.0238483e+04
   1.9418340e+03   1.0243039e+04
   1.9410361e+03   1.0363544e+04
   1.9402383e+03   1.0245877e+04
   1.9394395e+03   1.0432129e+04
   1.9386416e+03   1.0317622e+04
   1.9378438e+03   1.0344080e+04
   1.9370449e+03   1.0329824e+04
   1.9362461e+03   1.0368793e+04
   1.9354482e+03   1.0611209e+04
   1.9346494e+03   1.0612562e+04
   1.9338496e+03   1.0454330e+04
   1.9330508e+03   1.0339950e+04
   1.9322520e+03   1.0544671e+04
   1.9314521e+03   1.0514757e+04
   1.9306533e+03   1.0369153e+04
   1.9298535e+03   1.0404935e+04
   1.9290537e+03   1.0581371e+04
   1.9282539e+03   1.0695240e+04
   1.9274531e+03   1.0380957e+04
   1.9266533e+03   1.0557308e+04
   1.9258535e+03   1.0474318e+04
   1.9250527e+03   1.0528783e+04
   1.9242520e+03   1.0676915e+04
   1.9234512e+03   1.0578334e+04
   1.9226504e+03   1.0617145e+04
   1.9218496e+03   1.0468666e+04
   1.9210488e+03   1.0463791e+04
   1.9202471e+03   1.0433955e+04
   1.9194463e+03   1.0706738e+04
   1.9186445e+03   1.0661274e+04
   1.9178428e+03   1.0749928e+04
   1.9170410e+03   1.0726299e+04
   1.9162393e+03   1.0537445e+04
   1.9154375e+03   1.0467103e+04
   1.9146348e+03   1.0561960e+04
   1.9138330e+03   1.0684829e+04
   1.9130303e+03   1.0742232e+04
   1.9122275e+03   1.0793385e+04
   1.9114248e+03   1.0551762e+04
   1.9106221e+03   1.0565562e+04
   1.9098193e+03   1.0781728e+04
   1.9090156e+03   1.0708322e+04
   1.9082129e+03   1.0793672e+04
   1.9074092e+03   1.0707841e+04
   1.9066055e+03   1.0547367e+04
   1.9058018e+03   1.0685583e+04
   1.9049980e+03   1.0755326e+04
   1.9041943e+03   1.0853033e+04
   1.9033906e+03   1.0907178e+04
   1.9025859e+03   1.0672193e+04
   1.9017822e+03   1.0822703e+04
   1.9009775e+03   1.0920332e+04
   1.9001729e+03   1.0915392e+04
   1.8993682e+03   1.0823467e+04
   1.8985635e+03   1.0827861e+04
   1.8977578e+03   1.0981322e+04
   1.8969531e+03   1.0861486e+04
   1.8961475e+03   1.0903125e+04
   1.8953428e+03   1.0919918e+04
   1.8945371e+03   1.1079466e+04
   1.8937314e+03   1.0990722e+04
   1.8929258e+03   1.1100563e+04
   1.8921191e+03   1.1042864e+04
   1.8913135e+03   1.0938663e+04
   1.8905068e+03   1.0992641e+04
   1.8897012e+03   1.0860578e+04
   1.8888945e+03   1.1023045e+04
   1.8880879e+03   1.1092478e+04
   1.8872812e+03   1.1019341e+04
   1.8864736e+03   1.1138322e+04
   1.8856670e+03   1.1093081e+04
   1.8848594e+03   1.1091217e+04
   1.8840527e+03   1.1219415e+04
   1.8832451e+03   1.1233010e+04
   1.8824375e+03   1.1091815e+04
   1.8816299e+03   1.1356135e+04
   1.8808223e+03   1.1131411e+04
   1.8800137e+03   1.0974834e+04
   1.8792061e+03   1.0942052e+04
   1.8783975e+03   1.1184565e+04
   1.8775889e+03   1.1294016e+04
   1.8767803e+03   1.1109687e+04
   1.8759717e+03   1.0922327e+04
   1.8751631e+03   1.1251227e+04
   1.8743545e+03   1.1348229e+04
   1.8735449e+03   1.1031144e+04
   1.8727363e+03   1.1418558e+04
   1.8719268e+03   1.1188056e+04
   1.8711172e+03   1.1013224e+04
   1.8703076e+03   1.1483815e+04
   1.8694980e+03   1.1265768e+04
   1.8686875e+03   1.1449082e+04
   1.8678779e+03   1.1249631e+04
   1.8670674e+03   1.1223051e+04
   1.8662578e+03   1.1412449e+04
   1.8654473e+03   1.1345748e+04
   1.8646367e+03   1.1427112e+04
   1.8638252e+03   1.1650301e+04
   1.8630146e+03   1.1528094e+04
   1.8622041e+03   1.1372019e+04
   1.8613926e+03   1.1477979e+04
   1.8605811e+03   1.1488373e+04
   1.8597705e+03   1.1387843e+04
   1.8589590e+03   1.1724791e+04
   1.8581465e+03   1.1411728e+04
   1.8573350e+03   1.1486794e+04
   1.8565234e+03   1.1454069e+04
   1.8557109e+03   1.1649165e+04
   1.8548984e+03   1.1693373e+04
   1.8540869e+03   1.1685248e+04
   1.8532744e+03   1.1790973e+04
   1.8524609e+03   1.1693616e+04
   1.8516484e+03   1.1540925e+04
   1.8508359e+03   1.1655846e+04
   1.8500225e+03   1.1672330e+04
   1.8492100e+03   1.1734925e+04
   1.8483965e+03   1.1400970e+04
   1.8475830e+03   1.1875417e+04
   1.8467695e+03   1.1664462e+04
   1.8459551e+03   1.1561109e+04
   1.8451416e+03   1.1792616e+04
   1.8443271e+03   1.1673920e+04
   1.8435137e+03   1.1705729e+04
   1.8426992e+03   1.1562524e+04
   1.8418848e+03   1.1732479e+04
   1.8410703e+03   1.1782677e+04
   1.8402559e+03   1.1915712e+04
   1.8394404e+03   1.1646771e+04
   1.8386260e+03   1.1733769e+04
   1.8378105e+03   1.1863676e+04
   1.8369951e+03   1.1742076e+04
   1.8361797e+03   1.1798351e+04
   1.8353643e+03   1.1741180e+04
   1.8345488e+03   1.1870996e+04
   1.8337334e+03   1.1973188e+04
   1.8329170e+03   1.1827157e+04
   1.8321016e+03   1.1868051e+04
   1.8312852e+03   1.1774157e+04
   1.8304688e+03   1.1778295e+04
   1.8296523e+03   1.2005954e+04
   1.8288359e+03   1.1893715e+04
   1.8280186e+03   1.2121276e+04
   1.8272021e+03   1.2036599e+04
   1.8263848e+03   1.1991729e+04
   1.8255674e+03   1.1925456e+04
   1.8247500e+03   1.2158975e+04
   1.8239326e+03   1.2022354e+04
   1.8231152e+03   1.1888837e+04
   1.8222979e+03   1.2051924e+04
   1.8214795e+03   1.2117138e+04
   1.8206621e+03   1.2005064e+04
   1.8198438e+03   1.2174159e+04
   1.8190254e+03   1.2352362e+04
   1.8182070e+03   1.1947051e+04
   1.8173887e+03   1.2375677e+04
   1.8165703e+03   1.2126235e+04
   1.8157510e+03   1.2258526e+04
   1.8149326e+03   1.2402982e+04
   1.8141133e+03   1.2358156e+04
   1.8132939e+03   1.2221796e+04
   1.8124746e+03   1.2195321e+04
   1.8116553e+03   1.2306132e+04
   1.8108350e+03   1.2322352e+04
   1.8100156e+03   1.2356863e+04
   1.8091953e+03   1.2452344e+04
   1.8083760e+03   1.2483772e+04
   1.8075557e+03   1.2347548e+04
   1.8067354e+03   1.2436886e+04
   1.8059141e+03   1.2215398e+04
   1.8050938e+03   1.2402215e+04
   1.8042734e+03   1.2375749e+04
   1.8034521e+03   1.2538110e+04
   1.8026309e+03   1.2331979e+04
   1.8018096e+03   1.2332937e+04
   1.8009883e+03   1.2397816e+04
   1.8001670e+03   1.2426152e+04
   1.7993457e+03   1.2460564e+04
   1.7985234e+03   1.2692717e+04
   1.7977021e+03   1.2644941e+04
   1.7968799e+03   1.2347793e+04
   1.7960576e+03   1.2619376e+04
   1.7952354e+03   1.2495628e+04
   1.7944131e+03   1.2517832e+04
   1.7935908e+03   1.2521791e+04
   1.7927676e+03   1.2674647e+04
   1.7919453e+03   1.2596546e+04
   1.7911221e+03   1.2576187e+04
   1.7902988e+03   1.2674285e+04
   1.7894756e+03   1.2656956e+04
   1.7886523e+03   1.2712500e+04
   1.7878291e+03   1.2804453e+04
   1.7870049e+03   1.2799249e+04
   1.7861816e+03   1.2624106e+04
   1.7853574e+03   1.2946620e+04
   1.7845332e+03   1.2735107e+04
   1.7837090e+03   1.3160617e+04
   1.7828848e+03   1.2830868e+04
   1.7820596e+03   1.2734700e+04
   1.7812354e+03   1.2893215e+04
   1.7804102e+03   1.3221414e+04
   1.7795859e+03   1.2794898e+04
   1.7787607e+03   1.3050282e+04
   1.7779355e+03   1.2890536e+04
   1.7771104e+03   1.2958018e+04
   1.7762842e+03   1.3046676e+04
   1.7754590e+03   1.2899122e+04
   1.7746328e+03   1.2915100e+04
   1.7738076e+03   1.2982529e+04
   1.7729814e+03   1.3261786e+04
   1.7721553e+03   1.3259537e+04
   1.7713281e+03   1.3199807e+04
   1.7705020e+03   1.3345787e+04
   1.7696758e+03   1.2932209e+04
   1.7688486e+03   1.3087257e+04
   1.7680215e+03   1.3227134e+04
   1.7671943e+03   1.3330689e+04
   1.7663672e+03   1.3125933e+04
   1.7655400e+03   1.3178099e+04
   1.7647129e+03   1.3408502e+04
   1.7638848e+03   1.3421331e+04
   1.7630576e+03   1.3104946e+04
   1.7622295e+03   1.3446975e+04
   1.7614014e+03   1.3381288e+04
   1.7605732e+03   1.3261287e+04
   1.7597451e+03   1.3437111e+04
   1.7589170e+03   1.3404653e+04
   1.7580879e+03   1.3553237e+04
   1.7572598e+03   1.3279436e+04
   1.7564307e+03   1.3280197e+04
   1.7556016e+03   1.3464913e+04
   1.7547725e+03   1.3504839e+04
   1.7539434e+03   1.3620117e+04
   1.7531133e+03   1.3542451e+04
   1.7522842e+03   1.3464811e+04
   1.7514541e+03   1.3471563e+04
   1.7506240e+03   1.3683169e+04
   1.7497949e+03   1.3593494e+04
   1.7489639e+03   1.3648405e+04
   1.7481338e+03   1.3600921e+04
   1.7473037e+03   1.3905686e+04
   1.7464727e+03   1.3924394e+04
   1.7456426e+03   1.3780580e+04
   1.7448115e+03   1.3919661e+04
   1.7439805e+03   1.3965432e+04
   1.7431494e+03   1.3957043e+04
   1.7423184e+03   1.4207299e+04
   1.7414863e+03   1.4057543e+04
   1.7406553e+03   1.4142340e+04
   1.7398232e+03   1.4076812e+04
   1.7389922e+03   1.4182614e+04
   1.7381602e+03   1.4081041e+04
   1.7373281e+03   1.4361061e+04
   1.7364951e+03   1.4169374e+04
   1.7356631e+03   1.4130924e+04
   1.7348301e+03   1.4518895e+04
   1.7339980e+03   1.4300255e+04
   1.7331650e+03   1.4471931e+04
   1.7323320e+03   1.4073292e+04
   1.7314990e+03   1.4683067e+04
   1.7306660e+03   1.4437544e+04
   1.7298320e+03   1.4483085e+04
   1.7289990e+03   1.4477621e+04
   1.7281650e+03   1.4685073e+04
   1.7273311e+03   1.4631604e+04
   1.7264971e+03   1.4626116e+04
   1.7256631e+03   1.4548696e+04
   1.7248291e+03   1.4866872e+04
   1.7239941e+03   1.4726516e+04
   1.7231602e+03   1.4897761e+04
   1.7223252e+03   1.4811359e+04
   1.7214902e+03   1.4916647e+04
   1.7206553e+03   1.4845241e+04
   1.7198203e+03   1.4758891e+04
   1.7189854e+03   1.4735426e+04
   1.7181504e+03   1.4816711e+04
   1.7173145e+03   1.4877023e+04
   1.7164785e+03   1.4988173e+04
   1.7156426e+03   1.5150133e+04
   1.7148066e+03   1.5060824e+04
   1.7139707e+03   1.4935664e+04
   1.7131348e+03   1.5250020e+04
   1.7122988e+03   1.4984380e+04
   1.7114619e+03   1.5355402e+04
   1.7106250e+03   1.5322905e+04
   1.7097881e+03   1.5326270e+04
   1.7089512e+03   1.5180278e+04
   1.7081143e+03   1.5168732e+04
   1.7072773e+03   1.5506557e+04
   1.7064395e+03   1.5279999e+04
   1.7056025e+03   1.5163963e+04
   1.7047646e+03   1.5438939e+04
   1.7039268e+03   1.5498972e+04
   1.7030889e+03   1.5505280e+04
   1.7022510e+03   1.5344538e+04
   1.7014121e+03   1.5544731e+04
   1.7005742e+03   1.5551026e+04
   1.6997354e+03   1.5381413e+04
   1.6988975e+03   1.5399656e+04
   1.6980586e+03   1.5671232e+04
   1.6972197e+03   1.5677499e+04
   1.6963799e+03   1.5412635e+04
   1.6955410e+03   1.5913445e+04
   1.6947012e+03   1.5684371e+04
   1.6938623e+03   1.6003310e+04
   1.6930225e+03   1.5789184e+04
   1.6921826e+03   1.6018688e+04
   1.6913428e+03   1.5932616e+04
   1.6905029e+03   1.5846572e+04
   1.6896621e+03   1.5956933e+04
   1.6888223e+03   1.5873888e+04
   1.6879814e+03   1.5847384e+04
   1.6871406e+03   1.6008241e+04
   1.6862998e+03   1.6151202e+04
   1.6854590e+03   1.6118717e+04
   1.6846182e+03   1.6044630e+04
   1.6837764e+03   1.6255861e+04
   1.6829355e+03   1.6484848e+04
   1.6820938e+03   1.6306756e+04
   1.6812520e+03   1.6306942e+04
   1.6804102e+03   1.6387311e+04
   1.6795684e+03   1.6473592e+04
   1.6787266e+03   1.6815156e+04
   1.6778838e+03   1.6800410e+04
   1.6770420e+03   1.6637281e+04
   1.6761992e+03   1.6963805e+04
   1.6753564e+03   1.6560396e+04
   1.6745137e+03   1.6937246e+04
   1.6736709e+03   1.7079674e+04
   1.6728271e+03   1.7311008e+04
   1.6719844e+03   1.7153885e+04
   1.6711406e+03   1.7373270e+04
   1.6702979e+03   1.7343627e+04
   1.6694541e+03   1.7459191e+04
   1.6686104e+03   1.7749514e+04
   1.6677656e+03   1.7862004e+04
   1.6669219e+03   1.7941879e+04
   1.6660771e+03   1.8021725e+04
   1.6652334e+03   1.7935744e+04
   1.6643887e+03   1.8095486e+04
   1.6635439e+03   1.8107191e+04
   1.6626992e+03   1.8065625e+04
   1.6618545e+03   1.8257807e+04
   1.6610088e+03   1.8236936e+04
   1.6601641e+03   1.8641969e+04
   1.6593184e+03   1.8366725e+04
   1.6584727e+03   1.8679941e+04
   1.6576270e+03   1.8336793e+04
   1.6567812e+03   1.8782908e+04
   1.6559355e+03   1.8679223e+04
   1.6550889e+03   1.9237400e+04
   1.6542432e+03   1.9254787e+04
   1.6533965e+03   1.9434613e+04
   1.6525498e+03   1.9348602e+04
   1.6517031e+03   1.9404342e+04
   1.6508564e+03   1.9737557e+04
   1.6500088e+03   1.9849289e+04
   1.6491621e+03   1.9884256e+04
   1.6483145e+03   1.9683164e+04
   1.6474678e+03   2.0134104e+04
   1.6466201e+03   2.0254537e+04
   1.6457715e+03   2.0481094e+04
   1.6449238e+03   2.0542455e+04
   1.6440762e+03   2.0565469e+04
   1.6432275e+03   2.0473521e+04
   1.6423799e+03   2.0596736e+04
   1.6415312e+03   2.0988041e+04
   1.6406826e+03   2.1025691e+04
   1.6398340e+03   2.1240057e+04
   1.6389854e+03   2.1065607e+04
   1.6381357e+03   2.1226891e+04
   1.6372871e+03   2.1541205e+04
   1.6364375e+03   2.1472758e+04
   1.6355879e+03   2.1310156e+04
   1.6347383e+03   2.1653717e+04
   1.6338887e+03   2.1494082e+04
   1.6330381e+03   2.1472748e+04
   1.6321885e+03   2.1651408e+04
   1.6313379e+03   2.1788840e+04
   1.6304883e+03   2.2087920e+04
   1.6296377e+03   2.1875432e+04
   1.6287871e+03   2.2359547e+04
   1.6279355e+03   2.2323391e+04
   1.6270850e+03   2.2372445e+04
   1.6262344e+03   2.2606541e+04
   1.6253828e+03   2.2499873e+04
   1.6245312e+03   2.3001080e+04
   1.6236797e+03   2.3091084e+04
   1.6228281e+03   2.3465793e+04
   1.6219766e+03   2.3523402e+04
   1.6211240e+03   2.3792268e+04
   1.6202725e+03   2.3735375e+04
   1.6194199e+03   2.4297451e+04
   1.6185674e+03   2.4126105e+04
   1.6177148e+03   2.4517842e+04
   1.6168623e+03   2.4566408e+04
   1.6160098e+03   2.4823086e+04
   1.6151562e+03   2.4936062e+04
   1.6143037e+03   2.5060719e+04
   1.6134502e+03   2.5551568e+04
   1.6125967e+03   2.5588193e+04
   1.6117432e+03   2.5545727e+04
   1.6108896e+03   2.5901531e+04
   1.6100361e+03   2.5900012e+04
   1.6091816e+03   2.5839943e+04
   1.6083271e+03   2.5973070e+04
   1.6074736e+03   2.5746205e+04
   1.6066191e+03   2.6046074e+04
   1.6057637e+03   2.6401420e+04
   1.6049092e+03   2.6493406e+04
   1.6040547e+03   2.6383578e+04
   1.6031992e+03   2.6437523e+04
   1.6023447e+03   2.6348203e+04
   1.6014893e+03   2.6559969e+04
   1.6006338e+03   2.6654764e+04
   1.5997783e+03   2.6714465e+04
   1.5989219e+03   2.6815043e+04
   1.5980664e+03   2.6906822e+04
   1.5972100e+03   2.6975207e+04
   1.5963535e+03   2.6661066e+04
   1.5954971e+03   2.7187803e+04
   1.5946406e+03   2.7168535e+04
   1.5937842e+03   2.7376904e+04
   1.5929277e+03   2.7176703e+04
   1.5920703e+03   2.7460846e+04
   1.5912139e+03   2.7610715e+04
   1.5903564e+03   2.7328916e+04
   1.5894990e+03   2.7356291e+04
   1.5886416e+03   2.7707256e+04
   1.5877842e+03   2.7501367e+04
   1.5869258e+03   2.7849271e+04
   1.5860684e+03   2.7757066e+04
   1.5852100e+03   2.7798904e+04
   1.5843516e+03   2.7773732e+04
   1.5834932e+03   2.7961166e+04
   1.5826348e+03   2.7676820e+04
   1.5817754e+03   2.7704082e+04
   1.5809170e+03   2.8025326e+04
   1.5800576e+03   2.8058338e+04
   1.5791992e+03   2.7881830e+04
   1.5783398e+03   2.8368705e+04
   1.5774795e+03   2.8230016e+04
   1.5766201e+03   2.8219340e+04
   1.5757607e+03   2.8380229e+04
   1.5749004e+03   2.8113684e+04
   1.5740410e+03   2.7783281e+04
   1.5731807e+03   2.8266756e+04
   1.5723203e+03   2.8500166e+04
   1.5714600e+03   2.8248307e+04
   1.5705986e+03   2.8528113e+04
   1.5697383e+03   2.8482539e+04
   1.5688770e+03   2.8820283e+04
   1.5680166e+03   2.8612086e+04
   1.5671553e+03   2.8949689e+04
   1.5662939e+03   2.8982432e+04
   1.5654316e+03   2.8809133e+04
   1.5645703e+03   2.9047879e+04
   1.5637090e+03   2.9187914e+04
   1.5628467e+03   2.9148082e+04
   1.5619844e+03   2.9331545e+04
   1.5611221e+03   2.9375779e+04
   1.5602598e+03   2.9173596e+04
   1.5593975e+03   2.9223637e+04
   1.5585342e+03   2.9415648e+04
   1.5576719e+03   2.9115053e+04
   1.5568086e+03   2.9173764e+04
   1.5559453e+03   2.8841451e+04
   1.5550820e+03   2.9195559e+04
   1.5542188e+03   2.9123932e+04
   1.5533545e+03   2.9440232e+04
   1.5524912e+03   2.8948912e+04
   1.5516270e+03   2.8943918e+04
   1.5507637e+03   2.8742182e+04
   1.5498994e+03   2.8786400e+04
   1.5490342e+03   2.8790111e+04
   1.5481699e+03   2.8762012e+04
   1.5473057e+03   2.8580678e+04
   1.5464404e+03   2.8396516e+04
   1.5455762e+03   2.8700881e+04
   1.5447109e+03   2.8424285e+04
   1.5438457e+03   2.8656305e+04
   1.5429795e+03   2.8116926e+04
   1.5421143e+03   2.8094744e+04
   1.5412490e+03   2.8075455e+04
   1.5403828e+03   2.8102369e+04
   1.5395166e+03   2.7768420e+04
   1.5386504e+03   2.8046486e+04
   1.5377842e+03   2.7784805e+04
   1.5369180e+03   2.7702104e+04
   1.5360518e+03   2.7922336e+04
   1.5351846e+03   2.7404102e+04
   1.5343174e+03   2.7462814e+04
   1.5334502e+03   2.7530154e+04
   1.5325830e+03   2.7571525e+04
   1.5317158e+03   2.7171881e+04
   1.5308486e+03   2.7121078e+04
   1.5299805e+03   2.7176900e+04
   1.5291133e+03   2.6904285e+04
   1.5282451e+03   2.6890996e+04
   1.5273770e+03   2.6992904e+04
   1.5265088e+03   2.6662873e+04
   1.5256406e+03   2.6594930e+04
   1.5247715e+03   2.7151615e+04
   1.5239033e+03   2.6695098e+04
   1.5230342e+03   2.6678973e+04
   1.5221650e+03   2.6544902e+04
   1.5212959e+03   2.7247902e+04
   1.5204268e+03   2.6699650e+04
   1.5195576e+03   2.6841678e+04
   1.5186875e+03   2.6980781e+04
   1.5178184e+03   2.6800777e+04
   1.5169482e+03   2.6839252e+04
   1.5160781e+03   2.6943799e+04
   1.5152080e+03   2.6956377e+04
   1.5143379e+03   2.7003418e+04
   1.5134668e+03   2.6766123e+04
   1.5125967e+03   2.6675350e+04
   1.5117256e+03   2.6656381e+04
   1.5108545e+03   2.6651770e+04
   1.5099834e+03   2.7034596e+04
   1.5091123e+03   2.6803234e+04
   1.5082412e+03   2.6784252e+04
   1.5073691e+03   2.7181195e+04
   1.5064980e+03   2.6625850e+04
   1.5056260e+03   2.6721602e+04
   1.5047539e+03   2.7038072e+04
   1.5038818e+03   2.6517434e+04
   1.5030098e+03   2.6727789e+04
   1.5021367e+03   2.6789066e+04
   1.5012646e+03   2.7142547e+04
   1.5003916e+03   2.6648025e+04
   1.4995186e+03   2.6849615e+04
   1.4986455e+03   2.7059727e+04
   1.4977725e+03   2.7052178e+04
   1.4968984e+03   2.7179166e+04
   1.4960254e+03   2.7085736e+04
   1.4951514e+03   2.7083906e+04
   1.4942783e+03   2.7288066e+04
   1.4934043e+03   2.7283338e+04
   1.4925293e+03   2.7184232e+04
   1.4916553e+03   2.7262447e+04
   1.4907812e+03   2.7763768e+04
   1.4899062e+03   2.7353049e+04
   1.4890312e+03   2.7625535e+04
   1.4881572e+03   2.7749336e+04
   1.4872822e+03   2.7727383e+04
   1.4864062e+03   2.7719721e+04
   1.4855312e+03   2.7720627e+04
   1.4846562e+03   2.8038498e+04
   1.4837803e+03   2.7930855e+04
   1.4829043e+03   2.7991666e+04
   1.4820283e+03   2.7924023e+04
   1.4811523e+03   2.8181709e+04
   1.4802764e+03   2.7905781e+04
   1.4793994e+03   2.8317416e+04
   1.4785234e+03   2.7727830e+04
   1.4776465e+03   2.8085172e+04
   1.4767695e+03   2.8174385e+04
   1.4758926e+03   2.8166646e+04
   1.4750156e+03   2.8515172e+04
   1.4741377e+03   2.8108432e+04
   1.4732607e+03   2.8530920e+04
   1.4723828e+03   2.8346506e+04
   1.4715049e+03   2.8227664e+04
   1.4706270e+03   2.8365145e+04
   1.4697490e+03   2.9080545e+04
   1.4688711e+03   2.8998639e+04
   1.4679922e+03   2.9019221e+04
   1.4671143e+03   2.9441029e+04
   1.4662354e+03   2.9495666e+04
   1.4653564e+03   2.9578730e+04
   1.4644775e+03   2.9821037e+04
   1.4635986e+03   2.9773203e+04
   1.4627188e+03   3.0069410e+04
   1.4618398e+03   2.9856672e+04
   1.4609600e+03   3.0044756e+04
   1.4600801e+03   2.9704219e+04
   1.4592002e+03   3.0363898e+04
   1.4583203e+03   3.0409758e+04
   1.4574404e+03   3.0563527e+04
   1.4565596e+03   2.9800012e+04
   1.4556787e+03   2.9948152e+04
   1.4547988e+03   3.0175725e+04
   1.4539180e+03   2.9401318e+04
   1.4530371e+03   2.9679984e+04
   1.4521553e+03   2.9484730e+04
   1.4512744e+03   2.9649811e+04
   1.4503926e+03   2.9443283e+04
   1.4495107e+03   2.9645176e+04
   1.4486299e+03   2.9546459e+04
   1.4477471e+03   2.9507305e+04
   1.4468652e+03   2.9247088e+04
   1.4459834e+03   2.9505547e+04
   1.4451006e+03   2.9395582e+04
   1.4442188e+03   2.9430131e+04
   1.4433359e+03   2.9257906e+04
   1.4424531e+03   2.9300959e+04
   1.4415703e+03   2.9114656e+04
   1.4406865e+03   2.9200180e+04
   1.4398037e+03   2.9192270e+04
   1.4389199e+03   2.9079656e+04
   1.4380361e+03   2.8780342e+04
   1.4371523e+03   2.8953555e+04
   1.4362686e+03   2.8580826e+04
   1.4353848e+03   2.8589992e+04
   1.4345010e+03   2.8437992e+04
   1.4336162e+03   2.8235160e+04
   1.4327314e+03   2.7896729e+04
   1.4318467e+03   2.7742098e+04
   1.4309619e+03   2.7629902e+04
   1.4300771e+03   2.7362373e+04
   1.4291924e+03   2.7487535e+04
   1.4283066e+03   2.6985732e+04
   1.4274219e+03   2.7051621e+04
   1.4265361e+03   2.7027148e+04
   1.4256504e+03   2.6994217e+04
   1.4247646e+03   2.6360213e+04
   1.4238779e+03   2.6818348e+04
   1.4229922e+03   2.6401809e+04
   1.4221055e+03   2.6964135e+04
   1.4212188e+03   2.6474393e+04
   1.4203320e+03   2.6269594e+04
   1.4194453e+03   2.6606121e+04
   1.4185586e+03   2.6728320e+04
   1.4176719e+03   2.6227684e+04
   1.4167842e+03   2.6857066e+04
   1.4158965e+03   2.6525605e+04
   1.4150088e+03   2.6729410e+04
   1.4141211e+03   2.6814865e+04
   1.4132334e+03   2.6860873e+04
   1.4123457e+03   2.7126441e+04
   1.4114570e+03   2.7068234e+04
   1.4105684e+03   2.7283018e+04
   1.4096807e+03   2.7359855e+04
   1.4087920e+03   2.8207471e+04
   1.4079023e+03   2.7955037e+04
   1.4070137e+03   2.7801117e+04
   1.4061250e+03   2.8108365e+04
   1.4052354e+03   2.8013506e+04
   1.4043457e+03   2.7943973e+04
   1.4034561e+03   2.8107711e+04
   1.4025664e+03   2.8175859e+04
   1.4016768e+03   2.8249604e+04
   1.4007861e+03   2.8253100e+04
   1.3998965e+03   2.8133033e+04
   1.3990059e+03   2.8144971e+04
   1.3981152e+03   2.8117600e+04
   1.3972246e+03   2.8592652e+04
   1.3963340e+03   2.8725170e+04
   1.3954424e+03   2.8394684e+04
   1.3945518e+03   2.8785275e+04
   1.3936602e+03   2.8802689e+04
   1.3927686e+03   2.8839727e+04
   1.3918770e+03   2.8972078e+04
   1.3909854e+03   2.9297816e+04
   1.3900938e+03   2.9743961e+04
   1.3892012e+03   2.9693928e+04
   1.3883086e+03   3.0263129e+04
   1.3874170e+03   3.0120574e+04
   1.3865244e+03   3.0647486e+04
   1.3856309e+03   3.0630932e+04
   1.3847383e+03   3.0997971e+04
   1.3838457e+03   3.0942164e+04
   1.3829521e+03   3.1115891e+04
   1.3820586e+03   3.1488246e+04
   1.3811650e+03   3.1328855e+04
   1.3802715e+03   3.1261838e+04
   1.3793779e+03   3.1692705e+04
   1.3784844e+03   3.1771061e+04
   1.3775898e+03   3.1634096e+04
   1.3766953e+03   3.1379764e+04
   1.3758008e+03   3.1751609e+04
   1.3749062e+03   3.1665016e+04
   1.3740117e+03   3.1528158e+04
   1.3731172e+03   3.1807592e+04
   1.3722217e+03   3.1545066e+04
   1.3713262e+03   3.1732238e+04
   1.3704307e+03   3.1712729e+04
   1.3695352e+03   3.1760223e+04
   1.3686396e+03   3.1698846e+04
   1.3677441e+03   3.1523072e+04
   1.3668477e+03   3.1146469e+04
   1.3659521e+03   3.1350244e+04
   1.3650557e+03   3.1300133e+04
   1.3641592e+03   3.1263980e+04
   1.3632627e+03   3.0962961e+04
   1.3623652e+03   3.1135957e+04
   1.3614688e+03   3.1214125e+04
   1.3605713e+03   3.1203088e+04
   1.3596738e+03   3.1250566e+04
   1.3587773e+03   3.1181023e+04
   1.3578789e+03   3.1540438e+04
   1.3569814e+03   3.1214664e+04
   1.3560840e+03   3.1560021e+04
   1.3551855e+03   3.1665850e+04
   1.3542871e+03   3.1315172e+04
   1.3533887e+03   3.1810600e+04
   1.3524902e+03   3.1738252e+04
   1.3515918e+03   3.2394777e+04
   1.3506934e+03   3.2144342e+04
   1.3497939e+03   3.2358402e+04
   1.3488945e+03   3.2555703e+04
   1.3479951e+03   3.2730695e+04
   1.3470957e+03   3.2549857e+04
   1.3461963e+03   3.2924871e+04
   1.3452969e+03   3.2482883e+04
   1.3443965e+03   3.2177172e+04
   1.3434971e+03   3.2204863e+04
   1.3425967e+03   3.1988168e+04
   1.3416963e+03   3.1979785e+04
   1.3407949e+03   3.2018596e+04
   1.3398945e+03   3.1957473e+04
   1.3389941e+03   3.1779818e+04
   1.3380928e+03   3.1277602e+04
   1.3371914e+03   3.1530105e+04
   1.3362900e+03   3.1197295e+04
   1.3353887e+03   3.1666023e+04
   1.3344873e+03   3.1333303e+04
   1.3335850e+03   3.1197518e+04
   1.3326836e+03   3.0995260e+04
   1.3317812e+03   3.1009223e+04
   1.3308789e+03   3.1208812e+04
   1.3299766e+03   3.1164555e+04
   1.3290732e+03   3.1123082e+04
   1.3281709e+03   3.1283775e+04
   1.3272676e+03   3.1621607e+04
   1.3263652e+03   3.1488721e+04
   1.3254619e+03   3.1485963e+04
   1.3245576e+03   3.1920434e+04
   1.3236543e+03   3.2055936e+04
   1.3227510e+03   3.2315875e+04
   1.3218467e+03   3.2265949e+04
   1.3209424e+03   3.2285174e+04
   1.3200391e+03   3.2309920e+04
   1.3191338e+03   3.2536453e+04
   1.3182295e+03   3.2718684e+04
   1.3173252e+03   3.2425547e+04
   1.3164199e+03   3.2215398e+04
   1.3155156e+03   3.2706975e+04
   1.3146104e+03   3.2723326e+04
   1.3137051e+03   3.2808707e+04
   1.3127988e+03   3.2372234e+04
   1.3118936e+03   3.2399674e+04
   1.3109873e+03   3.2360863e+04
   1.3100820e+03   3.2181328e+04
   1.3091758e+03   3.1833557e+04
   1.3082695e+03   3.2498287e+04
   1.3073633e+03   3.2180916e+04
   1.3064561e+03   3.2018080e+04
   1.3055498e+03   3.2293676e+04
   1.3046426e+03   3.1653982e+04
   1.3037354e+03   3.2298861e+04
   1.3028281e+03   3.2177447e+04
   1.3019209e+03   3.1992707e+04
   1.3010137e+03   3.2116551e+04
   1.3001055e+03   3.1805191e+04
   1.2991982e+03   3.2094244e+04
   1.2982900e+03   3.1860084e+04
   1.2973818e+03   3.1438822e+04
   1.2964736e+03   3.1590170e+04
   1.2955645e+03   3.1444275e+04
   1.2946562e+03   3.1595566e+04
   1.2937471e+03   3.1752305e+04
   1.2928379e+03   3.1856730e+04
   1.2919287e+03   3.1653141e+04
   1.2910195e+03   3.2032479e+04
   1.2901104e+03   3.1925135e+04
   1.2892012e+03   3.1834318e+04
   1.2882910e+03   3.1463248e+04
   1.2873809e+03   3.1803883e+04
   1.2864707e+03   3.1496125e+04
   1.2855605e+03   3.1806420e+04
   1.2846504e+03   3.1976562e+04
   1.2837393e+03   3.1888570e+04
   1.2828291e+03   3.1891191e+04
   1.2819180e+03   3.2055734e+04
   1.2810068e+03   3.2187291e+04
   1.2800957e+03   3.2145959e+04
   1.2791846e+03   3.2258248e+04
   1.2782725e+03   3.2134637e+04
   1.2773613e+03   3.2405928e+04
   1.2764492e+03   3.2287814e+04
   1.2755371e+03   3.2312279e+04
   1.2746250e+03   3.2229850e+04
   1.2737129e+03   3.2144707e+04
   1.2727998e+03   3.2152742e+04
   1.2718877e+03   3.1916986e+04
   1.2709746e+03   3.1985307e+04
   1.2700615e+03   3.2283613e+04
   1.2691484e+03   3.2346367e+04
   1.2682354e+03   3.2132635e+04
   1.2673213e+03   3.2080447e+04
   1.2664082e+03   3.1784746e+04
   1.2654941e+03   3.1634145e+04
   1.2645801e+03   3.2074426e+04
   1.2636660e+03   3.2011340e+04
   1.2627520e+03   3.1893588e+04
   1.2618369e+03   3.1920770e+04
   1.2609229e+03   3.1876873e+04
   1.2600078e+03   3.1751004e+04
   1.2590928e+03   3.2297355e+04
   1.2581777e+03   3.1991145e+04
   1.2572627e+03   3.2258648e+04
   1.2563467e+03   3.2187414e+04
   1.2554316e+03   3.2310070e+04
   1.2545156e+03   3.2345320e+04
   1.2535996e+03   3.2421500e+04
   1.2526836e+03   3.2339365e+04
   1.2517676e+03   3.2344572e+04
   1.2508516e+03   3.2677148e+04
   1.2499346e+03   3.2821402e+04
   1.2490176e+03   3.2891969e+04
   1.2481006e+03   3.2747104e+04
   1.2471836e+03   3.2921250e+04
   1.2462666e+03   3.2869102e+04
   1.2453496e+03   3.2743389e+04
   1.2444316e+03   3.3135418e+04
   1.2435146e+03   3.3132293e+04
   1.2425967e+03   3.3485977e+04
   1.2416787e+03   3.3572656e+04
   1.2407598e+03   3.3465984e+04
   1.2398418e+03   3.3201453e+04
   1.2389229e+03   3.3187422e+04
   1.2380049e+03   3.3328512e+04
   1.2370859e+03   3.3167535e+04
   1.2361670e+03   3.3580617e+04
   1.2352480e+03   3.3128617e+04
   1.2343281e+03   3.3277773e+04
   1.2334092e+03   3.3212074e+04
   1.2324893e+03   3.3758055e+04
   1.2315693e+03   3.3469418e+04
   1.2306494e+03   3.3558617e+04
   1.2297295e+03   3.3650496e+04
   1.2288096e+03   3.4052031e+04
   1.2278887e+03   3.3961816e+04
   1.2269678e+03   3.4107883e+04
   1.2260469e+03   3.3903648e+04
   1.2251260e+03   3.4223410e+04
   1.2242051e+03   3.4054512e+04
   1.2232842e+03   3.4056629e+04
   1.2223623e+03   3.4142855e+04
   1.2214414e+03   3.4296867e+04
   1.2205195e+03   3.4092809e+04
   1.2195977e+03   3.4225074e+04
   1.2186758e+03   3.4471168e+04
   1.2177529e+03   3.3784660e+04
   1.2168311e+03   3.4242148e+04
   1.2159082e+03   3.4171055e+04
   1.2149854e+03   3.4102691e+04
   1.2140625e+03   3.4329621e+04
   1.2131396e+03   3.4133957e+04
   1.2122158e+03   3.3960023e+04
   1.2112930e+03   3.4070434e+04
   1.2103691e+03   3.4105008e+04
   1.2094453e+03   3.3701117e+04
   1.2085215e+03   3.3475965e+04
   1.2075977e+03   3.3700008e+04
   1.2066738e+03   3.3699449e+04
   1.2057490e+03   3.3485230e+04
   1.2048242e+03   3.3422516e+04
   1.2038994e+03   3.3038090e+04
   1.2029746e+03   3.3145770e+04
   1.2020498e+03   3.3183141e+04
   1.2011250e+03   3.2796258e+04
   1.2001992e+03   3.3176789e+04
   1.1992744e+03   3.2906191e+04
   1.1983486e+03   3.3394598e+04
   1.1974229e+03   3.3078152e+04
   1.1964961e+03   3.3417859e+04
   1.1955703e+03   3.3376848e+04
   1.1946436e+03   3.2885145e+04
   1.1937178e+03   3.3302957e+04
   1.1927910e+03   3.3545258e+04
   1.1918643e+03   3.3183254e+04
   1.1909365e+03   3.3865086e+04
   1.1900098e+03   3.3519332e+04
   1.1890830e+03   3.3683234e+04
   1.1881553e+03   3.3930637e+04
   1.1872275e+03   3.4029723e+04
   1.1862998e+03   3.4147637e+04
   1.1853721e+03   3.3961078e+04
   1.1844434e+03   3.4003539e+04
   1.1835156e+03   3.4194105e+04
   1.1825869e+03   3.4188039e+04
   1.1816582e+03   3.4531949e+04
   1.1807295e+03   3.4385859e+04
   1.1798008e+03   3.4148316e+04
   1.1788711e+03   3.4392492e+04
   1.1779424e+03   3.4547805e+04
   1.1770127e+03   3.4361461e+04
   1.1760830e+03   3.4406457e+04
   1.1751533e+03   3.4679984e+04
   1.1742227e+03   3.4294777e+04
   1.1732930e+03   3.4476836e+04
   1.1723623e+03   3.4048801e+04
   1.1714326e+03   3.4429668e+04
   1.1705020e+03   3.4595484e+04
   1.1695713e+03   3.4178395e+04
   1.1686396e+03   3.3906469e+04
   1.1677090e+03   3.4222641e+04
   1.1667773e+03   3.3991066e+04
   1.1658457e+03   3.4304426e+04
   1.1649141e+03   3.4333219e+04
   1.1639824e+03   3.4066863e+04
   1.1630508e+03   3.3964238e+04
   1.1621191e+03   3.3716816e+04
   1.1611865e+03   3.3834180e+04
   1.1602539e+03   3.4096285e+04
   1.1593213e+03   3.3915980e+04
   1.1583887e+03   3.3995719e+04
   1.1574561e+03   3.4043273e+04
   1.1565225e+03   3.4039902e+04
   1.1555889e+03   3.3937414e+04
   1.1546562e+03   3.4303664e+04
   1.1537227e+03   3.4019074e+04
   1.1527881e+03   3.3541812e+04
   1.1518545e+03   3.3875812e+04
   1.1509209e+03   3.3123074e+04
   1.1499863e+03   3.3323230e+04
   1.1490518e+03   3.3100594e+04
   1.1481172e+03   3.3233805e+04
   1.1471826e+03   3.2957770e+04
   1.1462480e+03   3.3005387e+04
   1.1453125e+03   3.2978129e+04
   1.1443770e+03   3.3151355e+04
   1.1434414e+03   3.2790004e+04
   1.1425059e+03   3.3021988e+04
   1.1415703e+03   3.2858484e+04
   1.1406348e+03   3.3004895e+04
   1.1396982e+03   3.2713258e+04
   1.1387617e+03   3.2979797e+04
   1.1378262e+03   3.2901844e+04
   1.1368896e+03   3.2735832e+04
   1.1359521e+03   3.2636598e+04
   1.1350156e+03   3.2969664e+04
   1.1340781e+03   3.2659660e+04
   1.1331416e+03   3.2907246e+04
   1.1322041e+03   3.2765373e+04
   1.1312666e+03   3.2618219e+04
   1.1303281e+03   3.2812355e+04
   1.1293906e+03   3.2649250e+04
   1.1284521e+03   3.2344955e+04
   1.1275137e+03   3.2251266e+04
   1.1265762e+03   3.2421346e+04
   1.1256367e+03   3.2452861e+04
   1.1246982e+03   3.2143486e+04
   1.1237598e+03   3.2217639e+04
   1.1228203e+03   3.1990939e+04
   1.1218809e+03   3.1780291e+04
   1.1209414e+03   3.1774627e+04
   1.1200020e+03   3.1468303e+04
   1.1190625e+03   3.1587725e+04
   1.1181221e+03   3.1720402e+04
   1.1171826e+03   3.1387654e+04
   1.1162422e+03   3.1560201e+04
   1.1153018e+03   3.1243547e+04
   1.1143613e+03   3.1365555e+04
   1.1134199e+03   3.1383877e+04
   1.1124795e+03   3.1064764e+04
   1.1115381e+03   3.0767014e+04
   1.1105967e+03   3.0796055e+04
   1.1096553e+03   3.0870227e+04
   1.1087139e+03   3.0291234e+04
   1.1077725e+03   3.0545977e+04
   1.1068301e+03   3.0710389e+04
   1.1058877e+03   3.0497928e+04
   1.1049453e+03   3.0460648e+04
   1.1040029e+03   3.0349107e+04
   1.1030605e+03   3.0521389e+04
   1.1021182e+03   3.0582234e+04
   1.1011748e+03   3.0157879e+04
   1.1002314e+03   3.0192258e+04
   1.0992881e+03   3.0390941e+04
   1.0983447e+03   3.0443812e+04
   1.0974014e+03   3.0115156e+04
   1.0964580e+03   3.0032963e+04
   1.0955137e+03   3.0247418e+04
   1.0945693e+03   3.0191705e+04
   1.0936250e+03   3.0273680e+04
   1.0926807e+03   3.0067102e+04
   1.0917363e+03   3.0217877e+04
   1.0907910e+03   2.9942584e+04
   1.0898467e+03   2.9937234e+04
   1.0889014e+03   2.9580088e+04
   1.0879561e+03   2.9794309e+04
   1.0870107e+03   2.9971432e+04
   1.0860645e+03   3.0219869e+04
   1.0851191e+03   3.0455000e+04
   1.0841729e+03   3.0312135e+04
   1.0832266e+03   3.0755902e+04
   1.0822803e+03   3.0047689e+04
   1.0813340e+03   3.0483418e+04
   1.0803877e+03   3.0874096e+04
   1.0794404e+03   3.0657348e+04
   1.0784932e+03   3.0749543e+04
   1.0775459e+03   3.0725568e+04
   1.0765986e+03   3.1126473e+04
   1.0756514e+03   3.0508779e+04
   1.0747041e+03   3.0804057e+04
   1.0737559e+03   3.0637658e+04
   1.0728076e+03   3.0600533e+04
   1.0718594e+03   3.0837627e+04
   1.0709111e+03   3.0958645e+04
   1.0699629e+03   3.0592021e+04
   1.0690137e+03   3.0386273e+04
   1.0680654e+03   3.0517842e+04
   1.0671162e+03   3.0865369e+04
   1.0661670e+03   3.0393670e+04
   1.0652178e+03   3.0348730e+04
   1.0642676e+03   3.0509168e+04
   1.0633184e+03   3.0535295e+04
   1.0623682e+03   3.0592994e+04
   1.0614180e+03   3.0216488e+04
   1.0604678e+03   3.0508375e+04
   1.0595176e+03   3.0658111e+04
   1.0585674e+03   3.0152922e+04
   1.0576162e+03   3.0573506e+04
   1.0566650e+03   3.0407658e+04
   1.0557139e+03   3.0462670e+04
   1.0547627e+03   3.0462471e+04
   1.0538115e+03   3.0386068e+04
   1.0528604e+03   3.0194096e+04
   1.0519082e+03   3.0745547e+04
   1.0509561e+03   3.0700646e+04
   1.0500039e+03   3.0364301e+04
   1.0490518e+03   3.0238096e+04
   1.0480996e+03   3.0618525e+04
   1.0471465e+03   3.0665525e+04
   1.0461943e+03   3.0423881e+04
   1.0452412e+03   3.0680770e+04
   1.0442881e+03   3.0719859e+04
   1.0433350e+03   3.1055273e+04
   1.0423809e+03   3.0756043e+04
   1.0414277e+03   3.0517213e+04
   1.0404736e+03   3.0619205e+04
   1.0395195e+03   3.1004184e+04
   1.0385654e+03   3.1313037e+04
   1.0376113e+03   3.1082133e+04
   1.0366572e+03   3.1626586e+04
   1.0357021e+03   3.1432365e+04
   1.0347471e+03   3.1421492e+04
   1.0337920e+03   3.1942027e+04
   1.0328369e+03   3.2088100e+04
   1.0318818e+03   3.2056174e+04
   1.0309268e+03   3.2246650e+04
   1.0299707e+03   3.2272254e+04
   1.0290146e+03   3.2054613e+04
   1.0280586e+03   3.2260674e+04
   1.0271025e+03   3.2301943e+04
   1.0261465e+03   3.2298760e+04
   1.0251895e+03   3.2381822e+04
   1.0242324e+03   3.2658223e+04
   1.0232764e+03   3.2581818e+04
   1.0223184e+03   3.2484545e+04
   1.0213613e+03   3.2640635e+04
   1.0204043e+03   3.2279650e+04
   1.0194463e+03   3.2639357e+04
   1.0184893e+03   3.2777059e+04
   1.0175312e+03   3.2460607e+04
   1.0165732e+03   3.2259078e+04
   1.0156143e+03   3.2605479e+04
   1.0146562e+03   3.2263139e+04
   1.0136973e+03   3.2299070e+04
   1.0127383e+03   3.2199398e+04
   1.0117793e+03   3.2446490e+04
   1.0108203e+03   3.2414596e+04
   1.0098613e+03   3.2614646e+04
   1.0089014e+03   3.2520197e+04
   1.0079424e+03   3.2467459e+04
   1.0069824e+03   3.2367857e+04
   1.0060225e+03   3.2468809e+04
   1.0050625e+03   3.2218225e+04
   1.0041016e+03   3.2733080e+04
   1.0031416e+03   3.2927605e+04
   1.0021807e+03   3.2809789e+04
   1.0012197e+03   3.3181152e+04
   1.0002588e+03   3.3505559e+04
   9.9929785e+02   3.3156215e+04
   9.9833594e+02   3.3813359e+04
   9.9737500e+02   3.3289887e+04
   9.9641309e+02   3.3471062e+04
   9.9545117e+02   3.3168750e+04
   9.9448926e+02   3.3025062e+04
   9.9352637e+02   3.3323094e+04
   9.9256445e+02   3.3135266e+04
   9.9160156e+02   3.3131898e+04
   9.9063867e+02   3.3357043e+04
   9.8967578e+02   3.2940836e+04
   9.8871289e+02   3.3028355e+04
   9.8774902e+02   3.2682428e+04
   9.8678613e+02   3.2622053e+04
   9.8582227e+02   3.2862645e+04
   9.8485840e+02   3.2529896e+04
   9.8389453e+02   3.2832656e+04
   9.8293066e+02   3.3189758e+04
   9.8196582e+02   3.2875273e+04
   9.8100195e+02   3.2869355e+04
   9.8003711e+02   3.3226250e+04
   9.7907227e+02   3.3393871e+04
   9.7810742e+02   3.3558836e+04
   9.7714160e+02   3.3700426e+04
   9.7617676e+02   3.3893762e+04
   9.7521094e+02   3.4138809e+04
   9.7424512e+02   3.4370824e+04
   9.7327930e+02   3.4380160e+04
   9.7231348e+02   3.4705203e+04
   9.7134668e+02   3.4530770e+04
   9.7038086e+02   3.4304664e+04
   9.6941406e+02   3.4632129e+04
   9.6844727e+02   3.4571578e+04
   9.6748047e+02   3.4707547e+04
   9.6651367e+02   3.4874488e+04
   9.6554590e+02   3.4881121e+04
   9.6457812e+02   3.4270156e+04
   9.6361133e+02   3.4266559e+04
   9.6264258e+02   3.4384371e+04
   9.6167480e+02   3.4187051e+04
   9.6070703e+02   3.4209289e+04
   9.5973828e+02   3.3753895e+04
   9.5877051e+02   3.3771035e+04
   9.5780176e+02   3.3597191e+04
   9.5683301e+02   3.3756273e+04
   9.5586328e+02   3.3438016e+04
   9.5489453e+02   3.3808578e+04
   9.5392480e+02   3.3325367e+04
   9.5295508e+02   3.3615879e+04
   9.5198535e+02   3.3346855e+04
   9.5101562e+02   3.3634676e+04
   9.5004590e+02   3.3327086e+04
   9.4907520e+02   3.3357141e+04
   9.4810449e+02   3.3345969e+04
   9.4713477e+02   3.3182828e+04
   9.4616309e+02   3.3166535e+04
   9.4519238e+02   3.3016359e+04
   9.4422168e+02   3.3054160e+04
   9.4325000e+02   3.2968402e+04
   9.4227832e+02   3.2944434e+04
   9.4130664e+02   3.2971930e+04
   9.4033496e+02   3.3243801e+04
   9.3936328e+02   3.2851996e+04
   9.3839062e+02   3.2902633e+04
   9.3741895e+02   3.3050953e+04
   9.3644629e+02   3.3206930e+04
   9.3547363e+02   3.3301164e+04
   9.3450000e+02   3.3423629e+04
   9.3352734e+02   3.3147820e+04
   9.3255371e+02   3.3421820e+04
   9.3158105e+02   3.3053652e+04
   9.3060742e+02   3.3229992e+04
   9.2963379e+02   3.3318977e+04
   9.2865918e+02   3.3030598e+04
   9.2768555e+02   3.2714088e+04
   9.2671094e+02   3.2867262e+04
   9.2573633e+02   3.2658645e+04
   9.2476172e+02   3.2850246e+04
   9.2378711e+02   3.2718641e+04
   9.2281250e+02   3.2738363e+04
   9.2183691e+02   3.2324824e+04
   9.2086133e+02   3.2654752e+04
   9.1988574e+02   3.2759039e+04
   9.1891016e+02   3.2850477e+04
   9.1793457e+02   3.2816355e+04
   9.1695801e+02   3.2631123e+04
   9.1598242e+02   3.2809602e+04
   9.1500586e+02   3.2903516e+04
   9.1402930e+02   3.2889883e+04
   9.1305273e+02   3.2556318e+04
   9.1207520e+02   3.2926598e+04
   9.1109863e+02   3.3281391e+04
   9.1012109e+02   3.2766309e+04
   9.0914355e+02   3.2642725e+04
   9.0816602e+02   3.2690514e+04
   9.0718848e+02   3.2930035e+04
   9.0620996e+02   3.2768145e+04
   9.0523145e+02   3.2659979e+04
   9.0425391e+02   3.2940254e+04
   9.0327539e+02   3.2745230e+04
   9.0229590e+02   3.2775059e+04
   9.0131738e+02   3.3070484e+04
   9.0033789e+02   3.2650834e+04
   8.9935938e+02   3.2736824e+04
   8.9837988e+02   3.2718131e+04
   8.9740039e+02   3.3049070e+04
   8.9641992e+02   3.2861918e+04
   8.9544043e+02   3.2952906e+04
   8.9445996e+02   3.2554131e+04
   8.9347949e+02   3.3004715e+04
   8.9249902e+02   3.2590775e+04
   8.9151855e+02   3.2778609e+04
   8.9053809e+02   3.2675812e+04
   8.8955664e+02   3.2606180e+04
   8.8857520e+02   3.2556951e+04
   8.8759375e+02   3.2665682e+04
   8.8661230e+02   3.2720885e+04
   8.8563086e+02   3.2498498e+04
   8.8464844e+02   3.2945797e+04
   8.8366699e+02   3.3008551e+04
   8.8268457e+02   3.3152727e+04
   8.8170215e+02   3.2950773e+04
   8.8071973e+02   3.2985500e+04
   8.7973633e+02   3.3020215e+04
   8.7875391e+02   3.2965902e+04
   8.7777051e+02   3.3031117e+04
   8.7678711e+02   3.3213254e+04
   8.7580371e+02   3.3067422e+04
   8.7482031e+02   3.3211363e+04
   8.7383594e+02   3.3200254e+04
   8.7285156e+02   3.3295848e+04
   8.7186816e+02   3.3317742e+04
   8.7088379e+02   3.3184711e+04
   8.6989844e+02   3.3524008e+04
   8.6891406e+02   3.3535688e+04
   8.6792871e+02   3.3179328e+04
   8.6694434e+02   3.3548887e+04
   8.6595898e+02   3.3639207e+04
   8.6497266e+02   3.3633098e+04
   8.6398730e+02   3.3555969e+04
   8.6300195e+02   3.3420543e+04
   8.6201562e+02   3.3751684e+04
   8.6102930e+02   3.3836809e+04
   8.6004297e+02   3.3338965e+04
   8.5905664e+02   3.3604051e+04
   8.5806934e+02   3.3772758e+04
   8.5708301e+02   3.3726090e+04
   8.5609570e+02   3.3884582e+04
   8.5510840e+02   3.3787266e+04
   8.5412109e+02   3.3872266e+04
   8.5313379e+02   3.3818012e+04
   8.5214551e+02   3.3465141e+04
   8.5115723e+02   3.3914520e+04
   8.5016895e+02   3.3984250e+04
   8.4918066e+02   3.3821242e+04
   8.4819238e+02   3.4262723e+04
   8.4720410e+02   3.4342461e+04
   8.4621484e+02   3.4424695e+04
   8.4522559e+02   3.4342605e+04
   8.4423633e+02   3.3818289e+04
   8.4324707e+02   3.3789398e+04
   8.4225781e+02   3.4167234e+04
   8.4126758e+02   3.3868027e+04
   8.4027734e+02   3.3720449e+04
   8.3928711e+02   3.3858227e+04
   8.3829688e+02   3.3662734e+04
   8.3730664e+02   3.3848426e+04
   8.3631543e+02   3.3923016e+04
   8.3532520e+02   3.3823488e+04
   8.3433398e+02   3.3565074e+04
   8.3334277e+02   3.3490867e+04
   8.3235156e+02   3.3716758e+04
   8.3135938e+02   3.3685406e+04
   8.3036816e+02   3.3815391e+04
   8.2937598e+02   3.3968008e+04
   8.2838379e+02   3.3929062e+04
   8.2739160e+02   3.4144582e+04
   8.2639941e+02   3.4188742e+04
   8.2540625e+02   3.3970965e+04
   8.2441309e+02   3.3987438e+04
   8.2341992e+02   3.4187680e+04
   8.2242676e+02   3.4717578e+04
   8.2143359e+02   3.4177734e+04
   8.2044043e+02   3.4224344e+04
   8.1944629e+02   3.3782895e+04
   8.1845215e+02   3.3749070e+04
   8.1745801e+02   3.3825906e+04
   8.1646387e+02   3.3983168e+04
   8.1546973e+02   3.3637605e+04
   8.1447461e+02   3.3274570e+04
   8.1347949e+02   3.3587645e+04
   8.1248535e+02   3.2953402e+04
   8.1148926e+02   3.3386996e+04
   8.1049414e+02   3.2903711e+04
   8.0949902e+02   3.2493426e+04
   8.0850293e+02   3.2899242e+04
   8.0750684e+02   3.2812914e+04
   8.0651074e+02   3.2613680e+04
   8.0551465e+02   3.2462191e+04
   8.0451758e+02   3.2534041e+04
   8.0352148e+02   3.2410213e+04
   8.0252441e+02   3.2351631e+04
   8.0152734e+02   3.1999703e+04
   8.0053027e+02   3.2116703e+04
   7.9953320e+02   3.2248699e+04
   7.9853516e+02   3.2079918e+04
   7.9753711e+02   3.1941266e+04
   7.9653906e+02   3.1955475e+04
   7.9554102e+02   3.1944631e+04
   7.9454297e+02   3.2434633e+04
   7.9354492e+02   3.1892904e+04
   7.9254590e+02   3.1897092e+04
   7.9154688e+02   3.2043939e+04
   7.9054785e+02   3.2133178e+04
   7.8954883e+02   3.2084775e+04
   7.8854980e+02   3.2098926e+04
   7.8754980e+02   3.2163090e+04
   7.8654980e+02   3.1964670e+04
   7.8554980e+02   3.2243840e+04
   7.8454980e+02   3.2307938e+04
   7.8354980e+02   3.2407000e+04
   7.8254883e+02   3.2091234e+04
   7.8154883e+02   3.2442621e+04
   7.8054785e+02   3.2599049e+04
   7.7954688e+02   3.2053660e+04
   7.7854492e+02   3.2464783e+04
   7.7754395e+02   3.2666053e+04
   7.7654199e+02   3.2353072e+04
   7.7554004e+02   3.2284768e+04
   7.7453809e+02   3.2358705e+04
   7.7353613e+02   3.2659627e+04
   7.7253418e+02   3.2354354e+04
   7.7153125e+02   3.3106523e+04
   7.7052832e+02   3.3232609e+04
   7.6952539e+02   3.3248965e+04
   7.6852246e+02   3.3060941e+04
   7.6751953e+02   3.3005055e+04
   7.6651562e+02   3.3497301e+04
   7.6551270e+02   3.3568391e+04
   7.6450879e+02   3.3392891e+04
   7.6350488e+02   3.3461480e+04
   7.6250000e+02   3.3079426e+04
   7.6149609e+02   3.3232676e+04
   7.6049121e+02   3.3176820e+04
   7.5948730e+02   3.2996566e+04
   7.5848145e+02   3.2903453e+04
   7.5747656e+02   3.3001898e+04
   7.5647168e+02   3.2966012e+04
   7.5546582e+02   3.2937594e+04
   7.5445996e+02   3.3456102e+04
   7.5345508e+02   3.3206395e+04
   7.5244824e+02   3.3083512e+04
   7.5144238e+02   3.3564434e+04
   7.5043555e+02   3.3908551e+04
   7.4942969e+02   3.3698676e+04
   7.4842285e+02   3.3834043e+04
   7.4741602e+02   3.4006605e+04
   7.4640820e+02   3.4469531e+04
   7.4540137e+02   3.5537863e+04
   7.4439355e+02   3.5856414e+04
   7.4338574e+02   3.7025816e+04
   7.4237793e+02   3.7939293e+04
   7.4137012e+02   3.9442688e+04
   7.4036230e+02   4.1295152e+04
   7.3935352e+02   4.2943645e+04
   7.3834473e+02   4.4177594e+04
   7.3733594e+02   4.4732047e+04
   7.3632715e+02   4.4793223e+04
   7.3531836e+02   4.3509188e+04
   7.3430859e+02   4.2790344e+04
   7.3329883e+02   4.1497238e+04
   7.3228906e+02   3.9791117e+04
   7.3127930e+02   3.7942043e+04
   7.3026953e+02   3.7016840e+04
   7.2925977e+02   3.5943496e+04
   7.2824902e+02   3.5516297e+04
   7.2723828e+02   3.4770145e+04
   7.2622754e+02   3.4093520e+04
   7.2521680e+02   3.3619906e+04
   7.2420508e+02   3.3509898e+04
   7.2319336e+02   3.3086000e+04
   7.2218262e+02   3.2889625e+04
   7.2117090e+02   3.2275730e+04
   7.2015820e+02   3.2509443e+04
   7.1914648e+02   3.2226826e+04
   7.1813379e+02   3.1983826e+04
   7.1712207e+02   3.1958199e+04
   7.1610938e+02   3.2162170e+04
   7.1509570e+02   3.2252523e+04
   7.1408301e+02   3.1901107e+04
   7.1306934e+02   3.1890312e+04
   7.1205664e+02   3.1452750e+04
   7.1104297e+02   3.1839133e+04
   7.1002930e+02   3.1480646e+04
   7.0901465e+02   3.1696760e+04
   7.0800098e+02   3.1759957e+04
   7.0698633e+02   3.1887209e+04
   7.0597168e+02   3.1565934e+04
   7.0495703e+02   3.1700562e+04
   7.0394238e+02   3.1327711e+04
   7.0292676e+02   3.1299785e+04
   7.0191211e+02   3.1269406e+04
   7.0089648e+02   3.1586166e+04
   6.9988086e+02   3.1491746e+04
   6.9886523e+02   3.1596699e+04
   6.9784863e+02   3.1571203e+04
   6.9683301e+02   3.1280027e+04
   6.9581641e+02   3.1495641e+04
   6.9479980e+02   3.1374264e+04
   6.9378320e+02   3.1533229e+04
   6.9276562e+02   3.1628215e+04
   6.9174902e+02   3.1760033e+04
   6.9073145e+02   3.1687840e+04
   6.8971387e+02   3.1979297e+04
   6.8869629e+02   3.1970955e+04
   6.8767773e+02   3.2296633e+04
   6.8666016e+02   3.2023031e+04
   6.8564160e+02   3.2387859e+04
   6.8462305e+02   3.2158521e+04
   6.8360449e+02   3.2309672e+04
   6.8258594e+02   3.1884129e+04
   6.8156641e+02   3.1988656e+04
   6.8054785e+02   3.1847859e+04
   6.7952832e+02   3.2025924e+04
   6.7850879e+02   3.1853293e+04
   6.7748926e+02   3.2607391e+04
   6.7646875e+02   3.1814598e+04
   6.7544824e+02   3.1931268e+04
   6.7442871e+02   3.2187549e+04
   6.7340820e+02   3.1966047e+04
   6.7238672e+02   3.1965055e+04
   6.7136621e+02   3.1726529e+04
   6.7034473e+02   3.1980207e+04
   6.6932422e+02   3.2422275e+04
   6.6830273e+02   3.1806889e+04
   6.6728027e+02   3.2329574e+04
   6.6625879e+02   3.2203734e+04
   6.6523633e+02   3.2029018e+04
   6.6421484e+02   3.2301914e+04
   6.6319238e+02   3.2144357e+04
   6.6216992e+02   3.1955074e+04
   6.6114648e+02   3.2276715e+04
   6.6012402e+02   3.2752197e+04
   6.5910059e+02   3.2648420e+04
   6.5807715e+02   3.2928223e+04
   6.5705371e+02   3.2953898e+04
   6.5603027e+02   3.2891652e+04
   6.5500586e+02   3.2931977e+04
   6.5398145e+02   3.3018660e+04
   6.5295703e+02   3.2561043e+04
   6.5193262e+02   3.3104086e+04
   6.5090820e+02   3.2773484e+04
   6.4988379e+02   3.2921113e+04
   6.4885840e+02   3.2815043e+04
   6.4783301e+02   3.3264973e+04
   6.4680762e+02   3.2681031e+04
   6.4578223e+02   3.3213691e+04
   6.4475586e+02   3.2939480e+04
   6.4373047e+02   3.3101523e+04
   6.4270410e+02   3.2688570e+04
   6.4167773e+02   3.2999180e+04
   6.4065137e+02   3.2793391e+04
   6.3962402e+02   3.2787332e+04
   6.3859766e+02   3.2713115e+04
   6.3757031e+02   3.3108668e+04
   6.3654297e+02   3.2632893e+04
   6.3551562e+02   3.2806906e+04
   6.3448730e+02   3.2893281e+04
   6.3345996e+02   3.2716955e+04
   6.3243164e+02   3.2958941e+04
   6.3140332e+02   3.3191109e+04
   6.3037500e+02   3.2946758e+04
   6.2934570e+02   3.3006285e+04
   6.2831738e+02   3.3418125e+04
   6.2728809e+02   3.3268609e+04
   6.2625879e+02   3.3109434e+04
   6.2522949e+02   3.3040168e+04
   6.2420020e+02   3.3087477e+04
   6.2316992e+02   3.3023098e+04
   6.2214062e+02   3.2601939e+04
   6.2111035e+02   3.2843438e+04
   6.2007910e+02   3.2461287e+04
   6.1904883e+02   3.2790047e+04
   6.1801855e+02   3.2150955e+04
   6.1698730e+02   3.2079533e+04
   6.1595605e+02   3.1794781e+04
   6.1492480e+02   3.1837379e+04
   6.1389355e+02   3.1870266e+04
   6.1286133e+02   3.1706863e+04
   6.1183008e+02   3.1802748e+04
   6.1079785e+02   3.1564324e+04
   6.0976562e+02   3.1200057e+04
   6.0873242e+02   3.1344404e+04
   6.0770020e+02   3.1360389e+04
   6.0666699e+02   3.1478025e+04
   6.0563379e+02   3.1414117e+04
   6.0460059e+02   3.1284902e+04
   6.0356738e+02   3.1625041e+04
   6.0253418e+02   3.1425691e+04
   6.0150000e+02   3.1243340e+04
   6.0046582e+02   3.1266566e+04
   5.9943164e+02   3.1185838e+04
   5.9839746e+02   3.1516004e+04
   5.9736328e+02   3.1316852e+04
   5.9632812e+02   3.1151594e+04
   5.9529297e+02   3.1341480e+04
   5.9425781e+02   3.1246312e+04
   5.9322266e+02   3.0805889e+04
   5.9218750e+02   3.1176791e+04
   5.9115137e+02   3.1004465e+04
   5.9011523e+02   3.1037330e+04
   5.8907910e+02   3.1128090e+04
   5.8804297e+02   3.1281537e+04
   5.8700684e+02   3.1360154e+04
   5.8596973e+02   3.1028787e+04
   5.8493262e+02   3.1225561e+04
   5.8389551e+02   3.1535559e+04
   5.8285840e+02   3.1462225e+04
   5.8182129e+02   3.1805799e+04
   5.8078320e+02   3.1727619e+04
   5.7974512e+02   3.1697646e+04
   5.7870703e+02   3.1804959e+04
   5.7766895e+02   3.1825545e+04
   5.7663086e+02   3.1759451e+04
   5.7559180e+02   3.2068879e+04
   5.7455371e+02   3.1822270e+04
   5.7351465e+02   3.1537250e+04
   5.7247559e+02   3.2063055e+04
   5.7143555e+02   3.1941650e+04
   5.7039648e+02   3.1914078e+04
   5.6935645e+02   3.1792744e+04
   5.6831641e+02   3.1654627e+04
   5.6727637e+02   3.1845832e+04
   5.6623633e+02   3.2171533e+04
   5.6519531e+02   3.2088678e+04
   5.6415430e+02   3.2092326e+04
   5.6311328e+02   3.1944666e+04
   5.6207227e+02   3.2080404e+04
   5.6103125e+02   3.2309721e+04
   5.5998926e+02   3.1974873e+04
   5.5894824e+02   3.2444109e+04
   5.5790625e+02   3.2351701e+04
   5.5686426e+02   3.2628771e+04
   5.5582129e+02   3.2404439e+04
   5.5477930e+02   3.2381631e+04
   5.5373633e+02   3.2886312e+04
   5.5269336e+02   3.2698012e+04
   5.5165039e+02   3.2334814e+04
   5.5060742e+02   3.2913508e+04
   5.4956348e+02   3.2624672e+04
   5.4852051e+02   3.2568303e+04
   5.4747656e+02   3.2368252e+04
   5.4643262e+02   3.2843535e+04
   5.4538770e+02   3.2808699e+04
   5.4434375e+02   3.2941426e+04
   5.4329883e+02   3.2650508e+04
   5.4225391e+02   3.2788000e+04
   5.4120898e+02   3.2545061e+04
   5.4016406e+02   3.2419412e+04
   5.3911816e+02   3.2406205e+04
   5.3807324e+02   3.2691875e+04
   5.3702734e+02   3.2585389e+04
   5.3598145e+02   3.2225592e+04
   5.3493457e+02   3.2527857e+04
   5.3388867e+02   3.2378451e+04
   5.3284180e+02   3.2499027e+04
   5.3179492e+02   3.2810621e+04
   5.3074805e+02   3.2539461e+04
   5.2970117e+02   3.2870027e+04
   5.2865332e+02   3.2902098e+04
   5.2760645e+02   3.2790965e+04
   5.2655859e+02   3.3343203e+04
   5.2551074e+02   3.2852707e+04
   5.2446289e+02   3.3452426e+04
   5.2341406e+02   3.3520121e+04
   5.2236523e+02   3.4131414e+04
   5.2131641e+02   3.3953418e+04
   5.2026758e+02   3.3808852e+04
   5.1921875e+02   3.3762043e+04
   5.1816992e+02   3.2912332e+04
   5.1712012e+02   3.2658461e+04
   5.1607031e+02   3.3035820e+04
   5.1502051e+02   3.2832023e+04
   5.1397070e+02   3.2409270e+04
   5.1291992e+02   3.2381805e+04
   5.1187012e+02   3.2256773e+04
   5.1081934e+02   3.2312625e+04
   5.0976855e+02   3.1975920e+04
   5.0871680e+02   3.2448045e+04
   5.0766602e+02   3.2337355e+04
   5.0661426e+02   3.2029363e+04
   5.0556250e+02   3.2246846e+04
   5.0451074e+02   3.1943736e+04
   5.0345898e+02   3.2260957e+04
   5.0240625e+02   3.2069619e+04
   5.0135449e+02   3.1937736e+04
   5.0030176e+02   3.1665779e+04
   4.9924902e+02   3.1733480e+04
   4.9819531e+02   3.1922234e+04
   4.9714258e+02   3.2179754e+04
   4.9608887e+02   3.2280541e+04
   4.9503516e+02   3.2172486e+04
   4.9398145e+02   3.2138012e+04
   4.9292773e+02   3.2248234e+04
   4.9187305e+02   3.2403473e+04
   4.9081934e+02   3.2217225e+04
   4.8976465e+02   3.2343961e+04
   4.8870996e+02   3.2515680e+04
   4.8765430e+02   3.2246572e+04
   4.8659961e+02   3.2463258e+04
   4.8554395e+02   3.2279533e+04
   4.8448828e+02   3.1975092e+04
   4.8343262e+02   3.2054363e+04
   4.8237695e+02   3.2204627e+04
   4.8132031e+02   3.2160736e+04
   4.8026367e+02   3.2313287e+04
   4.7920703e+02   3.2259926e+04
   4.7815039e+02   3.2433689e+04
   4.7709375e+02   3.2356670e+04
   4.7603613e+02   3.2475955e+04
   4.7497949e+02   3.2472250e+04
   4.7392188e+02   3.2376350e+04
   4.7286426e+02   3.2398658e+04
   4.7180566e+02   3.2482395e+04
   4.7074805e+02   3.2485771e+04
   4.6968945e+02   3.2333242e+04
   4.6863086e+02   3.2468898e+04
   4.6757227e+02   3.2472270e+04
   4.6651270e+02   3.2751857e+04
   4.6545410e+02   3.2691441e+04
   4.6439453e+02   3.2291213e+04
   4.6333496e+02   3.2716961e+04
   4.6227539e+02   3.2540986e+04
   4.6121582e+02   3.2440553e+04
   4.6015527e+02   3.2651436e+04
   4.5909473e+02   3.2416623e+04
   4.5803418e+02   3.2563779e+04
   4.5697363e+02   3.2512904e+04
   4.5591309e+02   3.2398422e+04
   4.5485156e+02   3.2618531e+04
   4.5379004e+02   3.2939844e+04
   4.5272852e+02   3.2978422e+04
   4.5166699e+02   3.2998148e+04
   4.5060547e+02   3.2928406e+04
   4.4954297e+02   3.3204691e+04
   4.4848047e+02   3.2873711e+04
   4.4741797e+02   3.2978141e+04
   4.4635547e+02   3.3287191e+04
   4.4529297e+02   3.3683148e+04
   4.4422949e+02   3.3453438e+04
   4.4316602e+02   3.3686984e+04
   4.4210254e+02   3.4000367e+04
   4.4103906e+02   3.3587402e+04
   4.3997461e+02   3.3848984e+04
   4.3891113e+02   3.4079926e+04
   4.3784668e+02   3.3897367e+04
   4.3678223e+02   3.3947379e+04
   4.3571680e+02   3.4262695e+04
   4.3465234e+02   3.4329047e+04
   4.3358691e+02   3.4327305e+04
   4.3252148e+02   3.4083848e+04
   4.3145605e+02   3.4337895e+04
   4.3039062e+02   3.3742648e+04
   4.2932520e+02   3.4036531e+04
   4.2825879e+02   3.3748750e+04
   4.2719238e+02   3.3988594e+04
   4.2612598e+02   3.4031445e+04
   4.2505957e+02   3.3619609e+04
   4.2399219e+02   3.3606270e+04
   4.2292480e+02   3.3869383e+04
   4.2185742e+02   3.3916898e+04
   4.2079004e+02   3.3659953e+04
   4.1972266e+02   3.4086801e+04
   4.1865430e+02   3.3790117e+04
   4.1758691e+02   3.4319766e+04
   4.1651855e+02   3.4217379e+04
   4.1544922e+02   3.4026117e+04
   4.1438086e+02   3.4405707e+04
   4.1331250e+02   3.4584012e+04
   4.1224316e+02   3.3957848e+04
   4.1117383e+02   3.4447113e+04
   4.1010449e+02   3.4564527e+04
   4.0903418e+02   3.4279926e+04
   4.0796484e+02   3.4619305e+04
   4.0689453e+02   3.4743629e+04
   4.0582422e+02   3.5197242e+04
   4.0475391e+02   3.5547930e+04
   4.0368262e+02   3.5963859e+04
   4.0261133e+02   3.5553246e+04
   4.0154102e+02   3.5460207e+04
