   2.0012861e+03   3.5763242e+04
   2.0004980e+03   3.5785457e+04
   1.9997109e+03   3.5757285e+04
   1.9989229e+03   3.5630781e+04
   1.9981338e+03   3.6024484e+04
   1.9973457e+03   3.5996281e+04
   1.9965576e+03   3.6006137e+04
   1.9957686e+03   3.5756039e+04
   1.9949805e+03   3.6054363e+04
   1.9941914e+03   3.6270188e+04
   1.9934023e+03   3.6454258e+04
   1.9926133e+03   3.5925457e+04
   1.9918242e+03   3.5976484e+04
   1.9910342e+03   3.6043328e+04
   1.9902451e+03   3.5841000e+04
   1.9894551e+03   3.6252926e+04
   1.9886650e+03   3.6386156e+04
   1.9878750e+03   3.6519344e+04
   1.9870850e+03   3.6332887e+04
   1.9862949e+03   3.6225586e+04
   1.9855049e+03   3.6440977e+04
   1.9847148e+03   3.6700566e+04
   1.9839238e+03   3.6517363e+04
   1.9831328e+03   3.6403773e+04
   1.9823428e+03   3.6372410e+04
   1.9815518e+03   3.6407434e+04
   1.9807598e+03   3.6603605e+04
   1.9799688e+03   3.6546945e+04
   1.9791777e+03   3.6310234e+04
   1.9783857e+03   3.7280164e+04
   1.9775947e+03   3.7176043e+04
   1.9768027e+03   3.6588863e+04
   1.9760107e+03   3.6986848e+04
   1.9752188e+03   3.6649250e+04
   1.9744268e+03   3.6946098e+04
   1.9736348e+03   3.6756922e+04
   1.9728418e+03   3.7126211e+04
   1.9720488e+03   3.6672102e+04
   1.9712568e+03   3.7098047e+04
   1.9704639e+03   3.6902656e+04
   1.9696709e+03   3.7382016e+04
   1.9688779e+03   3.6675984e+04
   1.9680850e+03   3.6966117e+04
   1.9672910e+03   3.7067082e+04
   1.9664980e+03   3.6815141e+04
   1.9657041e+03   3.7054703e+04
   1.9649102e+03   3.6705207e+04
   1.9641162e+03   3.7464297e+04
   1.9633223e+03   3.7316355e+04
   1.9625283e+03   3.7489555e+04
   1.9617344e+03   3.7259820e+04
   1.9609395e+03   3.7241008e+04
   1.9601445e+03   3.7508523e+04
   1.9593506e+03   3.7354398e+04
   1.9585557e+03   3.7536879e+04
   1.9577607e+03   3.7389086e+04
   1.9569658e+03   3.7719281e+04
   1.9561699e+03   3.7552641e+04
   1.9553750e+03   3.7945559e+04
   1.9545791e+03   3.7565230e+04
   1.9537842e+03   3.8017711e+04
   1.9529883e+03   3.7574660e+04
   1.9521924e+03   3.7722297e+04
   1.9513965e+03   3.7486723e+04
   1.9505996e+03   3.7577797e+04
   1.9498037e+03   3.8120941e+04
   1.9490068e+03   3.7781824e+04
   1.9482109e+03   3.8014035e+04
   1.9474141e+03   3.7467938e+04
   1.9466172e+03   3.7759730e+04
   1.9458203e+03   3.7734594e+04
   1.9450234e+03   3.8079562e+04
   1.9442256e+03   3.7797230e+04
   1.9434287e+03   3.8145203e+04
   1.9426309e+03   3.8041641e+04
   1.9418340e+03   3.8408262e+04
   1.9410361e+03   3.7781336e+04
   1.9402383e+03   3.8110277e+04
   1.9394395e+03   3.8128961e+04
   1.9386416e+03   3.8307383e+04
   1.9378438e+03   3.8015984e+04
   1.9370449e+03   3.8206883e+04
   1.9362461e+03   3.8814102e+04
   1.9354482e+03   3.7940551e+04
   1.9346494e+03   3.8641492e+04
   1.9338496e+03   3.7927848e+04
   1.9330508e+03   3.8490895e+04
   1.9322520e+03   3.8190414e+04
   1.9314521e+03   3.7936941e+04
   1.9306533e+03   3.8524719e+04
   1.9298535e+03   3.8130582e+04
   1.9290537e+03   3.8474305e+04
   1.9282539e+03   3.8474109e+04
   1.9274531e+03   3.8517664e+04
   1.9266533e+03   3.8361238e+04
   1.9258535e+03   3.8548492e+04
   1.9250527e+03   3.8685707e+04
   1.9242520e+03   3.8644871e+04
   1.9234512e+03   3.8741434e+04
   1.9226504e+03   3.9003410e+04
   1.9218496e+03   3.8659781e+04
   1.9210488e+03   3.8718836e+04
   1.9202471e+03   3.8715465e+04
   1.9194463e+03   3.8690258e+04
   1.9186445e+03   3.8493504e+04
   1.9178428e+03   3.8979793e+04
   1.9170410e+03   3.8998203e+04
   1.9162393e+03   3.9004133e+04
   1.9154375e+03   3.8726410e+04
   1.9146348e+03   3.8959891e+04
   1.9138330e+03   3.8925312e+04
   1.9130303e+03   3.8713160e+04
   1.9122275e+03   3.8737816e+04
   1.9114248e+03   3.8830980e+04
   1.9106221e+03   3.9229277e+04
   1.9098193e+03   3.9319211e+04
   1.9090156e+03   3.9119617e+04
   1.9082129e+03   3.9172188e+04
   1.9074092e+03   3.9137609e+04
   1.9066055e+03   3.9137266e+04
   1.9058018e+03   3.9503992e+04
   1.9049980e+03   3.9080586e+04
   1.9041943e+03   3.9385004e+04
   1.9033906e+03   3.8812512e+04
   1.9025859e+03   3.9688871e+04
   1.9017822e+03   3.9327875e+04
   1.9009775e+03   3.9349242e+04
   1.9001729e+03   3.9401672e+04
   1.8993682e+03   3.9413695e+04
   1.8985635e+03   3.9453672e+04
   1.8977578e+03   3.9419094e+04
   1.8969531e+03   3.9685723e+04
   1.8961475e+03   3.9675953e+04
   1.8953428e+03   3.9296809e+04
   1.8945371e+03   3.9491934e+04
   1.8937314e+03   3.9978672e+04
   1.8929258e+03   3.9674121e+04
   1.8921191e+03   3.9679863e+04
   1.8913135e+03   3.9822066e+04
   1.8905068e+03   4.0199887e+04
   1.8897012e+03   4.0097020e+04
   1.8888945e+03   4.0356871e+04
   1.8880879e+03   4.0123836e+04
   1.8872812e+03   4.0113996e+04
   1.8864736e+03   3.9915160e+04
   1.8856670e+03   3.9945625e+04
   1.8848594e+03   4.0282703e+04
   1.8840527e+03   4.0164453e+04
   1.8832451e+03   3.9832598e+04
   1.8824375e+03   4.0138566e+04
   1.8816299e+03   4.0549664e+04
   1.8808223e+03   4.0527371e+04
   1.8800137e+03   4.0396793e+04
   1.8792061e+03   4.0538492e+04
   1.8783975e+03   4.0958520e+04
   1.8775889e+03   4.0493934e+04
   1.8767803e+03   4.0471664e+04
   1.8759717e+03   4.0372109e+04
   1.8751631e+03   4.0294227e+04
   1.8743545e+03   4.0373980e+04
   1.8735449e+03   4.0595848e+04
   1.8727363e+03   4.0839262e+04
   1.8719268e+03   4.0989926e+04
   1.8711172e+03   4.0896551e+04
   1.8703076e+03   4.1346676e+04
   1.8694980e+03   4.0867352e+04
   1.8686875e+03   4.0922211e+04
   1.8678779e+03   4.0946188e+04
   1.8670674e+03   4.1013355e+04
   1.8662578e+03   4.1105180e+04
   1.8654473e+03   4.1345039e+04
   1.8646367e+03   4.0761328e+04
   1.8638252e+03   4.1161516e+04
   1.8630146e+03   4.1311828e+04
   1.8622041e+03   4.1523742e+04
   1.8613926e+03   4.1103742e+04
   1.8605811e+03   4.1235492e+04
   1.8597705e+03   4.1308660e+04
   1.8589590e+03   4.1643648e+04
   1.8581465e+03   4.1199262e+04
   1.8573350e+03   4.1638859e+04
   1.8565234e+03   4.1206938e+04
   1.8557109e+03   4.1763367e+04
   1.8548984e+03   4.1553180e+04
   1.8540869e+03   4.1826230e+04
   1.8532744e+03   4.1680719e+04
   1.8524609e+03   4.1221457e+04
   1.8516484e+03   4.1792789e+04
   1.8508359e+03   4.1693480e+04
   1.8500225e+03   4.1837125e+04
   1.8492100e+03   4.1719395e+04
   1.8483965e+03   4.1967496e+04
   1.8475830e+03   4.2255461e+04
   1.8467695e+03   4.2140789e+04
   1.8459551e+03   4.1758863e+04
   1.8451416e+03   4.1515293e+04
   1.8443271e+03   4.2245398e+04
   1.8435137e+03   4.2210641e+04
   1.8426992e+03   4.1706141e+04
   1.8418848e+03   4.1840316e+04
   1.8410703e+03   4.2106418e+04
   1.8402559e+03   4.1715730e+04
   1.8394404e+03   4.2218012e+04
   1.8386260e+03   4.2394949e+04
   1.8378105e+03   4.2577957e+04
   1.8369951e+03   4.2377578e+04
   1.8361797e+03   4.2103676e+04
   1.8353643e+03   4.2412328e+04
   1.8345488e+03   4.2445016e+04
   1.8337334e+03   4.2453176e+04
   1.8329170e+03   4.2139609e+04
   1.8321016e+03   4.2876930e+04
   1.8312852e+03   4.2474566e+04
   1.8304688e+03   4.2626648e+04
   1.8296523e+03   4.2395930e+04
   1.8288359e+03   4.2581641e+04
   1.8280186e+03   4.2990738e+04
   1.8272021e+03   4.2692742e+04
   1.8263848e+03   4.2094973e+04
   1.8255674e+03   4.3039332e+04
   1.8247500e+03   4.2839355e+04
   1.8239326e+03   4.2749547e+04
   1.8231152e+03   4.2626129e+04
   1.8222979e+03   4.2848227e+04
   1.8214795e+03   4.2966320e+04
   1.8206621e+03   4.3127156e+04
   1.8198438e+03   4.3089312e+04
   1.8190254e+03   4.3372281e+04
   1.8182070e+03   4.3178613e+04
   1.8173887e+03   4.3241566e+04
   1.8165703e+03   4.2892246e+04
   1.8157510e+03   4.2723180e+04
   1.8149326e+03   4.3170805e+04
   1.8141133e+03   4.3316117e+04
   1.8132939e+03   4.2982270e+04
   1.8124746e+03   4.3435723e+04
   1.8116553e+03   4.3172129e+04
   1.8108350e+03   4.3213633e+04
   1.8100156e+03   4.3130090e+04
   1.8091953e+03   4.3592352e+04
   1.8083760e+03   4.3356340e+04
   1.8075557e+03   4.3333770e+04
   1.8067354e+03   4.3189301e+04
   1.8059141e+03   4.3477555e+04
   1.8050938e+03   4.3750480e+04
   1.8042734e+03   4.3703480e+04
   1.8034521e+03   4.3132684e+04
   1.8026309e+03   4.3649113e+04
   1.8018096e+03   4.4153191e+04
   1.8009883e+03   4.3561293e+04
   1.8001670e+03   4.3483926e+04
   1.7993457e+03   4.3677395e+04
   1.7985234e+03   4.3612199e+04
   1.7977021e+03   4.3416227e+04
   1.7968799e+03   4.3840746e+04
   1.7960576e+03   4.3781633e+04
   1.7952354e+03   4.3622207e+04
   1.7944131e+03   4.4022156e+04
   1.7935908e+03   4.3877938e+04
   1.7927676e+03   4.4174383e+04
   1.7919453e+03   4.3689902e+04
   1.7911221e+03   4.4092598e+04
   1.7902988e+03   4.4391891e+04
   1.7894756e+03   4.4026043e+04
   1.7886523e+03   4.4592426e+04
   1.7878291e+03   4.4442199e+04
   1.7870049e+03   4.4380039e+04
   1.7861816e+03   4.4190441e+04
   1.7853574e+03   4.4228469e+04
   1.7845332e+03   4.4669953e+04
   1.7837090e+03   4.4504664e+04
   1.7828848e+03   4.4803414e+04
   1.7820596e+03   4.4716988e+04
   1.7812354e+03   4.5121703e+04
   1.7804102e+03   4.5159523e+04
   1.7795859e+03   4.4448789e+04
   1.7787607e+03   4.4950297e+04
   1.7779355e+03   4.5012359e+04
   1.7771104e+03   4.4498887e+04
   1.7762842e+03   4.4863848e+04
   1.7754590e+03   4.5053059e+04
   1.7746328e+03   4.5039367e+04
   1.7738076e+03   4.5289020e+04
   1.7729814e+03   4.5423582e+04
   1.7721553e+03   4.5158680e+04
   1.7713281e+03   4.5226656e+04
   1.7705020e+03   4.5890512e+04
   1.7696758e+03   4.5516781e+04
   1.7688486e+03   4.5877969e+04
   1.7680215e+03   4.5205055e+04
   1.7671943e+03   4.5865430e+04
   1.7663672e+03   4.6081301e+04
   1.7655400e+03   4.5665539e+04
   1.7647129e+03   4.5724262e+04
   1.7638848e+03   4.5722547e+04
   1.7630576e+03   4.6826246e+04
   1.7622295e+03   4.6474047e+04
   1.7614014e+03   4.6372566e+04
   1.7605732e+03   4.5857547e+04
   1.7597451e+03   4.6447371e+04
   1.7589170e+03   4.5703168e+04
   1.7580879e+03   4.6178160e+04
   1.7572598e+03   4.6360375e+04
   1.7564307e+03   4.6286148e+04
   1.7556016e+03   4.6869359e+04
   1.7547725e+03   4.6339781e+04
   1.7539434e+03   4.6440438e+04
   1.7531133e+03   4.7041406e+04
   1.7522842e+03   4.6723016e+04
   1.7514541e+03   4.6323375e+04
   1.7506240e+03   4.6378773e+04
   1.7497949e+03   4.6837766e+04
   1.7489639e+03   4.7115910e+04
   1.7481338e+03   4.6903152e+04
   1.7473037e+03   4.7259461e+04
   1.7464727e+03   4.7365812e+04
   1.7456426e+03   4.7514258e+04
   1.7448115e+03   4.7439988e+04
   1.7439805e+03   4.7137094e+04
   1.7431494e+03   4.7631418e+04
   1.7423184e+03   4.8242859e+04
   1.7414863e+03   4.7401734e+04
   1.7406553e+03   4.7556023e+04
   1.7398232e+03   4.7310473e+04
   1.7389922e+03   4.8074824e+04
   1.7381602e+03   4.8204875e+04
   1.7373281e+03   4.8602277e+04
   1.7364951e+03   4.8176473e+04
   1.7356631e+03   4.7949031e+04
   1.7348301e+03   4.8511426e+04
   1.7339980e+03   4.8271992e+04
   1.7331650e+03   4.8639016e+04
   1.7323320e+03   4.8816824e+04
   1.7314990e+03   4.8877539e+04
   1.7306660e+03   4.8701207e+04
   1.7298320e+03   4.9025902e+04
   1.7289990e+03   4.9344484e+04
   1.7281650e+03   4.9525012e+04
   1.7273311e+03   4.9501594e+04
   1.7264971e+03   4.8935586e+04
   1.7256631e+03   4.9847418e+04
   1.7248291e+03   4.9341473e+04
   1.7239941e+03   4.9174277e+04
   1.7231602e+03   4.9558348e+04
   1.7223252e+03   5.0086055e+04
   1.7214902e+03   4.9778059e+04
   1.7206553e+03   4.9982172e+04
   1.7198203e+03   5.0410742e+04
   1.7189854e+03   5.0231547e+04
   1.7181504e+03   5.0680875e+04
   1.7173145e+03   5.1073191e+04
   1.7164785e+03   5.0780289e+04
   1.7156426e+03   5.0628066e+04
   1.7148066e+03   5.0852711e+04
   1.7139707e+03   5.0700527e+04
   1.7131348e+03   5.0808484e+04
   1.7122988e+03   5.0665320e+04
   1.7114619e+03   5.0641746e+04
   1.7106250e+03   5.0919973e+04
   1.7097881e+03   5.1051715e+04
   1.7089512e+03   5.0890676e+04
   1.7081143e+03   5.0893949e+04
   1.7072773e+03   5.1539223e+04
   1.7064395e+03   5.1470727e+04
   1.7056025e+03   5.1817172e+04
   1.7047646e+03   5.1557641e+04
   1.7039268e+03   5.1841285e+04
   1.7030889e+03   5.1990574e+04
   1.7022510e+03   5.1945914e+04
   1.7014121e+03   5.1999691e+04
   1.7005742e+03   5.2342699e+04
   1.6997354e+03   5.2297996e+04
   1.6988975e+03   5.2125125e+04
   1.6980586e+03   5.2360633e+04
   1.6972197e+03   5.2381504e+04
   1.6963799e+03   5.2971438e+04
   1.6955410e+03   5.2598973e+04
   1.6947012e+03   5.2956344e+04
   1.6938623e+03   5.3289770e+04
   1.6930225e+03   5.3274727e+04
   1.6921826e+03   5.3274566e+04
   1.6913428e+03   5.3176184e+04
   1.6905029e+03   5.3714672e+04
   1.6896621e+03   5.4157766e+04
   1.6888223e+03   5.4208020e+04
   1.6879814e+03   5.4213641e+04
   1.6871406e+03   5.4052719e+04
   1.6862998e+03   5.4010785e+04
   1.6854590e+03   5.4584242e+04
   1.6846182e+03   5.4105297e+04
   1.6837764e+03   5.4782551e+04
   1.6829355e+03   5.5224836e+04
   1.6820938e+03   5.5545168e+04
   1.6812520e+03   5.4947562e+04
   1.6804102e+03   5.5502441e+04
   1.6795684e+03   5.5344496e+04
   1.6787266e+03   5.6017863e+04
   1.6778838e+03   5.6658348e+04
   1.6770420e+03   5.6423121e+04
   1.6761992e+03   5.6719109e+04
   1.6753564e+03   5.6611516e+04
   1.6745137e+03   5.7186195e+04
   1.6736709e+03   5.7131938e+04
   1.6728271e+03   5.8068082e+04
   1.6719844e+03   5.8019621e+04
   1.6711406e+03   5.8080844e+04
   1.6702979e+03   5.8823703e+04
   1.6694541e+03   5.8988477e+04
   1.6686104e+03   5.9135418e+04
   1.6677656e+03   5.9377094e+04
   1.6669219e+03   5.9977051e+04
   1.6660771e+03   6.0621219e+04
   1.6652334e+03   6.0933566e+04
   1.6643887e+03   6.0872824e+04
   1.6635439e+03   6.1454348e+04
   1.6626992e+03   6.2047508e+04
   1.6618545e+03   6.2110863e+04
   1.6610088e+03   6.1999664e+04
   1.6601641e+03   6.3411684e+04
   1.6593184e+03   6.3832574e+04
   1.6584727e+03   6.4087754e+04
   1.6576270e+03   6.4632539e+04
   1.6567812e+03   6.4990934e+04
   1.6559355e+03   6.5482184e+04
   1.6550889e+03   6.6088492e+04
   1.6542432e+03   6.6360773e+04
   1.6533965e+03   6.6656594e+04
   1.6525498e+03   6.6866664e+04
   1.6517031e+03   6.7856148e+04
   1.6508564e+03   6.8948609e+04
   1.6500088e+03   6.8370102e+04
   1.6491621e+03   6.9459148e+04
   1.6483145e+03   7.0438641e+04
   1.6474678e+03   7.0515086e+04
   1.6466201e+03   7.1322984e+04
   1.6457715e+03   7.1531953e+04
   1.6449238e+03   7.1395867e+04
   1.6440762e+03   7.1808156e+04
   1.6432275e+03   7.2724328e+04
   1.6423799e+03   7.3251180e+04
   1.6415312e+03   7.3783734e+04
   1.6406826e+03   7.3953750e+04
   1.6398340e+03   7.4088359e+04
   1.6389854e+03   7.3969648e+04
   1.6381357e+03   7.4828547e+04
   1.6372871e+03   7.5472234e+04
   1.6364375e+03   7.5883164e+04
   1.6355879e+03   7.6326320e+04
   1.6347383e+03   7.5951320e+04
   1.6338887e+03   7.7282781e+04
   1.6330381e+03   7.7807828e+04
   1.6321885e+03   7.7412164e+04
   1.6313379e+03   7.8166359e+04
   1.6304883e+03   7.8611594e+04
   1.6296377e+03   7.8562844e+04
   1.6287871e+03   7.9069562e+04
   1.6279355e+03   7.8862070e+04
   1.6270850e+03   7.9256922e+04
   1.6262344e+03   7.9419578e+04
   1.6253828e+03   8.0501438e+04
   1.6245312e+03   8.0364297e+04
   1.6236797e+03   8.1040461e+04
   1.6228281e+03   8.0680180e+04
   1.6219766e+03   8.0833625e+04
   1.6211240e+03   8.0582070e+04
   1.6202725e+03   8.1292930e+04
   1.6194199e+03   8.1628055e+04
   1.6185674e+03   8.2036391e+04
   1.6177148e+03   8.1485680e+04
   1.6168623e+03   8.2445086e+04
   1.6160098e+03   8.2325406e+04
   1.6151562e+03   8.2103188e+04
   1.6143037e+03   8.2739641e+04
   1.6134502e+03   8.2684422e+04
   1.6125967e+03   8.2594062e+04
   1.6117432e+03   8.3490766e+04
   1.6108896e+03   8.2688695e+04
   1.6100361e+03   8.3315703e+04
   1.6091816e+03   8.3553156e+04
   1.6083271e+03   8.3234414e+04
   1.6074736e+03   8.3755641e+04
   1.6066191e+03   8.3782219e+04
   1.6057637e+03   8.4010633e+04
   1.6049092e+03   8.3425859e+04
   1.6040547e+03   8.3484633e+04
   1.6031992e+03   8.4253891e+04
   1.6023447e+03   8.4236492e+04
   1.6014893e+03   8.4672141e+04
   1.6006338e+03   8.4920602e+04
   1.5997783e+03   8.4891398e+04
   1.5989219e+03   8.5332539e+04
   1.5980664e+03   8.5697586e+04
   1.5972100e+03   8.6205602e+04
   1.5963535e+03   8.6573281e+04
   1.5954971e+03   8.6850336e+04
   1.5946406e+03   8.7565117e+04
   1.5937842e+03   8.8673617e+04
   1.5929277e+03   8.8661289e+04
   1.5920703e+03   8.9810062e+04
   1.5912139e+03   9.0377984e+04
   1.5903564e+03   9.0726984e+04
   1.5894990e+03   9.2084742e+04
   1.5886416e+03   9.2818141e+04
   1.5877842e+03   9.3151953e+04
   1.5869258e+03   9.4106406e+04
   1.5860684e+03   9.3801750e+04
   1.5852100e+03   9.5283055e+04
   1.5843516e+03   9.5371531e+04
   1.5834932e+03   9.6531695e+04
   1.5826348e+03   9.7639047e+04
   1.5817754e+03   9.7706672e+04
   1.5809170e+03   9.8173055e+04
   1.5800576e+03   9.8566516e+04
   1.5791992e+03   9.8535000e+04
   1.5783398e+03   9.9067906e+04
   1.5774795e+03   9.9292281e+04
   1.5766201e+03   1.0000227e+05
   1.5757607e+03   9.9420938e+04
   1.5749004e+03   1.0033416e+05
   1.5740410e+03   9.9720992e+04
   1.5731807e+03   9.9517820e+04
   1.5723203e+03   9.9768016e+04
   1.5714600e+03   9.9466117e+04
   1.5705986e+03   9.8409062e+04
   1.5697383e+03   9.8406633e+04
   1.5688770e+03   9.8894945e+04
   1.5680166e+03   9.8134664e+04
   1.5671553e+03   9.7737492e+04
   1.5662939e+03   9.8158906e+04
   1.5654316e+03   9.8049133e+04
   1.5645703e+03   9.8441328e+04
   1.5637090e+03   9.8418562e+04
   1.5628467e+03   9.8775742e+04
   1.5619844e+03   9.8979102e+04
   1.5611221e+03   9.9414336e+04
   1.5602598e+03   1.0033062e+05
   1.5593975e+03   1.0108717e+05
   1.5585342e+03   1.0128129e+05
   1.5576719e+03   1.0155935e+05
   1.5568086e+03   1.0244565e+05
   1.5559453e+03   1.0304201e+05
   1.5550820e+03   1.0274624e+05
   1.5542188e+03   1.0370424e+05
   1.5533545e+03   1.0412637e+05
   1.5524912e+03   1.0338194e+05
   1.5516270e+03   1.0416280e+05
   1.5507637e+03   1.0415930e+05
   1.5498994e+03   1.0341813e+05
   1.5490342e+03   1.0245451e+05
   1.5481699e+03   1.0205222e+05
   1.5473057e+03   1.0168766e+05
   1.5464404e+03   1.0094162e+05
   1.5455762e+03   9.9548414e+04
   1.5447109e+03   9.9765312e+04
   1.5438457e+03   9.8895742e+04
   1.5429795e+03   9.8127578e+04
   1.5421143e+03   9.7270141e+04
   1.5412490e+03   9.7536359e+04
   1.5403828e+03   9.7175930e+04
   1.5395166e+03   9.6954188e+04
   1.5386504e+03   9.6706547e+04
   1.5377842e+03   9.6496500e+04
   1.5369180e+03   9.6422133e+04
   1.5360518e+03   9.6391055e+04
   1.5351846e+03   9.6181156e+04
   1.5343174e+03   9.6054961e+04
   1.5334502e+03   9.6315172e+04
   1.5325830e+03   9.5647016e+04
   1.5317158e+03   9.6267492e+04
   1.5308486e+03   9.6000141e+04
   1.5299805e+03   9.6263047e+04
   1.5291133e+03   9.6047641e+04
   1.5282451e+03   9.6108812e+04
   1.5273770e+03   9.6259234e+04
   1.5265088e+03   9.6159102e+04
   1.5256406e+03   9.6427492e+04
   1.5247715e+03   9.6390680e+04
   1.5239033e+03   9.6371141e+04
   1.5230342e+03   9.6495477e+04
   1.5221650e+03   9.6631266e+04
   1.5212959e+03   9.6922336e+04
   1.5204268e+03   9.6373539e+04
   1.5195576e+03   9.6420141e+04
   1.5186875e+03   9.6538586e+04
   1.5178184e+03   9.5880906e+04
   1.5169482e+03   9.6574172e+04
   1.5160781e+03   9.6706891e+04
   1.5152080e+03   9.6175914e+04
   1.5143379e+03   9.6119070e+04
   1.5134668e+03   9.5272461e+04
   1.5125967e+03   9.6054234e+04
   1.5117256e+03   9.5443336e+04
   1.5108545e+03   9.4821164e+04
   1.5099834e+03   9.5289773e+04
   1.5091123e+03   9.4607586e+04
   1.5082412e+03   9.5265406e+04
   1.5073691e+03   9.3777422e+04
   1.5064980e+03   9.4022172e+04
   1.5056260e+03   9.3409469e+04
   1.5047539e+03   9.4144438e+04
   1.5038818e+03   9.3695312e+04
   1.5030098e+03   9.3507133e+04
   1.5021367e+03   9.3141359e+04
   1.5012646e+03   9.2864523e+04
   1.5003916e+03   9.2862766e+04
   1.4995186e+03   9.2411367e+04
   1.4986455e+03   9.2312320e+04
   1.4977725e+03   9.2888969e+04
   1.4968984e+03   9.3078977e+04
   1.4960254e+03   9.2842484e+04
   1.4951514e+03   9.3859398e+04
   1.4942783e+03   9.4295172e+04
   1.4934043e+03   9.3735344e+04
   1.4925293e+03   9.4611422e+04
   1.4916553e+03   9.4929594e+04
   1.4907812e+03   9.5136148e+04
   1.4899062e+03   9.6245914e+04
   1.4890312e+03   9.6329266e+04
   1.4881572e+03   9.6258273e+04
   1.4872822e+03   9.7287258e+04
   1.4864062e+03   9.8233047e+04
   1.4855312e+03   9.8455922e+04
   1.4846562e+03   9.9007109e+04
   1.4837803e+03   9.9889281e+04
   1.4829043e+03   1.0093670e+05
   1.4820283e+03   1.0170121e+05
   1.4811523e+03   1.0278220e+05
   1.4802764e+03   1.0342058e+05
   1.4793994e+03   1.0446095e+05
   1.4785234e+03   1.0514159e+05
   1.4776465e+03   1.0590753e+05
   1.4767695e+03   1.0731470e+05
   1.4758926e+03   1.0893517e+05
   1.4750156e+03   1.1000216e+05
   1.4741377e+03   1.1155035e+05
   1.4732607e+03   1.1316068e+05
   1.4723828e+03   1.1515502e+05
   1.4715049e+03   1.1705751e+05
   1.4706270e+03   1.1817624e+05
   1.4697490e+03   1.2095730e+05
   1.4688711e+03   1.2180169e+05
   1.4679922e+03   1.2395499e+05
   1.4671143e+03   1.2573192e+05
   1.4662354e+03   1.2753952e+05
   1.4653564e+03   1.2965941e+05
   1.4644775e+03   1.3182975e+05
   1.4635986e+03   1.3372064e+05
   1.4627188e+03   1.3605441e+05
   1.4618398e+03   1.3822533e+05
   1.4609600e+03   1.4056603e+05
   1.4600801e+03   1.4197098e+05
   1.4592002e+03   1.4354592e+05
   1.4583203e+03   1.4417152e+05
   1.4574404e+03   1.4562053e+05
   1.4565596e+03   1.4545892e+05
   1.4556787e+03   1.4610372e+05
   1.4547988e+03   1.4601020e+05
   1.4539180e+03   1.4536325e+05
   1.4530371e+03   1.4478462e+05
   1.4521553e+03   1.4382884e+05
   1.4512744e+03   1.4228334e+05
   1.4503926e+03   1.4223877e+05
   1.4495107e+03   1.4040481e+05
   1.4486299e+03   1.3846092e+05
   1.4477471e+03   1.3755241e+05
   1.4468652e+03   1.3604331e+05
   1.4459834e+03   1.3478128e+05
   1.4451006e+03   1.3321086e+05
   1.4442188e+03   1.3158433e+05
   1.4433359e+03   1.2965246e+05
   1.4424531e+03   1.2848302e+05
   1.4415703e+03   1.2658349e+05
   1.4406865e+03   1.2539234e+05
   1.4398037e+03   1.2362136e+05
   1.4389199e+03   1.2121995e+05
   1.4380361e+03   1.1933430e+05
   1.4371523e+03   1.1713530e+05
   1.4362686e+03   1.1444776e+05
   1.4353848e+03   1.1363038e+05
   1.4345010e+03   1.1212621e+05
   1.4336162e+03   1.1058299e+05
   1.4327314e+03   1.0962255e+05
   1.4318467e+03   1.0752641e+05
   1.4309619e+03   1.0546491e+05
   1.4300771e+03   1.0495502e+05
   1.4291924e+03   1.0417414e+05
   1.4283066e+03   1.0295017e+05
   1.4274219e+03   1.0184239e+05
   1.4265361e+03   1.0186700e+05
   1.4256504e+03   1.0028843e+05
   1.4247646e+03   1.0000005e+05
   1.4238779e+03   9.9505805e+04
   1.4229922e+03   9.8811430e+04
   1.4221055e+03   9.8729344e+04
   1.4212188e+03   9.8602164e+04
   1.4203320e+03   9.9041750e+04
   1.4194453e+03   1.0020286e+05
   1.4185586e+03   1.0002756e+05
   1.4176719e+03   1.0122753e+05
   1.4167842e+03   1.0235383e+05
   1.4158965e+03   1.0324591e+05
   1.4150088e+03   1.0535162e+05
   1.4141211e+03   1.0646251e+05
   1.4132334e+03   1.0906246e+05
   1.4123457e+03   1.1103092e+05
   1.4114570e+03   1.1374456e+05
   1.4105684e+03   1.1654168e+05
   1.4096807e+03   1.1915212e+05
   1.4087920e+03   1.2186010e+05
   1.4079023e+03   1.2394272e+05
   1.4070137e+03   1.2753474e+05
   1.4061250e+03   1.2917139e+05
   1.4052354e+03   1.3042234e+05
   1.4043457e+03   1.3054574e+05
   1.4034561e+03   1.3186625e+05
   1.4025664e+03   1.3234900e+05
   1.4016768e+03   1.3145786e+05
   1.4007861e+03   1.3055016e+05
   1.3998965e+03   1.2831730e+05
   1.3990059e+03   1.2783162e+05
   1.3981152e+03   1.2647025e+05
   1.3972246e+03   1.2523004e+05
   1.3963340e+03   1.2338128e+05
   1.3954424e+03   1.2287996e+05
   1.3945518e+03   1.2213755e+05
   1.3936602e+03   1.2248085e+05
   1.3927686e+03   1.2205284e+05
   1.3918770e+03   1.2328204e+05
   1.3909854e+03   1.2291851e+05
   1.3900938e+03   1.2461240e+05
   1.3892012e+03   1.2563312e+05
   1.3883086e+03   1.2863441e+05
   1.3874170e+03   1.2974651e+05
   1.3865244e+03   1.3195336e+05
   1.3856309e+03   1.3437228e+05
   1.3847383e+03   1.3547438e+05
   1.3838457e+03   1.3734312e+05
   1.3829521e+03   1.3866262e+05
   1.3820586e+03   1.4098070e+05
   1.3811650e+03   1.4105120e+05
   1.3802715e+03   1.4194412e+05
   1.3793779e+03   1.4279198e+05
   1.3784844e+03   1.4278941e+05
   1.3775898e+03   1.4250720e+05
   1.3766953e+03   1.4191761e+05
   1.3758008e+03   1.4185925e+05
   1.3749062e+03   1.4105478e+05
   1.3740117e+03   1.4051880e+05
   1.3731172e+03   1.4035734e+05
   1.3722217e+03   1.3876030e+05
   1.3713262e+03   1.3806023e+05
   1.3704307e+03   1.3758934e+05
   1.3695352e+03   1.3628673e+05
   1.3686396e+03   1.3440958e+05
   1.3677441e+03   1.3413212e+05
   1.3668477e+03   1.3333300e+05
   1.3659521e+03   1.3240303e+05
   1.3650557e+03   1.3136181e+05
   1.3641592e+03   1.3135278e+05
   1.3632627e+03   1.3143017e+05
   1.3623652e+03   1.3009416e+05
   1.3614688e+03   1.3077935e+05
   1.3605713e+03   1.3028272e+05
   1.3596738e+03   1.3126575e+05
   1.3587773e+03   1.3143778e+05
   1.3578789e+03   1.3237848e+05
   1.3569814e+03   1.3427959e+05
   1.3560840e+03   1.3467652e+05
   1.3551855e+03   1.3682152e+05
   1.3542871e+03   1.3808067e+05
   1.3533887e+03   1.3953419e+05
   1.3524902e+03   1.4204169e+05
   1.3515918e+03   1.4322692e+05
   1.3506934e+03   1.4426155e+05
   1.3497939e+03   1.4524573e+05
   1.3488945e+03   1.4731672e+05
   1.3479951e+03   1.4826666e+05
   1.3470957e+03   1.4923294e+05
   1.3461963e+03   1.5020720e+05
   1.3452969e+03   1.5074214e+05
   1.3443965e+03   1.5153800e+05
   1.3434971e+03   1.5239469e+05
   1.3425967e+03   1.5154044e+05
   1.3416963e+03   1.5209694e+05
   1.3407949e+03   1.5053514e+05
   1.3398945e+03   1.5076133e+05
   1.3389941e+03   1.4981359e+05
   1.3380928e+03   1.4919358e+05
   1.3371914e+03   1.4761394e+05
   1.3362900e+03   1.4577691e+05
   1.3353887e+03   1.4484731e+05
   1.3344873e+03   1.4409272e+05
   1.3335850e+03   1.4211864e+05
   1.3326836e+03   1.4164748e+05
   1.3317812e+03   1.4046706e+05
   1.3308789e+03   1.4029281e+05
   1.3299766e+03   1.3876677e+05
   1.3290732e+03   1.3825772e+05
   1.3281709e+03   1.3863777e+05
   1.3272676e+03   1.3834766e+05
   1.3263652e+03   1.3767006e+05
   1.3254619e+03   1.3620667e+05
   1.3245576e+03   1.3683862e+05
   1.3236543e+03   1.3703319e+05
   1.3227510e+03   1.3627330e+05
   1.3218467e+03   1.3686616e+05
   1.3209424e+03   1.3644116e+05
   1.3200391e+03   1.3517578e+05
   1.3191338e+03   1.3508847e+05
   1.3182295e+03   1.3384589e+05
   1.3173252e+03   1.3367317e+05
   1.3164199e+03   1.3321869e+05
   1.3155156e+03   1.3226159e+05
   1.3146104e+03   1.3122473e+05
   1.3137051e+03   1.3100010e+05
   1.3127988e+03   1.3025096e+05
   1.3118936e+03   1.2976433e+05
   1.3109873e+03   1.2934409e+05
   1.3100820e+03   1.2893228e+05
   1.3091758e+03   1.2830540e+05
   1.3082695e+03   1.2883456e+05
   1.3073633e+03   1.2816654e+05
   1.3064561e+03   1.2784896e+05
   1.3055498e+03   1.2697180e+05
   1.3046426e+03   1.2622449e+05
   1.3037354e+03   1.2664880e+05
   1.3028281e+03   1.2589078e+05
   1.3019209e+03   1.2473354e+05
   1.3010137e+03   1.2475017e+05
   1.3001055e+03   1.2449689e+05
   1.2991982e+03   1.2333497e+05
   1.2982900e+03   1.2263875e+05
   1.2973818e+03   1.2219602e+05
   1.2964736e+03   1.2114519e+05
   1.2955645e+03   1.2024332e+05
   1.2946562e+03   1.1906939e+05
   1.2937471e+03   1.1872936e+05
   1.2928379e+03   1.1862596e+05
   1.2919287e+03   1.1727143e+05
   1.2910195e+03   1.1758897e+05
   1.2901104e+03   1.1649623e+05
   1.2892012e+03   1.1636305e+05
   1.2882910e+03   1.1646073e+05
   1.2873809e+03   1.1590998e+05
   1.2864707e+03   1.1642248e+05
   1.2855605e+03   1.1629488e+05
   1.2846504e+03   1.1688951e+05
   1.2837393e+03   1.1799183e+05
   1.2828291e+03   1.1862162e+05
   1.2819180e+03   1.1922648e+05
   1.2810068e+03   1.1960062e+05
   1.2800957e+03   1.2077300e+05
   1.2791846e+03   1.2182701e+05
   1.2782725e+03   1.2218128e+05
   1.2773613e+03   1.2269447e+05
   1.2764492e+03   1.2291138e+05
   1.2755371e+03   1.2262932e+05
   1.2746250e+03   1.2217745e+05
   1.2737129e+03   1.2124619e+05
   1.2727998e+03   1.1983308e+05
   1.2718877e+03   1.1954626e+05
   1.2709746e+03   1.1718909e+05
   1.2700615e+03   1.1640173e+05
   1.2691484e+03   1.1438267e+05
   1.2682354e+03   1.1215902e+05
   1.2673213e+03   1.1062855e+05
   1.2664082e+03   1.0846654e+05
   1.2654941e+03   1.0779903e+05
   1.2645801e+03   1.0581333e+05
   1.2636660e+03   1.0462690e+05
   1.2627520e+03   1.0348736e+05
   1.2618369e+03   1.0317112e+05
   1.2609229e+03   1.0176709e+05
   1.2600078e+03   1.0133921e+05
   1.2590928e+03   1.0057812e+05
   1.2581777e+03   1.0059589e+05
   1.2572627e+03   9.9848852e+04
   1.2563467e+03   9.9828508e+04
   1.2554316e+03   9.9524188e+04
   1.2545156e+03   9.9585805e+04
   1.2535996e+03   1.0086203e+05
   1.2526836e+03   1.0021655e+05
   1.2517676e+03   1.0130122e+05
   1.2508516e+03   1.0160798e+05
   1.2499346e+03   1.0152731e+05
   1.2490176e+03   1.0164030e+05
   1.2481006e+03   1.0249216e+05
   1.2471836e+03   1.0279030e+05
   1.2462666e+03   1.0442938e+05
   1.2453496e+03   1.0465348e+05
   1.2444316e+03   1.0529439e+05
   1.2435146e+03   1.0571441e+05
   1.2425967e+03   1.0691598e+05
   1.2416787e+03   1.0711224e+05
   1.2407598e+03   1.0791834e+05
   1.2398418e+03   1.0865880e+05
   1.2389229e+03   1.0883014e+05
   1.2380049e+03   1.0961644e+05
   1.2370859e+03   1.0967870e+05
   1.2361670e+03   1.1120995e+05
   1.2352480e+03   1.1111687e+05
   1.2343281e+03   1.1186683e+05
   1.2334092e+03   1.1199661e+05
   1.2324893e+03   1.1176477e+05
   1.2315693e+03   1.1173415e+05
   1.2306494e+03   1.1162473e+05
   1.2297295e+03   1.1159141e+05
   1.2288096e+03   1.1100392e+05
   1.2278887e+03   1.1091911e+05
   1.2269678e+03   1.0955528e+05
   1.2260469e+03   1.0959836e+05
   1.2251260e+03   1.0869673e+05
   1.2242051e+03   1.0826495e+05
   1.2232842e+03   1.0778448e+05
   1.2223623e+03   1.0714681e+05
   1.2214414e+03   1.0687829e+05
   1.2205195e+03   1.0638474e+05
   1.2195977e+03   1.0534088e+05
   1.2186758e+03   1.0467154e+05
   1.2177529e+03   1.0438737e+05
   1.2168311e+03   1.0406263e+05
   1.2159082e+03   1.0349683e+05
   1.2149854e+03   1.0342975e+05
   1.2140625e+03   1.0360920e+05
   1.2131396e+03   1.0424629e+05
   1.2122158e+03   1.0377291e+05
   1.2112930e+03   1.0477524e+05
   1.2103691e+03   1.0538742e+05
   1.2094453e+03   1.0484912e+05
   1.2085215e+03   1.0484950e+05
   1.2075977e+03   1.0472272e+05
   1.2066738e+03   1.0586193e+05
   1.2057490e+03   1.0539693e+05
   1.2048242e+03   1.0533230e+05
   1.2038994e+03   1.0625720e+05
   1.2029746e+03   1.0690335e+05
   1.2020498e+03   1.0726820e+05
   1.2011250e+03   1.0763830e+05
   1.2001992e+03   1.0766247e+05
   1.1992744e+03   1.0870497e+05
   1.1983486e+03   1.0898279e+05
   1.1974229e+03   1.0961695e+05
   1.1964961e+03   1.0911426e+05
   1.1955703e+03   1.0953221e+05
   1.1946436e+03   1.0934007e+05
   1.1937178e+03   1.0986036e+05
   1.1927910e+03   1.0952254e+05
   1.1918643e+03   1.0878832e+05
   1.1909365e+03   1.0882567e+05
   1.1900098e+03   1.0808643e+05
   1.1890830e+03   1.0797291e+05
   1.1881553e+03   1.0748475e+05
   1.1872275e+03   1.0753037e+05
   1.1862998e+03   1.0633110e+05
   1.1853721e+03   1.0636343e+05
   1.1844434e+03   1.0458836e+05
   1.1835156e+03   1.0444054e+05
   1.1825869e+03   1.0287107e+05
   1.1816582e+03   1.0345048e+05
   1.1807295e+03   1.0236084e+05
   1.1798008e+03   1.0237767e+05
   1.1788711e+03   1.0053252e+05
   1.1779424e+03   9.9355195e+04
   1.1770127e+03   9.9157352e+04
   1.1760830e+03   9.8776703e+04
   1.1751533e+03   9.8691953e+04
   1.1742227e+03   9.7585672e+04
   1.1732930e+03   9.7517281e+04
   1.1723623e+03   9.6556703e+04
   1.1714326e+03   9.5687820e+04
   1.1705020e+03   9.5767547e+04
   1.1695713e+03   9.5213352e+04
   1.1686396e+03   9.5244789e+04
   1.1677090e+03   9.4556625e+04
   1.1667773e+03   9.3600266e+04
   1.1658457e+03   9.4069445e+04
   1.1649141e+03   9.3456992e+04
   1.1639824e+03   9.3773086e+04
   1.1630508e+03   9.4327820e+04
   1.1621191e+03   9.3106797e+04
   1.1611865e+03   9.2827453e+04
   1.1602539e+03   9.3175594e+04
   1.1593213e+03   9.3089344e+04
   1.1583887e+03   9.2555516e+04
   1.1574561e+03   9.2726648e+04
   1.1565225e+03   9.3192438e+04
   1.1555889e+03   9.2972281e+04
   1.1546562e+03   9.3012000e+04
   1.1537227e+03   9.2928523e+04
   1.1527881e+03   9.3551883e+04
   1.1518545e+03   9.3896633e+04
   1.1509209e+03   9.3414242e+04
   1.1499863e+03   9.4312797e+04
   1.1490518e+03   9.5291289e+04
   1.1481172e+03   9.5961805e+04
   1.1471826e+03   9.5701359e+04
   1.1462480e+03   9.6703141e+04
   1.1453125e+03   9.5937344e+04
   1.1443770e+03   9.6128773e+04
   1.1434414e+03   9.6028820e+04
   1.1425059e+03   9.6188102e+04
   1.1415703e+03   9.5959922e+04
   1.1406348e+03   9.5798602e+04
   1.1396982e+03   9.4758680e+04
   1.1387617e+03   9.4835273e+04
   1.1378262e+03   9.4025484e+04
   1.1368896e+03   9.2962398e+04
   1.1359521e+03   9.2067820e+04
   1.1350156e+03   9.2566414e+04
   1.1340781e+03   9.1578836e+04
   1.1331416e+03   9.1098414e+04
   1.1322041e+03   9.1111523e+04
   1.1312666e+03   9.0090062e+04
   1.1303281e+03   8.9652805e+04
   1.1293906e+03   8.9205031e+04
   1.1284521e+03   8.9367695e+04
   1.1275137e+03   8.8403211e+04
   1.1265762e+03   8.7734773e+04
   1.1256367e+03   8.7306289e+04
   1.1246982e+03   8.6909914e+04
   1.1237598e+03   8.6846500e+04
   1.1228203e+03   8.6053688e+04
   1.1218809e+03   8.6245961e+04
   1.1209414e+03   8.5557305e+04
   1.1200020e+03   8.5802812e+04
   1.1190625e+03   8.5478930e+04
   1.1181221e+03   8.5703070e+04
   1.1171826e+03   8.4807562e+04
   1.1162422e+03   8.5220516e+04
   1.1153018e+03   8.4910250e+04
   1.1143613e+03   8.5073188e+04
   1.1134199e+03   8.4834797e+04
   1.1124795e+03   8.5157094e+04
   1.1115381e+03   8.4445922e+04
   1.1105967e+03   8.4213070e+04
   1.1096553e+03   8.4030750e+04
   1.1087139e+03   8.3718398e+04
   1.1077725e+03   8.3937062e+04
   1.1068301e+03   8.3630141e+04
   1.1058877e+03   8.3448039e+04
   1.1049453e+03   8.3841734e+04
   1.1040029e+03   8.4370570e+04
   1.1030605e+03   8.3639422e+04
   1.1021182e+03   8.3836633e+04
   1.1011748e+03   8.3370961e+04
   1.1002314e+03   8.3666219e+04
   1.0992881e+03   8.3484312e+04
   1.0983447e+03   8.3962281e+04
   1.0974014e+03   8.4156586e+04
   1.0964580e+03   8.4642203e+04
   1.0955137e+03   8.4444352e+04
   1.0945693e+03   8.4045320e+04
   1.0936250e+03   8.4186508e+04
   1.0926807e+03   8.4708812e+04
   1.0917363e+03   8.4677805e+04
   1.0907910e+03   8.4916703e+04
   1.0898467e+03   8.5599961e+04
   1.0889014e+03   8.5608477e+04
   1.0879561e+03   8.5802109e+04
   1.0870107e+03   8.6500695e+04
   1.0860645e+03   8.6345125e+04
   1.0851191e+03   8.6834547e+04
   1.0841729e+03   8.6856031e+04
   1.0832266e+03   8.7149648e+04
   1.0822803e+03   8.8114180e+04
   1.0813340e+03   8.7818445e+04
   1.0803877e+03   8.8156625e+04
   1.0794404e+03   8.8394336e+04
   1.0784932e+03   8.8096062e+04
   1.0775459e+03   8.8217562e+04
   1.0765986e+03   8.7787477e+04
   1.0756514e+03   8.7784969e+04
   1.0747041e+03   8.8747969e+04
   1.0737559e+03   8.8958930e+04
   1.0728076e+03   8.9006305e+04
   1.0718594e+03   8.8465703e+04
   1.0709111e+03   8.8304891e+04
   1.0699629e+03   8.8146766e+04
   1.0690137e+03   8.8492016e+04
   1.0680654e+03   8.8202180e+04
   1.0671162e+03   8.7382953e+04
   1.0661670e+03   8.7414719e+04
   1.0652178e+03   8.7362211e+04
   1.0642676e+03   8.6564625e+04
   1.0633184e+03   8.6399086e+04
   1.0623682e+03   8.5986211e+04
   1.0614180e+03   8.5107711e+04
   1.0604678e+03   8.5558156e+04
   1.0595176e+03   8.4806305e+04
   1.0585674e+03   8.4238820e+04
   1.0576162e+03   8.3726758e+04
   1.0566650e+03   8.4284898e+04
   1.0557139e+03   8.4051633e+04
   1.0547627e+03   8.4118047e+04
   1.0538115e+03   8.4305312e+04
   1.0528604e+03   8.4311227e+04
   1.0519082e+03   8.4658609e+04
   1.0509561e+03   8.4611930e+04
   1.0500039e+03   8.4061109e+04
   1.0490518e+03   8.4917648e+04
   1.0480996e+03   8.5080914e+04
   1.0471465e+03   8.4761250e+04
   1.0461943e+03   8.5257711e+04
   1.0452412e+03   8.5210953e+04
   1.0442881e+03   8.5526164e+04
   1.0433350e+03   8.6030086e+04
   1.0423809e+03   8.6664922e+04
   1.0414277e+03   8.6940375e+04
   1.0404736e+03   8.6272141e+04
   1.0395195e+03   8.6128266e+04
   1.0385654e+03   8.6877891e+04
   1.0376113e+03   8.6998531e+04
   1.0366572e+03   8.7868211e+04
   1.0357021e+03   8.8041000e+04
   1.0347471e+03   8.8140414e+04
   1.0337920e+03   8.8839250e+04
   1.0328369e+03   8.9658234e+04
   1.0318818e+03   8.9055977e+04
   1.0309268e+03   8.9688859e+04
   1.0299707e+03   8.9840180e+04
   1.0290146e+03   8.9355898e+04
   1.0280586e+03   8.9643195e+04
   1.0271025e+03   9.0006211e+04
   1.0261465e+03   9.0173039e+04
   1.0251895e+03   9.0771031e+04
   1.0242324e+03   9.0707703e+04
   1.0232764e+03   9.0644391e+04
   1.0223184e+03   9.1150547e+04
   1.0213613e+03   9.0183531e+04
   1.0204043e+03   9.1564328e+04
   1.0194463e+03   9.1271148e+04
   1.0184893e+03   9.0735320e+04
   1.0175312e+03   9.0403234e+04
   1.0165732e+03   9.0587914e+04
   1.0156143e+03   9.1242117e+04
   1.0146562e+03   9.0803172e+04
   1.0136973e+03   9.0805109e+04
   1.0127383e+03   9.0658422e+04
   1.0117793e+03   9.0921086e+04
   1.0108203e+03   9.0125398e+04
   1.0098613e+03   9.0390656e+04
   1.0089014e+03   9.0304062e+04
   1.0079424e+03   8.9928320e+04
   1.0069824e+03   8.9649094e+04
   1.0060225e+03   8.9497562e+04
   1.0050625e+03   8.9523133e+04
   1.0041016e+03   8.9665836e+04
   1.0031416e+03   8.9928211e+04
   1.0021807e+03   9.0125430e+04
   1.0012197e+03   8.9760578e+04
   1.0002588e+03   8.9658586e+04
   9.9929785e+02   8.9777711e+04
   9.9833594e+02   8.9865578e+04
   9.9737500e+02   9.0008016e+04
   9.9641309e+02   8.9677281e+04
   9.9545117e+02   9.0053602e+04
   9.9448926e+02   8.9998422e+04
   9.9352637e+02   9.0387531e+04
   9.9256445e+02   9.0714156e+04
   9.9160156e+02   9.0791328e+04
   9.9063867e+02   9.0891836e+04
   9.8967578e+02   9.1251930e+04
   9.8871289e+02   9.2097297e+04
   9.8774902e+02   9.2353227e+04
   9.8678613e+02   9.3532812e+04
   9.8582227e+02   9.3591211e+04
   9.8485840e+02   9.4212453e+04
   9.8389453e+02   9.5691891e+04
   9.8293066e+02   9.6579602e+04
   9.8196582e+02   9.7897336e+04
   9.8100195e+02   9.9587844e+04
   9.8003711e+02   1.0010118e+05
   9.7907227e+02   1.0207569e+05
   9.7810742e+02   1.0411943e+05
   9.7714160e+02   1.0493470e+05
   9.7617676e+02   1.0779812e+05
   9.7521094e+02   1.0933481e+05
   9.7424512e+02   1.1153884e+05
   9.7327930e+02   1.1265759e+05
   9.7231348e+02   1.1354562e+05
   9.7134668e+02   1.1444107e+05
   9.7038086e+02   1.1566215e+05
   9.6941406e+02   1.1624394e+05
   9.6844727e+02   1.1626695e+05
   9.6748047e+02   1.1630804e+05
   9.6651367e+02   1.1554775e+05
   9.6554590e+02   1.1446984e+05
   9.6457812e+02   1.1378250e+05
   9.6361133e+02   1.1241850e+05
   9.6264258e+02   1.1092066e+05
   9.6167480e+02   1.0891715e+05
   9.6070703e+02   1.0698150e+05
   9.5973828e+02   1.0507235e+05
   9.5877051e+02   1.0302709e+05
   9.5780176e+02   1.0101868e+05
   9.5683301e+02   9.9085828e+04
   9.5586328e+02   9.8030836e+04
   9.5489453e+02   9.6591883e+04
   9.5392480e+02   9.5171492e+04
   9.5295508e+02   9.4509695e+04
   9.5198535e+02   9.3476891e+04
   9.5101562e+02   9.2800164e+04
   9.5004590e+02   9.2306648e+04
   9.4907520e+02   9.2078695e+04
   9.4810449e+02   9.1696258e+04
   9.4713477e+02   9.0762750e+04
   9.4616309e+02   9.1045094e+04
   9.4519238e+02   9.0959133e+04
   9.4422168e+02   9.0469031e+04
   9.4325000e+02   9.0496445e+04
   9.4227832e+02   9.0930445e+04
   9.4130664e+02   9.0852273e+04
   9.4033496e+02   9.1105969e+04
   9.3936328e+02   9.0845172e+04
   9.3839062e+02   9.1114195e+04
   9.3741895e+02   9.1061734e+04
   9.3644629e+02   9.1173812e+04
   9.3547363e+02   9.1062242e+04
   9.3450000e+02   9.1382414e+04
   9.3352734e+02   9.1412141e+04
   9.3255371e+02   9.1793773e+04
   9.3158105e+02   9.2606734e+04
   9.3060742e+02   9.2746633e+04
   9.2963379e+02   9.2711891e+04
   9.2865918e+02   9.3067328e+04
   9.2768555e+02   9.3594578e+04
   9.2671094e+02   9.3708516e+04
   9.2573633e+02   9.3840367e+04
   9.2476172e+02   9.2810211e+04
   9.2378711e+02   9.2947305e+04
   9.2281250e+02   9.3074078e+04
   9.2183691e+02   9.3103391e+04
   9.2086133e+02   9.2720016e+04
   9.1988574e+02   9.2654547e+04
   9.1891016e+02   9.2158648e+04
   9.1793457e+02   9.1465664e+04
   9.1695801e+02   9.1387641e+04
   9.1598242e+02   9.1017703e+04
   9.1500586e+02   9.0123016e+04
   9.1402930e+02   9.0541891e+04
   9.1305273e+02   8.9199703e+04
   9.1207520e+02   8.9119578e+04
   9.1109863e+02   8.8374266e+04
   9.1012109e+02   8.8240594e+04
   9.0914355e+02   8.7953516e+04
   9.0816602e+02   8.7658859e+04
   9.0718848e+02   8.7379648e+04
   9.0620996e+02   8.7634781e+04
   9.0523145e+02   8.6798508e+04
   9.0425391e+02   8.6782789e+04
   9.0327539e+02   8.6925469e+04
   9.0229590e+02   8.6718148e+04
   9.0131738e+02   8.6607938e+04
   9.0033789e+02   8.6926750e+04
   8.9935938e+02   8.6328922e+04
   8.9837988e+02   8.6851859e+04
   8.9740039e+02   8.7183195e+04
   8.9641992e+02   8.5986008e+04
   8.9544043e+02   8.6569938e+04
   8.9445996e+02   8.6156344e+04
   8.9347949e+02   8.6561508e+04
   8.9249902e+02   8.6377539e+04
   8.9151855e+02   8.6234414e+04
   8.9053809e+02   8.6257008e+04
   8.8955664e+02   8.6480914e+04
   8.8857520e+02   8.5866477e+04
   8.8759375e+02   8.5896758e+04
   8.8661230e+02   8.6599422e+04
   8.8563086e+02   8.6581172e+04
   8.8464844e+02   8.6578195e+04
   8.8366699e+02   8.6712680e+04
   8.8268457e+02   8.6674039e+04
   8.8170215e+02   8.6887336e+04
   8.8071973e+02   8.6838500e+04
   8.7973633e+02   8.6336883e+04
   8.7875391e+02   8.5980422e+04
   8.7777051e+02   8.6074156e+04
   8.7678711e+02   8.6500906e+04
   8.7580371e+02   8.6037828e+04
   8.7482031e+02   8.5979008e+04
   8.7383594e+02   8.5777906e+04
   8.7285156e+02   8.5960492e+04
   8.7186816e+02   8.5525781e+04
   8.7088379e+02   8.6129906e+04
   8.6989844e+02   8.6284391e+04
   8.6891406e+02   8.5920922e+04
   8.6792871e+02   8.5953547e+04
   8.6694434e+02   8.5915094e+04
   8.6595898e+02   8.6054266e+04
   8.6497266e+02   8.6005648e+04
   8.6398730e+02   8.5774438e+04
   8.6300195e+02   8.5855219e+04
   8.6201562e+02   8.5971461e+04
   8.6102930e+02   8.5803742e+04
   8.6004297e+02   8.6376156e+04
   8.5905664e+02   8.5987953e+04
   8.5806934e+02   8.5822836e+04
   8.5708301e+02   8.6090953e+04
   8.5609570e+02   8.6257656e+04
   8.5510840e+02   8.6178664e+04
   8.5412109e+02   8.6370602e+04
   8.5313379e+02   8.6266305e+04
   8.5214551e+02   8.6022844e+04
   8.5115723e+02   8.6019852e+04
   8.5016895e+02   8.5599422e+04
   8.4918066e+02   8.5920273e+04
   8.4819238e+02   8.6003273e+04
   8.4720410e+02   8.6243016e+04
   8.4621484e+02   8.6022555e+04
   8.4522559e+02   8.6077680e+04
   8.4423633e+02   8.5660195e+04
   8.4324707e+02   8.5541016e+04
   8.4225781e+02   8.5765445e+04
   8.4126758e+02   8.5621023e+04
   8.4027734e+02   8.5570086e+04
   8.3928711e+02   8.5425742e+04
   8.3829688e+02   8.5392523e+04
   8.3730664e+02   8.5543562e+04
   8.3631543e+02   8.4495891e+04
   8.3532520e+02   8.5431680e+04
   8.3433398e+02   8.5436305e+04
   8.3334277e+02   8.5660352e+04
   8.3235156e+02   8.4938695e+04
   8.3135938e+02   8.5394688e+04
   8.3036816e+02   8.4988422e+04
   8.2937598e+02   8.4904898e+04
   8.2838379e+02   8.5310234e+04
   8.2739160e+02   8.4712727e+04
   8.2639941e+02   8.5813156e+04
   8.2540625e+02   8.4953852e+04
   8.2441309e+02   8.5469664e+04
   8.2341992e+02   8.5257727e+04
   8.2242676e+02   8.6045125e+04
   8.2143359e+02   8.5707320e+04
   8.2044043e+02   8.5928219e+04
   8.1944629e+02   8.5203133e+04
   8.1845215e+02   8.5383789e+04
   8.1745801e+02   8.5534203e+04
   8.1646387e+02   8.5309922e+04
   8.1546973e+02   8.5271742e+04
   8.1447461e+02   8.4876672e+04
   8.1347949e+02   8.5004430e+04
   8.1248535e+02   8.4421117e+04
   8.1148926e+02   8.4893047e+04
   8.1049414e+02   8.5307039e+04
   8.0949902e+02   8.4543172e+04
   8.0850293e+02   8.4879234e+04
   8.0750684e+02   8.4908938e+04
   8.0651074e+02   8.5041516e+04
   8.0551465e+02   8.4677211e+04
   8.0451758e+02   8.4390812e+04
   8.0352148e+02   8.4711531e+04
   8.0252441e+02   8.4718641e+04
   8.0152734e+02   8.4713211e+04
   8.0053027e+02   8.4657633e+04
   7.9953320e+02   8.5073297e+04
   7.9853516e+02   8.6067711e+04
   7.9753711e+02   8.5763852e+04
   7.9653906e+02   8.6179078e+04
   7.9554102e+02   8.5983000e+04
   7.9454297e+02   8.6525742e+04
   7.9354492e+02   8.7020711e+04
   7.9254590e+02   8.7450406e+04
   7.9154688e+02   8.7884945e+04
   7.9054785e+02   8.8569555e+04
   7.8954883e+02   8.9556656e+04
   7.8854980e+02   8.9172578e+04
   7.8754980e+02   9.0159195e+04
   7.8654980e+02   9.0497797e+04
   7.8554980e+02   9.1716312e+04
   7.8454980e+02   9.2384453e+04
   7.8354980e+02   9.2167633e+04
   7.8254883e+02   9.2825445e+04
   7.8154883e+02   9.3273164e+04
   7.8054785e+02   9.3206156e+04
   7.7954688e+02   9.4327914e+04
   7.7854492e+02   9.5169602e+04
   7.7754395e+02   9.5436797e+04
   7.7654199e+02   9.5963477e+04
   7.7554004e+02   9.6178008e+04
   7.7453809e+02   9.6594570e+04
   7.7353613e+02   9.7497414e+04
   7.7253418e+02   9.7245133e+04
   7.7153125e+02   9.8778430e+04
   7.7052832e+02   9.9321344e+04
   7.6952539e+02   1.0049972e+05
   7.6852246e+02   1.0140599e+05
   7.6751953e+02   1.0213500e+05
   7.6651562e+02   1.0368841e+05
   7.6551270e+02   1.0469820e+05
   7.6450879e+02   1.0652203e+05
   7.6350488e+02   1.0793432e+05
   7.6250000e+02   1.0981662e+05
   7.6149609e+02   1.1176046e+05
   7.6049121e+02   1.1353435e+05
   7.5948730e+02   1.1545191e+05
   7.5848145e+02   1.1790362e+05
   7.5747656e+02   1.2078973e+05
   7.5647168e+02   1.2355539e+05
   7.5546582e+02   1.2589735e+05
   7.5445996e+02   1.2904141e+05
   7.5345508e+02   1.3248755e+05
   7.5244824e+02   1.3512725e+05
   7.5144238e+02   1.3955242e+05
   7.5043555e+02   1.4363811e+05
   7.4942969e+02   1.4917525e+05
   7.4842285e+02   1.5591969e+05
   7.4741602e+02   1.6509230e+05
   7.4640820e+02   1.7656759e+05
   7.4540137e+02   1.9031705e+05
   7.4439355e+02   2.0809375e+05
   7.4338574e+02   2.2779162e+05
   7.4237793e+02   2.4912436e+05
   7.4137012e+02   2.7025334e+05
   7.4036230e+02   2.8831228e+05
   7.3935352e+02   2.9901638e+05
   7.3834473e+02   3.0174016e+05
   7.3733594e+02   2.9756353e+05
   7.3632715e+02   2.8576184e+05
   7.3531836e+02   2.6784547e+05
   7.3430859e+02   2.4602716e+05
   7.3329883e+02   2.2296130e+05
   7.3228906e+02   1.9975533e+05
   7.3127930e+02   1.8165245e+05
   7.3026953e+02   1.6373442e+05
   7.2925977e+02   1.4949278e+05
   7.2824902e+02   1.3765380e+05
   7.2723828e+02   1.2802320e+05
   7.2622754e+02   1.2109197e+05
   7.2521680e+02   1.1478394e+05
   7.2420508e+02   1.1039180e+05
   7.2319336e+02   1.0699001e+05
   7.2218262e+02   1.0350297e+05
   7.2117090e+02   1.0131940e+05
   7.2015820e+02   9.8719117e+04
   7.1914648e+02   9.7147320e+04
   7.1813379e+02   9.5598328e+04
   7.1712207e+02   9.4988172e+04
   7.1610938e+02   9.3511727e+04
   7.1509570e+02   9.3368672e+04
   7.1408301e+02   9.2208938e+04
   7.1306934e+02   9.1836695e+04
   7.1205664e+02   9.1111828e+04
   7.1104297e+02   9.0221977e+04
   7.1002930e+02   9.0222656e+04
   7.0901465e+02   9.0154305e+04
   7.0800098e+02   9.0310289e+04
   7.0698633e+02   8.9396570e+04
   7.0597168e+02   8.9786727e+04
   7.0495703e+02   8.9050820e+04
   7.0394238e+02   8.8655102e+04
   7.0292676e+02   8.8732391e+04
   7.0191211e+02   8.8425523e+04
   7.0089648e+02   8.8052289e+04
   6.9988086e+02   8.8336391e+04
   6.9886523e+02   8.8381672e+04
   6.9784863e+02   8.8239930e+04
   6.9683301e+02   8.8988781e+04
   6.9581641e+02   8.8992094e+04
   6.9479980e+02   8.9133109e+04
   6.9378320e+02   8.9310953e+04
   6.9276562e+02   8.9567391e+04
   6.9174902e+02   9.0452930e+04
   6.9073145e+02   9.1846820e+04
   6.8971387e+02   9.2827430e+04
   6.8869629e+02   9.3871539e+04
   6.8767773e+02   9.6035203e+04
   6.8666016e+02   9.6606867e+04
   6.8564160e+02   9.8152984e+04
   6.8462305e+02   9.8657758e+04
   6.8360449e+02   9.9780805e+04
   6.8258594e+02   1.0042004e+05
   6.8156641e+02   1.0087995e+05
   6.8054785e+02   9.9671734e+04
   6.7952832e+02   9.9950117e+04
   6.7850879e+02   9.9326078e+04
   6.7748926e+02   9.8184992e+04
   6.7646875e+02   9.7353164e+04
   6.7544824e+02   9.7340125e+04
   6.7442871e+02   9.6636156e+04
   6.7340820e+02   9.5606625e+04
   6.7238672e+02   9.6056812e+04
   6.7136621e+02   9.5451406e+04
   6.7034473e+02   9.4584242e+04
   6.6932422e+02   9.4383219e+04
   6.6830273e+02   9.3930172e+04
   6.6728027e+02   9.3699977e+04
   6.6625879e+02   9.3401352e+04
   6.6523633e+02   9.2880234e+04
   6.6421484e+02   9.2951156e+04
   6.6319238e+02   9.2992703e+04
   6.6216992e+02   9.2303250e+04
   6.6114648e+02   9.2349781e+04
   6.6012402e+02   9.2574688e+04
   6.5910059e+02   9.3078055e+04
   6.5807715e+02   9.3380906e+04
   6.5705371e+02   9.3739820e+04
   6.5603027e+02   9.4884938e+04
   6.5500586e+02   9.5311797e+04
   6.5398145e+02   9.5147742e+04
   6.5295703e+02   9.5794047e+04
   6.5193262e+02   9.5673883e+04
   6.5090820e+02   9.5883125e+04
   6.4988379e+02   9.6272797e+04
   6.4885840e+02   9.5655062e+04
   6.4783301e+02   9.5937328e+04
   6.4680762e+02   9.5514914e+04
   6.4578223e+02   9.5889719e+04
   6.4475586e+02   9.5759914e+04
   6.4373047e+02   9.5888430e+04
   6.4270410e+02   9.6445656e+04
   6.4167773e+02   9.6491172e+04
   6.4065137e+02   9.7515648e+04
   6.3962402e+02   9.8106344e+04
   6.3859766e+02   9.8779586e+04
   6.3757031e+02   1.0092753e+05
   6.3654297e+02   1.0172653e+05
   6.3551562e+02   1.0359820e+05
   6.3448730e+02   1.0561025e+05
   6.3345996e+02   1.0832445e+05
   6.3243164e+02   1.1002605e+05
   6.3140332e+02   1.1184130e+05
   6.3037500e+02   1.1264466e+05
   6.2934570e+02   1.1351334e+05
   6.2831738e+02   1.1374749e+05
   6.2728809e+02   1.1344708e+05
   6.2625879e+02   1.1229662e+05
   6.2522949e+02   1.1078960e+05
   6.2420020e+02   1.0935112e+05
   6.2316992e+02   1.0768981e+05
   6.2214062e+02   1.0533252e+05
   6.2111035e+02   1.0349784e+05
   6.2007910e+02   1.0112277e+05
   6.1904883e+02   9.9617023e+04
   6.1801855e+02   9.7634031e+04
   6.1698730e+02   9.5549922e+04
   6.1595605e+02   9.4230289e+04
   6.1492480e+02   9.3177781e+04
   6.1389355e+02   9.1694266e+04
   6.1286133e+02   9.0763773e+04
   6.1183008e+02   8.9819078e+04
   6.1079785e+02   8.8518664e+04
   6.0976562e+02   8.8347281e+04
   6.0873242e+02   8.7178359e+04
   6.0770020e+02   8.6702250e+04
   6.0666699e+02   8.6688617e+04
   6.0563379e+02   8.6459609e+04
   6.0460059e+02   8.6158086e+04
   6.0356738e+02   8.5730883e+04
   6.0253418e+02   8.4953125e+04
   6.0150000e+02   8.5411359e+04
   6.0046582e+02   8.4955508e+04
   5.9943164e+02   8.5437734e+04
   5.9839746e+02   8.4815273e+04
   5.9736328e+02   8.4635242e+04
   5.9632812e+02   8.4839414e+04
   5.9529297e+02   8.3946852e+04
   5.9425781e+02   8.4465031e+04
   5.9322266e+02   8.4420398e+04
   5.9218750e+02   8.4346812e+04
   5.9115137e+02   8.3838773e+04
   5.9011523e+02   8.3796688e+04
   5.8907910e+02   8.4032086e+04
   5.8804297e+02   8.4014094e+04
   5.8700684e+02   8.4208359e+04
   5.8596973e+02   8.3302898e+04
   5.8493262e+02   8.3887805e+04
   5.8389551e+02   8.4000008e+04
   5.8285840e+02   8.3690391e+04
   5.8182129e+02   8.4156805e+04
   5.8078320e+02   8.3827992e+04
   5.7974512e+02   8.4168945e+04
   5.7870703e+02   8.3900445e+04
   5.7766895e+02   8.4482047e+04
   5.7663086e+02   8.4651750e+04
   5.7559180e+02   8.5232984e+04
   5.7455371e+02   8.5173844e+04
   5.7351465e+02   8.5591141e+04
   5.7247559e+02   8.6929656e+04
   5.7143555e+02   8.7647117e+04
   5.7039648e+02   8.8280148e+04
   5.6935645e+02   8.9403414e+04
   5.6831641e+02   9.0345977e+04
   5.6727637e+02   9.0538305e+04
   5.6623633e+02   9.1276031e+04
   5.6519531e+02   9.1804469e+04
   5.6415430e+02   9.2195773e+04
   5.6311328e+02   9.3240188e+04
   5.6207227e+02   9.3650289e+04
   5.6103125e+02   9.4285906e+04
   5.5998926e+02   9.4510820e+04
   5.5894824e+02   9.5206031e+04
   5.5790625e+02   9.5401891e+04
   5.5686426e+02   9.5235422e+04
   5.5582129e+02   9.5975664e+04
   5.5477930e+02   9.6581336e+04
   5.5373633e+02   9.6486656e+04
   5.5269336e+02   9.6526258e+04
   5.5165039e+02   9.5954656e+04
   5.5060742e+02   9.5718750e+04
   5.4956348e+02   9.5224180e+04
   5.4852051e+02   9.4411188e+04
   5.4747656e+02   9.4391234e+04
   5.4643262e+02   9.3446992e+04
   5.4538770e+02   9.2867000e+04
   5.4434375e+02   9.1968867e+04
   5.4329883e+02   9.1846453e+04
   5.4225391e+02   9.0733484e+04
   5.4120898e+02   9.0711820e+04
   5.4016406e+02   8.9422469e+04
   5.3911816e+02   8.8996898e+04
   5.3807324e+02   8.8741234e+04
   5.3702734e+02   8.6862500e+04
   5.3598145e+02   8.6258367e+04
   5.3493457e+02   8.5747656e+04
   5.3388867e+02   8.4704336e+04
   5.3284180e+02   8.4165430e+04
   5.3179492e+02   8.3449992e+04
   5.3074805e+02   8.3417734e+04
   5.2970117e+02   8.2893688e+04
   5.2865332e+02   8.2441430e+04
   5.2760645e+02   8.2170719e+04
   5.2655859e+02   8.1904875e+04
   5.2551074e+02   8.1844297e+04
   5.2446289e+02   8.1266141e+04
   5.2341406e+02   8.2204906e+04
   5.2236523e+02   8.2842891e+04
   5.2131641e+02   8.2631984e+04
   5.2026758e+02   8.2788188e+04
   5.1921875e+02   8.2150805e+04
   5.1816992e+02   8.2449992e+04
   5.1712012e+02   8.2027289e+04
   5.1607031e+02   8.1945312e+04
   5.1502051e+02   8.1299023e+04
   5.1397070e+02   8.0974367e+04
   5.1291992e+02   8.0971172e+04
   5.1187012e+02   8.1520109e+04
   5.1081934e+02   8.1328828e+04
   5.0976855e+02   8.0766500e+04
   5.0871680e+02   8.0523094e+04
   5.0766602e+02   8.0688812e+04
   5.0661426e+02   8.0538242e+04
   5.0556250e+02   8.0183273e+04
   5.0451074e+02   8.0346578e+04
   5.0345898e+02   8.0775961e+04
   5.0240625e+02   8.0155039e+04
   5.0135449e+02   8.0795703e+04
   5.0030176e+02   8.0906500e+04
   4.9924902e+02   8.1530156e+04
   4.9819531e+02   8.1431852e+04
   4.9714258e+02   8.1252867e+04
   4.9608887e+02   8.0703727e+04
   4.9503516e+02   8.0683914e+04
   4.9398145e+02   8.0379430e+04
   4.9292773e+02   8.0506734e+04
   4.9187305e+02   8.1032398e+04
   4.9081934e+02   8.0059375e+04
   4.8976465e+02   8.0705812e+04
   4.8870996e+02   8.0951453e+04
   4.8765430e+02   8.0945812e+04
   4.8659961e+02   8.1129711e+04
   4.8554395e+02   8.1619109e+04
   4.8448828e+02   8.1234398e+04
   4.8343262e+02   8.1382609e+04
   4.8237695e+02   8.0870234e+04
   4.8132031e+02   8.1614938e+04
   4.8026367e+02   8.1613891e+04
   4.7920703e+02   8.1499258e+04
   4.7815039e+02   8.1803391e+04
   4.7709375e+02   8.2244602e+04
   4.7603613e+02   8.2172469e+04
   4.7497949e+02   8.2696188e+04
   4.7392188e+02   8.2033008e+04
   4.7286426e+02   8.2254016e+04
   4.7180566e+02   8.2581281e+04
   4.7074805e+02   8.2114578e+04
   4.6968945e+02   8.1896078e+04
   4.6863086e+02   8.2341297e+04
   4.6757227e+02   8.2632859e+04
   4.6651270e+02   8.2548938e+04
   4.6545410e+02   8.2323422e+04
   4.6439453e+02   8.2194742e+04
   4.6333496e+02   8.2073188e+04
   4.6227539e+02   8.1918641e+04
   4.6121582e+02   8.2636852e+04
   4.6015527e+02   8.2420938e+04
   4.5909473e+02   8.2490391e+04
   4.5803418e+02   8.2585742e+04
   4.5697363e+02   8.2709336e+04
   4.5591309e+02   8.2903578e+04
   4.5485156e+02   8.2744344e+04
   4.5379004e+02   8.3421375e+04
   4.5272852e+02   8.3368078e+04
   4.5166699e+02   8.3401914e+04
   4.5060547e+02   8.3718242e+04
   4.4954297e+02   8.3820250e+04
   4.4848047e+02   8.4644688e+04
   4.4741797e+02   8.4320602e+04
   4.4635547e+02   8.4328336e+04
   4.4529297e+02   8.4670039e+04
   4.4422949e+02   8.4790570e+04
   4.4316602e+02   8.5019195e+04
   4.4210254e+02   8.5543922e+04
   4.4103906e+02   8.5234109e+04
   4.3997461e+02   8.4830422e+04
   4.3891113e+02   8.4725242e+04
   4.3784668e+02   8.5061703e+04
   4.3678223e+02   8.5266516e+04
   4.3571680e+02   8.4207992e+04
   4.3465234e+02   8.4509133e+04
   4.3358691e+02   8.5284281e+04
   4.3252148e+02   8.5043008e+04
   4.3145605e+02   8.5104484e+04
   4.3039062e+02   8.4609969e+04
   4.2932520e+02   8.4594102e+04
   4.2825879e+02   8.4946391e+04
   4.2719238e+02   8.5026586e+04
   4.2612598e+02   8.5460695e+04
   4.2505957e+02   8.5093117e+04
   4.2399219e+02   8.5259922e+04
   4.2292480e+02   8.5663273e+04
   4.2185742e+02   8.5391883e+04
   4.2079004e+02   8.5628781e+04
   4.1972266e+02   8.5711055e+04
   4.1865430e+02   8.6144438e+04
   4.1758691e+02   8.5683555e+04
   4.1651855e+02   8.5892125e+04
   4.1544922e+02   8.6435188e+04
   4.1438086e+02   8.5462203e+04
   4.1331250e+02   8.6150133e+04
   4.1224316e+02   8.5334234e+04
   4.1117383e+02   8.5612789e+04
   4.1010449e+02   8.5533594e+04
   4.0903418e+02   8.5942875e+04
   4.0796484e+02   8.5256117e+04
   4.0689453e+02   8.5719016e+04
   4.0582422e+02   8.5583789e+04
   4.0475391e+02   8.6069797e+04
   4.0368262e+02   8.5869172e+04
   4.0261133e+02   8.6098148e+04
   4.0154102e+02   8.5937258e+04
