   2.0012861e+03   2.5649893e+04
   2.0004980e+03   2.5637199e+04
   1.9997109e+03   2.5705902e+04
   1.9989229e+03   2.5457355e+04
   1.9981338e+03   2.5821035e+04
   1.9973457e+03   2.6013348e+04
   1.9965576e+03   2.5530242e+04
   1.9957686e+03   2.5576709e+04
   1.9949805e+03   2.6073246e+04
   1.9941914e+03   2.5723471e+04
   1.9934023e+03   2.5662150e+04
   1.9926133e+03   2.6300982e+04
   1.9918242e+03   2.5922834e+04
   1.9910342e+03   2.6000854e+04
   1.9902451e+03   2.5543717e+04
   1.9894551e+03   2.5577449e+04
   1.9886650e+03   2.5877062e+04
   1.9878750e+03   2.6081629e+04
   1.9870850e+03   2.6232332e+04
   1.9862949e+03   2.6063439e+04
   1.9855049e+03   2.6179297e+04
   1.9847148e+03   2.6013631e+04
   1.9839238e+03   2.6148430e+04
   1.9831328e+03   2.6004953e+04
   1.9823428e+03   2.6029066e+04
   1.9815518e+03   2.6151150e+04
   1.9807598e+03   2.5502123e+04
   1.9799688e+03   2.6458383e+04
   1.9791777e+03   2.6185449e+04
   1.9783857e+03   2.6218982e+04
   1.9775947e+03   2.6198816e+04
   1.9768027e+03   2.6292326e+04
   1.9760107e+03   2.6243740e+04
   1.9752188e+03   2.6450842e+04
   1.9744268e+03   2.6812510e+04
   1.9736348e+03   2.6754393e+04
   1.9728418e+03   2.6740463e+04
   1.9720488e+03   2.6411104e+04
   1.9712568e+03   2.6589613e+04
   1.9704639e+03   2.6358139e+04
   1.9696709e+03   2.6287531e+04
   1.9688779e+03   2.6573145e+04
   1.9680850e+03   2.6515129e+04
   1.9672910e+03   2.6356293e+04
   1.9664980e+03   2.6588189e+04
   1.9657041e+03   2.6662500e+04
   1.9649102e+03   2.6768283e+04
   1.9641162e+03   2.6880326e+04
   1.9633223e+03   2.6945104e+04
   1.9625283e+03   2.6562840e+04
   1.9617344e+03   2.6753547e+04
   1.9609395e+03   2.6572848e+04
   1.9601445e+03   2.6612457e+04
   1.9593506e+03   2.6727553e+04
   1.9585557e+03   2.6776559e+04
   1.9577607e+03   2.7058264e+04
   1.9569658e+03   2.6877660e+04
   1.9561699e+03   2.6951762e+04
   1.9553750e+03   2.7201861e+04
   1.9545791e+03   2.7037033e+04
   1.9537842e+03   2.6997949e+04
   1.9529883e+03   2.6896043e+04
   1.9521924e+03   2.7334451e+04
   1.9513965e+03   2.7197973e+04
   1.9505996e+03   2.7284488e+04
   1.9498037e+03   2.7082131e+04
   1.9490068e+03   2.6870424e+04
   1.9482109e+03   2.7324156e+04
   1.9474141e+03   2.7451383e+04
   1.9466172e+03   2.7484439e+04
   1.9458203e+03   2.7021846e+04
   1.9450234e+03   2.6964006e+04
   1.9442256e+03   2.6877959e+04
   1.9434287e+03   2.7230898e+04
   1.9426309e+03   2.7238881e+04
   1.9418340e+03   2.7024322e+04
   1.9410361e+03   2.7358252e+04
   1.9402383e+03   2.7519738e+04
   1.9394395e+03   2.7486938e+04
   1.9386416e+03   2.7554377e+04
   1.9378438e+03   2.7512184e+04
   1.9370449e+03   2.7416773e+04
   1.9362461e+03   2.7418445e+04
   1.9354482e+03   2.7582883e+04
   1.9346494e+03   2.7581395e+04
   1.9338496e+03   2.7595551e+04
   1.9330508e+03   2.7763002e+04
   1.9322520e+03   2.7514365e+04
   1.9314521e+03   2.7719301e+04
   1.9306533e+03   2.7627102e+04
   1.9298535e+03   2.7591209e+04
   1.9290537e+03   2.7786650e+04
   1.9282539e+03   2.8116416e+04
   1.9274531e+03   2.7746092e+04
   1.9266533e+03   2.7932031e+04
   1.9258535e+03   2.8242861e+04
   1.9250527e+03   2.7391703e+04
   1.9242520e+03   2.7858658e+04
   1.9234512e+03   2.7869602e+04
   1.9226504e+03   2.7615189e+04
   1.9218496e+03   2.7991354e+04
   1.9210488e+03   2.7992904e+04
   1.9202471e+03   2.7919566e+04
   1.9194463e+03   2.7512447e+04
   1.9186445e+03   2.8106713e+04
   1.9178428e+03   2.7687223e+04
   1.9170410e+03   2.7981920e+04
   1.9162393e+03   2.8039580e+04
   1.9154375e+03   2.7804215e+04
   1.9146348e+03   2.8030178e+04
   1.9138330e+03   2.7950691e+04
   1.9130303e+03   2.8167203e+04
   1.9122275e+03   2.8087721e+04
   1.9114248e+03   2.8201357e+04
   1.9106221e+03   2.7972424e+04
   1.9098193e+03   2.8241711e+04
   1.9090156e+03   2.8249426e+04
   1.9082129e+03   2.8067281e+04
   1.9074092e+03   2.7860303e+04
   1.9066055e+03   2.8530783e+04
   1.9058018e+03   2.8364234e+04
   1.9049980e+03   2.8502547e+04
   1.9041943e+03   2.8332945e+04
   1.9033906e+03   2.8346846e+04
   1.9025859e+03   2.8314109e+04
   1.9017822e+03   2.8237869e+04
   1.9009775e+03   2.8447557e+04
   1.9001729e+03   2.8200424e+04
   1.8993682e+03   2.8192582e+04
   1.8985635e+03   2.8358686e+04
   1.8977578e+03   2.8475041e+04
   1.8969531e+03   2.8588250e+04
   1.8961475e+03   2.8248160e+04
   1.8953428e+03   2.8376889e+04
   1.8945371e+03   2.8586264e+04
   1.8937314e+03   2.8590771e+04
   1.8929258e+03   2.8483588e+04
   1.8921191e+03   2.8624594e+04
   1.8913135e+03   2.8706623e+04
   1.8905068e+03   2.8779322e+04
   1.8897012e+03   2.8941906e+04
   1.8888945e+03   2.8611561e+04
   1.8880879e+03   2.8848500e+04
   1.8872812e+03   2.8905627e+04
   1.8864736e+03   2.8959637e+04
   1.8856670e+03   2.9184004e+04
   1.8848594e+03   2.8863180e+04
   1.8840527e+03   2.8644654e+04
   1.8832451e+03   2.8899920e+04
   1.8824375e+03   2.8888871e+04
   1.8816299e+03   2.8998535e+04
   1.8808223e+03   2.8619207e+04
   1.8800137e+03   2.9078514e+04
   1.8792061e+03   2.9222115e+04
   1.8783975e+03   2.9254318e+04
   1.8775889e+03   2.9156621e+04
   1.8767803e+03   2.9195006e+04
   1.8759717e+03   2.9047887e+04
   1.8751631e+03   2.9151186e+04
   1.8743545e+03   2.9245176e+04
   1.8735449e+03   2.9332955e+04
   1.8727363e+03   2.9198264e+04
   1.8719268e+03   2.9048172e+04
   1.8711172e+03   2.9682582e+04
   1.8703076e+03   2.9334834e+04
   1.8694980e+03   2.8962502e+04
   1.8686875e+03   2.9442260e+04
   1.8678779e+03   2.9455824e+04
   1.8670674e+03   2.9453951e+04
   1.8662578e+03   2.9594002e+04
   1.8654473e+03   2.9265119e+04
   1.8646367e+03   2.9735166e+04
   1.8638252e+03   2.9653066e+04
   1.8630146e+03   2.9685072e+04
   1.8622041e+03   2.9686240e+04
   1.8613926e+03   2.9289807e+04
   1.8605811e+03   2.9494426e+04
   1.8597705e+03   2.9221400e+04
   1.8589590e+03   2.9555346e+04
   1.8581465e+03   2.9701293e+04
   1.8573350e+03   2.9443764e+04
   1.8565234e+03   2.9494227e+04
   1.8557109e+03   2.9870996e+04
   1.8548984e+03   2.9869043e+04
   1.8540869e+03   2.9808615e+04
   1.8532744e+03   2.9677436e+04
   1.8524609e+03   2.9657053e+04
   1.8516484e+03   2.9827385e+04
   1.8508359e+03   2.9582475e+04
   1.8500225e+03   2.9795807e+04
   1.8492100e+03   2.9984471e+04
   1.8483965e+03   2.9831871e+04
   1.8475830e+03   3.0220230e+04
   1.8467695e+03   2.9929363e+04
   1.8459551e+03   3.0216188e+04
   1.8451416e+03   3.0109723e+04
   1.8443271e+03   3.0006365e+04
   1.8435137e+03   2.9903041e+04
   1.8426992e+03   2.9974754e+04
   1.8418848e+03   3.0233695e+04
   1.8410703e+03   3.0412748e+04
   1.8402559e+03   3.0232703e+04
   1.8394404e+03   3.0267490e+04
   1.8386260e+03   3.0716396e+04
   1.8378105e+03   3.0011908e+04
   1.8369951e+03   2.9911781e+04
   1.8361797e+03   3.0265467e+04
   1.8353643e+03   3.0202115e+04
   1.8345488e+03   3.0414639e+04
   1.8337334e+03   3.0455473e+04
   1.8329170e+03   3.0667881e+04
   1.8321016e+03   3.0436004e+04
   1.8312852e+03   3.0375732e+04
   1.8304688e+03   3.0600291e+04
   1.8296523e+03   3.0258311e+04
   1.8288359e+03   3.0305246e+04
   1.8280186e+03   3.0774574e+04
   1.8272021e+03   3.0316438e+04
   1.8263848e+03   3.0378637e+04
   1.8255674e+03   3.0440812e+04
   1.8247500e+03   3.0429555e+04
   1.8239326e+03   3.0843408e+04
   1.8231152e+03   3.0342832e+04
   1.8222979e+03   3.0352994e+04
   1.8214795e+03   3.0390662e+04
   1.8206621e+03   3.0785900e+04
   1.8198438e+03   3.1318514e+04
   1.8190254e+03   3.0876322e+04
   1.8182070e+03   3.0803902e+04
   1.8173887e+03   3.0804805e+04
   1.8165703e+03   3.0598057e+04
   1.8157510e+03   3.0855459e+04
   1.8149326e+03   3.0838033e+04
   1.8141133e+03   3.0906074e+04
   1.8132939e+03   3.0943572e+04
   1.8124746e+03   3.0941393e+04
   1.8116553e+03   3.0835492e+04
   1.8108350e+03   3.0851631e+04
   1.8100156e+03   3.1056836e+04
   1.8091953e+03   3.1329049e+04
   1.8083760e+03   3.0832936e+04
   1.8075557e+03   3.1425135e+04
   1.8067354e+03   3.1496010e+04
   1.8059141e+03   3.0914801e+04
   1.8050938e+03   3.1552379e+04
   1.8042734e+03   3.1096240e+04
   1.8034521e+03   3.1048344e+04
   1.8026309e+03   3.1253191e+04
   1.8018096e+03   3.1290527e+04
   1.8009883e+03   3.1187828e+04
   1.8001670e+03   3.1264723e+04
   1.7993457e+03   3.1396361e+04
   1.7985234e+03   3.1597930e+04
   1.7977021e+03   3.1124139e+04
   1.7968799e+03   3.1617648e+04
   1.7960576e+03   3.1630543e+04
   1.7952354e+03   3.1518779e+04
   1.7944131e+03   3.1762705e+04
   1.7935908e+03   3.1845469e+04
   1.7927676e+03   3.1721564e+04
   1.7919453e+03   3.1524785e+04
   1.7911221e+03   3.1765504e+04
   1.7902988e+03   3.1857316e+04
   1.7894756e+03   3.1806371e+04
   1.7886523e+03   3.2159254e+04
   1.7878291e+03   3.1992918e+04
   1.7870049e+03   3.1696125e+04
   1.7861816e+03   3.1884973e+04
   1.7853574e+03   3.2010039e+04
   1.7845332e+03   3.1946979e+04
   1.7837090e+03   3.2087154e+04
   1.7828848e+03   3.1711744e+04
   1.7820596e+03   3.2121764e+04
   1.7812354e+03   3.2367941e+04
   1.7804102e+03   3.2395797e+04
   1.7795859e+03   3.2244842e+04
   1.7787607e+03   3.2278768e+04
   1.7779355e+03   3.2476273e+04
   1.7771104e+03   3.2261770e+04
   1.7762842e+03   3.2301729e+04
   1.7754590e+03   3.2714111e+04
   1.7746328e+03   3.2526918e+04
   1.7738076e+03   3.2687885e+04
   1.7729814e+03   3.2809453e+04
   1.7721553e+03   3.2238045e+04
   1.7713281e+03   3.2650082e+04
   1.7705020e+03   3.2629422e+04
   1.7696758e+03   3.2847691e+04
   1.7688486e+03   3.2890500e+04
   1.7680215e+03   3.2878875e+04
   1.7671943e+03   3.3169535e+04
   1.7663672e+03   3.3176000e+04
   1.7655400e+03   3.3188500e+04
   1.7647129e+03   3.2977422e+04
   1.7638848e+03   3.3005055e+04
   1.7630576e+03   3.2875625e+04
   1.7622295e+03   3.3401523e+04
   1.7614014e+03   3.3172430e+04
   1.7605732e+03   3.2750217e+04
   1.7597451e+03   3.3293973e+04
   1.7589170e+03   3.3252109e+04
   1.7580879e+03   3.3418445e+04
   1.7572598e+03   3.3144289e+04
   1.7564307e+03   3.3280422e+04
   1.7556016e+03   3.3320008e+04
   1.7547725e+03   3.4101301e+04
   1.7539434e+03   3.3610156e+04
   1.7531133e+03   3.3911887e+04
   1.7522842e+03   3.3264230e+04
   1.7514541e+03   3.3689453e+04
   1.7506240e+03   3.3722895e+04
   1.7497949e+03   3.3491262e+04
   1.7489639e+03   3.3813832e+04
   1.7481338e+03   3.3889387e+04
   1.7473037e+03   3.4341234e+04
   1.7464727e+03   3.4434730e+04
   1.7456426e+03   3.4001527e+04
   1.7448115e+03   3.4092039e+04
   1.7439805e+03   3.4453281e+04
   1.7431494e+03   3.4351172e+04
   1.7423184e+03   3.4276160e+04
   1.7414863e+03   3.4150055e+04
   1.7406553e+03   3.4435879e+04
   1.7398232e+03   3.4231633e+04
   1.7389922e+03   3.4349035e+04
   1.7381602e+03   3.4436348e+04
   1.7373281e+03   3.4469551e+04
   1.7364951e+03   3.4640918e+04
   1.7356631e+03   3.5004445e+04
   1.7348301e+03   3.4896395e+04
   1.7339980e+03   3.4671289e+04
   1.7331650e+03   3.4971582e+04
   1.7323320e+03   3.4839574e+04
   1.7314990e+03   3.5019703e+04
   1.7306660e+03   3.4965738e+04
   1.7298320e+03   3.5013789e+04
   1.7289990e+03   3.5682672e+04
   1.7281650e+03   3.5415707e+04
   1.7273311e+03   3.5514621e+04
   1.7264971e+03   3.5679449e+04
   1.7256631e+03   3.5589457e+04
   1.7248291e+03   3.5577406e+04
   1.7239941e+03   3.6140637e+04
   1.7231602e+03   3.5637195e+04
   1.7223252e+03   3.5706008e+04
   1.7214902e+03   3.5984426e+04
   1.7206553e+03   3.5978301e+04
   1.7198203e+03   3.5355477e+04
   1.7189854e+03   3.6444961e+04
   1.7181504e+03   3.5980875e+04
   1.7173145e+03   3.6046562e+04
   1.7164785e+03   3.6462246e+04
   1.7156426e+03   3.6647469e+04
   1.7148066e+03   3.6099922e+04
   1.7139707e+03   3.6365875e+04
   1.7131348e+03   3.6658645e+04
   1.7122988e+03   3.6768973e+04
   1.7114619e+03   3.6407066e+04
   1.7106250e+03   3.6362020e+04
   1.7097881e+03   3.6693418e+04
   1.7089512e+03   3.6935094e+04
   1.7081143e+03   3.6913867e+04
   1.7072773e+03   3.6776191e+04
   1.7064395e+03   3.7050562e+04
   1.7056025e+03   3.7650211e+04
   1.7047646e+03   3.7428906e+04
   1.7039268e+03   3.7303168e+04
   1.7030889e+03   3.7365430e+04
   1.7022510e+03   3.7642441e+04
   1.7014121e+03   3.7594270e+04
   1.7005742e+03   3.7692230e+04
   1.6997354e+03   3.7494988e+04
   1.6988975e+03   3.7223289e+04
   1.6980586e+03   3.7947152e+04
   1.6972197e+03   3.7779766e+04
   1.6963799e+03   3.8151711e+04
   1.6955410e+03   3.7707297e+04
   1.6947012e+03   3.7739586e+04
   1.6938623e+03   3.8182812e+04
   1.6930225e+03   3.8229891e+04
   1.6921826e+03   3.8315652e+04
   1.6913428e+03   3.8270422e+04
   1.6905029e+03   3.8195449e+04
   1.6896621e+03   3.8415059e+04
   1.6888223e+03   3.8655418e+04
   1.6879814e+03   3.8717230e+04
   1.6871406e+03   3.8853367e+04
   1.6862998e+03   3.9013242e+04
   1.6854590e+03   3.8991719e+04
   1.6846182e+03   3.9014785e+04
   1.6837764e+03   3.9049730e+04
   1.6829355e+03   3.9001465e+04
   1.6820938e+03   3.9437453e+04
   1.6812520e+03   3.9656465e+04
   1.6804102e+03   3.9640781e+04
   1.6795684e+03   4.0031895e+04
   1.6787266e+03   3.9870684e+04
   1.6778838e+03   3.9887617e+04
   1.6770420e+03   3.9815516e+04
   1.6761992e+03   4.0333918e+04
   1.6753564e+03   4.0238023e+04
   1.6745137e+03   4.0557438e+04
   1.6736709e+03   4.0772938e+04
   1.6728271e+03   4.1029875e+04
   1.6719844e+03   4.0886488e+04
   1.6711406e+03   4.1410094e+04
   1.6702979e+03   4.1325961e+04
   1.6694541e+03   4.1656703e+04
   1.6686104e+03   4.2179906e+04
   1.6677656e+03   4.2089754e+04
   1.6669219e+03   4.1866355e+04
   1.6660771e+03   4.2386289e+04
   1.6652334e+03   4.2784656e+04
   1.6643887e+03   4.2913508e+04
   1.6635439e+03   4.2761145e+04
   1.6626992e+03   4.3245055e+04
   1.6618545e+03   4.3625242e+04
   1.6610088e+03   4.4132496e+04
   1.6601641e+03   4.4317195e+04
   1.6593184e+03   4.4401285e+04
   1.6584727e+03   4.4656828e+04
   1.6576270e+03   4.5086695e+04
   1.6567812e+03   4.4845488e+04
   1.6559355e+03   4.5189473e+04
   1.6550889e+03   4.5202422e+04
   1.6542432e+03   4.5496008e+04
   1.6533965e+03   4.6386113e+04
   1.6525498e+03   4.6168504e+04
   1.6517031e+03   4.6500148e+04
   1.6508564e+03   4.7162312e+04
   1.6500088e+03   4.7180801e+04
   1.6491621e+03   4.7547512e+04
   1.6483145e+03   4.7737059e+04
   1.6474678e+03   4.7678734e+04
   1.6466201e+03   4.7871141e+04
   1.6457715e+03   4.8381977e+04
   1.6449238e+03   4.8583035e+04
   1.6440762e+03   4.8728016e+04
   1.6432275e+03   4.9049793e+04
   1.6423799e+03   4.9592484e+04
   1.6415312e+03   4.9283445e+04
   1.6406826e+03   5.0126402e+04
   1.6398340e+03   5.0085414e+04
   1.6389854e+03   5.0006152e+04
   1.6381357e+03   4.9912195e+04
   1.6372871e+03   5.0024348e+04
   1.6364375e+03   4.9906867e+04
   1.6355879e+03   5.0375078e+04
   1.6347383e+03   5.0392930e+04
   1.6338887e+03   5.0351930e+04
   1.6330381e+03   5.0737457e+04
   1.6321885e+03   5.0952273e+04
   1.6313379e+03   5.0946480e+04
   1.6304883e+03   5.1322883e+04
   1.6296377e+03   5.1343477e+04
   1.6287871e+03   5.1984184e+04
   1.6279355e+03   5.2239730e+04
   1.6270850e+03   5.1584426e+04
   1.6262344e+03   5.2168941e+04
   1.6253828e+03   5.2365582e+04
   1.6245312e+03   5.2908648e+04
   1.6236797e+03   5.2799754e+04
   1.6228281e+03   5.3307332e+04
   1.6219766e+03   5.3257098e+04
   1.6211240e+03   5.4022648e+04
   1.6202725e+03   5.3573293e+04
   1.6194199e+03   5.3816375e+04
   1.6185674e+03   5.4258809e+04
   1.6177148e+03   5.4607254e+04
   1.6168623e+03   5.4331078e+04
   1.6160098e+03   5.4946141e+04
   1.6151562e+03   5.5323590e+04
   1.6143037e+03   5.4716293e+04
   1.6134502e+03   5.5196195e+04
   1.6125967e+03   5.5453293e+04
   1.6117432e+03   5.5616578e+04
   1.6108896e+03   5.5123844e+04
   1.6100361e+03   5.5401312e+04
   1.6091816e+03   5.5441566e+04
   1.6083271e+03   5.5792051e+04
   1.6074736e+03   5.5905375e+04
   1.6066191e+03   5.5887000e+04
   1.6057637e+03   5.6140684e+04
   1.6049092e+03   5.5689387e+04
   1.6040547e+03   5.6045363e+04
   1.6031992e+03   5.6497707e+04
   1.6023447e+03   5.6558160e+04
   1.6014893e+03   5.6770578e+04
   1.6006338e+03   5.7491414e+04
   1.5997783e+03   5.7221488e+04
   1.5989219e+03   5.7305141e+04
   1.5980664e+03   5.7733418e+04
   1.5972100e+03   5.8170309e+04
   1.5963535e+03   5.8393898e+04
   1.5954971e+03   5.8299199e+04
   1.5946406e+03   5.8338797e+04
   1.5937842e+03   5.9294738e+04
   1.5929277e+03   5.9561738e+04
   1.5920703e+03   5.9889906e+04
   1.5912139e+03   6.0285051e+04
   1.5903564e+03   6.0700465e+04
   1.5894990e+03   6.1176973e+04
   1.5886416e+03   6.0659184e+04
   1.5877842e+03   6.1371625e+04
   1.5869258e+03   6.1527188e+04
   1.5860684e+03   6.2317906e+04
   1.5852100e+03   6.2898590e+04
   1.5843516e+03   6.2477059e+04
   1.5834932e+03   6.3235164e+04
   1.5826348e+03   6.3695996e+04
   1.5817754e+03   6.4214898e+04
   1.5809170e+03   6.4602629e+04
   1.5800576e+03   6.4798141e+04
   1.5791992e+03   6.4210848e+04
   1.5783398e+03   6.4714742e+04
   1.5774795e+03   6.4296371e+04
   1.5766201e+03   6.3947938e+04
   1.5757607e+03   6.4282961e+04
   1.5749004e+03   6.4489941e+04
   1.5740410e+03   6.3667840e+04
   1.5731807e+03   6.3555156e+04
   1.5723203e+03   6.3631387e+04
   1.5714600e+03   6.3588469e+04
   1.5705986e+03   6.3002367e+04
   1.5697383e+03   6.2672043e+04
   1.5688770e+03   6.3021320e+04
   1.5680166e+03   6.2124953e+04
   1.5671553e+03   6.2651273e+04
   1.5662939e+03   6.2263180e+04
   1.5654316e+03   6.2043523e+04
   1.5645703e+03   6.2151785e+04
   1.5637090e+03   6.1900309e+04
   1.5628467e+03   6.2313086e+04
   1.5619844e+03   6.2624227e+04
   1.5611221e+03   6.2894668e+04
   1.5602598e+03   6.3428801e+04
   1.5593975e+03   6.2609242e+04
   1.5585342e+03   6.3601090e+04
   1.5576719e+03   6.3474234e+04
   1.5568086e+03   6.3613926e+04
   1.5559453e+03   6.3794113e+04
   1.5550820e+03   6.3644117e+04
   1.5542188e+03   6.4139820e+04
   1.5533545e+03   6.3801645e+04
   1.5524912e+03   6.3671977e+04
   1.5516270e+03   6.3982207e+04
   1.5507637e+03   6.3297031e+04
   1.5498994e+03   6.3341074e+04
   1.5490342e+03   6.2893410e+04
   1.5481699e+03   6.2761102e+04
   1.5473057e+03   6.2021664e+04
   1.5464404e+03   6.1999398e+04
   1.5455762e+03   6.1404855e+04
   1.5447109e+03   6.1454945e+04
   1.5438457e+03   6.0707562e+04
   1.5429795e+03   6.0841527e+04
   1.5421143e+03   6.0513309e+04
   1.5412490e+03   5.9980168e+04
   1.5403828e+03   5.9663758e+04
   1.5395166e+03   5.9979668e+04
   1.5386504e+03   5.9946223e+04
   1.5377842e+03   5.9964734e+04
   1.5369180e+03   5.9437902e+04
   1.5360518e+03   5.9586305e+04
   1.5351846e+03   5.9948098e+04
   1.5343174e+03   5.9836809e+04
   1.5334502e+03   5.9788992e+04
   1.5325830e+03   5.9043539e+04
   1.5317158e+03   5.9996043e+04
   1.5308486e+03   6.0181645e+04
   1.5299805e+03   5.9764977e+04
   1.5291133e+03   6.0339465e+04
   1.5282451e+03   6.0478820e+04
   1.5273770e+03   6.0117027e+04
   1.5265088e+03   6.0705543e+04
   1.5256406e+03   6.0568383e+04
   1.5247715e+03   6.0529133e+04
   1.5239033e+03   6.1088488e+04
   1.5230342e+03   6.1164250e+04
   1.5221650e+03   6.1294645e+04
   1.5212959e+03   6.0967648e+04
   1.5204268e+03   6.1075020e+04
   1.5195576e+03   6.1415254e+04
   1.5186875e+03   6.1022277e+04
   1.5178184e+03   6.0865129e+04
   1.5169482e+03   6.0900586e+04
   1.5160781e+03   6.0550996e+04
   1.5152080e+03   6.0962840e+04
   1.5143379e+03   5.9760250e+04
   1.5134668e+03   5.9882020e+04
   1.5125967e+03   5.9458180e+04
   1.5117256e+03   5.9393344e+04
   1.5108545e+03   5.9093156e+04
   1.5099834e+03   5.8609398e+04
   1.5091123e+03   5.8659512e+04
   1.5082412e+03   5.7739914e+04
   1.5073691e+03   5.7724184e+04
   1.5064980e+03   5.8224688e+04
   1.5056260e+03   5.7549363e+04
   1.5047539e+03   5.7473465e+04
   1.5038818e+03   5.7945078e+04
   1.5030098e+03   5.7814676e+04
   1.5021367e+03   5.7457949e+04
   1.5012646e+03   5.7788930e+04
   1.5003916e+03   5.7718770e+04
   1.4995186e+03   5.7826195e+04
   1.4986455e+03   5.8105395e+04
   1.4977725e+03   5.7972223e+04
   1.4968984e+03   5.7970770e+04
   1.4960254e+03   5.8736324e+04
   1.4951514e+03   5.8594523e+04
   1.4942783e+03   5.8481375e+04
   1.4934043e+03   5.9029039e+04
   1.4925293e+03   5.9219012e+04
   1.4916553e+03   5.8951398e+04
   1.4907812e+03   5.9341441e+04
   1.4899062e+03   5.9362602e+04
   1.4890312e+03   5.9603820e+04
   1.4881572e+03   5.9353457e+04
   1.4872822e+03   5.9794582e+04
   1.4864062e+03   5.9615680e+04
   1.4855312e+03   5.9579645e+04
   1.4846562e+03   6.0368863e+04
   1.4837803e+03   5.9881605e+04
   1.4829043e+03   6.0653371e+04
   1.4820283e+03   6.0657121e+04
   1.4811523e+03   6.1014715e+04
   1.4802764e+03   6.1677453e+04
   1.4793994e+03   6.1989098e+04
   1.4785234e+03   6.2066762e+04
   1.4776465e+03   6.2877250e+04
   1.4767695e+03   6.2789363e+04
   1.4758926e+03   6.3274473e+04
   1.4750156e+03   6.3873414e+04
   1.4741377e+03   6.4631727e+04
   1.4732607e+03   6.5500883e+04
   1.4723828e+03   6.6184578e+04
   1.4715049e+03   6.6409484e+04
   1.4706270e+03   6.7158273e+04
   1.4697490e+03   6.7314602e+04
   1.4688711e+03   6.8612367e+04
   1.4679922e+03   6.8822461e+04
   1.4671143e+03   6.9917469e+04
   1.4662354e+03   7.0130094e+04
   1.4653564e+03   7.1019672e+04
   1.4644775e+03   7.2133633e+04
   1.4635986e+03   7.1458531e+04
   1.4627188e+03   7.2728398e+04
   1.4618398e+03   7.3082469e+04
   1.4609600e+03   7.3820117e+04
   1.4600801e+03   7.3832867e+04
   1.4592002e+03   7.5394070e+04
   1.4583203e+03   7.4892375e+04
   1.4574404e+03   7.4995812e+04
   1.4565596e+03   7.5306508e+04
   1.4556787e+03   7.5128750e+04
   1.4547988e+03   7.4491172e+04
   1.4539180e+03   7.4603117e+04
   1.4530371e+03   7.3474914e+04
   1.4521553e+03   7.3765734e+04
   1.4512744e+03   7.3177047e+04
   1.4503926e+03   7.2665148e+04
   1.4495107e+03   7.2454016e+04
   1.4486299e+03   7.1440562e+04
   1.4477471e+03   7.1102141e+04
   1.4468652e+03   7.1220156e+04
   1.4459834e+03   7.0573000e+04
   1.4451006e+03   6.9515242e+04
   1.4442188e+03   6.9347352e+04
   1.4433359e+03   6.9054891e+04
   1.4424531e+03   6.8003594e+04
   1.4415703e+03   6.7753938e+04
   1.4406865e+03   6.7580789e+04
   1.4398037e+03   6.6700117e+04
   1.4389199e+03   6.6306484e+04
   1.4380361e+03   6.5785664e+04
   1.4371523e+03   6.5383828e+04
   1.4362686e+03   6.5174465e+04
   1.4353848e+03   6.4484430e+04
   1.4345010e+03   6.3868145e+04
   1.4336162e+03   6.3514973e+04
   1.4327314e+03   6.2901895e+04
   1.4318467e+03   6.2300324e+04
   1.4309619e+03   6.1758301e+04
   1.4300771e+03   6.1634551e+04
   1.4291924e+03   6.1194504e+04
   1.4283066e+03   6.0737664e+04
   1.4274219e+03   6.0478625e+04
   1.4265361e+03   6.0078523e+04
   1.4256504e+03   6.0398293e+04
   1.4247646e+03   5.9947543e+04
   1.4238779e+03   5.9959672e+04
   1.4229922e+03   5.9492227e+04
   1.4221055e+03   5.9893660e+04
   1.4212188e+03   5.9409461e+04
   1.4203320e+03   5.9604938e+04
   1.4194453e+03   5.9980762e+04
   1.4185586e+03   5.9942125e+04
   1.4176719e+03   6.0154309e+04
   1.4167842e+03   6.0403043e+04
   1.4158965e+03   6.0927762e+04
   1.4150088e+03   6.2015609e+04
   1.4141211e+03   6.2362445e+04
   1.4132334e+03   6.2157297e+04
   1.4123457e+03   6.3483641e+04
   1.4114570e+03   6.4480211e+04
   1.4105684e+03   6.4829180e+04
   1.4096807e+03   6.5335586e+04
   1.4087920e+03   6.6317234e+04
   1.4079023e+03   6.7014461e+04
   1.4070137e+03   6.7542711e+04
   1.4061250e+03   6.7421273e+04
   1.4052354e+03   6.8424359e+04
   1.4043457e+03   6.8457391e+04
   1.4034561e+03   6.8608445e+04
   1.4025664e+03   6.8130062e+04
   1.4016768e+03   6.8070422e+04
   1.4007861e+03   6.7336695e+04
   1.3998965e+03   6.7041312e+04
   1.3990059e+03   6.6981883e+04
   1.3981152e+03   6.6419969e+04
   1.3972246e+03   6.6150156e+04
   1.3963340e+03   6.5361270e+04
   1.3954424e+03   6.6006414e+04
   1.3945518e+03   6.5722781e+04
   1.3936602e+03   6.6188125e+04
   1.3927686e+03   6.6350438e+04
   1.3918770e+03   6.6136977e+04
   1.3909854e+03   6.6728148e+04
   1.3900938e+03   6.7548953e+04
   1.3892012e+03   6.8756188e+04
   1.3883086e+03   6.8954320e+04
   1.3874170e+03   6.9625812e+04
   1.3865244e+03   6.9885344e+04
   1.3856309e+03   7.0970898e+04
   1.3847383e+03   7.0807305e+04
   1.3838457e+03   7.1965102e+04
   1.3829521e+03   7.2330383e+04
   1.3820586e+03   7.2720727e+04
   1.3811650e+03   7.2682836e+04
   1.3802715e+03   7.3400273e+04
   1.3793779e+03   7.3734273e+04
   1.3784844e+03   7.4311453e+04
   1.3775898e+03   7.4421484e+04
   1.3766953e+03   7.3871742e+04
   1.3758008e+03   7.4009758e+04
   1.3749062e+03   7.4091836e+04
   1.3740117e+03   7.4109617e+04
   1.3731172e+03   7.4719625e+04
   1.3722217e+03   7.4578078e+04
   1.3713262e+03   7.4397477e+04
   1.3704307e+03   7.4554789e+04
   1.3695352e+03   7.4460789e+04
   1.3686396e+03   7.4651523e+04
   1.3677441e+03   7.4049641e+04
   1.3668477e+03   7.3121516e+04
   1.3659521e+03   7.3161727e+04
   1.3650557e+03   7.3266070e+04
   1.3641592e+03   7.3211422e+04
   1.3632627e+03   7.3145641e+04
   1.3623652e+03   7.3269438e+04
   1.3614688e+03   7.3340234e+04
   1.3605713e+03   7.3770492e+04
   1.3596738e+03   7.3721359e+04
   1.3587773e+03   7.4377039e+04
   1.3578789e+03   7.5405711e+04
   1.3569814e+03   7.5754531e+04
   1.3560840e+03   7.6281422e+04
   1.3551855e+03   7.7153320e+04
   1.3542871e+03   7.7732656e+04
   1.3533887e+03   7.8386930e+04
   1.3524902e+03   7.8245211e+04
   1.3515918e+03   7.9221852e+04
   1.3506934e+03   7.9819883e+04
   1.3497939e+03   7.9925477e+04
   1.3488945e+03   8.0050500e+04
   1.3479951e+03   8.0078172e+04
   1.3470957e+03   8.1009148e+04
   1.3461963e+03   8.0975500e+04
   1.3452969e+03   8.1255828e+04
   1.3443965e+03   8.1302711e+04
   1.3434971e+03   8.1524547e+04
   1.3425967e+03   8.1454719e+04
   1.3416963e+03   8.0751875e+04
   1.3407949e+03   8.0740492e+04
   1.3398945e+03   8.0118500e+04
   1.3389941e+03   8.0359758e+04
   1.3380928e+03   8.0090414e+04
   1.3371914e+03   7.9602008e+04
   1.3362900e+03   7.8952898e+04
   1.3353887e+03   7.8145945e+04
   1.3344873e+03   7.8426141e+04
   1.3335850e+03   7.7683320e+04
   1.3326836e+03   7.6979555e+04
   1.3317812e+03   7.7656070e+04
   1.3308789e+03   7.7068922e+04
   1.3299766e+03   7.6972297e+04
   1.3290732e+03   7.7897719e+04
   1.3281709e+03   7.7526828e+04
   1.3272676e+03   7.7358172e+04
   1.3263652e+03   7.7867797e+04
   1.3254619e+03   7.8100469e+04
   1.3245576e+03   7.9063602e+04
   1.3236543e+03   7.8908625e+04
   1.3227510e+03   7.9121609e+04
   1.3218467e+03   7.8634766e+04
   1.3209424e+03   7.8468875e+04
   1.3200391e+03   7.8457859e+04
   1.3191338e+03   7.7390867e+04
   1.3182295e+03   7.7056672e+04
   1.3173252e+03   7.6042797e+04
   1.3164199e+03   7.5731055e+04
   1.3155156e+03   7.5308914e+04
   1.3146104e+03   7.4174344e+04
   1.3137051e+03   7.3948688e+04
   1.3127988e+03   7.3499469e+04
   1.3118936e+03   7.2970352e+04
   1.3109873e+03   7.3054133e+04
   1.3100820e+03   7.2505953e+04
   1.3091758e+03   7.1900023e+04
   1.3082695e+03   7.1694297e+04
   1.3073633e+03   7.1143875e+04
   1.3064561e+03   7.1420922e+04
   1.3055498e+03   7.1190555e+04
   1.3046426e+03   7.1690773e+04
   1.3037354e+03   7.1264758e+04
   1.3028281e+03   7.0907773e+04
   1.3019209e+03   7.0718977e+04
   1.3010137e+03   7.0684508e+04
   1.3001055e+03   7.0325055e+04
   1.2991982e+03   7.0150227e+04
   1.2982900e+03   6.9818516e+04
   1.2973818e+03   6.9409852e+04
   1.2964736e+03   6.8869211e+04
   1.2955645e+03   6.8956164e+04
   1.2946562e+03   6.8402031e+04
   1.2937471e+03   6.8079164e+04
   1.2928379e+03   6.8034188e+04
   1.2919287e+03   6.7323766e+04
   1.2910195e+03   6.7248680e+04
   1.2901104e+03   6.7588703e+04
   1.2892012e+03   6.7016141e+04
   1.2882910e+03   6.7034578e+04
   1.2873809e+03   6.6500773e+04
   1.2864707e+03   6.6931328e+04
   1.2855605e+03   6.7147500e+04
   1.2846504e+03   6.7305930e+04
   1.2837393e+03   6.7250148e+04
   1.2828291e+03   6.7455164e+04
   1.2819180e+03   6.7731461e+04
   1.2810068e+03   6.8542742e+04
   1.2800957e+03   6.8324906e+04
   1.2791846e+03   6.8279961e+04
   1.2782725e+03   6.8015617e+04
   1.2773613e+03   6.8420438e+04
   1.2764492e+03   6.8901875e+04
   1.2755371e+03   6.8596438e+04
   1.2746250e+03   6.8559688e+04
   1.2737129e+03   6.8007797e+04
   1.2727998e+03   6.7160219e+04
   1.2718877e+03   6.6638898e+04
   1.2709746e+03   6.6413539e+04
   1.2700615e+03   6.6267664e+04
   1.2691484e+03   6.5886391e+04
   1.2682354e+03   6.4987906e+04
   1.2673213e+03   6.4639828e+04
   1.2664082e+03   6.4458785e+04
   1.2654941e+03   6.4567797e+04
   1.2645801e+03   6.3787789e+04
   1.2636660e+03   6.3664414e+04
   1.2627520e+03   6.3696941e+04
   1.2618369e+03   6.4049316e+04
   1.2609229e+03   6.3297270e+04
   1.2600078e+03   6.3633188e+04
   1.2590928e+03   6.4122000e+04
   1.2581777e+03   6.3687238e+04
   1.2572627e+03   6.4200445e+04
   1.2563467e+03   6.4535957e+04
   1.2554316e+03   6.4543688e+04
   1.2545156e+03   6.4889934e+04
   1.2535996e+03   6.4752926e+04
   1.2526836e+03   6.5552031e+04
   1.2517676e+03   6.6004320e+04
   1.2508516e+03   6.6292766e+04
   1.2499346e+03   6.6379258e+04
   1.2490176e+03   6.6585711e+04
   1.2481006e+03   6.7528289e+04
   1.2471836e+03   6.7295547e+04
   1.2462666e+03   6.8251289e+04
   1.2453496e+03   6.8727055e+04
   1.2444316e+03   6.8401570e+04
   1.2435146e+03   6.8561125e+04
   1.2425967e+03   6.8516328e+04
   1.2416787e+03   6.8735711e+04
   1.2407598e+03   6.9183727e+04
   1.2398418e+03   6.9413797e+04
   1.2389229e+03   6.8968758e+04
   1.2380049e+03   6.9141633e+04
   1.2370859e+03   6.9453203e+04
   1.2361670e+03   6.9152570e+04
   1.2352480e+03   6.9328023e+04
   1.2343281e+03   6.9332094e+04
   1.2334092e+03   6.9431312e+04
   1.2324893e+03   6.9465258e+04
   1.2315693e+03   6.9703039e+04
   1.2306494e+03   6.9674414e+04
   1.2297295e+03   6.8724719e+04
   1.2288096e+03   6.8878281e+04
   1.2278887e+03   6.9126852e+04
   1.2269678e+03   6.8824062e+04
   1.2260469e+03   6.8418203e+04
   1.2251260e+03   6.8715570e+04
   1.2242051e+03   6.8160586e+04
   1.2232842e+03   6.8086125e+04
   1.2223623e+03   6.7808188e+04
   1.2214414e+03   6.7866727e+04
   1.2205195e+03   6.7971344e+04
   1.2195977e+03   6.7457648e+04
   1.2186758e+03   6.7711422e+04
   1.2177529e+03   6.7496133e+04
   1.2168311e+03   6.7400172e+04
   1.2159082e+03   6.7285273e+04
   1.2149854e+03   6.7533461e+04
   1.2140625e+03   6.7908883e+04
   1.2131396e+03   6.7225180e+04
   1.2122158e+03   6.7137461e+04
   1.2112930e+03   6.7407148e+04
   1.2103691e+03   6.7319422e+04
   1.2094453e+03   6.7082867e+04
   1.2085215e+03   6.7127820e+04
   1.2075977e+03   6.6975242e+04
   1.2066738e+03   6.6565742e+04
   1.2057490e+03   6.6605344e+04
   1.2048242e+03   6.6233906e+04
   1.2038994e+03   6.6170805e+04
   1.2029746e+03   6.6234773e+04
   1.2020498e+03   6.6309531e+04
   1.2011250e+03   6.6192398e+04
   1.2001992e+03   6.6234703e+04
   1.1992744e+03   6.6425562e+04
   1.1983486e+03   6.6375984e+04
   1.1974229e+03   6.6407422e+04
   1.1964961e+03   6.6803328e+04
   1.1955703e+03   6.7201781e+04
   1.1946436e+03   6.6577234e+04
   1.1937178e+03   6.6864953e+04
   1.1927910e+03   6.6869289e+04
   1.1918643e+03   6.6816977e+04
   1.1909365e+03   6.6190234e+04
   1.1900098e+03   6.5962789e+04
   1.1890830e+03   6.5778547e+04
   1.1881553e+03   6.6432672e+04
   1.1872275e+03   6.6146000e+04
   1.1862998e+03   6.5924094e+04
   1.1853721e+03   6.5535238e+04
   1.1844434e+03   6.6043477e+04
   1.1835156e+03   6.5738211e+04
   1.1825869e+03   6.5414211e+04
   1.1816582e+03   6.5682586e+04
   1.1807295e+03   6.6306164e+04
   1.1798008e+03   6.5252914e+04
   1.1788711e+03   6.4611715e+04
   1.1779424e+03   6.5019922e+04
   1.1770127e+03   6.4685613e+04
   1.1760830e+03   6.4652621e+04
   1.1751533e+03   6.4329246e+04
   1.1742227e+03   6.4194168e+04
   1.1732930e+03   6.4064508e+04
   1.1723623e+03   6.3515664e+04
   1.1714326e+03   6.3128223e+04
   1.1705020e+03   6.3417891e+04
   1.1695713e+03   6.3283078e+04
   1.1686396e+03   6.2707898e+04
   1.1677090e+03   6.3233754e+04
   1.1667773e+03   6.3045348e+04
   1.1658457e+03   6.2701332e+04
   1.1649141e+03   6.3025637e+04
   1.1639824e+03   6.2402703e+04
   1.1630508e+03   6.2396984e+04
   1.1621191e+03   6.2764074e+04
   1.1611865e+03   6.2503531e+04
   1.1602539e+03   6.2117062e+04
   1.1593213e+03   6.2089941e+04
   1.1583887e+03   6.2379090e+04
   1.1574561e+03   6.2086633e+04
   1.1565225e+03   6.1440617e+04
   1.1555889e+03   6.2166359e+04
   1.1546562e+03   6.2388320e+04
   1.1537227e+03   6.2436141e+04
   1.1527881e+03   6.2406301e+04
   1.1518545e+03   6.2392527e+04
   1.1509209e+03   6.1795301e+04
   1.1499863e+03   6.2410477e+04
   1.1490518e+03   6.2530477e+04
   1.1481172e+03   6.2318734e+04
   1.1471826e+03   6.2460094e+04
   1.1462480e+03   6.2368766e+04
   1.1453125e+03   6.2429855e+04
   1.1443770e+03   6.2212922e+04
   1.1434414e+03   6.2533258e+04
   1.1425059e+03   6.2730555e+04
   1.1415703e+03   6.2577797e+04
   1.1406348e+03   6.2165984e+04
   1.1396982e+03   6.2363238e+04
   1.1387617e+03   6.2509680e+04
   1.1378262e+03   6.2015332e+04
   1.1368896e+03   6.2063016e+04
   1.1359521e+03   6.1342070e+04
   1.1350156e+03   6.1904840e+04
   1.1340781e+03   6.1645707e+04
   1.1331416e+03   6.1938812e+04
   1.1322041e+03   6.1503746e+04
   1.1312666e+03   6.1479465e+04
   1.1303281e+03   6.1519168e+04
   1.1293906e+03   6.1628156e+04
   1.1284521e+03   6.1262738e+04
   1.1275137e+03   6.0996031e+04
   1.1265762e+03   6.1219602e+04
   1.1256367e+03   6.0902387e+04
   1.1246982e+03   6.0201793e+04
   1.1237598e+03   6.1107008e+04
   1.1228203e+03   6.1189293e+04
   1.1218809e+03   6.0816402e+04
   1.1209414e+03   6.0935965e+04
   1.1200020e+03   6.0808031e+04
   1.1190625e+03   6.1047258e+04
   1.1181221e+03   6.0741141e+04
   1.1171826e+03   6.0815410e+04
   1.1162422e+03   6.0544004e+04
   1.1153018e+03   5.9924449e+04
   1.1143613e+03   6.0312445e+04
   1.1134199e+03   6.0062523e+04
   1.1124795e+03   6.0160746e+04
   1.1115381e+03   6.0096891e+04
   1.1105967e+03   6.0386297e+04
   1.1096553e+03   6.0032965e+04
   1.1087139e+03   5.9897469e+04
   1.1077725e+03   5.9616020e+04
   1.1068301e+03   5.9740742e+04
   1.1058877e+03   6.0441254e+04
   1.1049453e+03   5.9897188e+04
   1.1040029e+03   5.9573484e+04
   1.1030605e+03   5.9745855e+04
   1.1021182e+03   6.0045445e+04
   1.1011748e+03   5.9867699e+04
   1.1002314e+03   6.0092930e+04
   1.0992881e+03   5.9833078e+04
   1.0983447e+03   5.9782648e+04
   1.0974014e+03   5.9777273e+04
   1.0964580e+03   6.0060625e+04
   1.0955137e+03   6.0052551e+04
   1.0945693e+03   6.0166281e+04
   1.0936250e+03   6.0557949e+04
   1.0926807e+03   6.0716543e+04
   1.0917363e+03   6.0745395e+04
   1.0907910e+03   6.0303242e+04
   1.0898467e+03   6.0371836e+04
   1.0889014e+03   6.0382211e+04
   1.0879561e+03   6.0868613e+04
   1.0870107e+03   6.1336328e+04
   1.0860645e+03   6.1711344e+04
   1.0851191e+03   6.1972566e+04
   1.0841729e+03   6.1277027e+04
   1.0832266e+03   6.1776031e+04
   1.0822803e+03   6.1915570e+04
   1.0813340e+03   6.1983742e+04
   1.0803877e+03   6.1832699e+04
   1.0794404e+03   6.1486316e+04
   1.0784932e+03   6.1580922e+04
   1.0775459e+03   6.1931512e+04
   1.0765986e+03   6.1946828e+04
   1.0756514e+03   6.1985883e+04
   1.0747041e+03   6.2125164e+04
   1.0737559e+03   6.1612922e+04
   1.0728076e+03   6.2387746e+04
   1.0718594e+03   6.1656797e+04
   1.0709111e+03   6.1877746e+04
   1.0699629e+03   6.1821871e+04
   1.0690137e+03   6.1800270e+04
   1.0680654e+03   6.1515203e+04
   1.0671162e+03   6.1327699e+04
   1.0661670e+03   6.1303559e+04
   1.0652178e+03   6.1289953e+04
   1.0642676e+03   6.1315844e+04
   1.0633184e+03   6.0528324e+04
   1.0623682e+03   6.0683297e+04
   1.0614180e+03   6.0493500e+04
   1.0604678e+03   6.1043059e+04
   1.0595176e+03   6.1021609e+04
   1.0585674e+03   6.0495203e+04
   1.0576162e+03   6.0134645e+04
   1.0566650e+03   6.0144906e+04
   1.0557139e+03   6.0347051e+04
   1.0547627e+03   6.0570145e+04
   1.0538115e+03   6.0464703e+04
   1.0528604e+03   6.0364547e+04
   1.0519082e+03   6.0188250e+04
   1.0509561e+03   6.0395445e+04
   1.0500039e+03   6.0946539e+04
   1.0490518e+03   6.0835855e+04
   1.0480996e+03   6.0719961e+04
   1.0471465e+03   6.0971516e+04
   1.0461943e+03   6.0968461e+04
   1.0452412e+03   6.1109691e+04
   1.0442881e+03   6.1250867e+04
   1.0433350e+03   6.1284473e+04
   1.0423809e+03   6.1315438e+04
   1.0414277e+03   6.1991285e+04
   1.0404736e+03   6.2064043e+04
   1.0395195e+03   6.2097465e+04
   1.0385654e+03   6.2455766e+04
   1.0376113e+03   6.2554594e+04
   1.0366572e+03   6.3190309e+04
   1.0357021e+03   6.3459180e+04
   1.0347471e+03   6.3646781e+04
   1.0337920e+03   6.4253160e+04
   1.0328369e+03   6.4356793e+04
   1.0318818e+03   6.4489172e+04
   1.0309268e+03   6.4854359e+04
   1.0299707e+03   6.4630832e+04
   1.0290146e+03   6.5226016e+04
   1.0280586e+03   6.4835141e+04
   1.0271025e+03   6.5422223e+04
   1.0261465e+03   6.5530723e+04
   1.0251895e+03   6.5458848e+04
   1.0242324e+03   6.5836445e+04
   1.0232764e+03   6.6550930e+04
   1.0223184e+03   6.6361359e+04
   1.0213613e+03   6.5981195e+04
   1.0204043e+03   6.6120797e+04
   1.0194463e+03   6.5628555e+04
   1.0184893e+03   6.6070953e+04
   1.0175312e+03   6.6434898e+04
   1.0165732e+03   6.5976766e+04
   1.0156143e+03   6.5610109e+04
   1.0146562e+03   6.5835688e+04
   1.0136973e+03   6.5844727e+04
   1.0127383e+03   6.6064961e+04
   1.0117793e+03   6.5967055e+04
   1.0108203e+03   6.5720617e+04
   1.0098613e+03   6.6368133e+04
   1.0089014e+03   6.5895023e+04
   1.0079424e+03   6.5185008e+04
   1.0069824e+03   6.5707242e+04
   1.0060225e+03   6.5927203e+04
   1.0050625e+03   6.6587109e+04
   1.0041016e+03   6.5729086e+04
   1.0031416e+03   6.5730281e+04
   1.0021807e+03   6.6150445e+04
   1.0012197e+03   6.6016266e+04
   1.0002588e+03   6.6381586e+04
   9.9929785e+02   6.6783195e+04
   9.9833594e+02   6.6586547e+04
   9.9737500e+02   6.6135180e+04
   9.9641309e+02   6.7217672e+04
   9.9545117e+02   6.6488250e+04
   9.9448926e+02   6.6611406e+04
   9.9352637e+02   6.6440938e+04
   9.9256445e+02   6.5558781e+04
   9.9160156e+02   6.6188484e+04
   9.9063867e+02   6.5615688e+04
   9.8967578e+02   6.5751859e+04
   9.8871289e+02   6.5109258e+04
   9.8774902e+02   6.4975562e+04
   9.8678613e+02   6.5290812e+04
   9.8582227e+02   6.5445098e+04
   9.8485840e+02   6.6016938e+04
   9.8389453e+02   6.6181406e+04
   9.8293066e+02   6.6890328e+04
   9.8196582e+02   6.7552328e+04
   9.8100195e+02   6.7400188e+04
   9.8003711e+02   6.8274359e+04
   9.7907227e+02   6.9282953e+04
   9.7810742e+02   6.9931078e+04
   9.7714160e+02   7.1521781e+04
   9.7617676e+02   7.2436000e+04
   9.7521094e+02   7.2746602e+04
   9.7424512e+02   7.3838891e+04
   9.7327930e+02   7.5334555e+04
   9.7231348e+02   7.5724680e+04
   9.7134668e+02   7.6482062e+04
   9.7038086e+02   7.6716617e+04
   9.6941406e+02   7.6490703e+04
   9.6844727e+02   7.7167367e+04
   9.6748047e+02   7.7298242e+04
   9.6651367e+02   7.7020633e+04
   9.6554590e+02   7.6197781e+04
   9.6457812e+02   7.5641383e+04
   9.6361133e+02   7.4540039e+04
   9.6264258e+02   7.3253102e+04
   9.6167480e+02   7.2408266e+04
   9.6070703e+02   7.1382969e+04
   9.5973828e+02   7.0649789e+04
   9.5877051e+02   6.9423836e+04
   9.5780176e+02   6.8990633e+04
   9.5683301e+02   6.7455773e+04
   9.5586328e+02   6.7448766e+04
   9.5489453e+02   6.6820109e+04
   9.5392480e+02   6.6862211e+04
   9.5295508e+02   6.7004852e+04
   9.5198535e+02   6.6054359e+04
   9.5101562e+02   6.5828492e+04
   9.5004590e+02   6.5435203e+04
   9.4907520e+02   6.5567680e+04
   9.4810449e+02   6.5231246e+04
   9.4713477e+02   6.5484766e+04
   9.4616309e+02   6.4780203e+04
   9.4519238e+02   6.4951312e+04
   9.4422168e+02   6.4566309e+04
   9.4325000e+02   6.4549500e+04
   9.4227832e+02   6.4751434e+04
   9.4130664e+02   6.4719152e+04
   9.4033496e+02   6.4529965e+04
   9.3936328e+02   6.4142797e+04
   9.3839062e+02   6.4691797e+04
   9.3741895e+02   6.4934645e+04
   9.3644629e+02   6.5421605e+04
   9.3547363e+02   6.4870059e+04
   9.3450000e+02   6.4632203e+04
   9.3352734e+02   6.5260254e+04
   9.3255371e+02   6.5333227e+04
   9.3158105e+02   6.5552562e+04
   9.3060742e+02   6.5173516e+04
   9.2963379e+02   6.4640562e+04
   9.2865918e+02   6.4916367e+04
   9.2768555e+02   6.4945691e+04
   9.2671094e+02   6.5159750e+04
   9.2573633e+02   6.4622043e+04
   9.2476172e+02   6.4358984e+04
   9.2378711e+02   6.4329391e+04
   9.2281250e+02   6.3892117e+04
   9.2183691e+02   6.4477883e+04
   9.2086133e+02   6.4197086e+04
   9.1988574e+02   6.3654992e+04
   9.1891016e+02   6.3748527e+04
   9.1793457e+02   6.2947965e+04
   9.1695801e+02   6.3241371e+04
   9.1598242e+02   6.3429672e+04
   9.1500586e+02   6.3241527e+04
   9.1402930e+02   6.3091844e+04
   9.1305273e+02   6.2727219e+04
   9.1207520e+02   6.2918027e+04
   9.1109863e+02   6.2983391e+04
   9.1012109e+02   6.2603625e+04
   9.0914355e+02   6.2812246e+04
   9.0816602e+02   6.2386613e+04
   9.0718848e+02   6.2490367e+04
   9.0620996e+02   6.2072613e+04
   9.0523145e+02   6.2644082e+04
   9.0425391e+02   6.2239219e+04
   9.0327539e+02   6.2682707e+04
   9.0229590e+02   6.2898688e+04
   9.0131738e+02   6.2833660e+04
   9.0033789e+02   6.2480117e+04
   8.9935938e+02   6.2634738e+04
   8.9837988e+02   6.2784199e+04
   8.9740039e+02   6.2612043e+04
   8.9641992e+02   6.2909438e+04
   8.9544043e+02   6.2892934e+04
   8.9445996e+02   6.3348305e+04
   8.9347949e+02   6.3382723e+04
   8.9249902e+02   6.2871484e+04
   8.9151855e+02   6.3265422e+04
   8.9053809e+02   6.3414527e+04
   8.8955664e+02   6.3125258e+04
   8.8857520e+02   6.3136742e+04
   8.8759375e+02   6.3252664e+04
   8.8661230e+02   6.3391461e+04
   8.8563086e+02   6.2975070e+04
   8.8464844e+02   6.3335367e+04
   8.8366699e+02   6.3272969e+04
   8.8268457e+02   6.3490551e+04
   8.8170215e+02   6.3130414e+04
   8.8071973e+02   6.3248711e+04
   8.7973633e+02   6.2753926e+04
   8.7875391e+02   6.3708980e+04
   8.7777051e+02   6.3646562e+04
   8.7678711e+02   6.3820602e+04
   8.7580371e+02   6.3638711e+04
   8.7482031e+02   6.3306941e+04
   8.7383594e+02   6.3862082e+04
   8.7285156e+02   6.4140105e+04
   8.7186816e+02   6.3409629e+04
   8.7088379e+02   6.3906031e+04
   8.6989844e+02   6.3676062e+04
   8.6891406e+02   6.4190000e+04
   8.6792871e+02   6.4206262e+04
   8.6694434e+02   6.4560035e+04
   8.6595898e+02   6.4144883e+04
   8.6497266e+02   6.4320953e+04
   8.6398730e+02   6.4146941e+04
   8.6300195e+02   6.4399020e+04
   8.6201562e+02   6.4164199e+04
   8.6102930e+02   6.4332523e+04
   8.6004297e+02   6.4199176e+04
   8.5905664e+02   6.4684184e+04
   8.5806934e+02   6.4066898e+04
   8.5708301e+02   6.4032457e+04
   8.5609570e+02   6.4104395e+04
   8.5510840e+02   6.4746051e+04
   8.5412109e+02   6.3916523e+04
   8.5313379e+02   6.3907434e+04
   8.5214551e+02   6.4240008e+04
   8.5115723e+02   6.3912031e+04
   8.5016895e+02   6.4153398e+04
   8.4918066e+02   6.3620664e+04
   8.4819238e+02   6.3255035e+04
   8.4720410e+02   6.3969215e+04
   8.4621484e+02   6.3338203e+04
   8.4522559e+02   6.3311516e+04
   8.4423633e+02   6.3727082e+04
   8.4324707e+02   6.3333957e+04
   8.4225781e+02   6.3191070e+04
   8.4126758e+02   6.3482664e+04
   8.4027734e+02   6.3031707e+04
   8.3928711e+02   6.3560551e+04
   8.3829688e+02   6.4061434e+04
   8.3730664e+02   6.3577797e+04
   8.3631543e+02   6.3417340e+04
   8.3532520e+02   6.4023934e+04
   8.3433398e+02   6.3878578e+04
   8.3334277e+02   6.3930000e+04
   8.3235156e+02   6.3661152e+04
   8.3135938e+02   6.3591574e+04
   8.3036816e+02   6.4474844e+04
   8.2937598e+02   6.4483262e+04
   8.2838379e+02   6.4186781e+04
   8.2739160e+02   6.4331285e+04
   8.2639941e+02   6.4543746e+04
   8.2540625e+02   6.4574801e+04
   8.2441309e+02   6.5026340e+04
   8.2341992e+02   6.5387082e+04
   8.2242676e+02   6.5931430e+04
   8.2143359e+02   6.5864055e+04
   8.2044043e+02   6.5373984e+04
   8.1944629e+02   6.5570867e+04
   8.1845215e+02   6.5428125e+04
   8.1745801e+02   6.5753172e+04
   8.1646387e+02   6.5012043e+04
   8.1546973e+02   6.4990133e+04
   8.1447461e+02   6.4649031e+04
   8.1347949e+02   6.4692527e+04
   8.1248535e+02   6.4100352e+04
   8.1148926e+02   6.3827414e+04
   8.1049414e+02   6.3991578e+04
   8.0949902e+02   6.4115504e+04
   8.0850293e+02   6.3784961e+04
   8.0750684e+02   6.4282887e+04
   8.0651074e+02   6.3611105e+04
   8.0551465e+02   6.2736316e+04
   8.0451758e+02   6.3209066e+04
   8.0352148e+02   6.3137332e+04
   8.0252441e+02   6.3491957e+04
   8.0152734e+02   6.2773277e+04
   8.0053027e+02   6.3283270e+04
   7.9953320e+02   6.3048637e+04
   7.9853516e+02   6.3455637e+04
   7.9753711e+02   6.3910094e+04
   7.9653906e+02   6.3124336e+04
   7.9554102e+02   6.3300660e+04
   7.9454297e+02   6.3021152e+04
   7.9354492e+02   6.3382703e+04
   7.9254590e+02   6.3438715e+04
   7.9154688e+02   6.3472180e+04
   7.9054785e+02   6.3735848e+04
   7.8954883e+02   6.3751727e+04
   7.8854980e+02   6.3990227e+04
   7.8754980e+02   6.4361191e+04
   7.8654980e+02   6.4214402e+04
   7.8554980e+02   6.3900156e+04
   7.8454980e+02   6.3711004e+04
   7.8354980e+02   6.4229188e+04
   7.8254883e+02   6.3960078e+04
   7.8154883e+02   6.3828473e+04
   7.8054785e+02   6.3809312e+04
   7.7954688e+02   6.3892547e+04
   7.7854492e+02   6.3533793e+04
   7.7754395e+02   6.3559625e+04
   7.7654199e+02   6.3747684e+04
   7.7554004e+02   6.3860801e+04
   7.7453809e+02   6.4288258e+04
   7.7353613e+02   6.3974648e+04
   7.7253418e+02   6.4726164e+04
   7.7153125e+02   6.5238004e+04
   7.7052832e+02   6.5318320e+04
   7.6952539e+02   6.5675305e+04
   7.6852246e+02   6.5623414e+04
   7.6751953e+02   6.6082375e+04
   7.6651562e+02   6.5679125e+04
   7.6551270e+02   6.6690898e+04
   7.6450879e+02   6.6135758e+04
   7.6350488e+02   6.6407523e+04
   7.6250000e+02   6.6761336e+04
   7.6149609e+02   6.6475312e+04
   7.6049121e+02   6.6848891e+04
   7.5948730e+02   6.7050641e+04
   7.5848145e+02   6.7859328e+04
   7.5747656e+02   6.7841930e+04
   7.5647168e+02   6.7879242e+04
   7.5546582e+02   6.9346234e+04
   7.5445996e+02   6.9733773e+04
   7.5345508e+02   6.9932266e+04
   7.5244824e+02   7.1104828e+04
   7.5144238e+02   7.1531578e+04
   7.5043555e+02   7.2472383e+04
   7.4942969e+02   7.3760555e+04
   7.4842285e+02   7.5227047e+04
   7.4741602e+02   7.7025688e+04
   7.4640820e+02   8.0094617e+04
   7.4540137e+02   8.3331188e+04
   7.4439355e+02   8.7603797e+04
   7.4338574e+02   9.4340906e+04
   7.4237793e+02   1.0255392e+05
   7.4137012e+02   1.1070440e+05
   7.4036230e+02   1.2039419e+05
   7.3935352e+02   1.2832520e+05
   7.3834473e+02   1.3573028e+05
   7.3733594e+02   1.3783419e+05
   7.3632715e+02   1.3694417e+05
   7.3531836e+02   1.3204864e+05
   7.3430859e+02   1.2446006e+05
   7.3329883e+02   1.1599515e+05
   7.3228906e+02   1.0677073e+05
   7.3127930e+02   9.7819523e+04
   7.3026953e+02   9.0883812e+04
   7.2925977e+02   8.3871461e+04
   7.2824902e+02   7.9966719e+04
   7.2723828e+02   7.5944672e+04
   7.2622754e+02   7.3061781e+04
   7.2521680e+02   7.0795664e+04
   7.2420508e+02   6.9583594e+04
   7.2319336e+02   6.7815789e+04
   7.2218262e+02   6.7254688e+04
   7.2117090e+02   6.5885781e+04
   7.2015820e+02   6.5218996e+04
   7.1914648e+02   6.4589508e+04
   7.1813379e+02   6.4377609e+04
   7.1712207e+02   6.3659609e+04
   7.1610938e+02   6.3924410e+04
   7.1509570e+02   6.3204281e+04
   7.1408301e+02   6.2970570e+04
   7.1306934e+02   6.3163793e+04
   7.1205664e+02   6.2698281e+04
   7.1104297e+02   6.2425320e+04
   7.1002930e+02   6.2487828e+04
   7.0901465e+02   6.2444293e+04
   7.0800098e+02   6.2568395e+04
   7.0698633e+02   6.2497746e+04
   7.0597168e+02   6.2257090e+04
   7.0495703e+02   6.1836672e+04
   7.0394238e+02   6.1546953e+04
   7.0292676e+02   6.2092234e+04
   7.0191211e+02   6.1588348e+04
   7.0089648e+02   6.1948770e+04
   6.9988086e+02   6.1506625e+04
   6.9886523e+02   6.2209000e+04
   6.9784863e+02   6.1515988e+04
   6.9683301e+02   6.1162723e+04
   6.9581641e+02   6.1825414e+04
   6.9479980e+02   6.2008316e+04
   6.9378320e+02   6.2137055e+04
   6.9276562e+02   6.2044500e+04
   6.9174902e+02   6.2310816e+04
   6.9073145e+02   6.2564746e+04
   6.8971387e+02   6.2830867e+04
   6.8869629e+02   6.3352355e+04
   6.8767773e+02   6.3483145e+04
   6.8666016e+02   6.3918375e+04
   6.8564160e+02   6.3987625e+04
   6.8462305e+02   6.4331773e+04
   6.8360449e+02   6.4567805e+04
   6.8258594e+02   6.4406234e+04
   6.8156641e+02   6.4578375e+04
   6.8054785e+02   6.3992516e+04
   6.7952832e+02   6.4105801e+04
   6.7850879e+02   6.3365766e+04
   6.7748926e+02   6.3177586e+04
   6.7646875e+02   6.2866922e+04
   6.7544824e+02   6.3602770e+04
   6.7442871e+02   6.3463645e+04
   6.7340820e+02   6.3765512e+04
   6.7238672e+02   6.3016543e+04
   6.7136621e+02   6.2909426e+04
   6.7034473e+02   6.3083906e+04
   6.6932422e+02   6.3544723e+04
   6.6830273e+02   6.3295609e+04
   6.6728027e+02   6.3438102e+04
   6.6625879e+02   6.3061875e+04
   6.6523633e+02   6.2700457e+04
   6.6421484e+02   6.3045961e+04
   6.6319238e+02   6.3190828e+04
   6.6216992e+02   6.2822242e+04
   6.6114648e+02   6.3365512e+04
   6.6012402e+02   6.3412477e+04
   6.5910059e+02   6.3288383e+04
   6.5807715e+02   6.3457488e+04
   6.5705371e+02   6.3287020e+04
   6.5603027e+02   6.3636766e+04
   6.5500586e+02   6.3598168e+04
   6.5398145e+02   6.3664547e+04
   6.5295703e+02   6.3701613e+04
   6.5193262e+02   6.3899719e+04
   6.5090820e+02   6.4209977e+04
   6.4988379e+02   6.3929801e+04
   6.4885840e+02   6.3769227e+04
   6.4783301e+02   6.4774277e+04
   6.4680762e+02   6.4065059e+04
   6.4578223e+02   6.4050797e+04
   6.4475586e+02   6.3902492e+04
   6.4373047e+02   6.4007652e+04
   6.4270410e+02   6.4054301e+04
   6.4167773e+02   6.4227586e+04
   6.4065137e+02   6.4203547e+04
   6.3962402e+02   6.4917266e+04
   6.3859766e+02   6.4897969e+04
   6.3757031e+02   6.5445785e+04
   6.3654297e+02   6.5771945e+04
   6.3551562e+02   6.5689234e+04
   6.3448730e+02   6.6365516e+04
   6.3345996e+02   6.6431078e+04
   6.3243164e+02   6.7586008e+04
   6.3140332e+02   6.8222656e+04
   6.3037500e+02   6.7784664e+04
   6.2934570e+02   6.8788008e+04
   6.2831738e+02   6.9319586e+04
   6.2728809e+02   6.8830602e+04
   6.2625879e+02   6.8302930e+04
   6.2522949e+02   6.8151875e+04
   6.2420020e+02   6.7544391e+04
   6.2316992e+02   6.7325555e+04
   6.2214062e+02   6.7199023e+04
   6.2111035e+02   6.6679406e+04
   6.2007910e+02   6.6159984e+04
   6.1904883e+02   6.5354492e+04
   6.1801855e+02   6.5143520e+04
   6.1698730e+02   6.4935047e+04
   6.1595605e+02   6.4101133e+04
   6.1492480e+02   6.3997156e+04
   6.1389355e+02   6.3156445e+04
   6.1286133e+02   6.2604395e+04
   6.1183008e+02   6.2316621e+04
   6.1079785e+02   6.1590523e+04
   6.0976562e+02   6.1373270e+04
   6.0873242e+02   6.0991441e+04
   6.0770020e+02   6.0846996e+04
   6.0666699e+02   6.1455367e+04
   6.0563379e+02   6.0943047e+04
   6.0460059e+02   6.1113230e+04
   6.0356738e+02   6.0596316e+04
   6.0253418e+02   6.1143805e+04
   6.0150000e+02   6.0851969e+04
   6.0046582e+02   6.0927734e+04
   5.9943164e+02   6.0331457e+04
   5.9839746e+02   6.0453207e+04
   5.9736328e+02   6.0792387e+04
   5.9632812e+02   6.0940578e+04
   5.9529297e+02   6.0815754e+04
   5.9425781e+02   6.1077391e+04
   5.9322266e+02   6.0737680e+04
   5.9218750e+02   6.0419820e+04
   5.9115137e+02   6.1096535e+04
   5.9011523e+02   6.0667711e+04
   5.8907910e+02   6.0410355e+04
   5.8804297e+02   6.0736891e+04
   5.8700684e+02   6.0016516e+04
   5.8596973e+02   6.0207949e+04
   5.8493262e+02   6.0182320e+04
   5.8389551e+02   6.0024109e+04
   5.8285840e+02   5.9661094e+04
   5.8182129e+02   5.9592195e+04
   5.8078320e+02   5.9978668e+04
   5.7974512e+02   6.0003676e+04
   5.7870703e+02   5.9763746e+04
   5.7766895e+02   6.0207754e+04
   5.7663086e+02   5.9893242e+04
   5.7559180e+02   5.9265926e+04
   5.7455371e+02   5.9938398e+04
   5.7351465e+02   5.9994645e+04
   5.7247559e+02   5.9932988e+04
   5.7143555e+02   6.0318730e+04
   5.7039648e+02   6.0841398e+04
   5.6935645e+02   6.0661797e+04
   5.6831641e+02   6.0640918e+04
   5.6727637e+02   6.1151207e+04
   5.6623633e+02   6.1296047e+04
   5.6519531e+02   6.1647453e+04
   5.6415430e+02   6.1732086e+04
   5.6311328e+02   6.1903148e+04
   5.6207227e+02   6.2335875e+04
   5.6103125e+02   6.2749234e+04
   5.5998926e+02   6.2545551e+04
   5.5894824e+02   6.2889113e+04
   5.5790625e+02   6.2865430e+04
   5.5686426e+02   6.3335945e+04
   5.5582129e+02   6.4190051e+04
   5.5477930e+02   6.3530633e+04
   5.5373633e+02   6.3645902e+04
   5.5269336e+02   6.3705988e+04
   5.5165039e+02   6.3811586e+04
   5.5060742e+02   6.3744605e+04
   5.4956348e+02   6.4092137e+04
   5.4852051e+02   6.4092195e+04
   5.4747656e+02   6.4195238e+04
   5.4643262e+02   6.3891164e+04
   5.4538770e+02   6.4379648e+04
   5.4434375e+02   6.4760234e+04
   5.4329883e+02   6.4271938e+04
   5.4225391e+02   6.3913031e+04
   5.4120898e+02   6.3951379e+04
   5.4016406e+02   6.3386961e+04
   5.3911816e+02   6.3597566e+04
   5.3807324e+02   6.2952125e+04
   5.3702734e+02   6.2675059e+04
   5.3598145e+02   6.2469797e+04
   5.3493457e+02   6.2037594e+04
   5.3388867e+02   6.1834906e+04
   5.3284180e+02   6.1797121e+04
   5.3179492e+02   6.1596941e+04
   5.3074805e+02   6.1062527e+04
   5.2970117e+02   6.1079809e+04
   5.2865332e+02   6.0753352e+04
   5.2760645e+02   6.0983078e+04
   5.2655859e+02   6.1792535e+04
   5.2551074e+02   6.1544848e+04
   5.2446289e+02   6.1705117e+04
   5.2341406e+02   6.1381223e+04
   5.2236523e+02   6.2561941e+04
   5.2131641e+02   6.2357191e+04
   5.2026758e+02   6.1902258e+04
   5.1921875e+02   6.1283062e+04
   5.1816992e+02   6.1054832e+04
   5.1712012e+02   6.0586090e+04
   5.1607031e+02   6.0739133e+04
   5.1502051e+02   6.0220617e+04
   5.1397070e+02   6.0983137e+04
   5.1291992e+02   6.0279098e+04
   5.1187012e+02   6.0260719e+04
   5.1081934e+02   6.0375590e+04
   5.0976855e+02   5.9857609e+04
   5.0871680e+02   5.9739414e+04
   5.0766602e+02   6.0030289e+04
   5.0661426e+02   6.0661059e+04
   5.0556250e+02   6.0122004e+04
   5.0451074e+02   6.0196352e+04
   5.0345898e+02   5.9937984e+04
   5.0240625e+02   6.0442371e+04
   5.0135449e+02   6.0195922e+04
   5.0030176e+02   6.0315316e+04
   4.9924902e+02   6.0099848e+04
   4.9819531e+02   6.0290434e+04
   4.9714258e+02   5.9899395e+04
   4.9608887e+02   6.0130281e+04
   4.9503516e+02   6.0005164e+04
   4.9398145e+02   5.9400879e+04
   4.9292773e+02   6.0257902e+04
   4.9187305e+02   5.9701215e+04
   4.9081934e+02   5.9912941e+04
   4.8976465e+02   6.0240746e+04
   4.8870996e+02   6.0528129e+04
   4.8765430e+02   6.0590285e+04
   4.8659961e+02   6.0434445e+04
   4.8554395e+02   6.0375781e+04
   4.8448828e+02   6.0300555e+04
   4.8343262e+02   6.0810230e+04
   4.8237695e+02   6.0692332e+04
   4.8132031e+02   6.0718863e+04
   4.8026367e+02   6.0672020e+04
   4.7920703e+02   6.0788453e+04
   4.7815039e+02   6.0781820e+04
   4.7709375e+02   6.0857977e+04
   4.7603613e+02   6.1144566e+04
   4.7497949e+02   6.0981816e+04
   4.7392188e+02   6.1379375e+04
   4.7286426e+02   6.0961379e+04
   4.7180566e+02   6.0959434e+04
   4.7074805e+02   6.1240996e+04
   4.6968945e+02   6.0974430e+04
   4.6863086e+02   6.1534562e+04
   4.6757227e+02   6.1360125e+04
   4.6651270e+02   6.1707492e+04
   4.6545410e+02   6.1740797e+04
   4.6439453e+02   6.1587648e+04
   4.6333496e+02   6.1559609e+04
   4.6227539e+02   6.1666043e+04
   4.6121582e+02   6.1696961e+04
   4.6015527e+02   6.1329328e+04
   4.5909473e+02   6.1871918e+04
   4.5803418e+02   6.1777832e+04
   4.5697363e+02   6.1884113e+04
   4.5591309e+02   6.2426285e+04
   4.5485156e+02   6.1976387e+04
   4.5379004e+02   6.2179137e+04
   4.5272852e+02   6.2172203e+04
   4.5166699e+02   6.2591465e+04
   4.5060547e+02   6.3354277e+04
   4.4954297e+02   6.2970516e+04
   4.4848047e+02   6.3678844e+04
   4.4741797e+02   6.3278688e+04
   4.4635547e+02   6.3918461e+04
   4.4529297e+02   6.3490184e+04
   4.4422949e+02   6.4174352e+04
   4.4316602e+02   6.3929566e+04
   4.4210254e+02   6.3832961e+04
   4.4103906e+02   6.4288699e+04
   4.3997461e+02   6.4119211e+04
   4.3891113e+02   6.4339781e+04
   4.3784668e+02   6.4240809e+04
   4.3678223e+02   6.4235812e+04
   4.3571680e+02   6.3878609e+04
   4.3465234e+02   6.4199992e+04
   4.3358691e+02   6.4218465e+04
   4.3252148e+02   6.3931859e+04
   4.3145605e+02   6.3579656e+04
   4.3039062e+02   6.3738980e+04
   4.2932520e+02   6.3734059e+04
   4.2825879e+02   6.3965980e+04
   4.2719238e+02   6.4343172e+04
   4.2612598e+02   6.4169359e+04
   4.2505957e+02   6.4368250e+04
   4.2399219e+02   6.4028121e+04
   4.2292480e+02   6.4114504e+04
   4.2185742e+02   6.4664629e+04
   4.2079004e+02   6.4165383e+04
   4.1972266e+02   6.5087578e+04
   4.1865430e+02   6.4883395e+04
   4.1758691e+02   6.5180172e+04
   4.1651855e+02   6.5378547e+04
   4.1544922e+02   6.5689148e+04
   4.1438086e+02   6.5484996e+04
   4.1331250e+02   6.5666820e+04
   4.1224316e+02   6.6026289e+04
   4.1117383e+02   6.5651508e+04
   4.1010449e+02   6.6871039e+04
   4.0903418e+02   6.6727602e+04
   4.0796484e+02   6.7712805e+04
   4.0689453e+02   6.7457117e+04
   4.0582422e+02   6.7918602e+04
   4.0475391e+02   6.8779242e+04
   4.0368262e+02   6.8782656e+04
   4.0261133e+02   6.8419570e+04
   4.0154102e+02   6.9279625e+04
