   2.0012861e+03   1.3181944e+04
   2.0004980e+03   1.3273970e+04
   1.9997109e+03   1.3274932e+04
   1.9989229e+03   1.3253687e+04
   1.9981338e+03   1.3391034e+04
   1.9973457e+03   1.3537850e+04
   1.9965576e+03   1.3351695e+04
   1.9957686e+03   1.3419213e+04
   1.9949805e+03   1.3226800e+04
   1.9941914e+03   1.3661930e+04
   1.9934023e+03   1.3536079e+04
   1.9926133e+03   1.3559167e+04
   1.9918242e+03   1.3420704e+04
   1.9910342e+03   1.3519811e+04
   1.9902451e+03   1.3273740e+04
   1.9894551e+03   1.3360173e+04
   1.9886650e+03   1.3446576e+04
   1.9878750e+03   1.3396861e+04
   1.9870850e+03   1.3448421e+04
   1.9862949e+03   1.3341772e+04
   1.9855049e+03   1.3611590e+04
   1.9847148e+03   1.3599831e+04
   1.9839238e+03   1.3796783e+04
   1.9831328e+03   1.3658529e+04
   1.9823428e+03   1.3672057e+04
   1.9815518e+03   1.3581277e+04
   1.9807598e+03   1.3496849e+04
   1.9799688e+03   1.3649417e+04
   1.9791777e+03   1.3634503e+04
   1.9783857e+03   1.3483777e+04
   1.9775947e+03   1.3434157e+04
   1.9768027e+03   1.3845545e+04
   1.9760107e+03   1.3846391e+04
   1.9752188e+03   1.3550532e+04
   1.9744268e+03   1.3734469e+04
   1.9736348e+03   1.3615427e+04
   1.9728418e+03   1.3944413e+04
   1.9720488e+03   1.3513098e+04
   1.9712568e+03   1.3703223e+04
   1.9704639e+03   1.3839679e+04
   1.9696709e+03   1.3509483e+04
   1.9688779e+03   1.3693208e+04
   1.9680850e+03   1.4062819e+04
   1.9672910e+03   1.3751657e+04
   1.9664980e+03   1.3613884e+04
   1.9657041e+03   1.3813217e+04
   1.9649102e+03   1.3870751e+04
   1.9641162e+03   1.3833795e+04
   1.9633223e+03   1.3881860e+04
   1.9625283e+03   1.3844913e+04
   1.9617344e+03   1.3937023e+04
   1.9609395e+03   1.3591678e+04
   1.9601445e+03   1.3941806e+04
   1.9593506e+03   1.3841953e+04
   1.9585557e+03   1.3663499e+04
   1.9577607e+03   1.3720968e+04
   1.9569658e+03   1.3712386e+04
   1.9561699e+03   1.3838989e+04
   1.9553750e+03   1.3893255e+04
   1.9545791e+03   1.3853219e+04
   1.9537842e+03   1.4042578e+04
   1.9529883e+03   1.3949122e+04
   1.9521924e+03   1.4056730e+04
   1.9513965e+03   1.3938176e+04
   1.9505996e+03   1.4033188e+04
   1.9498037e+03   1.4049680e+04
   1.9490068e+03   1.4150919e+04
   1.9482109e+03   1.4001041e+04
   1.9474141e+03   1.4001837e+04
   1.9466172e+03   1.4046557e+04
   1.9458203e+03   1.4056755e+04
   1.9450234e+03   1.4013630e+04
   1.9442256e+03   1.3923479e+04
   1.9434287e+03   1.4143763e+04
   1.9426309e+03   1.3978383e+04
   1.9418340e+03   1.4201717e+04
   1.9410361e+03   1.4412439e+04
   1.9402383e+03   1.4143697e+04
   1.9394395e+03   1.3956497e+04
   1.9386416e+03   1.4035599e+04
   1.9378438e+03   1.4023854e+04
   1.9370449e+03   1.4331495e+04
   1.9362461e+03   1.4194478e+04
   1.9354482e+03   1.4295396e+04
   1.9346494e+03   1.4258576e+04
   1.9338496e+03   1.4284351e+04
   1.9330508e+03   1.4244416e+04
   1.9322520e+03   1.4217006e+04
   1.9314521e+03   1.4283431e+04
   1.9306533e+03   1.4077783e+04
   1.9298535e+03   1.4444351e+04
   1.9290537e+03   1.4313767e+04
   1.9282539e+03   1.4186352e+04
   1.9274531e+03   1.4133976e+04
   1.9266533e+03   1.4340942e+04
   1.9258535e+03   1.4463494e+04
   1.9250527e+03   1.4367370e+04
   1.9242520e+03   1.4186962e+04
   1.9234512e+03   1.4493691e+04
   1.9226504e+03   1.4244643e+04
   1.9218496e+03   1.4582472e+04
   1.9210488e+03   1.4470802e+04
   1.9202471e+03   1.4393491e+04
   1.9194463e+03   1.4537703e+04
   1.9186445e+03   1.4488479e+04
   1.9178428e+03   1.4517236e+04
   1.9170410e+03   1.4446204e+04
   1.9162393e+03   1.4559133e+04
   1.9154375e+03   1.4600330e+04
   1.9146348e+03   1.4329859e+04
   1.9138330e+03   1.4558041e+04
   1.9130303e+03   1.4580523e+04
   1.9122275e+03   1.4434789e+04
   1.9114248e+03   1.4560061e+04
   1.9106221e+03   1.4473542e+04
   1.9098193e+03   1.4377712e+04
   1.9090156e+03   1.4571411e+04
   1.9082129e+03   1.4528506e+04
   1.9074092e+03   1.4470056e+04
   1.9066055e+03   1.4542299e+04
   1.9058018e+03   1.4645626e+04
   1.9049980e+03   1.4783130e+04
   1.9041943e+03   1.4600283e+04
   1.9033906e+03   1.4660018e+04
   1.9025859e+03   1.4704188e+04
   1.9017822e+03   1.4704827e+04
   1.9009775e+03   1.4801804e+04
   1.9001729e+03   1.4876998e+04
   1.8993682e+03   1.4697423e+04
   1.8985635e+03   1.4539649e+04
   1.8977578e+03   1.4527892e+04
   1.8969531e+03   1.4658970e+04
   1.8961475e+03   1.4659612e+04
   1.8953428e+03   1.4837183e+04
   1.8945371e+03   1.4735379e+04
   1.8937314e+03   1.4900465e+04
   1.8929258e+03   1.4584614e+04
   1.8921191e+03   1.4678324e+04
   1.8913135e+03   1.4917768e+04
   1.8905068e+03   1.4859445e+04
   1.8897012e+03   1.4779439e+04
   1.8888945e+03   1.4854452e+04
   1.8880879e+03   1.4762076e+04
   1.8872812e+03   1.4908338e+04
   1.8864736e+03   1.4828375e+04
   1.8856670e+03   1.4751537e+04
   1.8848594e+03   1.4931794e+04
   1.8840527e+03   1.4978832e+04
   1.8832451e+03   1.5004180e+04
   1.8824375e+03   1.4630176e+04
   1.8816299e+03   1.4909376e+04
   1.8808223e+03   1.4999708e+04
   1.8800137e+03   1.5031221e+04
   1.8792061e+03   1.4945166e+04
   1.8783975e+03   1.5221030e+04
   1.8775889e+03   1.5017454e+04
   1.8767803e+03   1.5110781e+04
   1.8759717e+03   1.4876376e+04
   1.8751631e+03   1.5059333e+04
   1.8743545e+03   1.5279314e+04
   1.8735449e+03   1.4655663e+04
   1.8727363e+03   1.5162954e+04
   1.8719268e+03   1.4987424e+04
   1.8711172e+03   1.5102261e+04
   1.8703076e+03   1.4794020e+04
   1.8694980e+03   1.5245372e+04
   1.8686875e+03   1.5202677e+04
   1.8678779e+03   1.4993335e+04
   1.8670674e+03   1.4814921e+04
   1.8662578e+03   1.5195002e+04
   1.8654473e+03   1.5281902e+04
   1.8646367e+03   1.5356436e+04
   1.8638252e+03   1.5221250e+04
   1.8630146e+03   1.5360515e+04
   1.8622041e+03   1.5135975e+04
   1.8613926e+03   1.5210480e+04
   1.8605811e+03   1.5081571e+04
   1.8597705e+03   1.5282386e+04
   1.8589590e+03   1.5430762e+04
   1.8581465e+03   1.5166355e+04
   1.8573350e+03   1.5351654e+04
   1.8565234e+03   1.5284408e+04
   1.8557109e+03   1.5392660e+04
   1.8548984e+03   1.5263868e+04
   1.8540869e+03   1.5399784e+04
   1.8532744e+03   1.5280265e+04
   1.8524609e+03   1.5231542e+04
   1.8516484e+03   1.5330481e+04
   1.8508359e+03   1.5140298e+04
   1.8500225e+03   1.5555933e+04
   1.8492100e+03   1.5175161e+04
   1.8483965e+03   1.5510729e+04
   1.8475830e+03   1.5471233e+04
   1.8467695e+03   1.5376440e+04
   1.8459551e+03   1.5598127e+04
   1.8451416e+03   1.5706082e+04
   1.8443271e+03   1.5488444e+04
   1.8435137e+03   1.5617875e+04
   1.8426992e+03   1.5830158e+04
   1.8418848e+03   1.5591120e+04
   1.8410703e+03   1.5416615e+04
   1.8402559e+03   1.5447771e+04
   1.8394404e+03   1.5647664e+04
   1.8386260e+03   1.5467101e+04
   1.8378105e+03   1.5473692e+04
   1.8369951e+03   1.5532414e+04
   1.8361797e+03   1.5535926e+04
   1.8353643e+03   1.6008470e+04
   1.8345488e+03   1.5533748e+04
   1.8337334e+03   1.5877421e+04
   1.8329170e+03   1.5507058e+04
   1.8321016e+03   1.5718887e+04
   1.8312852e+03   1.5927580e+04
   1.8304688e+03   1.5762580e+04
   1.8296523e+03   1.5487405e+04
   1.8288359e+03   1.5729706e+04
   1.8280186e+03   1.5950498e+04
   1.8272021e+03   1.5825389e+04
   1.8263848e+03   1.5816597e+04
   1.8255674e+03   1.5859816e+04
   1.8247500e+03   1.5704195e+04
   1.8239326e+03   1.5634260e+04
   1.8231152e+03   1.5919055e+04
   1.8222979e+03   1.5827704e+04
   1.8214795e+03   1.5968700e+04
   1.8206621e+03   1.5580911e+04
   1.8198438e+03   1.6091647e+04
   1.8190254e+03   1.6140868e+04
   1.8182070e+03   1.5722697e+04
   1.8173887e+03   1.5982703e+04
   1.8165703e+03   1.5778459e+04
   1.8157510e+03   1.5928451e+04
   1.8149326e+03   1.6115024e+04
   1.8141133e+03   1.6322899e+04
   1.8132939e+03   1.5938687e+04
   1.8124746e+03   1.6076344e+04
   1.8116553e+03   1.5997361e+04
   1.8108350e+03   1.6168512e+04
   1.8100156e+03   1.6321307e+04
   1.8091953e+03   1.6169143e+04
   1.8083760e+03   1.5962157e+04
   1.8075557e+03   1.6099667e+04
   1.8067354e+03   1.5914094e+04
   1.8059141e+03   1.5972342e+04
   1.8050938e+03   1.6067128e+04
   1.8042734e+03   1.6058318e+04
   1.8034521e+03   1.6223103e+04
   1.8026309e+03   1.6192953e+04
   1.8018096e+03   1.6001460e+04
   1.8009883e+03   1.5968313e+04
   1.8001670e+03   1.6294298e+04
   1.7993457e+03   1.6227641e+04
   1.7985234e+03   1.6486537e+04
   1.7977021e+03   1.6459412e+04
   1.7968799e+03   1.6511371e+04
   1.7960576e+03   1.6472088e+04
   1.7952354e+03   1.6444977e+04
   1.7944131e+03   1.6375317e+04
   1.7935908e+03   1.6402939e+04
   1.7927676e+03   1.6512596e+04
   1.7919453e+03   1.6509801e+04
   1.7911221e+03   1.6522193e+04
   1.7902988e+03   1.6549768e+04
   1.7894756e+03   1.6300993e+04
   1.7886523e+03   1.6516838e+04
   1.7878291e+03   1.6547434e+04
   1.7870049e+03   1.6887604e+04
   1.7861816e+03   1.6462928e+04
   1.7853574e+03   1.6587572e+04
   1.7845332e+03   1.6678805e+04
   1.7837090e+03   1.6648682e+04
   1.7828848e+03   1.6476035e+04
   1.7820596e+03   1.6852252e+04
   1.7812354e+03   1.6876682e+04
   1.7804102e+03   1.6734395e+04
   1.7795859e+03   1.6698223e+04
   1.7787607e+03   1.6704482e+04
   1.7779355e+03   1.6601678e+04
   1.7771104e+03   1.6816951e+04
   1.7762842e+03   1.6965523e+04
   1.7754590e+03   1.6756746e+04
   1.7746328e+03   1.7011238e+04
   1.7738076e+03   1.6766199e+04
   1.7729814e+03   1.6860203e+04
   1.7721553e+03   1.6908785e+04
   1.7713281e+03   1.6999705e+04
   1.7705020e+03   1.7024045e+04
   1.7696758e+03   1.6942525e+04
   1.7688486e+03   1.7172488e+04
   1.7680215e+03   1.7118180e+04
   1.7671943e+03   1.6761604e+04
   1.7663672e+03   1.7024725e+04
   1.7655400e+03   1.7206166e+04
   1.7647129e+03   1.7366396e+04
   1.7638848e+03   1.7079498e+04
   1.7630576e+03   1.7351443e+04
   1.7622295e+03   1.7233748e+04
   1.7614014e+03   1.7179496e+04
   1.7605732e+03   1.7161488e+04
   1.7597451e+03   1.7276285e+04
   1.7589170e+03   1.7385008e+04
   1.7580879e+03   1.7566105e+04
   1.7572598e+03   1.7765242e+04
   1.7564307e+03   1.7394254e+04
   1.7556016e+03   1.7436535e+04
   1.7547725e+03   1.7560211e+04
   1.7539434e+03   1.7566273e+04
   1.7531133e+03   1.7304076e+04
   1.7522842e+03   1.7692906e+04
   1.7514541e+03   1.7632652e+04
   1.7506240e+03   1.7406727e+04
   1.7497949e+03   1.7768230e+04
   1.7489639e+03   1.7867605e+04
   1.7481338e+03   1.7882637e+04
   1.7473037e+03   1.7894650e+04
   1.7464727e+03   1.7717029e+04
   1.7456426e+03   1.7846438e+04
   1.7448115e+03   1.7879514e+04
   1.7439805e+03   1.8174316e+04
   1.7431494e+03   1.7975709e+04
   1.7423184e+03   1.8258363e+04
   1.7414863e+03   1.8068828e+04
   1.7406553e+03   1.7870338e+04
   1.7398232e+03   1.7981525e+04
   1.7389922e+03   1.8336115e+04
   1.7381602e+03   1.8360043e+04
   1.7373281e+03   1.8591264e+04
   1.7364951e+03   1.8380834e+04
   1.7356631e+03   1.8560916e+04
   1.7348301e+03   1.8665863e+04
   1.7339980e+03   1.8380467e+04
   1.7331650e+03   1.8761578e+04
   1.7323320e+03   1.8830418e+04
   1.7314990e+03   1.8845221e+04
   1.7306660e+03   1.8845016e+04
   1.7298320e+03   1.8817811e+04
   1.7289990e+03   1.8667645e+04
   1.7281650e+03   1.9213246e+04
   1.7273311e+03   1.9000098e+04
   1.7264971e+03   1.8909930e+04
   1.7256631e+03   1.8813797e+04
   1.7248291e+03   1.9110270e+04
   1.7239941e+03   1.9187916e+04
   1.7231602e+03   1.9046846e+04
   1.7223252e+03   1.9220322e+04
   1.7214902e+03   1.9414701e+04
   1.7206553e+03   1.9324564e+04
   1.7198203e+03   1.9309299e+04
   1.7189854e+03   1.9521520e+04
   1.7181504e+03   1.9452357e+04
   1.7173145e+03   1.9496920e+04
   1.7164785e+03   1.9837641e+04
   1.7156426e+03   1.9648811e+04
   1.7148066e+03   1.9295561e+04
   1.7139707e+03   1.9438789e+04
   1.7131348e+03   1.9883920e+04
   1.7122988e+03   1.9892490e+04
   1.7114619e+03   1.9485641e+04
   1.7106250e+03   1.9778141e+04
   1.7097881e+03   1.9965977e+04
   1.7089512e+03   1.9744518e+04
   1.7081143e+03   1.9600785e+04
   1.7072773e+03   1.9973688e+04
   1.7064395e+03   1.9964312e+04
   1.7056025e+03   1.9540020e+04
   1.7047646e+03   2.0148518e+04
   1.7039268e+03   1.9939186e+04
   1.7030889e+03   1.9959654e+04
   1.7022510e+03   2.0239637e+04
   1.7014121e+03   2.0242150e+04
   1.7005742e+03   2.0504096e+04
   1.6997354e+03   2.0059342e+04
   1.6988975e+03   2.0136408e+04
   1.6980586e+03   2.0237289e+04
   1.6972197e+03   2.0186158e+04
   1.6963799e+03   2.0286996e+04
   1.6955410e+03   2.0396734e+04
   1.6947012e+03   2.0563025e+04
   1.6938623e+03   2.0342131e+04
   1.6930225e+03   2.0666174e+04
   1.6921826e+03   2.0710279e+04
   1.6913428e+03   2.0635312e+04
   1.6905029e+03   2.0762730e+04
   1.6896621e+03   2.0839521e+04
   1.6888223e+03   2.0785393e+04
   1.6879814e+03   2.0490357e+04
   1.6871406e+03   2.0787221e+04
   1.6862998e+03   2.0679605e+04
   1.6854590e+03   2.1223076e+04
   1.6846182e+03   2.0922221e+04
   1.6837764e+03   2.1343619e+04
   1.6829355e+03   2.1167639e+04
   1.6820938e+03   2.1175908e+04
   1.6812520e+03   2.1258430e+04
   1.6804102e+03   2.1551779e+04
   1.6795684e+03   2.1693594e+04
   1.6787266e+03   2.1434574e+04
   1.6778838e+03   2.1519961e+04
   1.6770420e+03   2.1632027e+04
   1.6761992e+03   2.2129799e+04
   1.6753564e+03   2.2203154e+04
   1.6745137e+03   2.1965027e+04
   1.6736709e+03   2.2168877e+04
   1.6728271e+03   2.2280732e+04
   1.6719844e+03   2.2505209e+04
   1.6711406e+03   2.2533969e+04
   1.6702979e+03   2.2687195e+04
   1.6694541e+03   2.2896668e+04
   1.6686104e+03   2.2786098e+04
   1.6677656e+03   2.2879955e+04
   1.6669219e+03   2.3047820e+04
   1.6660771e+03   2.3008346e+04
   1.6652334e+03   2.3276795e+04
   1.6643887e+03   2.3255053e+04
   1.6635439e+03   2.3810453e+04
   1.6626992e+03   2.3856688e+04
   1.6618545e+03   2.3932490e+04
   1.6610088e+03   2.4061514e+04
   1.6601641e+03   2.4152043e+04
   1.6593184e+03   2.4319426e+04
   1.6584727e+03   2.4569535e+04
   1.6576270e+03   2.4869811e+04
   1.6567812e+03   2.4909891e+04
   1.6559355e+03   2.5077025e+04
   1.6550889e+03   2.4957506e+04
   1.6542432e+03   2.5582457e+04
   1.6533965e+03   2.5332932e+04
   1.6525498e+03   2.5960555e+04
   1.6517031e+03   2.6221844e+04
   1.6508564e+03   2.6379721e+04
   1.6500088e+03   2.6753006e+04
   1.6491621e+03   2.6594971e+04
   1.6483145e+03   2.6758600e+04
   1.6474678e+03   2.7140475e+04
   1.6466201e+03   2.7480926e+04
   1.6457715e+03   2.7691500e+04
   1.6449238e+03   2.7710346e+04
   1.6440762e+03   2.8245092e+04
   1.6432275e+03   2.7957291e+04
   1.6423799e+03   2.8459391e+04
   1.6415312e+03   2.8987836e+04
   1.6406826e+03   2.9071250e+04
   1.6398340e+03   2.9443295e+04
   1.6389854e+03   2.9476537e+04
   1.6381357e+03   2.9736492e+04
   1.6372871e+03   2.9631301e+04
   1.6364375e+03   3.0058916e+04
   1.6355879e+03   3.0015508e+04
   1.6347383e+03   3.0045674e+04
   1.6338887e+03   3.0278824e+04
   1.6330381e+03   3.0414824e+04
   1.6321885e+03   3.0912518e+04
   1.6313379e+03   3.0910158e+04
   1.6304883e+03   3.1172396e+04
   1.6296377e+03   3.1493332e+04
   1.6287871e+03   3.1643697e+04
   1.6279355e+03   3.1600072e+04
   1.6270850e+03   3.2373209e+04
   1.6262344e+03   3.2394094e+04
   1.6253828e+03   3.2538322e+04
   1.6245312e+03   3.2935031e+04
   1.6236797e+03   3.3220039e+04
   1.6228281e+03   3.3270117e+04
   1.6219766e+03   3.3422895e+04
   1.6211240e+03   3.3646047e+04
   1.6202725e+03   3.4077426e+04
   1.6194199e+03   3.4438258e+04
   1.6185674e+03   3.4796027e+04
   1.6177148e+03   3.5100891e+04
   1.6168623e+03   3.5185758e+04
   1.6160098e+03   3.5754273e+04
   1.6151562e+03   3.5897613e+04
   1.6143037e+03   3.6257750e+04
   1.6134502e+03   3.6017137e+04
   1.6125967e+03   3.6371266e+04
   1.6117432e+03   3.6455816e+04
   1.6108896e+03   3.6613547e+04
   1.6100361e+03   3.7008383e+04
   1.6091816e+03   3.6849805e+04
   1.6083271e+03   3.6667863e+04
   1.6074736e+03   3.7200020e+04
   1.6066191e+03   3.7369184e+04
   1.6057637e+03   3.7511957e+04
   1.6049092e+03   3.7370969e+04
   1.6040547e+03   3.8215539e+04
   1.6031992e+03   3.8039391e+04
   1.6023447e+03   3.7635281e+04
   1.6014893e+03   3.7862641e+04
   1.6006338e+03   3.8157137e+04
   1.5997783e+03   3.7770742e+04
   1.5989219e+03   3.8421555e+04
   1.5980664e+03   3.8601883e+04
   1.5972100e+03   3.8384984e+04
   1.5963535e+03   3.8749207e+04
   1.5954971e+03   3.8795094e+04
   1.5946406e+03   3.8811777e+04
   1.5937842e+03   3.8971449e+04
   1.5929277e+03   3.9037695e+04
   1.5920703e+03   3.9445246e+04
   1.5912139e+03   3.9490965e+04
   1.5903564e+03   3.9775809e+04
   1.5894990e+03   3.9451141e+04
   1.5886416e+03   3.9595953e+04
   1.5877842e+03   3.9600805e+04
   1.5869258e+03   3.9518219e+04
   1.5860684e+03   3.9826113e+04
   1.5852100e+03   4.0029023e+04
   1.5843516e+03   4.0132824e+04
   1.5834932e+03   3.9922055e+04
   1.5826348e+03   3.9723008e+04
   1.5817754e+03   4.0135402e+04
   1.5809170e+03   4.0125586e+04
   1.5800576e+03   4.0572688e+04
   1.5791992e+03   4.0484230e+04
   1.5783398e+03   4.0820562e+04
   1.5774795e+03   4.0167777e+04
   1.5766201e+03   4.0405164e+04
   1.5757607e+03   4.0645371e+04
   1.5749004e+03   4.0993066e+04
   1.5740410e+03   4.0384297e+04
   1.5731807e+03   4.1156234e+04
   1.5723203e+03   4.0928309e+04
   1.5714600e+03   4.0758562e+04
   1.5705986e+03   4.1512602e+04
   1.5697383e+03   4.1255680e+04
   1.5688770e+03   4.1512820e+04
   1.5680166e+03   4.1511477e+04
   1.5671553e+03   4.1539160e+04
   1.5662939e+03   4.1534906e+04
   1.5654316e+03   4.1826637e+04
   1.5645703e+03   4.1625043e+04
   1.5637090e+03   4.1696191e+04
   1.5628467e+03   4.1842723e+04
   1.5619844e+03   4.1739820e+04
   1.5611221e+03   4.1610855e+04
   1.5602598e+03   4.1989223e+04
   1.5593975e+03   4.1996477e+04
   1.5585342e+03   4.1899406e+04
   1.5576719e+03   4.1605352e+04
   1.5568086e+03   4.1740121e+04
   1.5559453e+03   4.1240551e+04
   1.5550820e+03   4.1201586e+04
   1.5542188e+03   4.1281340e+04
   1.5533545e+03   4.1077375e+04
   1.5524912e+03   4.0670875e+04
   1.5516270e+03   4.1100828e+04
   1.5507637e+03   4.0486141e+04
   1.5498994e+03   4.0829191e+04
   1.5490342e+03   4.0330453e+04
   1.5481699e+03   4.0583758e+04
   1.5473057e+03   4.0498691e+04
   1.5464404e+03   4.0248875e+04
   1.5455762e+03   4.0487605e+04
   1.5447109e+03   4.0405484e+04
   1.5438457e+03   4.0453410e+04
   1.5429795e+03   4.0284652e+04
   1.5421143e+03   4.0410562e+04
   1.5412490e+03   3.9779816e+04
   1.5403828e+03   3.9885559e+04
   1.5395166e+03   4.0164469e+04
   1.5386504e+03   4.0013219e+04
   1.5377842e+03   4.0089996e+04
   1.5369180e+03   3.9979203e+04
   1.5360518e+03   3.9271285e+04
   1.5351846e+03   3.9457754e+04
   1.5343174e+03   3.9401914e+04
   1.5334502e+03   3.9547926e+04
   1.5325830e+03   3.9071191e+04
   1.5317158e+03   3.9297914e+04
   1.5308486e+03   3.9285359e+04
   1.5299805e+03   3.9056711e+04
   1.5291133e+03   3.9121984e+04
   1.5282451e+03   3.9236199e+04
   1.5273770e+03   3.9217898e+04
   1.5265088e+03   3.8940465e+04
   1.5256406e+03   3.9043129e+04
   1.5247715e+03   3.8705371e+04
   1.5239033e+03   3.8560543e+04
   1.5230342e+03   3.8525105e+04
   1.5221650e+03   3.8380355e+04
   1.5212959e+03   3.8721762e+04
   1.5204268e+03   3.7823547e+04
   1.5195576e+03   3.7995281e+04
   1.5186875e+03   3.8066332e+04
   1.5178184e+03   3.7950523e+04
   1.5169482e+03   3.7897977e+04
   1.5160781e+03   3.7569605e+04
   1.5152080e+03   3.7430953e+04
   1.5143379e+03   3.7593949e+04
   1.5134668e+03   3.7374926e+04
   1.5125967e+03   3.6768336e+04
   1.5117256e+03   3.6939973e+04
   1.5108545e+03   3.6988121e+04
   1.5099834e+03   3.6795176e+04
   1.5091123e+03   3.7015492e+04
   1.5082412e+03   3.6518504e+04
   1.5073691e+03   3.6712973e+04
   1.5064980e+03   3.7271602e+04
   1.5056260e+03   3.6688797e+04
   1.5047539e+03   3.6868797e+04
   1.5038818e+03   3.6896812e+04
   1.5030098e+03   3.6388883e+04
   1.5021367e+03   3.6161945e+04
   1.5012646e+03   3.6851867e+04
   1.5003916e+03   3.6590551e+04
   1.4995186e+03   3.6280633e+04
   1.4986455e+03   3.6337348e+04
   1.4977725e+03   3.6322465e+04
   1.4968984e+03   3.5591969e+04
   1.4960254e+03   3.6020824e+04
   1.4951514e+03   3.5585363e+04
   1.4942783e+03   3.5730832e+04
   1.4934043e+03   3.5593059e+04
   1.4925293e+03   3.5400992e+04
   1.4916553e+03   3.5271898e+04
   1.4907812e+03   3.5274363e+04
   1.4899062e+03   3.5268254e+04
   1.4890312e+03   3.5356453e+04
   1.4881572e+03   3.5561781e+04
   1.4872822e+03   3.5035641e+04
   1.4864062e+03   3.5340930e+04
   1.4855312e+03   3.5112035e+04
   1.4846562e+03   3.5131645e+04
   1.4837803e+03   3.5205496e+04
   1.4829043e+03   3.5090922e+04
   1.4820283e+03   3.5324574e+04
   1.4811523e+03   3.5757898e+04
   1.4802764e+03   3.5646133e+04
   1.4793994e+03   3.5893828e+04
   1.4785234e+03   3.5799191e+04
   1.4776465e+03   3.6232125e+04
   1.4767695e+03   3.6274309e+04
   1.4758926e+03   3.6233809e+04
   1.4750156e+03   3.6407078e+04
   1.4741377e+03   3.7153055e+04
   1.4732607e+03   3.7237781e+04
   1.4723828e+03   3.6917973e+04
   1.4715049e+03   3.7857137e+04
   1.4706270e+03   3.8029969e+04
   1.4697490e+03   3.8117324e+04
   1.4688711e+03   3.8110707e+04
   1.4679922e+03   3.9154316e+04
   1.4671143e+03   3.8868648e+04
   1.4662354e+03   3.9115117e+04
   1.4653564e+03   3.9637434e+04
   1.4644775e+03   3.9687434e+04
   1.4635986e+03   3.9882441e+04
   1.4627188e+03   3.9889734e+04
   1.4618398e+03   4.0186973e+04
   1.4609600e+03   4.0384633e+04
   1.4600801e+03   4.0596426e+04
   1.4592002e+03   4.0734277e+04
   1.4583203e+03   4.0755609e+04
   1.4574404e+03   4.0961543e+04
   1.4565596e+03   4.0997023e+04
   1.4556787e+03   4.0901887e+04
   1.4547988e+03   4.0965746e+04
   1.4539180e+03   4.0774141e+04
   1.4530371e+03   4.0508820e+04
   1.4521553e+03   4.0762809e+04
   1.4512744e+03   4.0605375e+04
   1.4503926e+03   4.0697586e+04
   1.4495107e+03   4.0920211e+04
   1.4486299e+03   4.0660758e+04
   1.4477471e+03   4.0730227e+04
   1.4468652e+03   4.0238484e+04
   1.4459834e+03   4.0078461e+04
   1.4451006e+03   4.0425656e+04
   1.4442188e+03   4.0075855e+04
   1.4433359e+03   4.0134027e+04
   1.4424531e+03   4.0002449e+04
   1.4415703e+03   3.9590609e+04
   1.4406865e+03   3.9790375e+04
   1.4398037e+03   3.9650426e+04
   1.4389199e+03   3.9708617e+04
   1.4380361e+03   3.9602680e+04
   1.4371523e+03   3.8817848e+04
   1.4362686e+03   3.8658359e+04
   1.4353848e+03   3.9296395e+04
   1.4345010e+03   3.8379133e+04
   1.4336162e+03   3.8327223e+04
   1.4327314e+03   3.7930504e+04
   1.4318467e+03   3.7245680e+04
   1.4309619e+03   3.7629109e+04
   1.4300771e+03   3.6659254e+04
   1.4291924e+03   3.6381723e+04
   1.4283066e+03   3.6547652e+04
   1.4274219e+03   3.6083887e+04
   1.4265361e+03   3.6207457e+04
   1.4256504e+03   3.6359211e+04
   1.4247646e+03   3.6028352e+04
   1.4238779e+03   3.5607316e+04
   1.4229922e+03   3.6210453e+04
   1.4221055e+03   3.5693633e+04
   1.4212188e+03   3.5583074e+04
   1.4203320e+03   3.5638902e+04
   1.4194453e+03   3.5598867e+04
   1.4185586e+03   3.5248801e+04
   1.4176719e+03   3.5479375e+04
   1.4167842e+03   3.5839477e+04
   1.4158965e+03   3.6117754e+04
   1.4150088e+03   3.5691789e+04
   1.4141211e+03   3.5584188e+04
   1.4132334e+03   3.5516043e+04
   1.4123457e+03   3.5968715e+04
   1.4114570e+03   3.6097547e+04
   1.4105684e+03   3.5880195e+04
   1.4096807e+03   3.6051195e+04
   1.4087920e+03   3.6267148e+04
   1.4079023e+03   3.6395832e+04
   1.4070137e+03   3.6237629e+04
   1.4061250e+03   3.6329719e+04
   1.4052354e+03   3.6601691e+04
   1.4043457e+03   3.6716164e+04
   1.4034561e+03   3.7086328e+04
   1.4025664e+03   3.7082668e+04
   1.4016768e+03   3.6997539e+04
   1.4007861e+03   3.6909633e+04
   1.3998965e+03   3.7327238e+04
   1.3990059e+03   3.7284223e+04
   1.3981152e+03   3.7836363e+04
   1.3972246e+03   3.7944840e+04
   1.3963340e+03   3.8134656e+04
   1.3954424e+03   3.8004543e+04
   1.3945518e+03   3.8354184e+04
   1.3936602e+03   3.8981379e+04
   1.3927686e+03   3.8952141e+04
   1.3918770e+03   3.9374324e+04
   1.3909854e+03   3.9984188e+04
   1.3900938e+03   4.0277113e+04
   1.3892012e+03   4.0648398e+04
   1.3883086e+03   4.1378195e+04
   1.3874170e+03   4.1477422e+04
   1.3865244e+03   4.1879109e+04
   1.3856309e+03   4.2801531e+04
   1.3847383e+03   4.2578461e+04
   1.3838457e+03   4.2817371e+04
   1.3829521e+03   4.3182152e+04
   1.3820586e+03   4.3723105e+04
   1.3811650e+03   4.4227492e+04
   1.3802715e+03   4.3875672e+04
   1.3793779e+03   4.4181270e+04
   1.3784844e+03   4.4304984e+04
   1.3775898e+03   4.4546086e+04
   1.3766953e+03   4.4482387e+04
   1.3758008e+03   4.4083309e+04
   1.3749062e+03   4.4120312e+04
   1.3740117e+03   4.4025984e+04
   1.3731172e+03   4.4104887e+04
   1.3722217e+03   4.4485414e+04
   1.3713262e+03   4.4240266e+04
   1.3704307e+03   4.3612680e+04
   1.3695352e+03   4.3839551e+04
   1.3686396e+03   4.3290402e+04
   1.3677441e+03   4.3199109e+04
   1.3668477e+03   4.3322691e+04
   1.3659521e+03   4.3465754e+04
   1.3650557e+03   4.2855688e+04
   1.3641592e+03   4.3138215e+04
   1.3632627e+03   4.2467074e+04
   1.3623652e+03   4.3014398e+04
   1.3614688e+03   4.2268258e+04
   1.3605713e+03   4.2205125e+04
   1.3596738e+03   4.2565523e+04
   1.3587773e+03   4.2285066e+04
   1.3578789e+03   4.1840379e+04
   1.3569814e+03   4.2108746e+04
   1.3560840e+03   4.2326902e+04
   1.3551855e+03   4.2241547e+04
   1.3542871e+03   4.1964168e+04
   1.3533887e+03   4.2012477e+04
   1.3524902e+03   4.2060766e+04
   1.3515918e+03   4.1869797e+04
   1.3506934e+03   4.2118352e+04
   1.3497939e+03   4.2341789e+04
   1.3488945e+03   4.2031309e+04
   1.3479951e+03   4.2371434e+04
   1.3470957e+03   4.2541895e+04
   1.3461963e+03   4.2426062e+04
   1.3452969e+03   4.2474195e+04
   1.3443965e+03   4.2630656e+04
   1.3434971e+03   4.2251004e+04
   1.3425967e+03   4.2390777e+04
   1.3416963e+03   4.2597141e+04
   1.3407949e+03   4.2092766e+04
   1.3398945e+03   4.1649629e+04
   1.3389941e+03   4.1786633e+04
   1.3380928e+03   4.1948555e+04
   1.3371914e+03   4.1311484e+04
   1.3362900e+03   4.1232129e+04
   1.3353887e+03   4.0739605e+04
   1.3344873e+03   4.0801777e+04
   1.3335850e+03   4.1193809e+04
   1.3326836e+03   4.0574051e+04
   1.3317812e+03   4.0929957e+04
   1.3308789e+03   4.1116723e+04
   1.3299766e+03   4.0815871e+04
   1.3290732e+03   4.1321105e+04
   1.3281709e+03   4.1632316e+04
   1.3272676e+03   4.1511492e+04
   1.3263652e+03   4.0801078e+04
   1.3254619e+03   4.1740488e+04
   1.3245576e+03   4.1680586e+04
   1.3236543e+03   4.1736906e+04
   1.3227510e+03   4.1469551e+04
   1.3218467e+03   4.1766512e+04
   1.3209424e+03   4.1811719e+04
   1.3200391e+03   4.1884559e+04
   1.3191338e+03   4.1647766e+04
   1.3182295e+03   4.1739953e+04
   1.3173252e+03   4.2011727e+04
   1.3164199e+03   4.2172887e+04
   1.3155156e+03   4.1963824e+04
   1.3146104e+03   4.2257504e+04
   1.3137051e+03   4.2197613e+04
   1.3127988e+03   4.1842320e+04
   1.3118936e+03   4.2467121e+04
   1.3109873e+03   4.2379621e+04
   1.3100820e+03   4.1894781e+04
   1.3091758e+03   4.2259887e+04
   1.3082695e+03   4.2064883e+04
   1.3073633e+03   4.2173328e+04
   1.3064561e+03   4.2165918e+04
   1.3055498e+03   4.2538984e+04
   1.3046426e+03   4.2333031e+04
   1.3037354e+03   4.2967766e+04
   1.3028281e+03   4.2816922e+04
   1.3019209e+03   4.2255609e+04
   1.3010137e+03   4.2441008e+04
   1.3001055e+03   4.2565746e+04
   1.2991982e+03   4.2850152e+04
   1.2982900e+03   4.2947238e+04
   1.2973818e+03   4.3223219e+04
   1.2964736e+03   4.2505539e+04
   1.2955645e+03   4.2883309e+04
   1.2946562e+03   4.2611645e+04
   1.2937471e+03   4.2551883e+04
   1.2928379e+03   4.2123602e+04
   1.2919287e+03   4.2418672e+04
   1.2910195e+03   4.2402961e+04
   1.2901104e+03   4.2046398e+04
   1.2892012e+03   4.2154430e+04
   1.2882910e+03   4.2550949e+04
   1.2873809e+03   4.2419828e+04
   1.2864707e+03   4.2390387e+04
   1.2855605e+03   4.2660316e+04
   1.2846504e+03   4.2326039e+04
   1.2837393e+03   4.2911609e+04
   1.2828291e+03   4.2269965e+04
   1.2819180e+03   4.2339367e+04
   1.2810068e+03   4.3020660e+04
   1.2800957e+03   4.3139289e+04
   1.2791846e+03   4.3117977e+04
   1.2782725e+03   4.2507020e+04
   1.2773613e+03   4.3462004e+04
   1.2764492e+03   4.2911512e+04
   1.2755371e+03   4.2972480e+04
   1.2746250e+03   4.2696328e+04
   1.2737129e+03   4.2590164e+04
   1.2727998e+03   4.2374445e+04
   1.2718877e+03   4.2213582e+04
   1.2709746e+03   4.2526574e+04
   1.2700615e+03   4.2510867e+04
   1.2691484e+03   4.2298043e+04
   1.2682354e+03   4.2542418e+04
   1.2673213e+03   4.1905461e+04
   1.2664082e+03   4.2002055e+04
   1.2654941e+03   4.1852387e+04
   1.2645801e+03   4.1998188e+04
   1.2636660e+03   4.2157609e+04
   1.2627520e+03   4.1726348e+04
   1.2618369e+03   4.1956840e+04
   1.2609229e+03   4.2042375e+04
   1.2600078e+03   4.1417324e+04
   1.2590928e+03   4.1497457e+04
   1.2581777e+03   4.2031062e+04
   1.2572627e+03   4.2272215e+04
   1.2563467e+03   4.2152785e+04
   1.2554316e+03   4.2085277e+04
   1.2545156e+03   4.2219816e+04
   1.2535996e+03   4.2976637e+04
   1.2526836e+03   4.2469637e+04
   1.2517676e+03   4.2904172e+04
   1.2508516e+03   4.3444949e+04
   1.2499346e+03   4.3778234e+04
   1.2490176e+03   4.4054129e+04
   1.2481006e+03   4.4335379e+04
   1.2471836e+03   4.4463859e+04
   1.2462666e+03   4.4439656e+04
   1.2453496e+03   4.4200168e+04
   1.2444316e+03   4.4802703e+04
   1.2435146e+03   4.4369809e+04
   1.2425967e+03   4.4596219e+04
   1.2416787e+03   4.4381375e+04
   1.2407598e+03   4.4645816e+04
   1.2398418e+03   4.4499094e+04
   1.2389229e+03   4.4317035e+04
   1.2380049e+03   4.4581344e+04
   1.2370859e+03   4.4034734e+04
   1.2361670e+03   4.4407809e+04
   1.2352480e+03   4.4614836e+04
   1.2343281e+03   4.4315973e+04
   1.2334092e+03   4.4569164e+04
   1.2324893e+03   4.4751578e+04
   1.2315693e+03   4.4977418e+04
   1.2306494e+03   4.4798266e+04
   1.2297295e+03   4.5119109e+04
   1.2288096e+03   4.4660184e+04
   1.2278887e+03   4.4894020e+04
   1.2269678e+03   4.4715000e+04
   1.2260469e+03   4.4701664e+04
   1.2251260e+03   4.5005945e+04
   1.2242051e+03   4.4493152e+04
   1.2232842e+03   4.4452719e+04
   1.2223623e+03   4.4754164e+04
   1.2214414e+03   4.4635027e+04
   1.2205195e+03   4.4789867e+04
   1.2195977e+03   4.4863297e+04
   1.2186758e+03   4.4546273e+04
   1.2177529e+03   4.4966699e+04
   1.2168311e+03   4.5189121e+04
   1.2159082e+03   4.4983305e+04
   1.2149854e+03   4.5519926e+04
   1.2140625e+03   4.5704203e+04
   1.2131396e+03   4.5915492e+04
   1.2122158e+03   4.5923613e+04
   1.2112930e+03   4.5999418e+04
   1.2103691e+03   4.5693508e+04
   1.2094453e+03   4.5403945e+04
   1.2085215e+03   4.5688156e+04
   1.2075977e+03   4.5220129e+04
   1.2066738e+03   4.5114738e+04
   1.2057490e+03   4.4479289e+04
   1.2048242e+03   4.4374066e+04
   1.2038994e+03   4.4793379e+04
   1.2029746e+03   4.4409711e+04
   1.2020498e+03   4.4253199e+04
   1.2011250e+03   4.4210230e+04
   1.2001992e+03   4.4051105e+04
   1.1992744e+03   4.3946055e+04
   1.1983486e+03   4.3303598e+04
   1.1974229e+03   4.3895383e+04
   1.1964961e+03   4.3401645e+04
   1.1955703e+03   4.3202301e+04
   1.1946436e+03   4.2911270e+04
   1.1937178e+03   4.2677004e+04
   1.1927910e+03   4.3246781e+04
   1.1918643e+03   4.2850691e+04
   1.1909365e+03   4.3401355e+04
   1.1900098e+03   4.3113230e+04
   1.1890830e+03   4.3086715e+04
   1.1881553e+03   4.3041340e+04
   1.1872275e+03   4.3268172e+04
   1.1862998e+03   4.3403309e+04
   1.1853721e+03   4.3735059e+04
   1.1844434e+03   4.3759625e+04
   1.1835156e+03   4.4021172e+04
   1.1825869e+03   4.3827574e+04
   1.1816582e+03   4.4716277e+04
   1.1807295e+03   4.3995059e+04
   1.1798008e+03   4.3946883e+04
   1.1788711e+03   4.4057477e+04
   1.1779424e+03   4.4063109e+04
   1.1770127e+03   4.4730418e+04
   1.1760830e+03   4.3988309e+04
   1.1751533e+03   4.4184848e+04
   1.1742227e+03   4.3849031e+04
   1.1732930e+03   4.4553523e+04
   1.1723623e+03   4.4177449e+04
   1.1714326e+03   4.4166918e+04
   1.1705020e+03   4.4185941e+04
   1.1695713e+03   4.4006195e+04
   1.1686396e+03   4.3917816e+04
   1.1677090e+03   4.3856320e+04
   1.1667773e+03   4.3883430e+04
   1.1658457e+03   4.3856848e+04
   1.1649141e+03   4.4544094e+04
   1.1639824e+03   4.3843949e+04
   1.1630508e+03   4.3852258e+04
   1.1621191e+03   4.3511883e+04
   1.1611865e+03   4.3509516e+04
   1.1602539e+03   4.3488379e+04
   1.1593213e+03   4.3311770e+04
   1.1583887e+03   4.2920805e+04
   1.1574561e+03   4.2993566e+04
   1.1565225e+03   4.3039512e+04
   1.1555889e+03   4.2713086e+04
   1.1546562e+03   4.3067062e+04
   1.1537227e+03   4.2499742e+04
   1.1527881e+03   4.2296738e+04
   1.1518545e+03   4.2361496e+04
   1.1509209e+03   4.2747395e+04
   1.1499863e+03   4.2282211e+04
   1.1490518e+03   4.2280039e+04
   1.1481172e+03   4.2558742e+04
   1.1471826e+03   4.2323844e+04
   1.1462480e+03   4.2452688e+04
   1.1453125e+03   4.2276703e+04
   1.1443770e+03   4.2515105e+04
   1.1434414e+03   4.2160105e+04
   1.1425059e+03   4.2719090e+04
   1.1415703e+03   4.2727520e+04
   1.1406348e+03   4.2161645e+04
   1.1396982e+03   4.2319723e+04
   1.1387617e+03   4.2114594e+04
   1.1378262e+03   4.2368734e+04
   1.1368896e+03   4.1915426e+04
   1.1359521e+03   4.1950664e+04
   1.1350156e+03   4.2033918e+04
   1.1340781e+03   4.1858363e+04
   1.1331416e+03   4.2186996e+04
   1.1322041e+03   4.2078145e+04
   1.1312666e+03   4.1366719e+04
   1.1303281e+03   4.0956793e+04
   1.1293906e+03   4.1394633e+04
   1.1284521e+03   4.1184719e+04
   1.1275137e+03   4.0846984e+04
   1.1265762e+03   4.0735809e+04
   1.1256367e+03   4.0512805e+04
   1.1246982e+03   4.0478957e+04
   1.1237598e+03   3.9531840e+04
   1.1228203e+03   3.9495512e+04
   1.1218809e+03   3.9395316e+04
   1.1209414e+03   3.9374988e+04
   1.1200020e+03   3.9293473e+04
   1.1190625e+03   3.8844867e+04
   1.1181221e+03   3.8641121e+04
   1.1171826e+03   3.8517223e+04
   1.1162422e+03   3.8518332e+04
   1.1153018e+03   3.8561977e+04
   1.1143613e+03   3.8709258e+04
   1.1134199e+03   3.7907793e+04
   1.1124795e+03   3.8514781e+04
   1.1115381e+03   3.8069598e+04
   1.1105967e+03   3.8123895e+04
   1.1096553e+03   3.7777191e+04
   1.1087139e+03   3.8035957e+04
   1.1077725e+03   3.7856625e+04
   1.1068301e+03   3.7664086e+04
   1.1058877e+03   3.7912113e+04
   1.1049453e+03   3.8053922e+04
   1.1040029e+03   3.8269957e+04
   1.1030605e+03   3.8021777e+04
   1.1021182e+03   3.7757777e+04
   1.1011748e+03   3.7652941e+04
   1.1002314e+03   3.7919250e+04
   1.0992881e+03   3.7835621e+04
   1.0983447e+03   3.7831520e+04
   1.0974014e+03   3.7901594e+04
   1.0964580e+03   3.7849797e+04
   1.0955137e+03   3.7731805e+04
   1.0945693e+03   3.7592672e+04
   1.0936250e+03   3.7869234e+04
   1.0926807e+03   3.7941883e+04
   1.0917363e+03   3.7839832e+04
   1.0907910e+03   3.7340910e+04
   1.0898467e+03   3.7485035e+04
   1.0889014e+03   3.7777234e+04
   1.0879561e+03   3.7915941e+04
   1.0870107e+03   3.7832484e+04
   1.0860645e+03   3.8016070e+04
   1.0851191e+03   3.7390770e+04
   1.0841729e+03   3.8036840e+04
   1.0832266e+03   3.8037969e+04
   1.0822803e+03   3.7864738e+04
   1.0813340e+03   3.7533090e+04
   1.0803877e+03   3.7729723e+04
   1.0794404e+03   3.7722980e+04
   1.0784932e+03   3.8241574e+04
   1.0775459e+03   3.8430055e+04
   1.0765986e+03   3.8367766e+04
   1.0756514e+03   3.8186766e+04
   1.0747041e+03   3.8404168e+04
   1.0737559e+03   3.8117719e+04
   1.0728076e+03   3.8044977e+04
   1.0718594e+03   3.8067172e+04
   1.0709111e+03   3.8305523e+04
   1.0699629e+03   3.8008746e+04
   1.0690137e+03   3.8824125e+04
   1.0680654e+03   3.8825082e+04
   1.0671162e+03   3.8604762e+04
   1.0661670e+03   3.7810355e+04
   1.0652178e+03   3.8409250e+04
   1.0642676e+03   3.8257570e+04
   1.0633184e+03   3.8253352e+04
   1.0623682e+03   3.8343887e+04
   1.0614180e+03   3.8465961e+04
   1.0604678e+03   3.8301219e+04
   1.0595176e+03   3.7805094e+04
   1.0585674e+03   3.8092883e+04
   1.0576162e+03   3.8417383e+04
   1.0566650e+03   3.7989855e+04
   1.0557139e+03   3.8046137e+04
   1.0547627e+03   3.7894777e+04
   1.0538115e+03   3.8150754e+04
   1.0528604e+03   3.8212227e+04
   1.0519082e+03   3.8032020e+04
   1.0509561e+03   3.7586625e+04
   1.0500039e+03   3.8257336e+04
   1.0490518e+03   3.8594395e+04
   1.0480996e+03   3.8414242e+04
   1.0471465e+03   3.8522828e+04
   1.0461943e+03   3.8450328e+04
   1.0452412e+03   3.8587723e+04
   1.0442881e+03   3.9176215e+04
   1.0433350e+03   3.8875477e+04
   1.0423809e+03   3.8821312e+04
   1.0414277e+03   3.9427789e+04
   1.0404736e+03   3.9347328e+04
   1.0395195e+03   3.9487027e+04
   1.0385654e+03   4.0014449e+04
   1.0376113e+03   3.9816039e+04
   1.0366572e+03   4.0356309e+04
   1.0357021e+03   4.0485242e+04
   1.0347471e+03   4.1148250e+04
   1.0337920e+03   4.1368617e+04
   1.0328369e+03   4.1450184e+04
   1.0318818e+03   4.1550035e+04
   1.0309268e+03   4.1908871e+04
   1.0299707e+03   4.2118469e+04
   1.0290146e+03   4.1760445e+04
   1.0280586e+03   4.1606516e+04
   1.0271025e+03   4.2278812e+04
   1.0261465e+03   4.2237242e+04
   1.0251895e+03   4.1955238e+04
   1.0242324e+03   4.2104492e+04
   1.0232764e+03   4.2285039e+04
   1.0223184e+03   4.2376711e+04
   1.0213613e+03   4.2460508e+04
   1.0204043e+03   4.2510332e+04
   1.0194463e+03   4.2312113e+04
   1.0184893e+03   4.2168781e+04
   1.0175312e+03   4.2521359e+04
   1.0165732e+03   4.2205824e+04
   1.0156143e+03   4.1981707e+04
   1.0146562e+03   4.2156750e+04
   1.0136973e+03   4.1987488e+04
   1.0127383e+03   4.2514469e+04
   1.0117793e+03   4.2569398e+04
   1.0108203e+03   4.2746812e+04
   1.0098613e+03   4.2770402e+04
   1.0089014e+03   4.3088414e+04
   1.0079424e+03   4.3734551e+04
   1.0069824e+03   4.4075711e+04
   1.0060225e+03   4.3927164e+04
   1.0050625e+03   4.4950332e+04
   1.0041016e+03   4.4957871e+04
   1.0031416e+03   4.4548961e+04
   1.0021807e+03   4.5087434e+04
   1.0012197e+03   4.5123559e+04
   1.0002588e+03   4.5581086e+04
   9.9929785e+02   4.5206164e+04
   9.9833594e+02   4.5429473e+04
   9.9737500e+02   4.5340699e+04
   9.9641309e+02   4.4755457e+04
   9.9545117e+02   4.5100875e+04
   9.9448926e+02   4.4531473e+04
   9.9352637e+02   4.4746895e+04
   9.9256445e+02   4.4528434e+04
   9.9160156e+02   4.4058129e+04
   9.9063867e+02   4.3720422e+04
   9.8967578e+02   4.3572355e+04
   9.8871289e+02   4.3728047e+04
   9.8774902e+02   4.3735746e+04
   9.8678613e+02   4.3411305e+04
   9.8582227e+02   4.3473539e+04
   9.8485840e+02   4.3756227e+04
   9.8389453e+02   4.4015469e+04
   9.8293066e+02   4.3678238e+04
   9.8196582e+02   4.3520008e+04
   9.8100195e+02   4.3833582e+04
   9.8003711e+02   4.3470645e+04
   9.7907227e+02   4.4149453e+04
   9.7810742e+02   4.4657031e+04
   9.7714160e+02   4.4174988e+04
   9.7617676e+02   4.4666840e+04
   9.7521094e+02   4.5427789e+04
   9.7424512e+02   4.5644824e+04
   9.7327930e+02   4.5432125e+04
   9.7231348e+02   4.6277918e+04
   9.7134668e+02   4.6634395e+04
   9.7038086e+02   4.6788961e+04
   9.6941406e+02   4.6542578e+04
   9.6844727e+02   4.6593664e+04
   9.6748047e+02   4.6551656e+04
   9.6651367e+02   4.6918090e+04
   9.6554590e+02   4.6945812e+04
   9.6457812e+02   4.7076891e+04
   9.6361133e+02   4.7063234e+04
   9.6264258e+02   4.7070246e+04
   9.6167480e+02   4.7358766e+04
   9.6070703e+02   4.7321816e+04
   9.5973828e+02   4.7287465e+04
   9.5877051e+02   4.7366699e+04
   9.5780176e+02   4.7634301e+04
   9.5683301e+02   4.8087594e+04
   9.5586328e+02   4.8473641e+04
   9.5489453e+02   4.8782164e+04
   9.5392480e+02   4.9304625e+04
   9.5295508e+02   4.9210637e+04
   9.5198535e+02   4.9346125e+04
   9.5101562e+02   4.9772828e+04
   9.5004590e+02   4.9823117e+04
   9.4907520e+02   4.9123582e+04
   9.4810449e+02   4.9367180e+04
   9.4713477e+02   4.8786461e+04
   9.4616309e+02   4.8216246e+04
   9.4519238e+02   4.7962938e+04
   9.4422168e+02   4.7714863e+04
   9.4325000e+02   4.7438566e+04
   9.4227832e+02   4.7041418e+04
   9.4130664e+02   4.6739609e+04
   9.4033496e+02   4.6553668e+04
   9.3936328e+02   4.5866254e+04
   9.3839062e+02   4.6223121e+04
   9.3741895e+02   4.5736555e+04
   9.3644629e+02   4.5296430e+04
   9.3547363e+02   4.5136605e+04
   9.3450000e+02   4.4922875e+04
   9.3352734e+02   4.5043219e+04
   9.3255371e+02   4.4636922e+04
   9.3158105e+02   4.4739289e+04
   9.3060742e+02   4.4369141e+04
   9.2963379e+02   4.4160867e+04
   9.2865918e+02   4.4083578e+04
   9.2768555e+02   4.3580289e+04
   9.2671094e+02   4.3572406e+04
   9.2573633e+02   4.3441387e+04
   9.2476172e+02   4.3233457e+04
   9.2378711e+02   4.3435930e+04
   9.2281250e+02   4.3189613e+04
   9.2183691e+02   4.2969020e+04
   9.2086133e+02   4.2804895e+04
   9.1988574e+02   4.2574195e+04
   9.1891016e+02   4.2540867e+04
   9.1793457e+02   4.2230883e+04
   9.1695801e+02   4.1918445e+04
   9.1598242e+02   4.2151578e+04
   9.1500586e+02   4.1939117e+04
   9.1402930e+02   4.1793293e+04
   9.1305273e+02   4.1470914e+04
   9.1207520e+02   4.2018707e+04
   9.1109863e+02   4.1512188e+04
   9.1012109e+02   4.1292352e+04
   9.0914355e+02   4.1737570e+04
   9.0816602e+02   4.1617500e+04
   9.0718848e+02   4.1484688e+04
   9.0620996e+02   4.1612652e+04
   9.0523145e+02   4.1676676e+04
   9.0425391e+02   4.1477480e+04
   9.0327539e+02   4.1641141e+04
   9.0229590e+02   4.1758762e+04
   9.0131738e+02   4.1633719e+04
   9.0033789e+02   4.1679797e+04
   8.9935938e+02   4.1924988e+04
   8.9837988e+02   4.1863789e+04
   8.9740039e+02   4.1391730e+04
   8.9641992e+02   4.2170117e+04
   8.9544043e+02   4.1787457e+04
   8.9445996e+02   4.1739074e+04
   8.9347949e+02   4.1864117e+04
   8.9249902e+02   4.1945770e+04
   8.9151855e+02   4.1642449e+04
   8.9053809e+02   4.1971344e+04
   8.8955664e+02   4.2264438e+04
   8.8857520e+02   4.2167598e+04
   8.8759375e+02   4.2246562e+04
   8.8661230e+02   4.2901113e+04
   8.8563086e+02   4.2656504e+04
   8.8464844e+02   4.2582570e+04
   8.8366699e+02   4.2559574e+04
   8.8268457e+02   4.2681652e+04
   8.8170215e+02   4.2887660e+04
   8.8071973e+02   4.2976559e+04
   8.7973633e+02   4.3065422e+04
   8.7875391e+02   4.3365344e+04
   8.7777051e+02   4.2932824e+04
   8.7678711e+02   4.3614008e+04
   8.7580371e+02   4.3628969e+04
   8.7482031e+02   4.3305910e+04
   8.7383594e+02   4.3028707e+04
   8.7285156e+02   4.3747480e+04
   8.7186816e+02   4.3368691e+04
   8.7088379e+02   4.3777309e+04
   8.6989844e+02   4.3822680e+04
   8.6891406e+02   4.4436691e+04
   8.6792871e+02   4.3314352e+04
   8.6694434e+02   4.4072883e+04
   8.6595898e+02   4.4009059e+04
   8.6497266e+02   4.4417102e+04
   8.6398730e+02   4.4370984e+04
   8.6300195e+02   4.4479574e+04
   8.6201562e+02   4.4537414e+04
   8.6102930e+02   4.4194707e+04
   8.6004297e+02   4.4500953e+04
   8.5905664e+02   4.4490332e+04
   8.5806934e+02   4.4484781e+04
   8.5708301e+02   4.4636281e+04
   8.5609570e+02   4.4668691e+04
   8.5510840e+02   4.5037867e+04
   8.5412109e+02   4.4720809e+04
   8.5313379e+02   4.4679770e+04
   8.5214551e+02   4.4914605e+04
   8.5115723e+02   4.4726781e+04
   8.5016895e+02   4.4488426e+04
   8.4918066e+02   4.4740867e+04
   8.4819238e+02   4.4672035e+04
   8.4720410e+02   4.5088703e+04
   8.4621484e+02   4.4825164e+04
   8.4522559e+02   4.5368027e+04
   8.4423633e+02   4.5395156e+04
   8.4324707e+02   4.5487961e+04
   8.4225781e+02   4.5128539e+04
   8.4126758e+02   4.5026875e+04
   8.4027734e+02   4.5021203e+04
   8.3928711e+02   4.4611559e+04
   8.3829688e+02   4.4585770e+04
   8.3730664e+02   4.4890621e+04
   8.3631543e+02   4.4211203e+04
   8.3532520e+02   4.4584129e+04
   8.3433398e+02   4.4603762e+04
   8.3334277e+02   4.4953777e+04
   8.3235156e+02   4.4436223e+04
   8.3135938e+02   4.5434078e+04
   8.3036816e+02   4.5299766e+04
   8.2937598e+02   4.5631750e+04
   8.2838379e+02   4.6094641e+04
   8.2739160e+02   4.6474223e+04
   8.2639941e+02   4.7002277e+04
   8.2540625e+02   4.6641133e+04
   8.2441309e+02   4.6655297e+04
   8.2341992e+02   4.6860785e+04
   8.2242676e+02   4.6973062e+04
   8.2143359e+02   4.7226227e+04
   8.2044043e+02   4.6797426e+04
   8.1944629e+02   4.6635441e+04
   8.1845215e+02   4.6272297e+04
   8.1745801e+02   4.6060164e+04
   8.1646387e+02   4.6139770e+04
   8.1546973e+02   4.5774391e+04
   8.1447461e+02   4.5265883e+04
   8.1347949e+02   4.4890742e+04
   8.1248535e+02   4.4480562e+04
   8.1148926e+02   4.4032852e+04
   8.1049414e+02   4.3876641e+04
   8.0949902e+02   4.3823438e+04
   8.0850293e+02   4.3702465e+04
   8.0750684e+02   4.3513758e+04
   8.0651074e+02   4.2798082e+04
   8.0551465e+02   4.3264520e+04
   8.0451758e+02   4.2938008e+04
   8.0352148e+02   4.2922648e+04
   8.0252441e+02   4.2729234e+04
   8.0152734e+02   4.2493258e+04
   8.0053027e+02   4.2595809e+04
   7.9953320e+02   4.2512840e+04
   7.9853516e+02   4.2349703e+04
   7.9753711e+02   4.2404609e+04
   7.9653906e+02   4.2384344e+04
   7.9554102e+02   4.2667145e+04
   7.9454297e+02   4.2173535e+04
   7.9354492e+02   4.2163332e+04
   7.9254590e+02   4.1840215e+04
   7.9154688e+02   4.2248043e+04
   7.9054785e+02   4.1912516e+04
   7.8954883e+02   4.2210094e+04
   7.8854980e+02   4.2384988e+04
   7.8754980e+02   4.2024602e+04
   7.8654980e+02   4.2369504e+04
   7.8554980e+02   4.2871781e+04
   7.8454980e+02   4.2718969e+04
   7.8354980e+02   4.2851117e+04
   7.8254883e+02   4.2763324e+04
   7.8154883e+02   4.2595617e+04
   7.8054785e+02   4.2330555e+04
   7.7954688e+02   4.2739879e+04
   7.7854492e+02   4.2180246e+04
   7.7754395e+02   4.2484590e+04
   7.7654199e+02   4.2394457e+04
   7.7554004e+02   4.2661211e+04
   7.7453809e+02   4.2269168e+04
   7.7353613e+02   4.2862641e+04
   7.7253418e+02   4.3009441e+04
   7.7153125e+02   4.3233488e+04
   7.7052832e+02   4.3721738e+04
   7.6952539e+02   4.3696289e+04
   7.6852246e+02   4.4104516e+04
   7.6751953e+02   4.4430359e+04
   7.6651562e+02   4.4387348e+04
   7.6551270e+02   4.4877422e+04
   7.6450879e+02   4.4976301e+04
   7.6350488e+02   4.5062691e+04
   7.6250000e+02   4.4539094e+04
   7.6149609e+02   4.4075426e+04
   7.6049121e+02   4.3880703e+04
   7.5948730e+02   4.3277980e+04
   7.5848145e+02   4.2847133e+04
   7.5747656e+02   4.2612941e+04
   7.5647168e+02   4.2766785e+04
   7.5546582e+02   4.2515281e+04
   7.5445996e+02   4.3074297e+04
   7.5345508e+02   4.2546934e+04
   7.5244824e+02   4.3128098e+04
   7.5144238e+02   4.2971121e+04
   7.5043555e+02   4.2739676e+04
   7.4942969e+02   4.3019953e+04
   7.4842285e+02   4.3138715e+04
   7.4741602e+02   4.3254949e+04
   7.4640820e+02   4.3413340e+04
   7.4540137e+02   4.3675906e+04
   7.4439355e+02   4.4226219e+04
   7.4338574e+02   4.4818504e+04
   7.4237793e+02   4.5780164e+04
   7.4137012e+02   4.6252902e+04
   7.4036230e+02   4.7866074e+04
   7.3935352e+02   4.8606000e+04
   7.3834473e+02   5.0017371e+04
   7.3733594e+02   5.0729363e+04
   7.3632715e+02   5.0992617e+04
   7.3531836e+02   5.0324297e+04
   7.3430859e+02   4.9898953e+04
   7.3329883e+02   4.8891805e+04
   7.3228906e+02   4.7152141e+04
   7.3127930e+02   4.6079023e+04
   7.3026953e+02   4.4865219e+04
   7.2925977e+02   4.4522918e+04
   7.2824902e+02   4.3982809e+04
   7.2723828e+02   4.3188102e+04
   7.2622754e+02   4.3363195e+04
   7.2521680e+02   4.2534273e+04
   7.2420508e+02   4.2276762e+04
   7.2319336e+02   4.1913051e+04
   7.2218262e+02   4.1626086e+04
   7.2117090e+02   4.1161316e+04
   7.2015820e+02   4.1012938e+04
   7.1914648e+02   4.0728762e+04
   7.1813379e+02   4.0550879e+04
   7.1712207e+02   4.0681703e+04
   7.1610938e+02   4.0876664e+04
   7.1509570e+02   4.0999973e+04
   7.1408301e+02   4.0765406e+04
   7.1306934e+02   4.0888688e+04
   7.1205664e+02   4.0854039e+04
   7.1104297e+02   4.0661551e+04
   7.1002930e+02   4.0910539e+04
   7.0901465e+02   4.0673727e+04
   7.0800098e+02   4.0986711e+04
   7.0698633e+02   4.0851020e+04
   7.0597168e+02   4.1057891e+04
   7.0495703e+02   4.0803973e+04
   7.0394238e+02   4.1146254e+04
   7.0292676e+02   4.0825914e+04
   7.0191211e+02   4.1195148e+04
   7.0089648e+02   4.0586871e+04
   6.9988086e+02   4.0933855e+04
   6.9886523e+02   4.1054297e+04
   6.9784863e+02   4.0667824e+04
   6.9683301e+02   4.0493059e+04
   6.9581641e+02   4.0842258e+04
   6.9479980e+02   4.0561773e+04
   6.9378320e+02   4.0699379e+04
   6.9276562e+02   4.0514895e+04
   6.9174902e+02   4.0428789e+04
   6.9073145e+02   4.0536844e+04
   6.8971387e+02   4.0106797e+04
   6.8869629e+02   4.0116609e+04
   6.8767773e+02   3.9696613e+04
   6.8666016e+02   3.9878387e+04
   6.8564160e+02   3.9517508e+04
   6.8462305e+02   3.9792520e+04
   6.8360449e+02   3.9883363e+04
   6.8258594e+02   3.9846574e+04
   6.8156641e+02   3.9952090e+04
   6.8054785e+02   3.9750957e+04
   6.7952832e+02   3.9719109e+04
   6.7850879e+02   3.9841750e+04
   6.7748926e+02   4.0037887e+04
   6.7646875e+02   3.9819719e+04
   6.7544824e+02   3.9974125e+04
   6.7442871e+02   3.9564934e+04
   6.7340820e+02   4.0054934e+04
   6.7238672e+02   4.0162668e+04
   6.7136621e+02   3.9682648e+04
   6.7034473e+02   4.0128277e+04
   6.6932422e+02   4.0147809e+04
   6.6830273e+02   4.0265230e+04
   6.6728027e+02   4.0248020e+04
   6.6625879e+02   4.0517059e+04
   6.6523633e+02   4.0367715e+04
   6.6421484e+02   4.0619512e+04
   6.6319238e+02   4.0448195e+04
   6.6216992e+02   4.0518965e+04
   6.6114648e+02   4.0853691e+04
   6.6012402e+02   4.0760625e+04
   6.5910059e+02   4.0995000e+04
   6.5807715e+02   4.1402738e+04
   6.5705371e+02   4.1414641e+04
   6.5603027e+02   4.1631664e+04
   6.5500586e+02   4.1941391e+04
   6.5398145e+02   4.1887270e+04
   6.5295703e+02   4.1964965e+04
   6.5193262e+02   4.2455027e+04
   6.5090820e+02   4.2652133e+04
   6.4988379e+02   4.2385691e+04
   6.4885840e+02   4.2551027e+04
   6.4783301e+02   4.2394430e+04
   6.4680762e+02   4.2215945e+04
   6.4578223e+02   4.2715156e+04
   6.4475586e+02   4.2273469e+04
   6.4373047e+02   4.2733496e+04
   6.4270410e+02   4.2338254e+04
   6.4167773e+02   4.2508242e+04
   6.4065137e+02   4.2614848e+04
   6.3962402e+02   4.2477930e+04
   6.3859766e+02   4.2187699e+04
   6.3757031e+02   4.2167734e+04
   6.3654297e+02   4.1685418e+04
   6.3551562e+02   4.1351691e+04
   6.3448730e+02   4.0767527e+04
   6.3345996e+02   4.1107789e+04
   6.3243164e+02   4.1204754e+04
   6.3140332e+02   4.1078008e+04
   6.3037500e+02   4.0944016e+04
   6.2934570e+02   4.0931586e+04
   6.2831738e+02   4.1439156e+04
   6.2728809e+02   4.0486445e+04
   6.2625879e+02   4.1037625e+04
   6.2522949e+02   4.0796898e+04
   6.2420020e+02   4.0803922e+04
   6.2316992e+02   4.0939609e+04
   6.2214062e+02   4.0927184e+04
   6.2111035e+02   4.1108898e+04
   6.2007910e+02   4.1605961e+04
   6.1904883e+02   4.1336273e+04
   6.1801855e+02   4.1154000e+04
   6.1698730e+02   4.1614398e+04
   6.1595605e+02   4.1861270e+04
   6.1492480e+02   4.1475375e+04
   6.1389355e+02   4.1814273e+04
   6.1286133e+02   4.1920422e+04
   6.1183008e+02   4.2137973e+04
   6.1079785e+02   4.2694559e+04
   6.0976562e+02   4.3531863e+04
   6.0873242e+02   4.3889430e+04
   6.0770020e+02   4.3711840e+04
   6.0666699e+02   4.3178508e+04
   6.0563379e+02   4.3047094e+04
   6.0460059e+02   4.2678605e+04
   6.0356738e+02   4.1521625e+04
   6.0253418e+02   4.0969734e+04
   6.0150000e+02   4.0930711e+04
   6.0046582e+02   4.0466172e+04
   5.9943164e+02   4.0388570e+04
   5.9839746e+02   4.0840297e+04
   5.9736328e+02   4.0839977e+04
   5.9632812e+02   4.0501422e+04
   5.9529297e+02   4.0348984e+04
   5.9425781e+02   4.0467090e+04
   5.9322266e+02   4.0053934e+04
   5.9218750e+02   4.0082723e+04
   5.9115137e+02   3.9819438e+04
   5.9011523e+02   3.9756547e+04
   5.8907910e+02   4.0115930e+04
   5.8804297e+02   3.9958922e+04
   5.8700684e+02   4.0122762e+04
   5.8596973e+02   4.0067094e+04
   5.8493262e+02   4.0242902e+04
   5.8389551e+02   4.0495785e+04
   5.8285840e+02   4.1001637e+04
   5.8182129e+02   4.0834992e+04
   5.8078320e+02   4.1316496e+04
   5.7974512e+02   4.1441316e+04
   5.7870703e+02   4.2088707e+04
   5.7766895e+02   4.2865879e+04
   5.7663086e+02   4.3392387e+04
   5.7559180e+02   4.3848891e+04
   5.7455371e+02   4.3677105e+04
   5.7351465e+02   4.3053027e+04
   5.7247559e+02   4.3153293e+04
   5.7143555e+02   4.2630559e+04
   5.7039648e+02   4.2033469e+04
   5.6935645e+02   4.1624137e+04
   5.6831641e+02   4.1400059e+04
   5.6727637e+02   4.1349109e+04
   5.6623633e+02   4.1389492e+04
   5.6519531e+02   4.1043043e+04
   5.6415430e+02   4.1225188e+04
   5.6311328e+02   4.1032602e+04
   5.6207227e+02   4.1097016e+04
   5.6103125e+02   4.1166207e+04
   5.5998926e+02   4.1583418e+04
   5.5894824e+02   4.1410098e+04
   5.5790625e+02   4.1488785e+04
   5.5686426e+02   4.1476277e+04
   5.5582129e+02   4.1869125e+04
   5.5477930e+02   4.1882926e+04
   5.5373633e+02   4.2222805e+04
   5.5269336e+02   4.2258105e+04
   5.5165039e+02   4.2413230e+04
   5.5060742e+02   4.2505988e+04
   5.4956348e+02   4.2301625e+04
   5.4852051e+02   4.2427902e+04
   5.4747656e+02   4.2364930e+04
   5.4643262e+02   4.2881453e+04
   5.4538770e+02   4.2710680e+04
   5.4434375e+02   4.3119230e+04
   5.4329883e+02   4.3415148e+04
   5.4225391e+02   4.3742059e+04
   5.4120898e+02   4.3702820e+04
   5.4016406e+02   4.3072805e+04
   5.3911816e+02   4.3327848e+04
   5.3807324e+02   4.3245664e+04
   5.3702734e+02   4.3364312e+04
   5.3598145e+02   4.2926027e+04
   5.3493457e+02   4.3400746e+04
   5.3388867e+02   4.3681758e+04
   5.3284180e+02   4.3482527e+04
   5.3179492e+02   4.3701320e+04
   5.3074805e+02   4.3936750e+04
   5.2970117e+02   4.4119562e+04
   5.2865332e+02   4.4252176e+04
   5.2760645e+02   4.4377582e+04
   5.2655859e+02   4.4350230e+04
   5.2551074e+02   4.4666414e+04
   5.2446289e+02   4.5543004e+04
   5.2341406e+02   4.5489211e+04
   5.2236523e+02   4.5993363e+04
   5.2131641e+02   4.6187422e+04
   5.2026758e+02   4.5635395e+04
   5.1921875e+02   4.5324254e+04
   5.1816992e+02   4.4844066e+04
   5.1712012e+02   4.4711840e+04
   5.1607031e+02   4.4512977e+04
   5.1502051e+02   4.4754703e+04
   5.1397070e+02   4.4717793e+04
   5.1291992e+02   4.4673750e+04
   5.1187012e+02   4.4565469e+04
   5.1081934e+02   4.4264488e+04
   5.0976855e+02   4.4582156e+04
   5.0871680e+02   4.4352637e+04
   5.0766602e+02   4.4097043e+04
   5.0661426e+02   4.3986578e+04
   5.0556250e+02   4.3250949e+04
   5.0451074e+02   4.3601773e+04
   5.0345898e+02   4.3752852e+04
   5.0240625e+02   4.3245754e+04
   5.0135449e+02   4.3012020e+04
   5.0030176e+02   4.3222492e+04
   4.9924902e+02   4.3380645e+04
   4.9819531e+02   4.3410535e+04
   4.9714258e+02   4.3229156e+04
   4.9608887e+02   4.3505875e+04
   4.9503516e+02   4.3585547e+04
   4.9398145e+02   4.3299844e+04
   4.9292773e+02   4.3215859e+04
   4.9187305e+02   4.3048906e+04
   4.9081934e+02   4.3237660e+04
   4.8976465e+02   4.3217734e+04
   4.8870996e+02   4.3259434e+04
   4.8765430e+02   4.2895902e+04
   4.8659961e+02   4.3003984e+04
   4.8554395e+02   4.3014902e+04
   4.8448828e+02   4.3146598e+04
   4.8343262e+02   4.3069867e+04
   4.8237695e+02   4.3173090e+04
   4.8132031e+02   4.3105848e+04
   4.8026367e+02   4.3225590e+04
   4.7920703e+02   4.3361844e+04
   4.7815039e+02   4.3621066e+04
   4.7709375e+02   4.3262855e+04
   4.7603613e+02   4.3886172e+04
   4.7497949e+02   4.3833043e+04
   4.7392188e+02   4.4323637e+04
   4.7286426e+02   4.4133363e+04
   4.7180566e+02   4.4708781e+04
   4.7074805e+02   4.4806738e+04
   4.6968945e+02   4.5218824e+04
   4.6863086e+02   4.5023789e+04
   4.6757227e+02   4.4788688e+04
   4.6651270e+02   4.4891270e+04
   4.6545410e+02   4.4764852e+04
   4.6439453e+02   4.4364723e+04
   4.6333496e+02   4.4509793e+04
   4.6227539e+02   4.4683109e+04
   4.6121582e+02   4.4436527e+04
   4.6015527e+02   4.4741852e+04
   4.5909473e+02   4.4915023e+04
   4.5803418e+02   4.4842969e+04
   4.5697363e+02   4.5110328e+04
   4.5591309e+02   4.5330457e+04
   4.5485156e+02   4.5369090e+04
   4.5379004e+02   4.6279254e+04
   4.5272852e+02   4.6965344e+04
   4.5166699e+02   4.6673988e+04
   4.5060547e+02   4.7343262e+04
   4.4954297e+02   4.6986039e+04
   4.4848047e+02   4.7944457e+04
   4.4741797e+02   4.7615484e+04
   4.4635547e+02   4.7950020e+04
   4.4529297e+02   4.7345980e+04
   4.4422949e+02   4.7807422e+04
   4.4316602e+02   4.8287500e+04
   4.4210254e+02   4.8687473e+04
   4.4103906e+02   4.9077891e+04
   4.3997461e+02   4.9630297e+04
   4.3891113e+02   4.9527020e+04
   4.3784668e+02   5.0292879e+04
   4.3678223e+02   4.9656406e+04
   4.3571680e+02   5.0466566e+04
   4.3465234e+02   5.0590918e+04
   4.3358691e+02   5.0346715e+04
   4.3252148e+02   4.9835074e+04
   4.3145605e+02   4.9405742e+04
   4.3039062e+02   4.9760082e+04
   4.2932520e+02   4.9598301e+04
   4.2825879e+02   4.9326359e+04
   4.2719238e+02   4.9356965e+04
   4.2612598e+02   4.9612586e+04
   4.2505957e+02   4.9242355e+04
   4.2399219e+02   4.9261234e+04
   4.2292480e+02   4.9230906e+04
   4.2185742e+02   4.9526168e+04
   4.2079004e+02   4.9704227e+04
   4.1972266e+02   5.0242797e+04
   4.1865430e+02   5.0406598e+04
   4.1758691e+02   5.0661621e+04
   4.1651855e+02   5.1152898e+04
   4.1544922e+02   5.1758633e+04
   4.1438086e+02   5.1274047e+04
   4.1331250e+02   5.1526363e+04
   4.1224316e+02   5.1570469e+04
   4.1117383e+02   5.1801594e+04
   4.1010449e+02   5.2119113e+04
   4.0903418e+02   5.2665539e+04
   4.0796484e+02   5.2793508e+04
   4.0689453e+02   5.3862902e+04
   4.0582422e+02   5.4093363e+04
   4.0475391e+02   5.5019656e+04
   4.0368262e+02   5.6078684e+04
   4.0261133e+02   5.6616734e+04
   4.0154102e+02   5.6844160e+04
