299.80441	25108.572
301.44656	24359.148
303.08731	23756.811
304.72858	23127.807
306.36847	22637.221
308.00885	22085.383
309.64789	21657.967
311.28741	21186.416
312.92557	20836.076
314.56424	20552.273
316.20154	20433.395
317.83936	20199.111
319.47577	20011.07
321.11273	19874.529
322.74829	19695.209
324.38342	19505.705
326.01907	19143.729
327.65335	18893.002
329.28815	18579.752
330.92157	18169.955
332.55453	17731.264
334.18805	17233.25
335.82016	16708.389
337.45187	16171.243
339.08408	15630.66
340.7149	15067.52
342.34534	14608.786
343.97626	14133.188
345.6058	13718.989
347.23492	13298.799
348.86456	13018.673
350.49283	12673.205
352.12067	12455.521
353.74808	12165.576
355.37601	12037.512
357.00256	11887.819
358.62869	11774
360.25439	11636.394
361.87967	11488.511
363.50546	11378.783
365.12988	11298.786
366.75388	11194.486
368.37744	11123.009
370.00058	10977.208
371.62332	10924.598
373.24561	10849.192
374.86746	10758.301
376.48984	10710.389
378.11087	10634
379.73145	10603.587
381.35162	10546.151
382.97134	10509.054
384.59067	10371.484
386.20956	10396.887
387.82803	10344.386
389.44608	10294.289
391.06369	10256.306
392.68091	10212.286
394.29767	10176.936
395.91403	10116.715
397.52994	10062.665
399.14545	10002.603
400.76053	9963.7139
402.37427	9951.2832
403.98849	9939.4521
405.60229	9895.3057
407.2157	9872.626
408.82867	9828.3867
410.44122	9787.168
412.05334	9786.3623
413.66504	9755.4482
415.27539	9726.0889
416.88626	9753.4902
418.4967	9708.4824
420.10672	9691.8662
421.71631	9660.4492
423.32455	9670.0518
424.93332	9618.167
426.54166	9603.8945
428.14957	9601.7012
429.75616	9554.4219
431.36322	9560.0557
432.96988	9603.1582
434.57614	9540.6807
436.18103	9525.1338
437.78644	9547.6699
439.39142	9511.833
440.99506	9532.248
442.59918	9470.3555
444.20291	9395.5781
445.8053	9444.4414
447.4082	9384.4697
449.00974	9446.5557
450.61182	9409.5137
452.21344	9318.7617
453.81375	9325.0088
455.41455	9287.0439
457.01401	9302.4268
458.61398	9240.0889
460.21262	9216.4482
461.81174	9215.7451
463.40955	9185.9111
465.00784	9149.4863
466.60483	9162.9502
468.20227	9088.3818
469.79843	9112.5137
471.39505	9062.6279
472.99036	9046.9287
474.58618	9042.4053
476.18066	8987.8711
477.77563	8945.1611
479.36929	8970.2617
480.96252	8963.7422
482.55624	8954.21
484.14865	8928.1289
485.74066	8927.1641
487.33313	8891.1924
488.92432	8868.4932
490.51505	8850.1074
492.10632	8891.9756
493.69623	8880.9111
495.28574	8825.833
496.87576	8772.8877
498.46445	8838.2402
500.0527	8799.46
501.64059	8789.4424
503.22894	8763.0273
504.81598	8772.9639
506.40262	8726.5352
507.98883	8680.8154
509.57462	8655.9121
511.16092	8650.333
512.74591	8652.0205
514.33051	8668.1963
515.91467	8641.9482
517.49841	8665.833
519.08173	8666.7061
520.66559	8648.6211
522.24811	8613.707
523.8302	8555.8135
525.41193	8470.8213
526.99316	8490.4434
528.5741	8445.1436
530.15454	8467.7246
531.73462	8496.9648
533.31427	8487.9238
534.89349	8490.1211
536.47235	8503.6582
538.05078	8511.1445
539.62878	8551.6738
541.20636	8514.5
542.78357	8648.9463
544.36041	8654.96
545.93677	8711.0957
547.51276	8726.6104
549.08832	8760.75
550.66351	8777.9355
552.23822	8819.6777
553.81171	8922.7627
555.38562	8938.957
556.95917	9053.918
558.53229	9153.5137
560.10504	9175.5352
561.67737	9256.3555
563.24835	9247.2109
564.81989	9211.5137
566.39099	9200.1924
567.96167	9144.707
569.53198	8993.5098
571.10095	8856.6895
572.67041	8755.0996
574.2395	8647.7832
575.80817	8529.7266
577.37555	8444.4258
578.94342	8362.8418
580.51086	8262.3926
582.07703	8140.3223
583.64368	8118.7764
585.2099	8040.3994
586.77484	7979.9287
588.34027	8017.9707
589.90533	7987.6831
591.46906	7976.0322
593.03326	7927.561
594.59619	7925.9805
596.15967	7922.0322
597.72266	7898.6807
599.28436	7849.5996
600.84662	7863.0459
602.40753	7898.875
603.96893	7871.627
605.52905	7870.8091
607.08966	7874.3257
608.64899	7870.6401
610.2088	7932.8413
611.76733	8029.7803
613.32629	8156.1465
614.88403	8226.8135
616.44135	8420.2939
617.99915	8620.4834
619.55566	8899.1084
621.11267	9305.3896
622.6684	9753.0938
624.22369	10283.316
625.77948	10717.94
627.33398	11140.983
628.88812	11323.901
630.44275	11389.669
631.99603	11230.183
633.54895	10920.704
635.10242	10681.025
636.65448	10504.969
638.20624	10422.127
639.75842	10270.379
641.30939	10193.861
642.85992	10119.895
644.41003	10085.119
645.95978	10014.649
647.51001	9926.748
649.05896	9845.3447
650.60748	9720.168
652.15564	9517.3945
653.70337	9350.4248
655.25165	9133.6055
656.79858	8888.1494
658.34515	8600.5332
659.8913	8506.835
661.43707	8376.9707
662.98248	8250.1143
664.52747	8128.8071
666.07202	8096.9844
667.61621	8067.5215
669.16003	8003.9165
670.70343	7976.1406
672.2464	7985.7832
673.78906	8035.2402
675.33124	8030.9263
676.87305	8062.5605
678.41449	8107.8027
679.95551	8237.8613
681.49615	8359.1104
683.03644	8601.2715
684.57629	8783.3438
686.11572	8942.082
687.65479	8868.5361
689.19348	8747.3613
690.73175	8491.293
692.26874	8224.1465
693.80627	8092.6934
695.34338	7907.0254
696.88007	7809.5791
698.41638	7730.3828
699.95233	7698.0337
701.48694	7692.3569
703.02209	7688.4297
704.55688	7714.1895
706.09125	7735.29
707.62518	7748.9263
709.1579	7826.5444
710.6911	7904.5537
712.22388	8010.9844
713.75537	8099.9063
715.28741	8262.8945
716.81903	8421.4023
718.34937	8804.6572
719.88025	9266.9648
721.41071	10053.715
722.93988	11330.176
724.46954	13309.879
725.99884	16416.986
727.52686	20663.697
729.05536	25862.457
730.58264	31405.963
732.11035	35881.891
733.63684	38095.586
735.16376	37125.301
736.69031	33480.086
738.21564	28287.752
739.74139	22935.098
741.26593	18241.771
742.7901	14817.833
744.3147	12415.851
745.83807	10965.189
747.36194	10069.479
748.88452	9447.8057
750.40759	8888.2637
751.92938	8563.0352
753.45172	8281.7314
754.97278	8033.0234
756.49341	7898.2432
758.01459	7773.0181
759.53442	7645.835
761.05396	7596.6499
762.57391	7543.8516
764.09265	7455.5059
765.61102	7451.1821
767.12982	7418.9629
768.6474	7386.0166
770.16461	7373.2207
771.6814	7332.9048
773.19867	7315.4668
774.71472	7305.8901
776.23041	7294.9551
777.74567	7321.1616
779.26056	7362.6235
780.77588	7288.8115
782.29004	7396.6943
783.80377	7519.1016
785.31708	7586.4692
786.83008	7671.5088
788.34265	7697.2871
789.85486	7710.9243
791.36755	7682.8052
792.87897	7578.6006
794.39001	7434.7334
795.9007	7309.4609
797.41101	7249.2144
798.9209	7207.0771
800.43042	7187.0293
801.93958	7122.5923
803.4483	7171.3604
804.95673	7125.1011
806.46472	7171.249
807.97235	7164.1108
809.47955	7155.5981
810.98639	7149.9629
812.49292	7142.4795
813.99896	7140.6206
815.50385	7140.3042
817.00916	7124.2256
818.5141	7130.9531
820.01868	7143.5332
821.52289	7134.6362
823.02673	7135.3984
824.53015	7106.4395
826.03235	7133.2305
827.53503	7102.7681
829.03729	7063.3501
830.53925	7107.8379
832.04077	7096.335
833.54108	7095.3071
835.04187	7073.3052
836.54224	7028.646
838.04144	7033.1572
839.54108	7029.9839
841.04034	7069.8848
842.53925	7003.5786
844.03687	7060.2656
845.53503	7004.8501
847.03278	7048.1348
848.5293	7002.3027
850.02631	7044.9473
851.52209	7033.5894
853.01837	6984.3569
854.51422	7001.1577
856.00885	7004.6914
857.50397	7014.5356
858.99786	7036.4551
860.49225	6954.0273
861.98541	6970.8418
863.479	6947.6401
864.97137	6960.9956
866.46423	6905.4854
867.95587	6914.4971
869.448	6922.1353
870.9389	6954.5776
872.4303	6942.1592
873.92041	6922.0122
875.41101	6962.312
876.90045	6921.5679
878.38947	6969.4419
879.87891	7026.3647
881.36719	7042.7417
882.8551	7029.8418
884.34344	7024.7441
885.83063	7076.2554
887.31738	7054.4609
888.80463	7141.5698
890.29065	7117.4297
891.77631	7146.4668
893.26245	7141.9902
894.74738	7114.2559
896.23193	7132.2993
897.71606	7106.5557
899.19989	7070.4858
900.68414	7089.5356
902.16724	7069.6294
903.6499	7059.0146
905.1322	7024.0806
906.61414	7084.2534
908.09656	7064.168
909.57776	7057.6587
911.05853	7121.8794
912.539	7108.8887
914.0191	7194.0991
915.49878	7242.7983
916.97815	7360.8853
918.45709	7491.7778
919.93573	7607.6494
921.41394	7754.5791
922.89178	7856.7925
924.36932	7978.0815
925.84644	7943.7583
927.32318	8003.5713
928.79956	8001.7236
930.27557	7926.2041
931.75122	7830.2144
933.2265	7712.4302
934.70142	7632.2456
936.17596	7610.9663
937.65009	7519.5449
939.1239	7471.9116
940.5965	7388.5972
942.06958	7316.729
943.5423	7291.103
945.01459	7295.1641
946.48657	7290.2822
947.95819	7227.0527
949.42853	7312.7217
950.89941	7327.2021
952.36987	7332.2822
953.84003	7377.627
955.30896	7442.3398
956.77832	7489.2803
958.24738	7543.4619
959.716	7539.084
961.18347	7581.4243
962.65143	7570.123
964.11896	7516.3345
965.58533	7493.0356
967.05219	7453.5415
968.51862	7431.3691
969.98389	7392.251
971.44965	7366.9741
972.91418	7361.0137
974.37915	7352.0679
975.84296	7356.2559
977.30725	7401.1006
978.77118	7423.354
980.23389	7461.437
981.69708	7417.1807
983.15906	7423.395
984.62152	7350.5313
986.08276	7296.0239
987.54364	7297.4844
989.005	7230.3247
990.46515	7213.3628
991.92584	7181.835
993.38525	7190.54
994.84515	7185.0659
996.30389	7198.3613
997.76221	7216.9287
999.22107	7310.4072
1000.6786	7403.4824
1002.1359	7469.7422
1003.5937	7524.2891
1005.0502	7503.8091
1006.5064	7582.6665
1007.9631	7651.125
1009.4185	7648.6899
1010.8736	7668.6338
1012.3283	7724.729
1013.7836	7681.8916
1015.2375	7711.8193
1016.6912	7672.0215
1018.1445	7630.8179
1019.5974	7568.2554
1021.0508	7534.8291
1022.5031	7468.1128
1023.9549	7438.0591
1025.4064	7376.4287
1026.8575	7365.6997
1028.3082	7291.3604
1029.7587	7244.1484
1031.2087	7192.1841
1032.6584	7144.7324
1034.1078	7076.9819
1035.5568	7028.0259
1037.0062	7025.98
1038.4545	6973.7778
1039.9023	6924.2256
1041.3499	6868.6489
1042.7963	6874.3496
1044.243	6873.4702
1045.6896	6800.6152
1047.1356	6786.5098
1048.5814	6724.6279
1050.0267	6735.3472
1051.4718	6709.4609
1052.9165	6734.6328
1054.3608	6712.9585
1055.8048	6675.8584
1057.2476	6705.625
1058.6908	6667.1167
1060.1337	6656.54
1061.5763	6672.7119
1063.0184	6643.6035
1064.4595	6650.2627
1065.9009	6604.54
1067.342	6631.231
1068.7828	6579.2134
1070.2223	6593.646
1071.6624	6581.8184
1073.1021	6549.4497
1074.5414	6492.1963
1075.9796	6544.5381
1077.4182	6500.54
1078.8564	6485.0527
1080.2936	6493.1255
1081.7311	6450.5283
1083.1675	6435.7197
1084.6044	6452.3247
1086.0409	6404.6226
1087.4762	6408.1162
1088.912	6395.2813
1090.3466	6410.3135
1091.7816	6390.52
1093.2156	6431.8887
1094.6499	6381.8271
1096.0831	6404.7324
1097.5168	6442.729
1098.9493	6433.0142
1100.3823	6479.4712
1101.8141	6441.3848
1103.2463	6485.8794
1104.6774	6476.2065
1106.1082	6460.0146
1107.5393	6570.0513
1108.9694	6542.2207
1110.399	6612.4365
1111.8292	6560.9619
1113.2582	6586.8794
1114.6868	6634.749
1116.1158	6624.1465
1117.5438	6673.7495
1118.9714	6678.5625
1120.3994	6742.7393
1121.8263	6745.7378
1123.2528	6780.2144
1124.679	6794.7427
1126.1047	6834.9712
1127.5311	6834.2524
1128.9562	6841.8384
1130.381	6885.1147
1131.8054	6896.752
1133.2295	6948.3945
1134.6532	6973.084
1136.0774	7005.248
1137.5004	7077.2085
1138.923	7052.4409
1140.3453	7128.9141
1141.7673	7102.0605
1143.189	7104.5171
1144.6102	7114.3193
1146.0311	7012.4858
1147.4518	6956.2632
1148.8719	6838.2002
1150.2919	6715.5049
1151.7114	6678.8516
1153.1306	6574.4331
1154.5494	6547.5796
1155.9679	6482.9785
1157.386	6443.5581
1158.8038	6439.6636
1160.2213	6428.6069
1161.6376	6400.877
1163.0543	6407.4136
1164.4707	6369.8027
1165.8868	6409.2695
1167.3025	6378.3071
1168.7179	6357.9922
1170.1321	6367.2686
1171.5468	6378.6748
1172.9611	6389.3232
1174.3751	6398.5767
1175.788	6433.8301
1177.2012	6478.0757
1178.6141	6491.4497
1180.0267	6517.5986
1181.4382	6578.9194
1182.8501	6631.4897
1184.2617	6699.3389
1185.6721	6800.9175
1187.083	6856.1318
1188.4935	6978.7993
1189.903	7068.563
1191.3127	7184.5576
1192.7214	7235.9546
1194.1306	7353.8364
1195.5386	7476.7583
1196.947	7503.8672
1198.3544	7638.2598
1199.7622	7676.2192
1201.1688	7665.6426
1202.5759	7687.2891
1203.9818	7705.4126
1205.3883	7672.021
1206.7936	7594.3555
1208.1992	7528.1504
1209.6038	7450.6138
1211.0089	7387.6221
1212.4127	7317.6108
1213.8163	7268.6045
1215.2203	7211.5913
1216.6232	7194.0542
1218.0258	7110.9678
1219.4287	7155.3164
1220.8306	7121.3271
1222.2321	7161.4478
1223.634	7199.1338
1225.0348	7215.8135
1226.4353	7194.2861
1227.8354	7248.7461
1229.236	7249.8545
1230.6355	7224.1885
1232.0345	7160.6968
1233.4333	7136.7266
1234.8318	7059.7813
1236.2307	6985.585
1237.6284	6964.9092
1239.0259	6875.2373
1240.423	6841.5112
1241.8197	6810.5444
1243.2161	6841.0698
1244.6121	6820.0586
1246.0078	6836.8882
1247.4032	6849.0439
1248.7982	6917.0879
1250.193	6951.4331
1251.5873	7005.0425
1252.9813	7062.3926
1254.375	7187.0234
1255.7683	7298.0181
1257.1614	7446.8335
1258.5541	7603.0308
1259.9464	7794.2446
1261.3384	8019.502
1262.73	8302.9785
1264.1213	8585.9365
1265.5123	8883.0313
1266.903	9163.8857
1268.2925	9438.4355
1269.6825	9617.2275
1271.0721	9708.8984
1272.4614	9696.2178
1273.8503	9533.5166
1275.2382	9253.623
1276.6265	8968.4531
1278.0144	8590.2334
1279.4021	8285.1455
1280.7886	8013.103
1282.1754	7779.394
1283.5621	7611.1787
1284.9475	7487.9355
1286.3335	7383.165
1287.7191	7333.5933
1289.1035	7316.9229
1290.4885	7315.3916
1291.873	7325.8057
1293.2566	7339.1411
1294.6405	7403.0522
1296.0233	7462.9937
1297.4065	7523.5693
1298.7887	7595.1968
1300.1713	7703.5103
1301.5527	7833.0381
1302.9347	7976.4087
1304.3154	8145.6177
1305.6967	8338.3242
1307.0768	8498.875
1308.4574	8692.4795
1309.8369	8963.5146
1311.2168	9129.2646
1312.5956	9305.5527
1313.974	9598.4951
1315.3529	9803.749
1316.7307	10029.876
1318.1083	10289.673
1319.4861	10551.545
1320.8629	10780.013
1322.2394	11079.737
1323.6163	11508.813
1324.9922	11914.971
1326.3676	12413.698
1327.7428	12899.721
1329.1184	13417.771
1330.4928	13863.99
1331.8669	14214.065
1333.2408	14492.146
1334.6143	14605.818
1335.9874	14570.197
1337.3611	14466.905
1338.7335	14226.581
1340.1057	13820.303
1341.4775	13421.061
1342.849	12912.011
1344.2202	12329.754
1345.5911	11760.217
1346.9615	11180.715
1348.3318	10618.569
1349.7015	10046.987
1351.071	9623.3301
1352.4403	9182.1729
1353.8092	8893.1016
1355.1777	8693.7217
1356.5459	8612.9316
1357.9138	8581.4873
1359.2814	8598.332
1360.6486	8717.4785
1362.0154	8916.7559
1363.382	9185.0977
1364.7474	9466.2754
1366.1134	9896.6338
1367.4789	10281.182
1368.8441	10710.498
1370.2091	11092.102
1371.5737	11425.078
1372.9371	11662.953
1374.3011	11770.549
1375.6647	11773.68
1377.028	11574.3
1378.3901	11249.922
1379.7528	10833.611
1381.1151	10302.04
1382.4763	9700.8818
1383.838	9170.5225
1385.1993	8709.4844
1386.5594	8345.333
1387.9202	8079.8662
1389.2798	8002.3882
1390.6398	7919.5005
1391.9995	7969.3721
1393.358	8041.5874
1394.717	8149.1602
1396.0751	8226.4902
1397.4333	8220.3896
1398.7906	8204.9922
1400.1484	8053.5117
1401.505	7826.0464
1402.8622	7547.6567
1404.2181	7271.4287
1405.5746	6942.9092
1406.9299	6681.4829
1408.2849	6434.8096
1409.6404	6251.4268
1410.9948	6103.668
1412.3496	6026.4478
1413.7032	5938.4502
1415.0566	5879.752
1416.4105	5874.9458
1417.7633	5823.3916
1419.1157	5815.3452
1420.4678	5774.4199
1421.8203	5806.9731
1423.1719	5806.7866
1424.5229	5821.8623
1425.8738	5862.981
1427.2242	5896.6411
1428.5752	5898.7954
1429.925	5966.1055
1431.2745	6008.6831
1432.6238	6072.3315
1433.9727	6135.6099
1435.3212	6223.3921
1436.6694	6289.6318
1438.0181	6390.7495
1439.3657	6480.5347
1440.7129	6533.3423
1442.0599	6640.3115
1443.4065	6702.4336
1444.7528	6794.2456
1446.0988	6933.623
1447.4445	7108.271
1448.7898	7321.7954
1450.1348	7566.4082
1451.4795	7939.4995
1452.8239	8235.9561
1454.1671	8647.9463
1455.5109	8971.1064
1456.8544	9209.7666
1458.1974	9298.4199
1459.5402	9222.2129
1460.8827	9033.5967
1462.2249	8672.2227
1463.5658	8257.4111
1464.9073	7839.688
1466.2485	7427.5352
1467.5894	7059.4927
1468.9292	6760.1313
1470.2694	6540.8174
1471.6093	6362.4048
1472.9489	6229.0405
1474.2874	6130.8442
1475.6263	6023.2192
1476.965	5965.2983
1478.3025	5881.873
1479.6405	5846.0259
1480.9774	5784.4863
1482.3148	5724.3799
1483.6519	5695.6782
1484.9878	5644.7578
1486.3242	5641.729
1487.6595	5624.8838
1488.9952	5647.5283
1490.33	5619.7183
1491.665	5601.3491
1492.9991	5583.2153
1494.3336	5601.9829
1495.6671	5590.4683
1497.001	5516.3452
1498.3337	5508.6084
1499.667	5443.9565
1500.9991	5406.042
1502.3309	5359.02
1503.6632	5358.1133
1504.9945	5331.3345
1506.3253	5299.8701
1507.6567	5280.2319
1508.9869	5296.2344
1510.3169	5266.1226
1511.6473	5231.6611
1512.9767	5253.1543
1514.3057	5222.3037
1515.6343	5251.4292
1516.9635	5220.2383
1518.2915	5237.2988
1519.6193	5229.9287
1520.9467	5234.3022
1522.2738	5230.3584
1523.6006	5247.335
1524.9271	5252.7388
1526.254	5258.3818
1527.58	5265.0742
1528.9054	5283.1948
1530.2307	5272.8423
1531.5555	5289.6133
1532.8802	5302.3071
1534.2045	5323.8232
1535.5284	5361.4624
1536.8522	5421.7637
1538.1755	5442.272
1539.4985	5492.0078
1540.8213	5540.7676
1542.1437	5609.5264
1543.4658	5686.1172
1544.7876	5747.626
1546.1083	5830.7817
1547.4294	5893.3638
1548.7504	5926.6201
1550.0709	5935.1963
1551.3911	5923.5503
1552.7111	5905.3599
1554.0306	5830.7827
1555.3491	5742.0444
1556.6682	5647.5679
1557.9868	5545.3281
1559.3052	5448.1162
1560.6226	5347.5586
1561.9403	5302.6851
1563.2577	5203.6177
1564.5741	5187.752
1565.8909	5170.8169
1567.2074	5121.7476
1568.5228	5131.9888
1569.8386	5133.4185
1571.1543	5116.3428
1572.4688	5119.3296
1573.7837	5140.4141
1575.0975	5141.7412
1576.4119	5145.8311
1577.7252	5170.0298
1579.0389	5164.7949
1580.3516	5108.6284
1581.6647	5137.2466
1582.9767	5114.2935
1584.2892	5126.3984
1585.6006	5128.7524
1586.9125	5117.9717
1588.2233	5098.6743
1589.5337	5092.1343
1590.8446	5069.2969
1592.1545	5047.3799
1593.4641	5047.5488
1594.774	5008.8564
1596.083	4987.0068
1597.3917	4989.9805
1598.7008	4958.083
1600.0088	4972.5469
1601.3165	4952.0361
1602.6239	4942.4526
1603.9318	4962.8545
1605.2386	4929.5723
1606.545	4947.4355
1607.8513	4949.8345
1609.1571	4945.9473
1610.4635	4966.5347
1611.7688	5022.8037
1613.0737	4999.3213
1614.3784	5049.6855
1615.6827	5093.439
1616.9867	5127.7568
1618.2905	5181.4863
1619.5939	5246.8027
1620.8971	5292.8838
1622.1998	5325.5327
1623.5023	5377.9937
1624.8046	5441.3823
1626.1064	5465.3213
1627.4081	5455.2217
1628.7094	5489.9365
1630.0104	5516.7168
1631.311	5512.2441
1632.6115	5497.2422
1633.9115	5492.1377
1635.2106	5443.3921
1636.51	5401.4648
1637.8092	5370.0562
1639.108	5316.9531
1640.4066	5211.5835
1641.7048	5194.6719
1643.002	5138.6733
1644.2997	5048.1509
1645.597	4996.063
1646.894	4944.8843
1648.1901	4861.1846
1649.4865	4842.9546
1650.7826	4813.2935
1652.0776	4754.9199
1653.3732	4691.3511
1654.6683	4636.7144
1655.9625	4643.7314
1657.2572	4577.3564
1658.5508	4532.1743
1659.8447	4535.4155
1661.1377	4491.0361
1662.4312	4478.4004
1663.7235	4461.3735
1665.0162	4426.8149
1666.308	4394.0186
1667.6002	4379.6406
1668.8914	4381.228
1670.183	4340.1318
1671.4735	4315.1821
1672.7645	4289.4375
1674.0544	4298.7793
1675.3441	4275.959
1676.6342	4271.0107
1677.9232	4256.8818
1679.2119	4227.9731
1680.5012	4204.1523
1681.7893	4229.6079
1683.0771	4204.7114
1684.3655	4197.3418
1685.6527	4173.7002
1686.9396	4163.6611
1688.2263	4151.3916
1689.5133	4147.6021
1690.7994	4112.2412
1692.0851	4120.0308
1693.3706	4128.1577
1694.6558	4120.1855
1695.9406	4114.2578
1697.2258	4097.9272
1698.5101	4077.0479
1699.7941	4094.4851
1701.0778	4083.2996
1702.3611	4050.1777
1703.6442	4037.9236
1704.9269	4040.3174
1706.2094	4052.4011
1707.4915	4052.7937
1708.7733	4008.9275
1710.0549	3995.6558
1711.3362	4009.8242
1712.6172	4010.1902
1713.8978	3997.7107
1715.1775	3982.3997
1716.4575	3995.3904
1717.7373	3981.4551
1719.0168	3953.0732
1720.296	3972.405
1721.5748	3980.1177
1722.8535	3978.7563
1724.131	3970.5146
1725.4091	3939.0967
1726.6868	3941.9839
1727.9641	3926.0088
1729.2405	3942.2434
1730.5173	3927.8259
1731.7938	3918.3911
1733.0693	3933.9448
1734.3452	3923.8801
1735.6208	3895.947
1736.8955	3912.8748
1738.1705	3890.7234
1739.4453	3920.0662
1740.719	3892.0713
1741.9932	3876.4092
1743.2662	3885.2781
1744.5398	3883.3218
1745.8124	3899.9219
1747.0853	3841.4666
1748.3573	3865.3401
1749.6296	3865.9136
1750.901	3872.8372
1752.1727	3840.1035
1753.4435	3851.9727
1754.714	3865.1709
1755.9849	3836.7839
1757.2548	3849.3425
1758.5251	3849.0212
1759.7944	3815.1343
1761.0635	3818.322
1762.3329	3807.3767
1763.6013	3821.4265
1764.8694	3803.2585
1766.1372	3815.2197
1767.4055	3805.8733
1768.6727	3789.6658
1769.9397	3792.5723
1771.2063	3765.4226
1772.4734	3765.4958
1773.7395	3792.363
1775.0052	3779.158
1775.5819	3780.2048
1776.8502	3778.062
1778.119	3752.4089
1779.3867	3749.9006
1780.6548	3734.4521
1781.9219	3737.1475
1783.1895	3749.8538
1784.4561	3737.6436
1785.7223	3747.5066
1786.9889	3724.1316
1788.2545	3697.4084
1789.5206	3697.8047
1790.7858	3709.2356
1792.0505	3712.4231
1793.3157	3703.3818
1794.58	3694.5713
1795.8438	3687.3135
1797.1074	3685.4604
1798.3715	3683.678
1799.6345	3655.4448
1800.8972	3668.9214
1802.1597	3634.4827
1803.4225	3647.7659
1804.6843	3637.8638
1805.9459	3641.832
1807.2072	3648.6494
1808.4681	3613.1814
1809.7289	3628.2605
1810.9893	3619.8638
1812.2501	3588.8103
1813.5099	3604.7834
1814.7695	3616.2466
1816.0287	3633.8005
1817.2876	3606.7188
1818.5463	3601.4697
1819.8047	3592.4326
1821.0627	3587.8894
1822.3206	3605.1143
1823.578	3569.5061
1824.8352	3571.5691
1826.0922	3602.9128
1827.3488	3550.0325
1828.6051	3523.4604
1829.8612	3554.137
1831.1169	3542.366
1832.3717	3550.3828
1833.6268	3547.2549
1834.8818	3543.6106
1836.1364	3527.6558
1837.3907	3523.4939
1838.6448	3535.2261
1839.8984	3514.6809
1841.1512	3516.8193
1842.4044	3517.8955
1843.6572	3496.9348
1844.9098	3493.6304
1846.1614	3488.1941
1847.4135	3485.6489
1848.6652	3485.3811
1849.9166	3470.5869
1851.167	3450.3337
1852.4178	3456.0425
1853.6685	3456.4521
1854.918	3418.5417
1856.168	3433.4885
1857.417	3445.6128
1858.6664	3421.6748
1859.9155	3444.5994
1861.1637	3398.4084
1862.4122	3393.1814
1863.6598	3362.583
1864.9078	3362.1321
1866.1548	3362.0244
1867.4022	3351.6428
1868.6487	3361.9883
1869.8955	3346.7061
1871.1414	3359.2761
1872.3876	3334.4917
1873.6328	3312.6357
1874.8785	3333.2996
1876.1233	3322.3206
1877.3677	3308.1118
1878.6125	3302.6611
1879.8563	3271.3699
1881.1007	3314.6077
1882.3439	3293.4609
1883.5869	3275.9626
1884.8303	3269.3889
1886.0728	3284.1553
1887.3149	3278.4958
1888.5568	3273.2427
1889.7991	3255.1189
1891.0403	3265.1099
1892.2814	3269.9236
1893.5221	3270.188
1894.7632	3256.5667
1896.0033	3275.8254
1897.2432	3259.4604
1898.4828	3264.7739
1899.722	3243.9917
1900.9611	3255.5537
1902.1998	3259.345
1903.439	3249.5244
1904.6771	3236.7856
1905.915	3250.3755
1907.1526	3262.5476
1908.3899	3239.9231
1909.627	3190.1345
1910.8638	3234.5305
1912.1002	3191.0693
1913.3364	3237.2683
1914.5723	3238.1221
1915.8079	3205.8511
1917.0432	3220.7141
1918.2783	3242.3704
1919.5131	3222.1135
1920.7476	3209.5452
1921.9811	3226.1807
1923.215	3188.7471
1924.4486	3181.7551
1925.682	3222.5298
1926.9152	3196.0859
1928.1479	3192.7651
1929.3804	3179.1436
1930.6119	3194.825
1931.8439	3170.4219
1933.0756	3180.0269
1934.307	3169.3254
1935.5374	3176.9709
1936.7683	3152.8545
1937.9988	3156.1763
1939.2284	3156.8171
1940.4584	3123.2529
1941.6881	3107.8838
1942.9169	3121.6416
1944.146	3120.1467
1945.3749	3130.3699
1946.6028	3085.9314
1947.8311	3097.0642
1949.0591	3093.1516
1950.2861	3083.3005
1951.5137	3077.3513
1952.7401	3053.7888
1953.967	3072.6267
1955.193	3049.5613
1956.4193	3051.0022
1957.6448	3025.5461
1958.8705	3041.7412
1960.0953	3005.5562
1961.3206	2998.8528
1962.5449	3020.5959
1963.7689	2997.5134
1964.9933	3030.4185
1966.2167	3014.3794
1967.4406	2969.1553
1968.6635	2981.345
1969.886	2996.6279
1971.109	2946.4736
1972.3311	2952.9285
1973.5529	2941.4175
1974.775	2951.5696
1975.9962	2942.186
1977.2172	2943.4194
1978.4379	2942.7634
1979.6589	2938.926
1980.879	2903.2568
1982.0989	2925.0437
1983.3184	2892.8218
1984.5377	2901.7361
1985.7567	2918.4885
1986.9761	2885.0305
1988.1946	2872.5574
1989.4127	2892.6636
1990.6306	2867.4673
1991.8483	2875.9092
1993.0656	2871.2126
1994.2826	2880.0371
1995.4994	2853.2744
1996.7159	2831.5981
1997.9321	2847.3674
1999.1481	2862.7158
2000.3638	2871.9199
2001.5792	2855.3538
2002.7943	2833.1909
2004.0092	2812.9866
2005.2238	2783.6306
2006.4381	2802.6226
2007.6521	2814.2615
2008.8658	2831.8455
2010.0793	2834.8479
2011.2919	2829.2209
2012.5049	2815.8772
2013.7175	2796.9175
2014.9299	2763.4482
2016.142	2748.729
2017.3531	2787.6736
2018.5647	2778.23
2019.776	2769.1228
2020.9871	2787.4871
2022.197	2760.5403
2023.4075	2743.7061
2024.6177	2703.165
2025.8276	2700.1536
2027.0366	2714.6091
2028.246	2714.9128
2029.4551	2716.9458
2030.6632	2720.998
2031.8718	2675.2893
2033.0793	2677.4136
2034.2874	2630.1404
2035.4944	2610.2974
2036.7019	2598.6707
2037.9091	2592.3687
2039.1154	2624.3857
2040.322	2647.2715
2041.5277	2664.7544
2042.7338	2654.3052
2043.939	2668.7422
2045.1438	2666.6777
2046.3491	2627.7903
2047.5535	2600.9873
2048.7581	2578.5322
2049.9619	2581.1226
2051.1663	2566.4487
2052.3694	2571.0127
2053.5723	2570.4917
2054.7759	2583.0725
2055.9783	2575.0925
2057.1804	2590.6172
2058.3823	2611.261
2059.5845	2590.0188
2060.7859	2539.2917
2061.9871	2564.6528
2063.1877	2533.4004
2064.3889	2540.4028
2065.5894	2530.3799
2066.7893	2503.3413
2067.989	2500.6294
2069.1885	2501.655
2070.3884	2551.1189
2071.5872	2555.8582
2072.7859	2546.1616
2073.9844	2523.8801
2075.1824	2501.5234
2076.3801	2507.9639
2077.5779	2485.0581
2078.7751	2482.9014
2079.9722	2471.9692
2081.1689	2495.0032
2082.3655	2520.0393
2083.5615	2510.9282
2084.7576	2511.4736
2085.9534	2505.2192
2087.1487	2512.9351
2088.3438	2525.729
2089.5388	2520.1836
2090.7334	2477.4521
2091.9277	2526.0913
2093.1211	2490.3018
2094.3149	2492.499
2095.5085	2488.5684
2096.7017	2526.4011
2097.8948	2501.5681
2099.0867	2489.7344
2100.2793	2496.969
2101.4714	2495.696
2102.6633	2488.5535
2103.8545	2492.7422
2105.0459	2498.8582
2106.2371	2503.6931
2107.4277	2491.7778
2108.6177	2458.4932
2109.8081	2468.5115
2110.9976	2475.4133
2112.1873	2445.1299
2113.3767	2430.7468
2114.5654	2435.1318
2115.7544	2435.3411
2116.9424	2432.3975
2118.1309	2436.0032
2119.3191	2399.115
2120.5063	2394.6179
2121.6941	2416.9561
2122.8809	2413.8071
2124.0679	2388.585
2125.2542	2385.457
2126.4402	2388.521
2127.6265	2391.0371
2128.8118	2360.3381
2129.9976	2332.3625
2131.1826	2282.8013
2132.3672	2303.2979
2133.5522	2312.1189
2134.7363	2338.6667
2135.9202	2337.8936
2137.1042	2334.5864
2138.2876	2325.51
2139.4707	2313.2363
2140.6541	2307.3025
2141.8364	2303.4807
2143.0188	2279.0017
2144.2007	2261.6167
2145.3823	2225.0623
2146.5645	2204.6904
2147.7456	2229.4814
2148.9265	2231.7983
2150.1072	2241.9934
2151.2876	2260.0422
2152.4678	2243.4834
2153.6477	2239.4792
2154.8279	2225.4792
2156.0073	2258.0703
2157.1863	2228.7764
2158.3652	2224.5635
2159.5437	2210.1748
2160.7219	2198.5635
2161.8999	2177.365
2163.0776	2164.8984
2164.2551	2171.5403
2165.4324	2160.7468
2166.6094	2168.7368
2167.7854	2146.9502
2168.9619	2163.4541
2170.1382	2161.9565
2171.314	2150.3625
2172.4897	2174.0078
2173.665	2164.3103
2174.8401	2158.0754
2176.0144	2164.0308
2177.189	2164.5981
2178.3633	2156.186
2179.5374	2133.1782
2180.7107	2132.7817
2181.8843	2112.2974
2183.0574	2152.4163
2184.2305	2123.925
2185.4026	2142.1648
2186.5752	2144.0393
2187.7473	2139.9778
2188.9187	2123.1421
2190.0906	2086.8096
2191.262	2080.5122
2192.4326	2068.9207
2193.6035	2085.626
2194.7734	2097.4058
2195.9441	2102.8867
2197.1135	2095.7471
2198.2834	2106.3428
2199.4524	2104.3247
2200.6218	2082.1418
2201.7903	2094.2664
2202.9592	2077.1733
2204.1272	2059.6028
2205.2954	2053.6814
2206.4629	2028.8402
2207.6301	2043.8455
2208.7976	2048.5981
2209.9644	2035.197
2211.1313	2027.8802
2212.2976	2017.387
2213.4634	2019.0701
2214.6299	2011.2759
2215.7952	2019.5145
2216.9602	2014.8125
2218.125	2021.8533
2219.2903	2008.1866
2220.4546	2018.9425
2221.6189	2003.6256
2222.7827	1977.0017
2223.946	1996.1317
2225.1101	1981.7289
2226.2732	1984.1237
2227.436	1986.1812
2228.5986	1986.6359
2229.7607	1958.9512
2230.9229	1954.3151
2232.0845	1948.2681
2233.2461	1951.5668
2234.4072	1944.463
2235.5684	1939.5028
2236.729	1942.8456
2237.8896	1921.3759
2239.0498	1929.8568
2240.2097	1931.3646
2241.3694	1930.6233
2242.5288	1931.549
2243.688	1930.0186
2244.8469	1918.6685
2246.0056	1923.4089
2247.1641	1922.7964
2248.3223	1909.5122
2249.4802	1917.0293
2250.6372	1918.6312
2251.7947	1894.0078
2252.9517	1895.3958
2254.1086	1899.0702
2255.2646	1887.8967
2256.4211	1892.8402
2257.5771	1886.2728
2258.7329	1876.8401
2259.8879	1869.1812
2261.0435	1851.4089
2262.1985	1856.4352
2263.3525	1864.0492
2264.5073	1875.7739
2265.6616	1861.7251
2266.8149	1856.0365
2267.9688	1847.1812
2269.1218	1872.308
2270.2751	1828.288
2271.4282	1840.8455
2272.5803	1823.0972
2273.7329	1821.8527
2274.8845	1825.5115
2276.0366	1851.4523
2277.1877	1837.8042
2278.3386	1831.8071
2279.49	1821.9473
2280.6404	1813.4424
2281.791	1813.0206
2282.9409	1814.8479
2284.0906	1817.9644
2285.2407	1768.9512
2286.3899	1802.0524
2287.5386	1811.0188
2288.688	1797.0748
2289.8362	1797.7094
2290.9844	1807.7368
2292.1328	1813.1346
2293.2805	1796.0972
2294.4277	1786.8401
2295.575	1756.7758
2296.7224	1762.5952
2297.8691	1764.108
2299.0154	1768.4115
2300.1614	1747.1499
2301.3074	1762.7904
2302.4529	1747.3955
2303.5981	1761.5555
2304.7434	1734.0754
2305.8889	1736.6177
2307.0334	1750.0441
2308.1777	1737.959
2309.3218	1722.6744
2310.4656	1720.9276
2311.6091	1707.8202
2312.7524	1708.6013
2313.8955	1703.611
2315.0383	1721.8967
2316.1804	1708.0802
2317.3228	1708.5508
2318.4648	1684.1429
2319.6067	1712.0669
2320.748	1686.5555
2321.8894	1703.7856
2323.0305	1702.23
2324.1714	1669.1377
2325.3113	1680.3522
2326.4517	1670.3383
2327.5918	1649.108
2328.7314	1656.845
2329.8704	1653.9565
2331.0098	1655.2351
2332.1489	1657.1735
2333.2876	1652.729
2334.4255	1640.1733
2335.564	1653.498
2336.7019	1637.3956
2337.8391	1625.9636
2338.9768	1627.4445
2340.1135	1635.2845
2341.2505	1631.0294
2342.3867	1622.512
2343.5232	1623.5681
2344.6597	1620.7716
2345.7949	1601.5193
2346.9309	1612.067
2348.0659	1607.2161
2349.2012	1593.5493
2350.3357	1592.3956
2351.4697	1596.729
2352.6045	1575.8401
2353.738	1585.6178
2354.8721	1597.1377
2356.0054	1589.3599
2357.1384	1566.9613
2358.2717	1575.1787
2359.4041	1555.5199
2360.5364	1552.5927
2361.6689	1569.0701
2362.8008	1555.4178
2363.9321	1546.7874
2365.0635	1542.5028
2366.1951	1534.5415
2367.3257	1538.1786
2368.4563	1531.067
2369.5864	1540.6257
2370.7166	1529.4523
2371.8469	1535.0623
2372.9763	1527.0188
2374.1057	1523.1733
2375.2346	1519.8151
2376.3635	1501.8401
2377.4919	1515.4633
2378.6201	1508.4832
2379.7483	1500.1865
2380.876	1496.0078
2382.0037	1514.8654
2383.1309	1504.807
2384.2578	1495.5145
2385.3848	1496.2925
2386.5112	1483.1996
2387.6375	1483.7826
2388.7637	1463.1865
2389.8894	1464.2845
2391.0149	1467.0724
2392.1396	1477.8401
2393.2646	1467.7054
2394.3896	1470.959
2395.5142	1452.7202
2396.6384	1456.5555
2397.762	1456.6256
2398.8857	1455.8889
2400.0095	1437.2615
2401.1328	1449.4738
2402.2554	1447.0701
2403.3782	1427.5115
2404.5007	1424.8401
2405.6226	1433.7368
2406.7446	1411.0621
2407.8667	1405.0621
2408.9875	1418.0387
2410.1091	1401.7439
2411.2295	1406.6226
2412.3506	1417.5121
2413.4712	1401.2318
2414.5911	1389.729
2415.7112	1400.9512
2416.8306	1396.729
2417.9502	1386.8401
2419.0691	1388.222
2420.1877	1380.6744
2421.3066	1373.3956
2422.4248	1376.6256
2423.5432	1387.2976
2424.6609	1364.5028
2425.7783	1342.2898
2426.896	1344.6224
2428.0129	1356.4711
2429.1296	1350.7368
2430.2466	1366.8453
2431.3628	1339.8124
2432.4788	1353.0348
2433.595	1348.3956
