299.80441	44438.977
301.44656	43293.953
303.08731	42009.594
304.72858	40940.797
306.36847	39975.598
308.00885	38909.109
309.64789	38046.305
311.28741	37180.797
312.92557	36536.492
314.56424	35939.957
316.20154	35376.254
317.83936	34889.98
319.47577	34492.645
321.11273	34244.313
322.74829	33875.898
324.38342	33770.949
326.01907	33592.281
327.65335	33530.172
329.28815	33257.875
330.92157	33216.676
332.55453	33070.543
334.18805	32878.258
335.82016	32658.279
337.45187	32491.125
339.08408	32129.344
340.7149	31867.438
342.34534	31437.789
343.97626	30957.045
345.6058	30507.58
347.23492	30133.676
348.86456	29653.336
350.49283	29134.504
352.12067	28664.266
353.74808	28235.65
355.37601	27900.939
357.00256	27538.486
358.62869	27165.764
360.25439	26915.324
361.87967	26575.525
363.50546	26213.193
365.12988	25999.453
366.75388	25735.213
368.37744	25408.857
370.00058	25229.225
371.62332	25032.982
373.24561	24811.785
374.86746	24567.43
376.48984	24547.539
378.11087	24199.771
379.73145	24092.322
381.35162	23831.801
382.97134	23750.725
384.59067	23540.43
386.20956	23467.939
387.82803	23300.398
389.44608	23158.006
391.06369	22957.104
392.68091	22908.467
394.29767	22701.34
395.91403	22610.01
397.52994	22459.762
399.14545	22414.32
400.76053	22274.652
402.37427	22203.471
403.98849	22172.555
405.60229	22018.551
407.2157	22084.438
408.82867	21970.613
410.44122	21987.318
412.05334	21906.104
413.66504	21898.547
415.27539	21884.104
416.88626	21771.24
418.4967	21740.986
420.10672	21581.453
421.71631	21573.912
423.32455	21393.65
424.93332	21208.225
426.54166	21136.211
428.14957	21007.326
429.75616	20788.422
431.36322	20607.867
432.96988	20489.238
434.57614	20389.73
436.18103	20140.238
437.78644	19988.627
439.39142	19833.152
440.99506	19643.348
442.59918	19517.496
444.20291	19448.156
445.8053	19327.008
447.4082	19087.66
449.00974	18970.59
450.61182	18825.488
452.21344	18728.129
453.81375	18537.314
455.41455	18487.746
457.01401	18402.701
458.61398	18241.883
460.21262	18177.986
461.81174	18029.445
463.40955	17927.367
465.00784	17817.326
466.60483	17744.023
468.20227	17685.762
469.79843	17632.555
471.39505	17507.355
472.99036	17414.424
474.58618	17276.553
476.18066	17239.482
477.77563	17191.146
479.36929	17159.43
480.96252	17041.539
482.55624	17040.088
484.14865	16994.209
485.74066	16819.342
487.33313	16844.328
488.92432	16790.58
490.51505	16771.105
492.10632	16772.113
493.69623	16734.518
495.28574	16700.381
496.87576	16650.385
498.46445	16642.844
500.0527	16586.82
501.64059	16537.201
503.22894	16549.33
504.81598	16512.09
506.40262	16546.328
507.98883	16525.035
509.57462	16517.066
511.16092	16480.689
512.74591	16438.693
514.33051	16517.615
515.91467	16477.883
517.49841	16501.576
519.08173	16518.184
520.66559	16526.32
522.24811	16453.127
523.8302	16386.639
525.41193	16340.028
526.99316	16312.572
528.5741	16249.18
530.15454	16249.696
531.73462	16260.363
533.31427	16269.386
534.89349	16179.036
536.47235	16265.161
538.05078	16221.683
539.62878	16292.021
541.20636	16252.663
542.78357	16352.476
544.36041	16426.799
545.93677	16691.826
547.51276	16977.914
549.08832	17406.465
550.66351	18055.717
552.23822	18831.709
553.81171	19759.018
555.38562	20640.572
556.95917	21349.727
558.53229	21817.027
560.10504	21907.383
561.67737	21740.244
563.24835	21422.83
564.81989	20982.162
566.39099	20499.941
567.96167	19963.939
569.53198	19514.891
571.10095	19036.93
572.67041	18532.059
574.2395	18065.955
575.80817	17720.672
577.37555	17405.098
578.94342	17245.438
580.51086	17099.572
582.07703	17050.17
583.64368	17137.598
585.2099	17388.195
586.77484	17568.154
588.34027	17881.914
589.90533	18156.803
591.46906	18285.328
593.03326	18426.742
594.59619	18552.477
596.15967	18604.104
597.72266	18709.682
599.28436	18765.057
600.84662	18884.383
602.40753	19017.549
603.96893	19112.475
605.52905	19183.162
607.08966	19239.041
608.64899	19321.904
610.2088	19283.678
611.76733	19425.443
613.32629	19389.041
614.88403	19402.693
616.44135	19374.953
617.99915	19251.018
619.55566	19071.922
621.11267	18853.857
622.6684	18686.129
624.22369	18428.572
625.77948	18133.773
627.33398	18102.615
628.88812	17913.74
630.44275	17898.574
631.99603	17851.096
633.54895	18032.717
635.10242	18280.697
636.65448	18662.133
638.20624	19078.502
639.75842	19444.1
641.30939	19721.531
642.85992	19794.459
644.41003	19719.201
645.95978	19401.83
647.51001	19040.406
649.05896	18651.82
650.60748	18305.695
652.15564	18072.346
653.70337	17855.963
655.25165	17690.088
656.79858	17684.586
658.34515	17642.377
659.8913	17766.246
661.43707	17843.686
662.98248	18159.273
664.52747	18416.508
666.07202	18780.008
667.61621	19175.742
669.16003	19619.826
670.70343	19967.668
672.2464	20313.383
673.78906	20532.33
675.33124	20790.029
676.87305	21001.586
678.41449	21224.148
679.95551	21631.512
681.49615	22040.271
683.03644	22749.258
684.57629	23673.162
686.11572	24573.652
687.65479	25351.09
689.19348	25596.395
690.73175	25488.377
692.26874	24830.258
693.80627	23708.836
695.34338	22389.504
696.88007	21026.439
698.41638	19881.314
699.95233	18934.477
701.48694	18521.021
703.02209	18232.016
704.55688	18095.914
706.09125	18034.414
707.62518	17966.732
709.1579	18082.82
710.6911	18114.373
712.22388	18002.322
713.75537	18153.973
715.28741	18273.043
716.81903	18361.947
718.34937	18583.924
719.88025	18853.867
721.41071	19120.637
722.93988	19613.172
724.46954	20298.408
725.99884	21269.957
727.52686	22525.375
729.05536	24102.83
730.58264	25924.904
732.11035	27953.711
733.63684	30198.031
735.16376	33043.969
736.69031	36519.238
738.21564	40470.652
739.74139	44959.164
741.26593	49252.758
742.7901	52883.574
744.3147	54763.133
745.83807	54173.414
747.36194	51333.012
748.88452	46596.113
750.40759	40978.797
751.92938	35540.668
753.45172	30772.6
754.97278	27218.111
756.49341	24392.445
758.01459	22400.598
759.53442	20953.469
761.05396	19923.135
762.57391	19162.305
764.09265	18589.977
765.61102	18148.576
767.12982	17813.447
768.6474	17600.586
770.16461	17399.227
771.6814	17291.303
773.19867	17186.883
774.71472	17239.289
776.23041	17285.146
777.74567	17512.141
779.26056	17647.779
780.77588	17780.414
782.29004	17974.445
783.80377	17963.992
785.31708	17883.574
786.83008	17700.389
788.34265	17269.637
789.85486	16973.057
791.36755	16664.246
792.87897	16449.238
794.39001	16318.129
795.9007	16157.946
797.41101	16113.957
798.9209	16089.821
800.43042	16032.115
801.93958	16036.038
803.4483	16052.903
804.95673	16020.319
806.46472	16125.393
807.97235	16089.241
809.47955	16069.146
810.98639	16075.807
812.49292	16019.465
813.99896	15999.703
815.50385	16018.75
817.00916	16076.851
818.5141	16083.764
820.01868	16047.782
821.52289	16064.663
823.02673	16017.55
824.53015	15989.671
826.03235	16038.551
827.53503	15988.656
829.03729	15972.349
830.53925	15979.837
832.04077	15988.913
833.54108	15980.163
835.04187	15999.739
836.54224	15987.289
838.04144	15880
839.54108	15926.875
841.04034	15910.694
842.53925	15881.786
844.03687	15940.661
845.53503	15951.564
847.03278	15934.684
848.5293	15907.83
850.02631	15983.138
851.52209	15925.926
853.01837	15931.853
854.51422	15986.947
856.00885	16094.393
857.50397	16061.104
858.99786	16097.297
860.49225	16146.09
861.98541	16217.052
863.479	16194.374
864.97137	16300.178
866.46423	16293.344
867.95587	16351.637
869.448	16339.693
870.9389	16358.276
872.4303	16418.373
873.92041	16351.59
875.41101	16439.305
876.90045	16473.295
878.38947	16436.461
879.87891	16562.121
881.36719	16448.299
882.8551	16534.82
884.34344	16534.836
885.83063	16635.941
887.31738	16663.35
888.80463	16714.551
890.29065	16738.342
891.77631	16820.811
893.26245	16891.918
894.74738	16896.541
896.23193	16940.027
897.71606	17026.492
899.19989	17194.191
900.68414	17265.891
902.16724	17266.613
903.6499	17478.469
905.1322	17461.113
906.61414	17599.592
908.09656	17731.111
909.57776	17834.33
911.05853	17938.311
912.539	18027.865
914.0191	18140.758
915.49878	18277.764
916.97815	18503.305
918.45709	18637.1
919.93573	18767.695
921.41394	19001.119
922.89178	19063.238
924.36932	19178.695
925.84644	19223.561
927.32318	19263.35
928.79956	19132.109
930.27557	18954.432
931.75122	18750.666
933.2265	18496.375
934.70142	18402.559
936.17596	18159.875
937.65009	17963.914
939.1239	17758.912
940.5965	17670.449
942.06958	17416.992
943.5423	17329.676
945.01459	17230.676
946.48657	17092.064
947.95819	16968.49
949.42853	16894.494
950.89941	16740.197
952.36987	16714.486
953.84003	16616.354
955.30896	16537.658
956.77832	16499.408
958.24738	16493.162
959.716	16396.652
961.18347	16343.942
962.65143	16356.467
964.11896	16356.825
965.58533	16356.797
967.05219	16379.726
968.51862	16384.336
969.98389	16527.398
971.44965	16575.051
972.91418	16657.684
974.37915	16811.914
975.84296	16973.254
977.30725	17192.926
978.77118	17314.061
980.23389	17449.773
981.69708	17481.141
983.15906	17531.787
984.62152	17499.313
986.08276	17380.066
987.54364	17269.117
989.005	17087.07
990.46515	16881.574
991.92584	16650.797
993.38525	16428.822
994.84515	16252.229
996.30389	16111.377
997.76221	15996.846
999.22107	15822.406
1000.6786	15803.009
1002.1359	15719.819
1003.5937	15692.652
1005.0502	15620.143
1006.5064	15546.21
1007.9631	15579.036
1009.4185	15549.607
1010.8736	15443.196
1012.3283	15548.092
1013.7836	15515.906
1015.2375	15532.426
1016.6912	15566.502
1018.1445	15507.703
1019.5974	15567.354
1021.0508	15619.163
1022.5031	15589.312
1023.9549	15583.9
1025.4064	15596.934
1026.8575	15643.965
1028.3082	15655.535
1029.7587	15709.156
1031.2087	15701.147
1032.6584	15750.252
1034.1078	15704.298
1035.5568	15706.613
1037.0062	15763.469
1038.4545	15846.536
1039.9023	15843.67
1041.3499	15840.779
1042.7963	15830.918
1044.243	15897.599
1045.6896	15948
1047.1356	15862.712
1048.5814	16007.684
1050.0267	16020.536
1051.4718	15990.939
1052.9165	16097.58
1054.3608	16135.795
1055.8048	16259.542
1057.2476	16356.656
1058.6908	16497.906
1060.1337	16729.355
1061.5763	17002.379
1063.0184	17278.68
1064.4595	17627.408
1065.9009	18009.164
1067.342	18341.086
1068.7828	18815.342
1070.2223	19290.477
1071.6624	19647.926
1073.1021	19838.133
1074.5414	20028.248
1075.9796	20092.568
1077.4182	20086.244
1078.8564	19837.709
1080.2936	19558.789
1081.7311	19174.652
1083.1675	18734.293
1084.6044	18202.111
1086.0409	17744.43
1087.4762	17366.273
1088.912	16939.242
1090.3466	16622.602
1091.7816	16337.774
1093.2156	16102.837
1094.6499	15886.899
1096.0831	15787.752
1097.5168	15718.476
1098.9493	15594.212
1100.3823	15591.799
1101.8141	15507.014
1103.2463	15568.806
1104.6774	15514.476
1106.1082	15573.752
1107.5393	15519.368
1108.9694	15590.299
1110.399	15580.933
1111.8292	15670.41
1113.2582	15658.401
1114.6868	15697.058
1116.1158	15767.705
1117.5438	15809.599
1118.9714	15712.027
1120.3994	15809.803
1121.8263	15756.957
1123.2528	15827.205
1124.679	15754.743
1126.1047	15810.824
1127.5311	15815.011
1128.9562	15812.846
1130.381	15826.986
1131.8054	15832.208
1133.2295	15838.788
1134.6532	15927.901
1136.0774	15930.307
1137.5004	16031.839
1138.923	16060.552
1140.3453	16191.078
1141.7673	16321.808
1143.189	16483.168
1144.6102	16605.932
1146.0311	16801.199
1147.4518	16964.139
1148.8719	17167.768
1150.2919	17282.984
1151.7114	17375.6
1153.1306	17471.738
1154.5494	17428.205
1155.9679	17418.748
1157.386	17241.648
1158.8038	17117.453
1160.2213	16860.162
1161.6376	16673.037
1163.0543	16431.916
1164.4707	16308.637
1165.8868	16065.384
1167.3025	15966.172
1168.7179	15843.992
1170.1321	15695.935
1171.5468	15718.642
1172.9611	15708.889
1174.3751	15618.442
1175.788	15678.828
1177.2012	15691.955
1178.6141	15769.41
1180.0267	15784.847
1181.4382	15886.315
1182.8501	15977.613
1184.2617	16115.327
1185.6721	16329.066
1187.083	16489.914
1188.4935	16717.383
1189.903	16922.461
1191.3127	17098.631
1192.7214	17366.174
1194.1306	17579.014
1195.5386	17782.611
1196.947	17996.34
1198.3544	18253.094
1199.7622	18350.629
1201.1688	18542.564
1202.5759	18592.008
1203.9818	18651.91
1205.3883	18714.266
1206.7936	18670.975
1208.1992	18601.732
1209.6038	18514.561
1211.0089	18310.174
1212.4127	18087.99
1213.8163	17937.17
1215.2203	17647.441
1216.6232	17360.02
1218.0258	17095.367
1219.4287	16833.947
1220.8306	16605.957
1222.2321	16460.406
1223.634	16337.291
1225.0348	16234.412
1226.4353	16150.009
1227.8354	16065.229
1229.236	16082.874
1230.6355	16072.357
1232.0345	16044.366
1233.4333	16041.435
1234.8318	16063.507
1236.2307	16083.913
1237.6284	16172.261
1239.0259	16184.16
1240.423	16274.951
1241.8197	16379.413
1243.2161	16453.492
1244.6121	16580.051
1246.0078	16693.568
1247.4032	16819.318
1248.7982	16933.014
1250.193	17113.576
1251.5873	17306.57
1252.9813	17448.053
1254.375	17669.555
1255.7683	17890.332
1257.1614	17949.965
1258.5541	18283.041
1259.9464	18429.299
1261.3384	18563.314
1262.73	18693.338
1264.1213	18847.094
1265.5123	18885.895
1266.903	18870.645
1268.2925	18943.924
1269.6825	18907.119
1271.0721	18907.941
1272.4614	18934.295
1273.8503	18924.725
1275.2382	18943.264
1276.6265	18996.514
1278.0144	19061.424
1279.4021	19105.834
1280.7886	19260.355
1282.1754	19286.729
1283.5621	19359.875
1284.9475	19461.08
1286.3335	19493.584
1287.7191	19518.48
1289.1035	19636.236
1290.4885	19657.316
1291.873	19678.885
1293.2566	19761.607
1294.6405	19706.879
1296.0233	19722.857
1297.4065	19759.748
1298.7887	19920.711
1300.1713	20020.684
1301.5527	20281.027
1302.9347	20677.496
1304.3154	21021.58
1305.6967	21597.918
1307.0768	22197.059
1308.4574	22773.223
1309.8369	23503.813
1311.2168	24194.014
1312.5956	24860.934
1313.974	25412.654
1315.3529	25913.348
1316.7307	26303.475
1318.1083	26414.188
1319.4861	26589.756
1320.8629	26573.758
1322.2394	26548.91
1323.6163	26656.512
1324.9922	26745.639
1326.3676	26967.029
1327.7428	27286.883
1329.1184	27455.563
1330.4928	27741.15
1331.8669	27898.117
1333.2408	27999.59
1334.6143	27975.732
1335.9874	27845.561
1337.3611	27648.9
1338.7335	27411.889
1340.1057	27036.096
1341.4775	26701.516
1342.849	26299.922
1344.2202	25828.357
1345.5911	25352.684
1346.9615	24855.73
1348.3318	24287.613
1349.7015	23829.758
1351.071	23323.15
1352.4403	22833.051
1353.8092	22512.701
1355.1777	22217.469
1356.5459	21931.492
1357.9138	21713.959
1359.2814	21515.264
1360.6486	21350.859
1362.0154	21145.707
1363.382	20995.113
1364.7474	20833.977
1366.1134	20613.564
1367.4789	20378.795
1368.8441	20160.604
1370.2091	19918.32
1371.5737	19710.141
1372.9371	19500.059
1374.3011	19310.623
1375.6647	19126.152
1377.028	18968.602
1378.3901	18823.32
1379.7528	18730.617
1381.1151	18620.406
1382.4763	18425.758
1383.838	18368.318
1385.1993	18274.619
1386.5594	18255.725
1387.9202	18244.551
1389.2798	18246.611
1390.6398	18252.676
1391.9995	18236.736
1393.358	18207.84
1394.717	18144.107
1396.0751	18040.762
1397.4333	17930.283
1398.7906	17787.008
1400.1484	17570.107
1401.505	17307.996
1402.8622	17093.486
1404.2181	16779.441
1405.5746	16529.246
1406.9299	16367.534
1408.2849	16168.591
1409.6404	16023.57
1410.9948	15829.968
1412.3496	15731.111
1413.7032	15692.997
1415.0566	15683.874
1416.4105	15661.62
1417.7633	15679.575
1419.1157	15793.679
1420.4678	15848.417
1421.8203	15978.339
1423.1719	16064.086
1424.5229	16258.965
1425.8738	16333.661
1427.2242	16490.875
1428.5752	16609.836
1429.925	16758.229
1431.2745	16889.506
1432.6238	16987.855
1433.9727	17140.223
1435.3212	17305.357
1436.6694	17523.93
1438.0181	17767.002
1439.3657	18157.818
1440.7129	18552.016
1442.0599	19179.008
1443.4065	19832.041
1444.7528	20659.07
1446.0988	21486.844
1447.4445	22357.199
1448.7898	23229.016
1450.1348	24014.324
1451.4795	24568.818
1452.8239	24995.713
1454.1671	24951.414
1455.5109	24723.51
1456.8544	24220.715
1458.1974	23456.355
1459.5402	22614.604
1460.8827	21785.945
1462.2249	20910.941
1463.5658	20155.156
1464.9073	19491.189
1466.2485	18897.152
1467.5894	18393.689
1468.9292	17993.893
1470.2694	17519.373
1471.6093	17119.061
1472.9489	16761.303
1474.2874	16418.41
1475.6263	16131.7
1476.965	15945.227
1478.3025	15761.759
1479.6405	15572.559
1480.9774	15578.621
1482.3148	15413.685
1483.6519	15361.513
1484.9878	15286.885
1486.3242	15222.98
1487.6595	15154.137
1488.9952	15109.926
1490.33	14999.846
1491.665	14982.676
1492.9991	14955.906
1494.3336	14927.144
1495.6671	14900.948
1497.001	14859.29
1498.3337	14781.101
1499.667	14767.573
1500.9991	14729.136
1502.3309	14732.599
1503.6632	14697.217
1504.9945	14653.149
1506.3253	14594.861
1507.6567	14594.776
1508.9869	14582.294
1510.3169	14528.857
1511.6473	14454.442
1512.9767	14428.297
1514.3057	14395.706
1515.6343	14434.469
1516.9635	14454.22
1518.2915	14568.028
1519.6193	14706.392
1520.9467	14885.813
1522.2738	15133.702
1523.6006	15404.706
1524.9271	15835.293
1526.254	16300.235
1527.58	16855.572
1528.9054	17433.664
1530.2307	18026.096
1531.5555	18578.814
1532.8802	19172.932
1534.2045	19542.58
1535.5284	19811.449
1536.8522	19960.832
1538.1755	19936.381
1539.4985	19762.115
1540.8213	19380.926
1542.1437	18897.313
1543.4658	18335.586
1544.7876	17746.041
1546.1083	17115.893
1547.4294	16506.928
1548.7504	15982.93
1550.0709	15497.517
1551.3911	15060.536
1552.7111	14695.052
1554.0306	14370.123
1555.3491	14101.61
1556.6682	13910.456
1557.9868	13691.678
1559.3052	13580.09
1560.6226	13488.378
1561.9403	13400.917
1563.2577	13334.826
1564.5741	13282.22
1565.8909	13235.866
1567.2074	13266.771
1568.5228	13263.828
1569.8386	13247.142
1571.1543	13269.148
1572.4688	13297.671
1573.7837	13332.816
1575.0975	13329.99
1576.4119	13379.825
1577.7252	13361.9
1579.0389	13394.851
1580.3516	13410.495
1581.6647	13380.02
1582.9767	13429.001
1584.2892	13406.411
1585.6006	13384.747
1586.9125	13414.084
1588.2233	13395.287
1589.5337	13317.571
1590.8446	13270.51
1592.1545	13204.218
1593.4641	13142.376
1594.774	13093.92
1596.083	13080.011
1597.3917	12889.287
1598.7008	12846.018
1600.0088	12728.136
1601.3165	12651.983
1602.6239	12513.9
1603.9318	12403.538
1605.2386	12288.928
1606.545	12143.85
1607.8513	12084.608
1609.1571	11991.105
1610.4635	11826.741
1611.7688	11700.387
1613.0737	11641.426
1614.3784	11570.008
1615.6827	11476.407
1616.9867	11407.973
1618.2905	11373.305
1619.5939	11290.204
1620.8971	11313.103
1622.1998	11269.415
1623.5023	11214.342
1624.8046	11206.106
1626.1064	11172.806
1627.4081	11116.638
1628.7094	11064.575
1630.0104	11098.2
1631.311	11053.967
1632.6115	11037.113
1633.9115	11046.066
1635.2106	10973.459
1636.51	10968.089
1637.8092	10939.424
1639.108	10911.851
1640.4066	10900.356
1641.7048	10831.107
1643.002	10832.755
1644.2997	10824.881
1645.597	10816.986
1646.894	10747.1
1648.1901	10746.301
1649.4865	10710.138
1650.7826	10738.458
1652.0776	10716.155
1653.3732	10700.309
1654.6683	10633.478
1655.9625	10623.046
1657.2572	10595.258
1658.5508	10577.761
1659.8447	10563.753
1661.1377	10551.602
1662.4312	10540.163
1663.7235	10507.337
1665.0162	10466.766
1666.308	10437.156
1667.6002	10418.695
1668.8914	10381.896
1670.183	10385.805
1671.4735	10370.521
1672.7645	10334.205
1674.0544	10295.43
1675.3441	10297.841
1676.6342	10235.983
1677.9232	10303.626
1679.2119	10203.814
1680.5012	10214.631
1681.7893	10214.667
1683.0771	10146.794
1684.3655	10134.651
1685.6527	10109.419
1686.9396	10098.607
1688.2263	10086.259
1689.5133	10062.343
1690.7994	10071.147
1692.0851	10061.309
1693.3706	10016.015
1694.6558	10009.066
1695.9406	9983.7227
1697.2258	9926.6807
1698.5101	9966.0166
1699.7941	9915.0605
1701.0778	9933.7588
1702.3611	9854.5566
1703.6442	9872.0566
1704.9269	9873.1191
1706.2094	9836.9883
1707.4915	9798.2148
1708.7733	9787.9385
1710.0549	9773.5283
1711.3362	9783.9971
1712.6172	9779.875
1713.8978	9766.6426
1715.1775	9737.2705
1716.4575	9724.8252
1717.7373	9729.8164
1719.0168	9749.2451
1720.296	9713.7559
1721.5748	9729.0693
1722.8535	9709.9316
1724.131	9699.5742
1725.4091	9708.2197
1726.6868	9688.1455
1727.9641	9669.001
1729.2405	9688.126
1730.5173	9702.623
1731.7938	9637.29
1733.0693	9631.3486
1734.3452	9637.6572
1735.6208	9637.9121
1736.8955	9653.0449
1738.1705	9593.9336
1739.4453	9630.9736
1740.719	9587.5781
1741.9932	9617.8867
1743.2662	9555.3799
1744.5398	9582.0869
1745.8124	9582.9258
1747.0853	9562.9141
1748.3573	9519.1475
1749.6296	9508.7842
1750.901	9529.1123
1752.1727	9462.4463
1753.4435	9471.9053
1754.714	9520.2051
1755.9849	9434.5723
1757.2548	9436.1318
1758.5251	9441.3135
1759.7944	9446.6729
1761.0635	9390.502
1762.3329	9420.9971
1763.6013	9382.4033
1764.8694	9359.5342
1766.1372	9331.416
1767.4055	9329.3076
1768.6727	9354.5576
1769.9397	9303.2061
1771.2063	9286.6436
1772.4734	9244.1631
1773.7395	9258.5898
1775.0052	9275.2979
1775.5819	9276.2646
1776.8502	9201.9053
1778.119	9206.5498
1779.3867	9187.6328
1780.6548	9178.8867
1781.9219	9168.4063
1783.1895	9135.166
1784.4561	9127.2461
1785.7223	9151.9678
1786.9889	9069.4424
1788.2545	9092.752
1789.5206	9056.3125
1790.7858	9056.1592
1792.0505	9019.4063
1793.3157	9025.4053
1794.58	8997.7354
1795.8438	9012.1777
1797.1074	8967.5957
1798.3715	8972.5625
1799.6345	8991.0049
1800.8972	9017.1504
1802.1597	8941.5137
1803.4225	8945.2559
1804.6843	8887.3643
1805.9459	8917.9189
1807.2072	8876.5869
1808.4681	8896.707
1809.7289	8898.3828
1810.9893	8910.4932
1812.2501	8829.6807
1813.5099	8872.7217
1814.7695	8788.5947
1816.0287	8849.9268
1817.2876	8765.0635
1818.5463	8786.6611
1819.8047	8774.1494
1821.0627	8766.4023
1822.3206	8811.2695
1823.578	8749.7188
1824.8352	8733.6006
1826.0922	8731.0742
1827.3488	8722.9795
1828.6051	8709.7266
1829.8612	8728.1416
1831.1169	8710.1787
1832.3717	8684.4102
1833.6268	8732.4326
1834.8818	8643.5381
1836.1364	8683.334
1837.3907	8612.9531
1838.6448	8618.3633
1839.8984	8597.1729
1841.1512	8632.2705
1842.4044	8557.9238
1843.6572	8606.707
1844.9098	8593.3291
1846.1614	8578.6953
1847.4135	8519.7588
1848.6652	8549.3115
1849.9166	8535.6289
1851.167	8492.9473
1852.4178	8423.5869
1853.6685	8501.4023
1854.918	8503.4775
1856.168	8448.877
1857.417	8454.5596
1858.6664	8423.0586
1859.9155	8401.6455
1861.1637	8417.6201
1862.4122	8358.0273
1863.6598	8363.4648
1864.9078	8338.3975
1866.1548	8317.6133
1867.4022	8303.1836
1868.6487	8306.2256
1869.8955	8270.5664
1871.1414	8276.0146
1872.3876	8261.3945
1873.6328	8264.5225
1874.8785	8255.7197
1876.1233	8227.6289
1877.3677	8227.5898
1878.6125	8206.7061
1879.8563	8217.4023
1881.1007	8160.6196
1882.3439	8187.6953
1883.5869	8210.0479
1884.8303	8176.1216
1886.0728	8141.0566
1887.3149	8201.8789
1888.5568	8166.7544
1889.7991	8135.5605
1891.0403	8132.6597
1892.2814	8157.3403
1893.5221	8131.2744
1894.7632	8161.0215
1896.0033	8129.9707
1897.2432	8127.4219
1898.4828	8131.9707
1899.722	8122.7822
1900.9611	8129.6284
1902.1998	8110.4834
1903.439	8093.7476
1904.6771	8096.7114
1905.915	8074.3472
1907.1526	8091.2524
1908.3899	8098.2944
1909.627	8088.4746
1910.8638	8083.6284
1912.1002	8094.4014
1913.3364	8046.3369
1914.5723	8063.2051
1915.8079	8068.2363
1917.0432	8025.0469
1918.2783	8040.4277
1919.5131	8048.7246
1920.7476	8022.8247
1921.9811	8053.6675
1923.215	8033.4409
1924.4486	8043.1221
1925.682	8014.7847
1926.9152	7968.0815
1928.1479	7956.0771
1929.3804	7947.251
1930.6119	7961.354
1931.8439	7988.6563
1933.0756	7948.5781
1934.307	7939.335
1935.5374	7898.2793
1936.7683	7857.5137
1937.9988	7848.4307
1939.2284	7851.8867
1940.4584	7860.7915
1941.6881	7838.5332
1942.9169	7788.5293
1944.146	7787.7534
1945.3749	7752.938
1946.6028	7731.4819
1947.8311	7711.123
1949.0591	7705.8228
1950.2861	7714.1738
1951.5137	7648.0293
1952.7401	7632.0391
1953.967	7642.7119
1955.193	7611.9443
1956.4193	7596.9463
1957.6448	7585.5527
1958.8705	7576.9194
1960.0953	7533.0469
1961.3206	7557.4385
1962.5449	7493.2954
1963.7689	7485.8745
1964.9933	7516.0869
1966.2167	7468.9507
1967.4406	7466.5498
1968.6635	7483.1929
1969.886	7421.5659
1971.109	7468.3091
1972.3311	7430.7817
1973.5529	7407.8306
1974.775	7428.688
1975.9962	7358.2119
1977.2172	7392.6953
1978.4379	7352.4063
1979.6589	7354.0273
1980.879	7328.9282
1982.0989	7313.9663
1983.3184	7299.1284
1984.5377	7291.5649
1985.7567	7325.624
1986.9761	7290.7124
1988.1946	7255.3882
1989.4127	7309.8833
1990.6306	7228.4087
1991.8483	7252.4087
1993.0656	7290.646
1994.2826	7220.0972
1995.4994	7172.8184
1996.7159	7153.2119
1997.9321	7140.9819
1999.1481	7199.1382
2000.3638	7204.4834
2001.5792	7172.4253
2002.7943	7151.0396
2004.0092	7099.7451
2005.2238	7075.5601
2006.4381	7031.7729
2007.6521	7142.7192
2008.8658	7150.9731
2010.0793	7164.8311
2011.2919	7138.4785
2012.5049	7121.5
2013.7175	7045.5879
2014.9299	7006.2754
2016.142	7040.7241
2017.3531	7053.5767
2018.5647	7053.1499
2019.776	7095.7021
2020.9871	7059.0142
2022.197	7013.6699
2023.4075	6956.6372
2024.6177	6914.7339
2025.8276	6895.5859
2027.0366	6896.3452
2028.246	6963.1348
2029.4551	6924.9541
2030.6632	6903.4287
2031.8718	6866.5059
2033.0793	6849.623
2034.2874	6766.5371
2035.4944	6668.019
2036.7019	6662.5166
2037.9091	6653.5078
2039.1154	6694.3008
2040.322	6796.7949
2041.5277	6847.4917
2042.7338	6819.5415
2043.939	6816.3188
2045.1438	6793.0381
2046.3491	6722.6699
2047.5535	6617.8467
2048.7581	6582.6484
2049.9619	6621.7319
2051.1663	6604.2197
2052.3694	6602.5415
2053.5723	6537.4346
2054.7759	6632.4141
2055.9783	6673.3447
2057.1804	6671.8535
2058.3823	6666.9502
2059.5845	6632.7656
2060.7859	6582.439
2061.9871	6557.9102
2063.1877	6581.6567
2064.3889	6527.9619
2065.5894	6464.5767
2066.7893	6408.4688
2067.989	6419.644
2069.1885	6438.3574
2070.3884	6488.4917
2071.5872	6532.0898
2072.7859	6509.8262
2073.9844	6424.2363
2075.1824	6424.3809
2076.3801	6442.478
2077.5779	6406.4507
2078.7751	6390.748
2079.9722	6385.8149
2081.1689	6422.7368
2082.3655	6464.4087
2083.5615	6455.3887
2084.7576	6420.1797
2085.9534	6398.6118
2087.1487	6369.541
2088.3438	6409.5171
2089.5388	6464.5176
2090.7334	6418.3193
2091.9277	6429.7397
2093.1211	6449.2666
2094.3149	6402.8506
2095.5085	6384.7354
2096.7017	6402.7319
2097.8948	6383.6865
2099.0867	6348.9727
2100.2793	6327.6777
2101.4714	6344.2432
2102.6633	6308.0776
2103.8545	6307.1323
2105.0459	6327.5483
2106.2371	6321.5786
2107.4277	6294.9575
2108.6177	6297.0879
2109.8081	6258.7139
2110.9976	6215.6353
2112.1873	6234.4604
2113.3767	6189.6528
2114.5654	6219.9004
2115.7544	6215.7979
2116.9424	6191.8232
2118.1309	6187.8037
2119.3191	6168.3145
2120.5063	6166.5444
2121.6941	6156.5498
2122.8809	6140.4746
2124.0679	6113.2832
2125.2542	6091.8574
2126.4402	6101.8813
2127.6265	6118.876
2128.8118	6047.6699
2129.9976	5960.5996
2131.1826	5865.2397
2132.3672	5856.3652
2133.5522	5884.8794
2134.7363	5908.9028
2135.9202	5974.1753
2137.1042	5961.6963
2138.2876	5982.8701
2139.4707	5956.9526
2140.6541	5967.4189
2141.8364	5918.2754
2143.0188	5909.4165
2144.2007	5832.3145
2145.3823	5766.2695
2146.5645	5695.979
2147.7456	5730.2915
2148.9265	5744.5483
2150.1072	5783.9556
2151.2876	5850.8418
2152.4678	5794.9277
2153.6477	5768.8389
2154.8279	5789.5776
2156.0073	5777.1729
2157.1863	5730.8418
2158.3652	5759.0684
2159.5437	5712.02
2160.7219	5712.5859
2161.8999	5671.6836
2163.0776	5674.5967
2164.2551	5623.52
2165.4324	5643.0645
2166.6094	5627.4834
2167.7854	5608.8462
2168.9619	5583.5332
2170.1382	5620.7134
2171.314	5620.8115
2172.4897	5624.5767
2173.665	5630.2891
2174.8401	5622.6353
2176.0144	5604.5059
2177.189	5582.083
2178.3633	5602.5913
2179.5374	5560.7144
2180.7107	5566.1978
2181.8843	5575.7925
2183.0574	5539.5083
2184.2305	5526.9102
2185.4026	5553.0684
2186.5752	5503.312
2187.7473	5503.603
2188.9187	5503.9785
2190.0906	5466.041
2191.262	5385.3628
2192.4326	5397.5083
2193.6035	5415.9575
2194.7734	5486.1953
2195.9441	5480.2563
2197.1135	5493.2344
2198.2834	5443.5322
2199.4524	5470.8784
2200.6218	5462.061
2201.7903	5454.7676
2202.9592	5414.0103
2204.1272	5357.4922
2205.2954	5347.5757
2206.4629	5334.4658
2207.6301	5309.0391
2208.7976	5353.3813
2209.9644	5325.041
2211.1313	5308.686
2212.2976	5259.3784
2213.4634	5222.7832
2214.6299	5215.7505
2215.7952	5272.834
2216.9602	5251.1416
2218.125	5267.6821
2219.2903	5269.5498
2220.4546	5234.3818
2221.6189	5247.9102
2222.7827	5223.6558
2223.946	5218.1416
2225.1101	5205.1997
2226.2732	5172.4238
2227.436	5196.0684
2228.5986	5147.915
2229.7607	5123.0928
2230.9229	5084.3618
2232.0845	5120.8252
2233.2461	5056.3628
2234.4072	5055.5947
2235.5684	5048.1094
2236.729	5031.6494
2237.8896	5017.9673
2239.0498	5053.4473
2240.2097	5045.0391
2241.3694	5018.8916
2242.5288	5021.0645
2243.688	5012.752
2244.8469	4974.3916
2246.0056	4994.3809
2247.1641	4962.1553
2248.3223	5007.5098
2249.4802	4973.9443
2250.6372	4935.1411
2251.7947	4948.106
2252.9517	4930.1504
2254.1086	4943.9185
2255.2646	4900.2695
2256.4211	4944.708
2257.5771	4892.125
2258.7329	4902.4785
2259.8879	4856.8252
2261.0435	4829.3232
2262.1985	4834.5024
2263.3525	4861.9731
2264.5073	4880.8833
2265.6616	4828.1929
2266.8149	4861.6636
2267.9688	4815.4917
2269.1218	4847.4834
2270.2751	4817.8081
2271.4282	4783.9224
2272.5803	4799.6973
2273.7329	4763.127
2274.8845	4791.2534
2276.0366	4766.2437
2277.1877	4765.2866
2278.3386	4812.0894
2279.49	4766.3066
2280.6404	4753.9707
2281.791	4733.4819
2282.9409	4730.4473
2284.0906	4676.1997
2285.2407	4702.4419
2286.3899	4706.3276
2287.5386	4684.9731
2288.688	4695.0703
2289.8362	4680.0391
2290.9844	4662.4307
2292.1328	4674.5854
2293.2805	4695.1572
2294.4277	4659.4302
2295.575	4658.7725
2296.7224	4648.6372
2297.8691	4615.1885
2299.0154	4594.5112
2300.1614	4595.4648
2301.3074	4588.8003
2302.4529	4583.1748
2303.5981	4575.5996
2304.7434	4559.8418
2305.8889	4562.3438
2307.0334	4554.3203
2308.1777	4524.6973
2309.3218	4488.1587
2310.4656	4512.4746
2311.6091	4500.6543
2312.7524	4456.4561
2313.8955	4502.8335
2315.0383	4475.335
2316.1804	4495.7744
2317.3228	4465.3223
2318.4648	4446.1694
2319.6067	4440.8149
2320.748	4411.0215
2321.8894	4433.3638
2323.0305	4415.9556
2324.1714	4398.3149
2325.3113	4390.437
2326.4517	4375.0176
2327.5918	4362.8125
2328.7314	4371.856
2329.8704	4345.7124
2331.0098	4332.876
2332.1489	4335.7139
2333.2876	4309.8271
2334.4255	4305.8447
2335.564	4298.6509
2336.7019	4294.3062
2337.8391	4261.2603
2338.9768	4278.3887
2340.1135	4257.228
2341.2505	4267.603
2342.3867	4226.1694
2343.5232	4233.0449
2344.6597	4231.7988
2345.7949	4209.6973
2346.9309	4229.0444
2348.0659	4216.3262
2349.2012	4198.5767
2350.3357	4200.8296
2351.4697	4172.2612
2352.6045	4171.8594
2353.738	4159.231
2354.8721	4164.5112
2356.0054	4143.9331
2357.1384	4140.8027
2358.2717	4097.0415
2359.4041	4096.936
2360.5364	4077.4829
2361.6689	4079.7544
2362.8008	4076.4917
2363.9321	4078.8447
2365.0635	4062.1987
2366.1951	4068.2434
2367.3257	4055.8389
2368.4563	4039.0754
2369.5864	4016.7334
2370.7166	3984.9036
2371.8469	4007.2278
2372.9763	4053.4392
2374.1057	4009.8489
2375.2346	3981.8362
2376.3635	3954.6545
2377.4919	3987.303
2378.6201	3963.7642
2379.7483	3964.8533
2380.876	3948.6028
2382.0037	3919.3806
2383.1309	3927.3032
2384.2578	3932.0557
2385.3848	3932.0583
2386.5112	3883.5906
2387.6375	3904.9441
2388.7637	3898.2393
2389.8894	3880.5325
2391.0149	3862.217
2392.1396	3847.1484
2393.2646	3859.4346
2394.3896	3857.8252
2395.5142	3851.7014
2396.6384	3830.4063
2397.762	3799.842
2398.8857	3830.75
2400.0095	3773.1997
2401.1328	3825.0303
2402.2554	3778.4236
2403.3782	3784.9622
2404.5007	3756.3193
2405.6226	3763.4207
2406.7446	3781.6968
2407.8667	3749.2083
2408.9875	3711.8081
2410.1091	3723.8533
2411.2295	3745.6394
2412.3506	3720.1882
2413.4712	3689.7988
2414.5911	3678.842
2415.7112	3695.1909
2416.8306	3677.0417
2417.9502	3686.4592
2419.0691	3682.1628
2420.1877	3640.1799
2421.3066	3645.4236
2422.4248	3631.2666
2423.5432	3630.7422
2424.6609	3629.3125
2425.7783	3634.5942
2426.896	3645.9358
2428.0129	3595.4207
2429.1296	3584.6199
2430.2466	3575.5586
2431.3628	3588.3948
2432.4788	3577.5903
2433.595	3557.1638
