299.80441	42359.852
301.44656	40766.891
303.08731	39323.398
304.72858	37962.164
306.36847	36654.984
308.00885	35363.27
309.64789	34219.902
311.28741	33029.234
312.92557	32204.826
314.56424	31292.867
316.20154	30463.756
317.83936	29831.123
319.47577	29141.188
321.11273	28579.523
322.74829	28120.262
324.38342	27729.313
326.01907	27374.139
327.65335	26998.908
329.28815	26696.182
330.92157	26345.016
332.55453	26020.361
334.18805	25648.746
335.82016	25280.643
337.45187	24977.436
339.08408	24547.992
340.7149	24158.432
342.34534	23747.611
343.97626	23311.555
345.6058	22835.162
347.23492	22456.238
348.86456	22075
350.49283	21730.801
352.12067	21325.133
353.74808	21014.674
355.37601	20737.275
357.00256	20456.781
358.62869	20189.697
360.25439	19929.398
361.87967	19749.953
363.50546	19570.717
365.12988	19388.176
366.75388	19130.82
368.37744	19035.717
370.00058	18952.773
371.62332	18739.574
373.24561	18629.051
374.86746	18431.883
376.48984	18350.387
378.11087	18150.07
379.73145	17997.051
381.35162	17888.717
382.97134	17730.615
384.59067	17682.131
386.20956	17539.154
387.82803	17450.943
389.44608	17351.979
391.06369	17234.445
392.68091	17244.482
394.29767	17154.945
395.91403	17144.9
397.52994	17122.16
399.14545	16991.25
400.76053	16984.244
402.37427	17007.102
403.98849	16964.002
405.60229	16901.523
407.2157	16844.65
408.82867	16876.139
410.44122	16903.443
412.05334	16882.273
413.66504	16966.031
415.27539	17003.824
416.88626	17071.652
418.4967	17089.764
420.10672	17127.875
421.71631	17063.543
423.32455	17074.875
424.93332	17034.652
426.54166	17078.434
428.14957	16962.09
429.75616	16937.434
431.36322	16836.99
432.96988	16558.656
434.57614	16436.186
436.18103	16301.236
437.78644	16129.431
439.39142	15982.024
440.99506	15923.192
442.59918	15866.821
444.20291	15787.933
445.8053	15715.603
447.4082	15614.527
449.00974	15612.144
450.61182	15489.719
452.21344	15427.944
453.81375	15304.007
455.41455	15250.739
457.01401	15153.965
458.61398	15168.913
460.21262	15071.299
461.81174	14960.777
463.40955	14901.271
465.00784	14877.929
466.60483	14761.434
468.20227	14770.793
469.79843	14744.375
471.39505	14695.396
472.99036	14631.973
474.58618	14603.563
476.18066	14530.429
477.77563	14546.497
479.36929	14499.237
480.96252	14422.339
482.55624	14454.505
484.14865	14411.28
485.74066	14372.741
487.33313	14339.107
488.92432	14281.363
490.51505	14308.449
492.10632	14382.761
493.69623	14307.054
495.28574	14244.5
496.87576	14235.214
498.46445	14230.205
500.0527	14222.414
501.64059	14221.295
503.22894	14170.266
504.81598	14144.973
506.40262	14128.561
507.98883	14161.455
509.57462	14126.492
511.16092	14146.77
512.74591	14097.682
514.33051	14113.145
515.91467	14116.548
517.49841	14082.378
519.08173	14104.41
520.66559	14048.974
522.24811	13972.228
523.8302	13931.516
525.41193	13802.33
526.99316	13779.974
528.5741	13729.177
530.15454	13729.357
531.73462	13753.054
533.31427	13709.308
534.89349	13702.94
536.47235	13665.214
538.05078	13676.154
539.62878	13718.5
541.20636	13743.302
542.78357	13744.743
544.36041	13780.195
545.93677	13888.237
547.51276	14067.98
549.08832	14349.868
550.66351	14684.503
552.23822	15101.692
553.81171	15633.498
555.38562	16227.225
556.95917	16551.984
558.53229	16861.494
560.10504	16983.609
561.67737	16907.762
563.24835	16822.609
564.81989	16509.549
566.39099	16210.864
567.96167	15880.896
569.53198	15607.102
571.10095	15297.864
572.67041	14985.989
574.2395	14705.123
575.80817	14417.047
577.37555	14219.84
578.94342	14062.073
580.51086	14022.512
582.07703	13981.485
583.64368	13984.091
585.2099	14045.049
586.77484	14175.403
588.34027	14283.917
589.90533	14425.949
591.46906	14521.614
593.03326	14428.771
594.59619	14481.057
596.15967	14432.363
597.72266	14349.614
599.28436	14239.861
600.84662	14158.323
602.40753	14112.609
603.96893	14078.275
605.52905	13988.059
607.08966	13937.45
608.64899	13898.53
610.2088	13832.003
611.76733	13779.54
613.32629	13741.354
614.88403	13775.582
616.44135	13789.525
617.99915	13803.971
619.55566	13826.363
621.11267	13808.009
622.6684	13875.48
624.22369	13876.396
625.77948	13906.952
627.33398	13958.933
628.88812	14055.501
630.44275	14178.723
631.99603	14264.54
633.54895	14390.512
635.10242	14686.17
636.65448	14973.526
638.20624	15256.317
639.75842	15541.896
641.30939	15732.135
642.85992	15760.433
644.41003	15778.611
645.95978	15577.741
647.51001	15360.896
649.05896	15137.819
650.60748	14814.248
652.15564	14573.755
653.70337	14471.116
655.25165	14363.061
656.79858	14268.509
658.34515	14206.726
659.8913	14297.765
661.43707	14336.46
662.98248	14422.648
664.52747	14555.576
666.07202	14652.085
667.61621	14888.667
669.16003	15102.906
670.70343	15214.768
672.2464	15405.192
673.78906	15472.212
675.33124	15526.596
676.87305	15563.672
678.41449	15652.014
679.95551	15723.38
681.49615	15922.806
683.03644	16223.076
684.57629	16742.168
686.11572	17456.727
687.65479	18035.467
689.19348	18474.59
690.73175	18558.793
692.26874	18339.904
693.80627	17818.93
695.34338	17010.367
696.88007	16296.833
698.41638	15605.226
699.95233	15031.132
701.48694	14707.777
703.02209	14620.469
704.55688	14482.692
706.09125	14462.948
707.62518	14446.697
709.1579	14571.192
710.6911	14620.446
712.22388	14648.563
713.75537	14692.663
715.28741	14754.241
716.81903	14923.17
718.34937	15000.991
719.88025	15253.464
721.41071	15498.641
722.93988	15896.976
724.46954	16381.207
725.99884	17084.133
727.52686	17996.979
729.05536	19239.57
730.58264	20732.381
732.11035	22333.951
733.63684	24057.885
735.16376	25938.535
736.69031	28165.498
738.21564	30599.574
739.74139	33521.555
741.26593	36389.109
742.7901	38979
744.3147	40414.109
745.83807	40207.555
747.36194	38380.668
748.88452	35126.668
750.40759	31056.576
751.92938	27124.244
753.45172	23660.943
754.97278	21002
756.49341	19016.879
758.01459	17710.816
759.53442	16768.74
761.05396	16083.454
762.57391	15568.896
764.09265	15219.286
765.61102	14907.714
767.12982	14759.991
768.6474	14694.49
770.16461	14560.336
771.6814	14451.34
773.19867	14351.05
774.71472	14451.47
776.23041	14477.514
777.74567	14532.742
779.26056	14627.789
780.77588	14834.334
782.29004	14980.012
783.80377	15072.715
785.31708	15126.964
786.83008	14928.853
788.34265	14761.832
789.85486	14454.18
791.36755	14280.702
792.87897	14092.457
794.39001	13984.912
795.9007	13877.447
797.41101	13850.136
798.9209	13850.289
800.43042	13762.889
801.93958	13788.049
803.4483	13777.519
804.95673	13771.21
806.46472	13766.048
807.97235	13758.331
809.47955	13770.494
810.98639	13815.531
812.49292	13765.408
813.99896	13787.919
815.50385	13787.488
817.00916	13829.769
818.5141	13830.09
820.01868	13826.281
821.52289	13793.019
823.02673	13788.027
824.53015	13742.518
826.03235	13801.388
827.53503	13815.604
829.03729	13809.751
830.53925	13763.804
832.04077	13763.766
833.54108	13730.143
835.04187	13698.002
836.54224	13617.691
838.04144	13576.832
839.54108	13626.408
841.04034	13648.058
842.53925	13625.227
844.03687	13589.443
845.53503	13620.371
847.03278	13635.556
848.5293	13605.732
850.02631	13556.926
851.52209	13596.315
853.01837	13574.641
854.51422	13582.692
856.00885	13560.125
857.50397	13614.932
858.99786	13525.612
860.49225	13546.926
861.98541	13583.563
863.479	13599.004
864.97137	13608.651
866.46423	13589.854
867.95587	13580.694
869.448	13584.312
870.9389	13613.584
872.4303	13593.243
873.92041	13620.648
875.41101	13733.725
876.90045	13661.295
878.38947	13638.359
879.87891	13607.858
881.36719	13634.422
882.8551	13654.752
884.34344	13669.014
885.83063	13661.426
887.31738	13643.63
888.80463	13726.408
890.29065	13661.974
891.77631	13681.913
893.26245	13698.959
894.74738	13672.145
896.23193	13720.708
897.71606	13703.752
899.19989	13682.349
900.68414	13735.889
902.16724	13719.186
903.6499	13714.195
905.1322	13757.707
906.61414	13774.27
908.09656	13787.093
909.57776	13824.441
911.05853	13888.882
912.539	13956.668
914.0191	13999.952
915.49878	14066.648
916.97815	14205.913
918.45709	14319.668
919.93573	14411.955
921.41394	14550.036
922.89178	14742.449
924.36932	14899.266
925.84644	14878.469
927.32318	14990.529
928.79956	15051.864
930.27557	14992.754
931.75122	14937.759
933.2265	14791.024
934.70142	14660.272
936.17596	14608.241
937.65009	14428.136
939.1239	14415.613
940.5965	14268.259
942.06958	14166.382
943.5423	14099.256
945.01459	14080.293
946.48657	13946.321
947.95819	13910.623
949.42853	13785.884
950.89941	13756.738
952.36987	13773.991
953.84003	13682.229
955.30896	13668.13
956.77832	13677.508
958.24738	13653.255
959.716	13611.667
961.18347	13611.842
962.65143	13619.068
964.11896	13594.641
965.58533	13692.272
967.05219	13657.327
968.51862	13793.592
969.98389	13844.556
971.44965	13904.833
972.91418	13986.856
974.37915	14175.83
975.84296	14306.109
977.30725	14346.096
978.77118	14495.569
980.23389	14621.207
981.69708	14702.703
983.15906	14749.62
984.62152	14733.402
986.08276	14752.635
987.54364	14678.762
989.005	14529.719
990.46515	14393.47
991.92584	14283.505
993.38525	14077.898
994.84515	13954.401
996.30389	13870.785
997.76221	13803.005
999.22107	13741.118
1000.6786	13721.118
1002.1359	13640.354
1003.5937	13603.951
1005.0502	13569.509
1006.5064	13530.605
1007.9631	13484.347
1009.4185	13498.111
1010.8736	13513.396
1012.3283	13506.536
1013.7836	13517.496
1015.2375	13533.346
1016.6912	13477.254
1018.1445	13534.396
1019.5974	13543.34
1021.0508	13514.174
1022.5031	13557.868
1023.9549	13622.88
1025.4064	13537.888
1026.8575	13528.409
1028.3082	13614.163
1029.7587	13627.279
1031.2087	13621.085
1032.6584	13552.556
1034.1078	13572.191
1035.5568	13640.835
1037.0062	13546.199
1038.4545	13577.333
1039.9023	13572.724
1041.3499	13624.862
1042.7963	13643.866
1044.243	13605.699
1045.6896	13649.728
1047.1356	13619.295
1048.5814	13661.316
1050.0267	13676.411
1051.4718	13688.939
1052.9165	13720.667
1054.3608	13783.659
1055.8048	13843.524
1057.2476	13920.539
1058.6908	14017.249
1060.1337	14187.654
1061.5763	14313.622
1063.0184	14508.91
1064.4595	14704.259
1065.9009	14911.984
1067.342	15194.917
1068.7828	15499.505
1070.2223	15751.504
1071.6624	16053.844
1073.1021	16235.618
1074.5414	16364.904
1075.9796	16353.882
1077.4182	16338.951
1078.8564	16251.729
1080.2936	16058.902
1081.7311	15758.056
1083.1675	15545.714
1084.6044	15191.951
1086.0409	14915.629
1087.4762	14654.301
1088.912	14380.877
1090.3466	14157.361
1091.7816	14000.158
1093.2156	13877.491
1094.6499	13792.939
1096.0831	13712.397
1097.5168	13702.718
1098.9493	13686.098
1100.3823	13655.62
1101.8141	13664.653
1103.2463	13606.14
1104.6774	13640.174
1106.1082	13596.356
1107.5393	13633.157
1108.9694	13686.176
1110.399	13696.634
1111.8292	13778.688
1113.2582	13731.672
1114.6868	13787.269
1116.1158	13824.255
1117.5438	13846.691
1118.9714	13918.078
1120.3994	13915.618
1121.8263	13936.933
1123.2528	13944.066
1124.679	13891.715
1126.1047	13915.324
1127.5311	13938.169
1128.9562	13916.562
1130.381	13956.535
1131.8054	13962.755
1133.2295	13893.206
1134.6532	13962.793
1136.0774	13959.316
1137.5004	14079.762
1138.923	14112.215
1140.3453	14169.775
1141.7673	14209.882
1143.189	14381.095
1144.6102	14455.629
1146.0311	14577.821
1147.4518	14666.67
1148.8719	14755.241
1150.2919	14870.702
1151.7114	14920.649
1153.1306	14983.793
1154.5494	14936.549
1155.9679	14932.845
1157.386	14831.884
1158.8038	14744.351
1160.2213	14566.737
1161.6376	14390.158
1163.0543	14247.958
1164.4707	14093.433
1165.8868	14013.949
1167.3025	13852.528
1168.7179	13723.946
1170.1321	13645.944
1171.5468	13679.598
1172.9611	13646.673
1174.3751	13624.313
1175.788	13624.645
1177.2012	13618.592
1178.6141	13683.454
1180.0267	13702.848
1181.4382	13741.146
1182.8501	13780.821
1184.2617	13864.047
1185.6721	14004.832
1187.083	14095.657
1188.4935	14232.553
1189.903	14393.58
1191.3127	14565.991
1192.7214	14690.773
1194.1306	14856.123
1195.5386	15013.831
1196.947	15183.767
1198.3544	15319.499
1199.7622	15466.588
1201.1688	15589.501
1202.5759	15656.673
1203.9818	15697.753
1205.3883	15690.931
1206.7936	15664.404
1208.1992	15682.271
1209.6038	15580.7
1211.0089	15423.832
1212.4127	15229.573
1213.8163	15128.415
1215.2203	14874.296
1216.6232	14720.257
1218.0258	14545.883
1219.4287	14351.089
1220.8306	14246.404
1222.2321	14123.642
1223.634	14037.699
1225.0348	13937.747
1226.4353	13874.854
1227.8354	13794.828
1229.236	13769.552
1230.6355	13740.92
1232.0345	13724.142
1233.4333	13701.345
1234.8318	13712.874
1236.2307	13681.346
1237.6284	13718.658
1239.0259	13729.944
1240.423	13733.546
1241.8197	13788.45
1243.2161	13851.987
1244.6121	13898.594
1246.0078	13977.235
1247.4032	14058.363
1248.7982	14150.271
1250.193	14303.854
1251.5873	14425.794
1252.9813	14576.034
1254.375	14722.867
1255.7683	14915.118
1257.1614	15105.801
1258.5541	15232.004
1259.9464	15428.815
1261.3384	15613.593
1262.73	15763.863
1264.1213	15836.906
1265.5123	15947.496
1266.903	15992.966
1268.2925	16014.739
1269.6825	15965.15
1271.0721	15920.901
1272.4614	15849.521
1273.8503	15786.388
1275.2382	15785.271
1276.6265	15716.951
1278.0144	15694.765
1279.4021	15781.612
1280.7886	15726.775
1282.1754	15813.034
1283.5621	15837.155
1284.9475	15886.245
1286.3335	15899.367
1287.7191	15919.137
1289.1035	15961.775
1290.4885	15934.252
1291.873	15930.136
1293.2566	15878.571
1294.6405	15858.518
1296.0233	15807.527
1297.4065	15779.686
1298.7887	15812.009
1300.1713	15914.563
1301.5527	16066.603
1302.9347	16262.37
1304.3154	16525.139
1305.6967	16873.729
1307.0768	17201
1308.4574	17627.73
1309.8369	18109.414
1311.2168	18594.809
1312.5956	19054.484
1313.974	19539.275
1315.3529	19848.045
1316.7307	20159.277
1318.1083	20360.396
1319.4861	20497.594
1320.8629	20572.209
1322.2394	20658.463
1323.6163	20715.148
1324.9922	20914.092
1326.3676	21046.066
1327.7428	21272.947
1329.1184	21529.709
1330.4928	21819.75
1331.8669	22003.443
1333.2408	22142.059
1334.6143	22256.488
1335.9874	22250.961
1337.3611	22106.994
1338.7335	21911.418
1340.1057	21663.336
1341.4775	21371.938
1342.849	21093.775
1344.2202	20740.271
1345.5911	20399.584
1346.9615	20008.965
1348.3318	19589.359
1349.7015	19168.771
1351.071	18780.92
1352.4403	18394.484
1353.8092	18077.703
1355.1777	17878.664
1356.5459	17706.695
1357.9138	17571.465
1359.2814	17413.957
1360.6486	17311.438
1362.0154	17206.387
1363.382	17103.551
1364.7474	16986.625
1366.1134	16827.623
1367.4789	16678.674
1368.8441	16514.617
1370.2091	16324.352
1371.5737	16157.949
1372.9371	15969.041
1374.3011	15771.979
1375.6647	15681.65
1377.028	15521.514
1378.3901	15380.014
1379.7528	15260.385
1381.1151	15166.207
1382.4763	15071.413
1383.838	15005.91
1385.1993	14948.734
1386.5594	14908.287
1387.9202	14908.084
1389.2798	14933.493
1390.6398	14908.011
1391.9995	14984.379
1393.358	15011.217
1394.717	14933.455
1396.0751	14914.022
1397.4333	14771.447
1398.7906	14693.203
1400.1484	14483.307
1401.505	14336.088
1402.8622	14100.856
1404.2181	13887.304
1405.5746	13719.52
1406.9299	13554.833
1408.2849	13380.259
1409.6404	13307.85
1410.9948	13218.063
1412.3496	13110.813
1413.7032	13028.754
1415.0566	12989.517
1416.4105	12913.603
1417.7633	12922.596
1419.1157	12935.5
1420.4678	12952.84
1421.8203	12995.381
1423.1719	13065.368
1424.5229	13106.614
1425.8738	13223.332
1427.2242	13307.402
1428.5752	13362.65
1429.925	13494.736
1431.2745	13549.825
1432.6238	13641.59
1433.9727	13693.014
1435.3212	13760.507
1436.6694	13879.759
1438.0181	14038.866
1439.3657	14229.944
1440.7129	14485.377
1442.0599	14876.784
1443.4065	15285.321
1444.7528	15823.269
1446.0988	16442.016
1447.4445	17084.617
1448.7898	17772.494
1450.1348	18326.025
1451.4795	18850.025
1452.8239	19216.273
1454.1671	19335.584
1455.5109	19318.092
1456.8544	19067.004
1458.1974	18633.668
1459.5402	18076.635
1460.8827	17532.119
1462.2249	16866.529
1463.5658	16330.179
1464.9073	15767.107
1466.2485	15364.529
1467.5894	14955.467
1468.9292	14588.966
1470.2694	14246.418
1471.6093	13988.403
1472.9489	13720.517
1474.2874	13496.249
1475.6263	13262.427
1476.965	13108.155
1478.3025	12975.959
1479.6405	12907.455
1480.9774	12817.32
1482.3148	12788.81
1483.6519	12744.603
1484.9878	12680.167
1486.3242	12630.63
1487.6595	12598.093
1488.9952	12547.961
1490.33	12566.754
1491.665	12487.644
1492.9991	12490.082
1494.3336	12495.063
1495.6671	12452.622
1497.001	12426.775
1498.3337	12362.773
1499.667	12343.992
1500.9991	12354.887
1502.3309	12357.636
1503.6632	12298.686
1504.9945	12293.185
1506.3253	12226.644
1507.6567	12216.369
1508.9869	12150.391
1510.3169	12099.853
1511.6473	12061.673
1512.9767	12030.687
1514.3057	12017.791
1515.6343	11986.839
1516.9635	11995.96
1518.2915	12053.211
1519.6193	12077.781
1520.9467	12215.516
1522.2738	12380.687
1523.6006	12602.136
1524.9271	12826.521
1526.254	13146.556
1527.58	13498.278
1528.9054	13942.023
1530.2307	14329.249
1531.5555	14776.231
1532.8802	15148.612
1534.2045	15487.062
1535.5284	15712.838
1536.8522	15796.914
1538.1755	15820.857
1539.4985	15580.015
1540.8213	15358.221
1542.1437	15022.39
1543.4658	14640.869
1544.7876	14232.775
1546.1083	13813.503
1547.4294	13427.222
1548.7504	13026.932
1550.0709	12671.041
1551.3911	12404.272
1552.7111	12163.88
1554.0306	11932.016
1555.3491	11765.559
1556.6682	11645.033
1557.9868	11497.666
1559.3052	11400.093
1560.6226	11362.569
1561.9403	11326.546
1563.2577	11255.978
1564.5741	11239.217
1565.8909	11222.841
1567.2074	11247.504
1568.5228	11247.882
1569.8386	11296.099
1571.1543	11305.913
1572.4688	11328.777
1573.7837	11363.704
1575.0975	11407.664
1576.4119	11430.282
1577.7252	11452.938
1579.0389	11448.593
1580.3516	11441.748
1581.6647	11420.288
1582.9767	11463.834
1584.2892	11454.842
1585.6006	11482.888
1586.9125	11460.748
1588.2233	11447.371
1589.5337	11401.435
1590.8446	11342.251
1592.1545	11306.783
1593.4641	11272.718
1594.774	11211.315
1596.083	11160.157
1597.3917	11066.787
1598.7008	11036.058
1600.0088	10979.106
1601.3165	10853.049
1602.6239	10802.68
1603.9318	10693.919
1605.2386	10616.252
1606.545	10558.325
1607.8513	10445.17
1609.1571	10377.244
1610.4635	10248.257
1611.7688	10194.952
1613.0737	10179.035
1614.3784	10111.9
1615.6827	10089.793
1616.9867	10058.271
1618.2905	10030.101
1619.5939	10019.862
1620.8971	10001.923
1622.1998	9991.4756
1623.5023	9955.5176
1624.8046	9953.7539
1626.1064	9932.752
1627.4081	9897.8447
1628.7094	9855.7686
1630.0104	9875.9355
1631.311	9874.3682
1632.6115	9837.9141
1633.9115	9821.2715
1635.2106	9807.7295
1636.51	9819.3379
1637.8092	9800.5732
1639.108	9741.3799
1640.4066	9748.6982
1641.7048	9699.71
1643.002	9718.1934
1644.2997	9714.4824
1645.597	9653.2852
1646.894	9642.0732
1648.1901	9565.8604
1649.4865	9619.7432
1650.7826	9626.585
1652.0776	9589.5176
1653.3732	9584.7734
1654.6683	9567.3027
1655.9625	9504.5723
1657.2572	9525.0908
1658.5508	9509.5635
1659.8447	9498.8994
1661.1377	9443.1875
1662.4312	9472.7197
1663.7235	9424.9229
1665.0162	9429.834
1666.308	9396.7939
1667.6002	9405.5244
1668.8914	9351.2803
1670.183	9355.249
1671.4735	9351.3652
1672.7645	9322.3857
1674.0544	9328.792
1675.3441	9299.749
1676.6342	9261.2637
1677.9232	9300.9092
1679.2119	9246.083
1680.5012	9226.4336
1681.7893	9202.9395
1683.0771	9197.2021
1684.3655	9185.3848
1685.6527	9167.166
1686.9396	9172.4932
1688.2263	9139.4775
1689.5133	9130.6123
1690.7994	9115.0166
1692.0851	9072.4287
1693.3706	9084.0166
1694.6558	9070.7441
1695.9406	9030.3018
1697.2258	9023.0332
1698.5101	9028.2813
1699.7941	8983.9531
1701.0778	9005.6152
1702.3611	8993.7451
1703.6442	8996.3154
1704.9269	8979.0879
1706.2094	8951.0117
1707.4915	8937.8604
1708.7733	8920.4346
1710.0549	8903.4268
1711.3362	8918.8818
1712.6172	8876.7559
1713.8978	8869.3613
1715.1775	8889.3008
1716.4575	8872.1299
1717.7373	8847.6807
1719.0168	8874.1377
1720.296	8878.6641
1721.5748	8827.6777
1722.8535	8833.3789
1724.131	8824.3955
1725.4091	8777.8193
1726.6868	8822.4746
1727.9641	8839.9844
1729.2405	8794.9326
1730.5173	8858.3623
1731.7938	8807.9238
1733.0693	8759.3477
1734.3452	8770.957
1735.6208	8761.8564
1736.8955	8778.6738
1738.1705	8802.9346
1739.4453	8767.8428
1740.719	8737.4424
1741.9932	8720.667
1743.2662	8722.1367
1744.5398	8728.208
1745.8124	8754.3213
1747.0853	8717.9414
1748.3573	8685.3516
1749.6296	8690.9834
1750.901	8690.958
1752.1727	8732.0518
1753.4435	8686.8584
1754.714	8632.1982
1755.9849	8625.1045
1757.2548	8646.627
1758.5251	8612.9434
1759.7944	8590.8818
1761.0635	8584.2295
1762.3329	8566.1406
1763.6013	8539.916
1764.8694	8573.3066
1766.1372	8584.791
1767.4055	8531.2412
1768.6727	8548.126
1769.9397	8518.6992
1771.2063	8473.8232
1772.4734	8479.0371
1773.7395	8465.0332
1775.0052	8441.332
1775.5819	8442.3291
1776.8502	8401.9795
1778.119	8404.2754
1779.3867	8394.7373
1780.6548	8399.1963
1781.9219	8406.7998
1783.1895	8350.1016
1784.4561	8332.0352
1785.7223	8335.7666
1786.9889	8324.4736
1788.2545	8290.0352
1789.5206	8296.7305
1790.7858	8327.0352
1792.0505	8244.4424
1793.3157	8228.9209
1794.58	8222.1064
1795.8438	8248.6475
1797.1074	8187.0425
1798.3715	8207.7891
1799.6345	8202.0723
1800.8972	8233.5117
1802.1597	8232.3486
1803.4225	8204.7676
1804.6843	8175.1006
1805.9459	8175.2866
1807.2072	8151.6772
1808.4681	8129.9043
1809.7289	8150.8115
1810.9893	8104.6616
1812.2501	8112.1855
1813.5099	8091.4253
1814.7695	8087.2666
1816.0287	8091.7031
1817.2876	8060.1318
1818.5463	8073.7959
1819.8047	8066.8032
1821.0627	8046.5259
1822.3206	8042.9688
1823.578	8033.1997
1824.8352	8050.2256
1826.0922	8005.9316
1827.3488	8020.8457
1828.6051	7967.6895
1829.8612	7995.7881
1831.1169	7945.375
1832.3717	7957.396
1833.6268	7977.1855
1834.8818	7890.7031
1836.1364	7911.3662
1837.3907	7875.334
1838.6448	7866.3628
1839.8984	7886.4409
1841.1512	7876.7544
1842.4044	7845.5513
1843.6572	7844.5132
1844.9098	7791.6685
1846.1614	7871.2832
1847.4135	7799.2656
1848.6652	7822.9604
1849.9166	7778.7959
1851.167	7776.606
1852.4178	7732.7622
1853.6685	7740.2134
1854.918	7747.3682
1856.168	7722.7813
1857.417	7720.5269
1858.6664	7709.8315
1859.9155	7667.8418
1861.1637	7654.668
1862.4122	7623.8853
1863.6598	7632.0469
1864.9078	7611.8794
1866.1548	7676.9321
1867.4022	7596.6196
1868.6487	7577.9507
1869.8955	7579.0293
1871.1414	7541.2446
1872.3876	7538.9253
1873.6328	7552.0537
1874.8785	7540.9775
1876.1233	7519.8984
1877.3677	7540.7041
1878.6125	7520.2988
1879.8563	7534.606
1881.1007	7520.2324
1882.3439	7468.0815
1883.5869	7489.9634
1884.8303	7484.7534
1886.0728	7458.0215
1887.3149	7430.6094
1888.5568	7486.1338
1889.7991	7399.6895
1891.0403	7443.998
1892.2814	7427.252
1893.5221	7450.1978
1894.7632	7469.8794
1896.0033	7398.834
1897.2432	7406.5991
1898.4828	7424.9028
1899.722	7430.2402
1900.9611	7416.7632
1902.1998	7402.4219
1903.439	7371.1865
1904.6771	7407.2241
1905.915	7365.0928
1907.1526	7368.6909
1908.3899	7335.9053
1909.627	7372.6372
1910.8638	7388.8574
1912.1002	7377.3696
1913.3364	7340.4067
1914.5723	7336.9307
1915.8079	7337.2363
1917.0432	7340.8262
1918.2783	7301.7231
1919.5131	7313.5347
1920.7476	7252.8843
1921.9811	7268.707
1923.215	7300.3691
1924.4486	7246.145
1925.682	7241.082
1926.9152	7214.7563
1928.1479	7231.4082
1929.3804	7176.1616
1930.6119	7214.1743
1931.8439	7220.7686
1933.0756	7137.7749
1934.307	7173.252
1935.5374	7181.4663
1936.7683	7140.9443
1937.9988	7078.0474
1939.2284	7132.5654
1940.4584	7112.231
1941.6881	7081.6704
1942.9169	7070.9067
1944.146	7060.3242
1945.3749	7046.9302
1946.6028	7019.3438
1947.8311	7054.1284
1949.0591	7010.3916
1950.2861	6960.1055
1951.5137	6932.2793
1952.7401	6905.1543
1953.967	6934.6689
1955.193	6877.4092
1956.4193	6902.6431
1957.6448	6907.0571
1958.8705	6875.2925
1960.0953	6853.5596
1961.3206	6823.1025
1962.5449	6796.3096
1963.7689	6820.1987
1964.9933	6822.7505
1966.2167	6788.3804
1967.4406	6772.3154
1968.6635	6781.2817
1969.886	6790.5308
1971.109	6754.7485
1972.3311	6728.8535
1973.5529	6750.4272
1974.775	6730.8862
1975.9962	6703.9365
1977.2172	6730.0361
1978.4379	6696.2534
1979.6589	6696.3921
1980.879	6668.3315
1982.0989	6662.0146
1983.3184	6699.168
1984.5377	6672.5044
1985.7567	6647.9424
1986.9761	6644.1665
1988.1946	6616.9219
1989.4127	6625.0361
1990.6306	6635.0361
1991.8483	6614.4414
1993.0656	6599.0864
1994.2826	6615.7339
1995.4994	6544.0679
1996.7159	6570.1899
1997.9321	6527.9438
1999.1481	6602.186
2000.3638	6585.3433
2001.5792	6565.9639
2002.7943	6566.6987
2004.0092	6482.7593
2005.2238	6427.4341
2006.4381	6470.2773
2007.6521	6476.5771
2008.8658	6484.8994
2010.0793	6487.8091
2011.2919	6524.4521
2012.5049	6483.2891
2013.7175	6452.8711
2014.9299	6386.0146
2016.142	6402.3105
2017.3531	6440.2783
2018.5647	6465.1738
2019.776	6444.3418
2020.9871	6460.9458
2022.197	6434.396
2023.4075	6352.1855
2024.6177	6312.7266
2025.8276	6270.2036
2027.0366	6350.4624
2028.246	6346.3042
2029.4551	6348.3906
2030.6632	6266.479
2031.8718	6275.3574
2033.0793	6258.5464
2034.2874	6187.3159
2035.4944	6096.542
2036.7019	6054.7554
2037.9091	6065.2637
2039.1154	6130.0723
2040.322	6209.7998
2041.5277	6258.311
2042.7338	6198.4517
2043.939	6245.3975
2045.1438	6214.959
2046.3491	6143.6782
2047.5535	6065.0029
2048.7581	6028.5132
2049.9619	6040.3301
2051.1663	6052.4868
2052.3694	6025.2314
2053.5723	6035.4209
2054.7759	6083.7373
2055.9783	6081.481
2057.1804	6089.269
2058.3823	6134.7339
2059.5845	6051.0059
2060.7859	5998.0361
2061.9871	5988.5718
2063.1877	5987.8643
2064.3889	5994.6118
2065.5894	5958.9507
2066.7893	5915.5972
2067.989	5880.4204
2069.1885	5924.9233
2070.3884	5963.3931
2071.5872	5995.9849
2072.7859	5997.2988
2073.9844	5938.9043
2075.1824	5917.4771
2076.3801	5906.4102
2077.5779	5925.0703
2078.7751	5885.9004
2079.9722	5884.9683
2081.1689	5932.5923
2082.3655	5972.6333
2083.5615	5913.7539
2084.7576	5904.0464
2085.9534	5898.1025
2087.1487	5898.9834
2088.3438	5947.6816
2089.5388	5964.563
2090.7334	5961.4805
2091.9277	5905.748
2093.1211	5952.3555
2094.3149	5957.627
2095.5085	5961.2725
2096.7017	5909.103
2097.8948	5911.498
2099.0867	5929.6924
2100.2793	5888.0874
2101.4714	5882.144
2102.6633	5894.3203
2103.8545	5892.3125
2105.0459	5873.1079
2106.2371	5882.0684
2107.4277	5880.5269
2108.6177	5863.6221
2109.8081	5876.0103
2110.9976	5832.3848
2112.1873	5796.5781
2113.3767	5795.7861
2114.5654	5798.9365
2115.7544	5783.1914
2116.9424	5763.5176
2118.1309	5781.6333
2119.3191	5713.1211
2120.5063	5728.2627
2121.6941	5732.1348
2122.8809	5712.6636
2124.0679	5695.9644
2125.2542	5697.8003
2126.4402	5670.7202
2127.6265	5665.1323
2128.8118	5631.9126
2129.9976	5537.9722
2131.1826	5418.8652
2132.3672	5426.4619
2133.5522	5495.0483
2134.7363	5493.9893
2135.9202	5558.1411
2137.1042	5551.2134
2138.2876	5536.5386
2139.4707	5502.8271
2140.6541	5459.1934
2141.8364	5436.4277
2143.0188	5416.3447
2144.2007	5389.8799
2145.3823	5362.377
2146.5645	5253.4736
2147.7456	5296.501
2148.9265	5321.812
2150.1072	5346.4092
2151.2876	5380.3481
2152.4678	5387.498
2153.6477	5343.2793
2154.8279	5354.5342
2156.0073	5309.7505
2157.1863	5314.269
2158.3652	5304.2661
2159.5437	5294.8096
2160.7219	5255.8887
2161.8999	5260.1304
2163.0776	5202.4082
2164.2551	5170.9111
2165.4324	5240.1411
2166.6094	5175.3633
2167.7854	5132.3496
2168.9619	5083.623
2170.1382	5159.7959
2171.314	5182.1548
2172.4897	5181.1558
2173.665	5199.5371
2174.8401	5156.937
2176.0144	5155.1333
2177.189	5161.3135
2178.3633	5107.4214
2179.5374	5132.2793
2180.7107	5105.1338
2181.8843	5132.8613
2183.0574	5094.2959
2184.2305	5090.6763
2185.4026	5057.1006
2186.5752	5096.0361
2187.7473	5110.0371
2188.9187	5042.8618
2190.0906	5025.7417
2191.262	4962.2583
2192.4326	4949.8398
2193.6035	5021.8066
2194.7734	5024.8184
2195.9441	5023.2197
2197.1135	5023.4438
2198.2834	5026.8589
2199.4524	5003.5083
2200.6218	5021.5205
2201.7903	4972.6758
2202.9592	4981.6133
2204.1272	4952.8223
2205.2954	4887.1152
2206.4629	4845.9302
2207.6301	4885.3667
2208.7976	4906.7866
2209.9644	4863.3223
2211.1313	4866.1089
2212.2976	4832.0703
2213.4634	4809.8843
2214.6299	4777.9561
2215.7952	4850.4814
2216.9602	4866.1743
2218.125	4866.123
2219.2903	4844.2861
2220.4546	4856.7734
2221.6189	4854.7285
2222.7827	4824.2236
2223.946	4816.8184
2225.1101	4795.6914
2226.2732	4795.8984
2227.436	4789.3486
2228.5986	4768.415
2229.7607	4724.2852
2230.9229	4697.1338
2232.0845	4685.979
2233.2461	4723.7129
2234.4072	4661.2554
2235.5684	4634.1797
2236.729	4630.0503
2237.8896	4652.5288
2239.0498	4657.4497
2240.2097	4664.9502
2241.3694	4647.2129
2242.5288	4647.7686
2243.688	4594.7173
2244.8469	4624.8589
2246.0056	4598.1797
2247.1641	4610.6104
2248.3223	4584.7241
2249.4802	4609.2876
2250.6372	4554.7246
2251.7947	4558.895
2252.9517	4559.2852
2254.1086	4567.8867
2255.2646	4560.7803
2256.4211	4534.1528
2257.5771	4510.7759
2258.7329	4507.3618
2259.8879	4486.0957
2261.0435	4457.5601
2262.1985	4465.1748
2263.3525	4482.8481
2264.5073	4500.6138
2265.6616	4446.8218
2266.8149	4483.166
2267.9688	4475.1338
2269.1218	4478.6055
2270.2751	4428.0605
2271.4282	4426.875
2272.5803	4429.0103
2273.7329	4446.9238
2274.8845	4414.9561
2276.0366	4431.0059
2277.1877	4421.1543
2278.3386	4438.9209
2279.49	4414.8652
2280.6404	4396.5181
2281.791	4383.1963
2282.9409	4355.1025
2284.0906	4344.4771
2285.2407	4318.0249
2286.3899	4344.5986
2287.5386	4315.6372
2288.688	4332.9395
2289.8362	4344.4902
2290.9844	4335.3057
2292.1328	4328.7397
2293.2805	4331.5532
2294.4277	4295.689
2295.575	4307.7871
2296.7224	4296.2905
2297.8691	4279.6704
2299.0154	4259.6885
2300.1614	4239.8877
2301.3074	4236.5469
2302.4529	4227.0664
2303.5981	4237.1362
2304.7434	4265.0425
2305.8889	4225.0566
2307.0334	4237.4668
2308.1777	4211.9111
2309.3218	4170.3291
2310.4656	4169.3169
2311.6091	4155.8462
2312.7524	4152.2666
2313.8955	4148.1538
2315.0383	4191.5449
2316.1804	4136.2891
2317.3228	4139.5918
2318.4648	4127.6646
2319.6067	4161.2456
2320.748	4084.2839
2321.8894	4100.4756
2323.0305	4098.5659
2324.1714	4077.7417
2325.3113	4090.4324
2326.4517	4031.5364
2327.5918	4060.9387
2328.7314	4040.2861
2329.8704	4034.344
2331.0098	4018.7354
2332.1489	3996.1768
2333.2876	4018.3833
2334.4255	4020.4736
2335.564	3990.5979
2336.7019	3997.7883
2337.8391	3972.989
2338.9768	3965.1917
2340.1135	3983.9526
2341.2505	3974.6077
2342.3867	3950.29
2343.5232	3893.1199
2344.6597	3910.7109
2345.7949	3899.1155
2346.9309	3886.4163
2348.0659	3887.9553
2349.2012	3881.9329
2350.3357	3903.0613
2351.4697	3838.2598
2352.6045	3865.7439
2353.738	3860.9587
2354.8721	3870.7241
2356.0054	3848.5457
2357.1384	3858.4846
2358.2717	3838.4548
2359.4041	3829.624
2360.5364	3803.6462
2361.6689	3791.8472
2362.8008	3798.6965
2363.9321	3788.0486
2365.0635	3782.0581
2366.1951	3780.3701
2367.3257	3783.8254
2368.4563	3771.4358
2369.5864	3760.2295
2370.7166	3723.2249
2371.8469	3728.6897
2372.9763	3712.2217
2374.1057	3737.7683
2375.2346	3720.3694
2376.3635	3706.0474
2377.4919	3707.4888
2378.6201	3676.2981
2379.7483	3682.4358
2380.876	3674.6243
2382.0037	3677.1802
2383.1309	3652.585
2384.2578	3640.9426
2385.3848	3645.6545
2386.5112	3650.0154
2387.6375	3620.6575
2388.7637	3620.1541
2389.8894	3596.7544
2391.0149	3617.1267
2392.1396	3581.9622
2393.2646	3588.47
2394.3896	3584.6379
2395.5142	3556.3232
2396.6384	3556.8794
2397.762	3540.8604
2398.8857	3553.0791
2400.0095	3550.2666
2401.1328	3533.4089
2402.2554	3512.2307
2403.3782	3557.9839
2404.5007	3502.7097
2405.6226	3506.7786
2406.7446	3472.3179
2407.8667	3485.3845
2408.9875	3480.6365
2410.1091	3474.4846
2411.2295	3490.4092
2412.3506	3457.5774
2413.4712	3432.6372
2414.5911	3455.5752
2415.7112	3448.8745
2416.8306	3433.3774
2417.9502	3428.2725
2419.0691	3406.4661
2420.1877	3439.4185
2421.3066	3410.9053
2422.4248	3390.6963
2423.5432	3385.3079
2424.6609	3386.9224
2425.7783	3379.7554
2426.896	3365.0825
2428.0129	3330.7354
2429.1296	3360.2903
2430.2466	3351.5535
2431.3628	3328.3938
2432.4788	3338.8884
2433.595	3328.7275
