299.80441	10943.354
301.44656	10556.307
303.08731	10238.645
304.72858	9826.1006
306.36847	9578.0264
308.00885	9309.3281
309.64789	9023.2012
311.28741	8809.3555
312.92557	8612.4883
314.56424	8447.3623
316.20154	8283.0088
317.83936	8091.5449
319.47577	7913.3281
321.11273	7798.3228
322.74829	7700.25
324.38342	7569.8662
326.01907	7480.2637
327.65335	7387.2603
329.28815	7253.2119
330.92157	7198.3867
332.55453	7131.7983
334.18805	7040.4854
335.82016	6969.02
337.45187	6931.958
339.08408	6867.0952
340.7149	6793.0317
342.34534	6691.3281
343.97626	6631.8428
345.6058	6613.7866
347.23492	6562.252
348.86456	6500.377
350.49283	6479.5366
352.12067	6444.1274
353.74808	6390.0098
355.37601	6384.1519
357.00256	6351.5918
358.62869	6264.2695
360.25439	6281.8145
361.87967	6244.0078
363.50546	6241.5254
365.12988	6198.0771
366.75388	6173.3081
368.37744	6167.126
370.00058	6123.1592
371.62332	6042.3735
373.24561	6068.2466
374.86746	6013.5366
376.48984	5994.8101
378.11087	5957.25
379.73145	5963.0776
381.35162	5907.1108
382.97134	5905.0874
384.59067	5871.8101
386.20956	5863.0522
387.82803	5843.5269
389.44608	5782.9102
391.06369	5790.6885
392.68091	5799.2393
394.29767	5783.8096
395.91403	5754.9399
397.52994	5757.4526
399.14545	5701.5723
400.76053	5655.6709
402.37427	5670.3838
403.98849	5710.731
405.60229	5651.1592
407.2157	5677.9609
408.82867	5605.2393
410.44122	5602.8286
412.05334	5572.5112
413.66504	5611.8623
415.27539	5595.0132
416.88626	5582.0913
418.4967	5584.5923
420.10672	5544.4609
421.71631	5550.375
423.32455	5569.5835
424.93332	5520.2622
426.54166	5526.0166
428.14957	5585.7944
429.75616	5553.7051
431.36322	5516.5156
432.96988	5502.2466
434.57614	5527.04
436.18103	5517.377
437.78644	5516.2935
439.39142	5489.0278
440.99506	5465.7456
442.59918	5502.7856
444.20291	5465.1543
445.8053	5480.1519
447.4082	5456.6025
449.00974	5447.1157
450.61182	5429.2666
452.21344	5390.2661
453.81375	5419.9102
455.41455	5410.5679
457.01401	5377.3286
458.61398	5388.6152
460.21262	5323.5913
461.81174	5346.7144
463.40955	5309.3848
465.00784	5317.9214
466.60483	5305.8115
468.20227	5313.3198
469.79843	5298.9067
471.39505	5285.6113
472.99036	5259.1626
474.58618	5269.5166
476.18066	5232.1372
477.77563	5258.0693
479.36929	5268.5098
480.96252	5253.5571
482.55624	5228.4653
484.14865	5216.5723
485.74066	5225.0269
487.33313	5233.8418
488.92432	5222.6729
490.51505	5203.9253
492.10632	5212.5098
493.69623	5204.6958
495.28574	5222.1826
496.87576	5175.6348
498.46445	5205.8101
500.0527	5196.0918
501.64059	5174.9102
503.22894	5190.3794
504.81598	5153.7891
506.40262	5131.1631
507.98883	5172.6147
509.57462	5163.1191
511.16092	5131.5371
512.74591	5148.3936
514.33051	5122.9023
515.91467	5165.1333
517.49841	5177.2944
519.08173	5197.9102
520.66559	5191.5166
522.24811	5147.0713
523.8302	5076.6074
525.41193	5026.0425
526.99316	5016.3457
528.5741	5009.9541
530.15454	5009.2998
531.73462	4966.6841
533.31427	4966.5767
534.89349	5005.8115
536.47235	4938.3965
538.05078	4954.2344
539.62878	4953.0049
541.20636	4987.8247
542.78357	4911.4575
544.36041	4945.8989
545.93677	4961.9214
547.51276	4944.4136
549.08832	4957.3433
550.66351	4978.2749
552.23822	4966.5923
553.81171	4971.3496
555.38562	4988.9321
556.95917	4992.4395
558.53229	5032.0659
560.10504	5004.6846
561.67737	4983.3013
563.24835	5017.4424
564.81989	5014.4961
566.39099	5016.9009
567.96167	5007.5889
569.53198	5026.7148
571.10095	4979.8921
572.67041	5006.4985
574.2395	4949.7754
575.80817	4949.7446
577.37555	4946.3774
578.94342	4986.4526
580.51086	4935.0825
582.07703	4934.2114
583.64368	4904.4883
585.2099	4906.8667
586.77484	4916.2744
588.34027	4904.0547
589.90533	4923.543
591.46906	4908.6816
593.03326	4897.2612
594.59619	4878.5991
596.15967	4905.0288
597.72266	4862.083
599.28436	4887.3418
600.84662	4900.8833
602.40753	4900.4478
603.96893	4885.354
605.52905	4892.6021
607.08966	4909.0464
608.64899	4869.6191
610.2088	4895.8105
611.76733	4871.936
613.32629	4872.0508
614.88403	4923.7212
616.44135	4931.2441
617.99915	4898.9771
619.55566	4936.373
621.11267	4955.8335
622.6684	4950.3296
624.22369	4982.0259
625.77948	4979.0254
627.33398	4985.2827
628.88812	4988.5186
630.44275	5057.7363
631.99603	5042.7002
633.54895	5063.6748
635.10242	5066.0098
636.65448	5106.3936
638.20624	5145.2632
639.75842	5162.2158
641.30939	5121.6001
642.85992	5155.0781
644.41003	5159.9551
645.95978	5196.4556
647.51001	5155.7271
649.05896	5145.3169
650.60748	5140.4907
652.15564	5101.1621
653.70337	5085.0513
655.25165	5084.6465
656.79858	5086.4243
658.34515	5038.2656
659.8913	5021.7793
661.43707	5016.7861
662.98248	5034.0254
664.52747	4995.9399
666.07202	5000.1387
667.61621	5005.8218
669.16003	4987.5376
670.70343	4966.8481
672.2464	4949.373
673.78906	4925.3848
675.33124	4960.9043
676.87305	4930.7817
678.41449	4952.7266
679.95551	4929.9966
681.49615	4921.8291
683.03644	4938.3848
684.57629	4955.5049
686.11572	4941.0474
687.65479	4958.9092
689.19348	4939.626
690.73175	4944.9326
692.26874	4956.9551
693.80627	4944.5762
695.34338	4936.4111
696.88007	4923.4609
698.41638	4863.2915
699.95233	4919.1089
701.48694	4889.4985
703.02209	4903.0674
704.55688	4932.1411
706.09125	4905.0205
707.62518	4915.4565
709.1579	4948.04
710.6911	4951.6069
712.22388	4961.8252
713.75537	4962.1582
715.28741	4946.7051
716.81903	5000.4922
718.34937	4987.7729
719.88025	5017.209
721.41071	5028.3774
722.93988	5102.3667
724.46954	5129.0132
725.99884	5203.8486
727.52686	5252.9165
729.05536	5315.3145
730.58264	5393.1665
732.11035	5454.0342
733.63684	5473.1206
735.16376	5435.4878
736.69031	5391.7056
738.21564	5392.5557
739.74139	5331.7842
741.26593	5388.0835
742.7901	5358.3848
744.3147	5349.6021
745.83807	5270.5356
747.36194	5271.354
748.88452	5220.3687
750.40759	5170.5913
751.92938	5062.4932
753.45172	5006.189
754.97278	4970.4707
756.49341	4909.3652
758.01459	4936.7983
759.53442	4896.1982
761.05396	4913.0273
762.57391	4880.373
764.09265	4917.1143
765.61102	4873.9419
767.12982	4900.3848
768.6474	4885.9922
770.16461	4899.8213
771.6814	4886.3408
773.19867	4871.6934
774.71472	4895.105
776.23041	4909.0449
777.74567	4914.4331
779.26056	4920.6074
780.77588	4934.3516
782.29004	4934.9492
783.80377	4964.2827
785.31708	4917.0601
786.83008	4960.2002
788.34265	4963.2427
789.85486	4951.5083
791.36755	4951.3281
792.87897	4946.4795
794.39001	4942.7134
795.9007	4950.1802
797.41101	4937.8638
798.9209	4938.4473
800.43042	4979.8057
801.93958	4958.4004
803.4483	4941.8271
804.95673	4954.1235
806.46472	4976.52
807.97235	4939.2402
809.47955	4965.625
810.98639	4954.6035
812.49292	4963.5957
813.99896	4941.4126
815.50385	4923.9717
817.00916	4932.0293
818.5141	4939.9824
820.01868	4965.1401
821.52289	4974.9087
823.02673	4966.9727
824.53015	4953.2998
826.03235	4965.1494
827.53503	4976.583
829.03729	5010.4634
830.53925	4967.5479
832.04077	5014.9639
833.54108	4969.4805
835.04187	4970.4458
836.54224	4980.7979
838.04144	4973.0518
839.54108	4964.8472
841.04034	4983.3887
842.53925	4948.6426
844.03687	4967.3687
845.53503	4975.186
847.03278	4976.0762
848.5293	4938.9224
850.02631	4959.8472
851.52209	4953.2832
853.01837	4946.021
854.51422	4951.2432
856.00885	4951.1592
857.50397	4957.938
858.99786	4947.3418
860.49225	4937.4282
861.98541	4954.2402
863.479	4941.4917
864.97137	4944.04
866.46423	4907.6235
867.95587	4907.2949
869.448	4912.4043
870.9389	4915.4717
872.4303	4911.0186
873.92041	4923.5806
875.41101	4918.8066
876.90045	4928.5723
878.38947	4901.5879
879.87891	4903.4033
881.36719	4890.478
882.8551	4904.4585
884.34344	4946.5938
885.83063	4867.7139
887.31738	4947.6138
888.80463	4921.9629
890.29065	4925.9473
891.77631	4938.3545
893.26245	4908.3008
894.74738	4920.1621
896.23193	4920.5264
897.71606	4902.1763
899.19989	4929.9707
900.68414	4937.7485
902.16724	4914.4604
903.6499	4892.5977
905.1322	4915.4404
906.61414	4912.8198
908.09656	4946.0107
909.57776	4947.9312
911.05853	4966.377
912.539	4960.1494
914.0191	4986.9937
915.49878	4936.709
916.97815	4989.0732
918.45709	5002.5625
919.93573	4999.1387
921.41394	4980.854
922.89178	4994.1777
924.36932	4984.2207
925.84644	5029.7271
927.32318	5011.1724
928.79956	5013.54
930.27557	5017.2222
931.75122	4988.498
933.2265	4969.9312
934.70142	4970.3433
936.17596	4959.5098
937.65009	4970.1313
939.1239	4956.7065
940.5965	4949.5435
942.06958	4966.3052
943.5423	4967.3467
945.01459	4948.1885
946.48657	4953.9448
947.95819	4954.9312
949.42853	4939.5825
950.89941	4941.9272
952.36987	4937.8931
953.84003	4900.3145
955.30896	4945.5503
956.77832	4937.5098
958.24738	4916.4453
959.716	4936.3799
961.18347	4883.6992
962.65143	4852.8179
964.11896	4871.0664
965.58533	4859.377
967.05219	4873.1943
968.51862	4893.2866
969.98389	4879.8447
971.44965	4872.7456
972.91418	4856.7241
974.37915	4889.8047
975.84296	4877.0298
977.30725	4888.2432
978.77118	4916.4082
980.23389	4884.4028
981.69708	4904.1748
983.15906	4909.4644
984.62152	4896.0742
986.08276	4889.8228
987.54364	4843.1626
989.005	4878.6934
990.46515	4880.6265
991.92584	4891.4512
993.38525	4894.3311
994.84515	4893.1714
996.30389	4875.5435
997.76221	4863.6343
999.22107	4895.1719
1000.6786	4911.6069
1002.1359	4917.3613
1003.5937	4897.1343
1005.0502	4891.6221
1006.5064	4881.1025
1007.9631	4884.5547
1009.4185	4872.7183
1010.8736	4885.5229
1012.3283	4878.9692
1013.7836	4887.4839
1015.2375	4899.5449
1016.6912	4902.834
1018.1445	4892.5688
1019.5974	4883.916
1021.0508	4895.9316
1022.5031	4924.5532
1023.9549	4906.7104
1025.4064	4925.9048
1026.8575	4906.2822
1028.3082	4923.8691
1029.7587	4966.3916
1031.2087	4928.9941
1032.6584	4904.9443
1034.1078	4920.2959
1035.5568	4886.6123
1037.0062	4902.252
1038.4545	4926.4634
1039.9023	4914.7754
1041.3499	4907.2505
1042.7963	4932.2939
1044.243	4923.6846
1045.6896	4913.6543
1047.1356	4914.084
1048.5814	4922.7407
1050.0267	4900.4707
1051.4718	4936.4326
1052.9165	4909.8296
1054.3608	4936.6226
1055.8048	4885.7412
1057.2476	4882.4111
1058.6908	4912.5435
1060.1337	4906.1411
1061.5763	4898.8921
1063.0184	4865.522
1064.4595	4873.8667
1065.9009	4916.5532
1067.342	4912.2671
1068.7828	4906.2744
1070.2223	4910.7334
1071.6624	4871.5308
1073.1021	4887.8345
1074.5414	4878.9727
1075.9796	4890.8647
1077.4182	4914.0752
1078.8564	4887.1416
1080.2936	4879.4785
1081.7311	4844.6387
1083.1675	4847.209
1084.6044	4808.3848
1086.0409	4817.7808
1087.4762	4821.2212
1088.912	4841.1631
1090.3466	4851.8491
1091.7816	4824.4224
1093.2156	4826.1592
1094.6499	4790.6699
1096.0831	4800.6245
1097.5168	4811.6558
1098.9493	4828.2021
1100.3823	4776.834
1101.8141	4824.8164
1103.2463	4834.4243
1104.6774	4804.8721
1106.1082	4813.9814
1107.5393	4824.1445
1108.9694	4826.0889
1110.399	4848.1538
1111.8292	4818.8159
1113.2582	4853.1621
1114.6868	4835.377
1116.1158	4852.5293
1117.5438	4844.2817
1118.9714	4853.019
1120.3994	4836.2271
1121.8263	4866.6123
1123.2528	4857.7188
1124.679	4858.8335
1126.1047	4869.9556
1127.5311	4864.6465
1128.9562	4864.4512
1130.381	4873.7651
1131.8054	4889.3647
1133.2295	4871.4673
1134.6532	4885.4053
1136.0774	4859.2734
1137.5004	4842.7046
1138.923	4842.7139
1140.3453	4858.5513
1141.7673	4850.8306
1143.189	4859.2305
1144.6102	4859.0913
1146.0311	4831.457
1147.4518	4843.9199
1148.8719	4866.8794
1150.2919	4843.4863
1151.7114	4846.5669
1153.1306	4845.1309
1154.5494	4808.4497
1155.9679	4830.5376
1157.386	4828.1636
1158.8038	4817.731
1160.2213	4825.2583
1161.6376	4803.4253
1163.0543	4790.7817
1164.4707	4808.8018
1165.8868	4783.7939
1167.3025	4743.1353
1168.7179	4754.4766
1170.1321	4716.771
1171.5468	4737.0322
1172.9611	4728.1064
1174.3751	4714.6357
1175.788	4722.6299
1177.2012	4705.7197
1178.6141	4676.7456
1180.0267	4676.6201
1181.4382	4672.6289
1182.8501	4675.0044
1184.2617	4680.0254
1185.6721	4717.2715
1187.083	4676.498
1188.4935	4715.748
1189.903	4696.1768
1191.3127	4703.8638
1192.7214	4714.1392
1194.1306	4725.9756
1195.5386	4744.0732
1196.947	4758.543
1198.3544	4723.7788
1199.7622	4752.376
1201.1688	4719.7422
1202.5759	4732.9067
1203.9818	4713.5317
1205.3883	4712.1509
1206.7936	4739.6606
1208.1992	4718.5962
1209.6038	4728.6255
1211.0089	4702.3916
1212.4127	4693.7368
1213.8163	4693.8779
1215.2203	4684.4507
1216.6232	4684.9097
1218.0258	4702.6294
1219.4287	4664.748
1220.8306	4675.5
1222.2321	4658.7231
1223.634	4664.9766
1225.0348	4680.5991
1226.4353	4683.874
1227.8354	4704.6235
1229.236	4670.7007
1230.6355	4693.6362
1232.0345	4673.4253
1233.4333	4672.2183
1234.8318	4662.583
1236.2307	4659.9375
1237.6284	4669.9575
1239.0259	4628.9961
1240.423	4624.1631
1241.8197	4654.7661
1243.2161	4623.4712
1244.6121	4619.1392
1246.0078	4620.3457
1247.4032	4603.1279
1248.7982	4618.6426
1250.193	4632.0684
1251.5873	4618.5103
1252.9813	4578.769
1254.375	4584.1831
1255.7683	4589.2583
1257.1614	4587.4102
1258.5541	4591.3584
1259.9464	4606.9443
1261.3384	4560.835
1262.73	4586.5088
1264.1213	4594.6289
1265.5123	4565.6367
1266.903	4573.0981
1268.2925	4562.1216
1269.6825	4561.7144
1271.0721	4558.8633
1272.4614	4556.7358
1273.8503	4554.0894
1275.2382	4536.1016
1276.6265	4557.4668
1278.0144	4513.5903
1279.4021	4544.7036
1280.7886	4538.7769
1282.1754	4531.6909
1283.5621	4527.1221
1284.9475	4524.7729
1286.3335	4532.8677
1287.7191	4531.2217
1289.1035	4518.3501
1290.4885	4518.8989
1291.873	4514.127
1293.2566	4510.251
1294.6405	4537.7544
1296.0233	4528.3213
1297.4065	4503.8882
1298.7887	4550.5259
1300.1713	4568.7549
1301.5527	4550.4702
1302.9347	4535.0737
1304.3154	4549.916
1305.6967	4593.6577
1307.0768	4576.6582
1308.4574	4593.0781
1309.8369	4597.6362
1311.2168	4600.187
1312.5956	4614.3525
1313.974	4613.7622
1315.3529	4594.8042
1316.7307	4632.0596
1318.1083	4615.6704
1319.4861	4622.5625
1320.8629	4641.6978
1322.2394	4644.0063
1323.6163	4651.1396
1324.9922	4616.7534
1326.3676	4643.0801
1327.7428	4629.8745
1329.1184	4636.6816
1330.4928	4645.9487
1331.8669	4624.707
1333.2408	4638.8345
1334.6143	4630.4678
1335.9874	4623.0898
1337.3611	4633.2515
1338.7335	4618.3633
1340.1057	4570.2749
1341.4775	4582.5815
1342.849	4542.9399
1344.2202	4522.522
1345.5911	4515.5986
1346.9615	4485.4844
1348.3318	4441.1626
1349.7015	4455.0034
1351.071	4404.3311
1352.4403	4392.6401
1353.8092	4379.0493
1355.1777	4377.0479
1356.5459	4323.5879
1357.9138	4350.2041
1359.2814	4330.4761
1360.6486	4297.2236
1362.0154	4312.5674
1363.382	4313.8926
1364.7474	4324.2329
1366.1134	4308.5801
1367.4789	4305.6689
1368.8441	4310.4731
1370.2091	4286.8804
1371.5737	4295.7871
1372.9371	4284.7158
1374.3011	4281.6772
1375.6647	4267.5308
1377.028	4258.9282
1378.3901	4271.9868
1379.7528	4266.7896
1381.1151	4222.6563
1382.4763	4254.6538
1383.838	4233.251
1385.1993	4204.4468
1386.5594	4214.6948
1387.9202	4201.6582
1389.2798	4215.0571
1390.6398	4202.27
1391.9995	4208.2412
1393.358	4212.9341
1394.717	4207.2188
1396.0751	4223.1011
1397.4333	4207.2905
1398.7906	4197.4717
1400.1484	4172.6729
1401.505	4176.0054
1402.8622	4154.7217
1404.2181	4137.5859
1405.5746	4141.4082
1406.9299	4137.2642
1408.2849	4117.0449
1409.6404	4113.6987
1410.9948	4101.9932
1412.3496	4090.4353
1413.7032	4094.7769
1415.0566	4085.658
1416.4105	4075.1809
1417.7633	4094.3486
1419.1157	4059.0928
1420.4678	4076.408
1421.8203	4035.4197
1423.1719	4028.9565
1424.5229	4035.1597
1425.8738	4053.3738
1427.2242	4030.4951
1428.5752	4027.1392
1429.925	4046.1567
1431.2745	4064.1648
1432.6238	4071.5691
1433.9727	4067.2764
1435.3212	4073.6636
1436.6694	4060.5679
1438.0181	4068.6101
1439.3657	4045.71
1440.7129	4053.698
1442.0599	4050.8923
1443.4065	4055.1301
1444.7528	4100.4263
1446.0988	4094.1245
1447.4445	4103.7539
1448.7898	4096.4863
1450.1348	4094.1714
1451.4795	4095.9004
1452.8239	4123.0933
1454.1671	4121.8813
1455.5109	4121.3232
1456.8544	4106.7783
1458.1974	4102.8989
1459.5402	4085.0842
1460.8827	4056.1072
1462.2249	4034.0112
1463.5658	4004.4395
1464.9073	4006.3311
1466.2485	3986.0388
1467.5894	3981.5659
1468.9292	3954.3794
1470.2694	3927.2971
1471.6093	3927.6587
1472.9489	3930.8027
1474.2874	3890.8066
1475.6263	3891.8267
1476.965	3881.5605
1478.3025	3858.1274
1479.6405	3850.1741
1480.9774	3850.4751
1482.3148	3851.675
1483.6519	3834.8433
1484.9878	3841.7141
1486.3242	3809.8501
1487.6595	3806.7275
1488.9952	3814.6421
1490.33	3807.6577
1491.665	3802.5906
1492.9991	3792.1838
1494.3336	3777.9846
1495.6671	3769.1982
1497.001	3757.8047
1498.3337	3759.7151
1499.667	3735.4866
1500.9991	3757.1064
1502.3309	3736.6768
1503.6632	3737.5928
1504.9945	3715.0886
1506.3253	3729.6348
1507.6567	3695.4333
1508.9869	3721.053
1510.3169	3718.8884
1511.6473	3690.1165
1512.9767	3700.6184
1514.3057	3682.3877
1515.6343	3691.2419
1516.9635	3680.1499
1518.2915	3677.8074
1519.6193	3642.1023
1520.9467	3669.7146
1522.2738	3652.053
1523.6006	3654.5522
1524.9271	3668.0132
1526.254	3665.4409
1527.58	3653.1472
1528.9054	3676.3511
1530.2307	3677.6484
1531.5555	3683.3755
1532.8802	3682.1331
1534.2045	3691.8069
1535.5284	3694.1086
1536.8522	3673.6482
1538.1755	3674.6685
1539.4985	3671.5791
1540.8213	3666.8967
1542.1437	3656.1968
1543.4658	3644.1726
1544.7876	3651.5918
1546.1083	3637.7566
1547.4294	3625.9277
1548.7504	3610.2092
1550.0709	3611.248
1551.3911	3606.627
1552.7111	3604.5559
1554.0306	3579.137
1555.3491	3579.645
1556.6682	3578.9407
1557.9868	3563.1438
1559.3052	3581.3293
1560.6226	3582.2483
1561.9403	3576.0134
1563.2577	3567.9363
1564.5741	3569.6023
1565.8909	3553.2166
1567.2074	3564.1111
1568.5228	3546.7214
1569.8386	3577.9429
1571.1543	3550.7378
1572.4688	3565.3079
1573.7837	3535.7078
1575.0975	3542.4631
1576.4119	3548.7488
1577.7252	3539.3535
1579.0389	3543.8806
1580.3516	3512.4531
1581.6647	3512.3264
1582.9767	3507.707
1584.2892	3488.5125
1585.6006	3489.7434
1586.9125	3507.8047
1588.2233	3488.9172
1589.5337	3482.001
1590.8446	3466.2412
1592.1545	3450.22
1593.4641	3448.3262
1594.774	3471.6697
1596.083	3450.8391
1597.3917	3457.8145
1598.7008	3435.4082
1600.0088	3416.7642
1601.3165	3406.6921
1602.6239	3414.4141
1603.9318	3387.0239
1605.2386	3387.9646
1606.545	3409.8257
1607.8513	3372.7336
1609.1571	3367.4629
1610.4635	3362.6238
1611.7688	3340.0261
1613.0737	3346.8108
1614.3784	3330.5325
1615.6827	3332.9792
1616.9867	3329.9829
1618.2905	3313.7964
1619.5939	3324.9905
1620.8971	3317.1545
1622.1998	3308.3252
1623.5023	3331.1616
1624.8046	3323.2021
1626.1064	3344.2566
1627.4081	3291.1155
1628.7094	3308.7371
1630.0104	3289.1611
1631.311	3291.7778
1632.6115	3297.8433
1633.9115	3288.6582
1635.2106	3262.7725
1636.51	3282.9819
1637.8092	3272.8838
1639.108	3283.9182
1640.4066	3275.8992
1641.7048	3251.2095
1643.002	3290.4551
1644.2997	3274.9006
1645.597	3265.335
1646.894	3245.4614
1648.1901	3240.2317
1649.4865	3247.6924
1650.7826	3249.8987
1652.0776	3255.3335
1653.3732	3223.0005
1654.6683	3241.4846
1655.9625	3233.8342
1657.2572	3210.0154
1658.5508	3215.5667
1659.8447	3210.4973
1661.1377	3218.5171
1662.4312	3217.3049
1663.7235	3211.2166
1665.0162	3199.1443
1666.308	3202.3733
1667.6002	3182.4976
1668.8914	3201.6658
1670.183	3176.689
1671.4735	3157.6729
1672.7645	3150.4482
1674.0544	3161.8198
1675.3441	3180.8098
1676.6342	3142.2388
1677.9232	3163.6042
1679.2119	3148.6121
1680.5012	3147.2786
1681.7893	3125.7192
1683.0771	3147.6787
1684.3655	3113.1465
1685.6527	3125.5085
1686.9396	3103.9399
1688.2263	3097.5061
1689.5133	3119.252
1690.7994	3097.1787
1692.0851	3106.0359
1693.3706	3079.1252
1694.6558	3064.3513
1695.9406	3042.396
1697.2258	3054.0911
1698.5101	3065.4438
1699.7941	3080.8943
1701.0778	3045.1865
1702.3611	3039.3813
1703.6442	3054.4717
1704.9269	3039.1147
1706.2094	3023.3884
1707.4915	3020.9673
1708.7733	3042.7578
1710.0549	3018.0615
1711.3362	3003.1733
1712.6172	2979.2644
1713.8978	3016.0181
1715.1775	2994.3477
1716.4575	2994.8911
1717.7373	2968.2961
1719.0168	3001.2671
1720.296	2988.7441
1721.5748	2954.3345
1722.8535	2986.9434
1724.131	2966.9302
1725.4091	2969.6538
1726.6868	2961.0493
1727.9641	2948.959
1729.2405	2983.2183
1730.5173	2950.0103
1731.7938	2956.9761
1733.0693	2937.0874
1734.3452	2941.8071
1735.6208	2946.575
1736.8955	2944.0239
1738.1705	2934.3015
1739.4453	2946.7737
1740.719	2921.2798
1741.9932	2941.8435
1743.2662	2928.4639
1744.5398	2923.2937
1745.8124	2917.4897
1747.0853	2901.2578
1748.3573	2901.4912
1749.6296	2881.4458
1750.901	2906.1157
1752.1727	2895.5522
1753.4435	2874.8408
1754.714	2884.1111
1755.9849	2874.5671
1757.2548	2891.4973
1758.5251	2888.823
1759.7944	2875.1189
1761.0635	2858.876
1762.3329	2855.2275
1763.6013	2865.436
1764.8694	2862.9258
1766.1372	2850.1672
1767.4055	2845.7944
1768.6727	2836.8176
1769.9397	2835.2322
1771.2063	2822.5066
1772.4734	2826.6069
1773.7395	2838.3977
1775.0052	2804.7131
1775.5819	2804.6143
1776.8502	2841.9844
1778.119	2811.5771
1779.3867	2814.3604
1780.6548	2812.1804
1781.9219	2783.7222
1783.1895	2786.9307
1784.4561	2781.7864
1785.7223	2750.6619
1786.9889	2775.5898
1788.2545	2746.428
1789.5206	2737.2141
1790.7858	2745.5667
1792.0505	2740.9304
1793.3157	2742.1252
1794.58	2718.0376
1795.8438	2743.5952
1797.1074	2718.1873
1798.3715	2757.6152
1799.6345	2722.083
1800.8972	2727.0344
1802.1597	2714.2756
1803.4225	2715.2776
1804.6843	2693.8481
1805.9459	2726.8174
1807.2072	2708.792
1808.4681	2717.009
1809.7289	2693.0239
1810.9893	2686.2986
1812.2501	2698.0493
1813.5099	2677.0342
1814.7695	2694.5007
1816.0287	2685.3474
1817.2876	2674.1672
1818.5463	2654.3748
1819.8047	2662.6648
1821.0627	2688.9871
1822.3206	2663.0027
1823.578	2672.2087
1824.8352	2661.8123
1826.0922	2626.7646
1827.3488	2640.501
1828.6051	2659.6111
1829.8612	2645.8821
1831.1169	2602.5696
1832.3717	2629.3389
1833.6268	2632.6577
1834.8818	2629.9888
1836.1364	2624.6279
1837.3907	2600.8552
1838.6448	2591.1145
1839.8984	2574.5476
1841.1512	2584.5186
1842.4044	2563.4639
1843.6572	2580.7244
1844.9098	2580.5623
1846.1614	2580.7441
1847.4135	2572.9656
1848.6652	2578.7783
1849.9166	2558.6904
1851.167	2556.5356
1852.4178	2552.3167
1853.6685	2551.304
1854.918	2549.521
1856.168	2536.5476
1857.417	2521.135
1858.6664	2502.2493
1859.9155	2531.7864
1861.1637	2520.366
1862.4122	2518.8057
1863.6598	2505.125
1864.9078	2506.9663
1866.1548	2506.4143
1867.4022	2505.905
1868.6487	2479.499
1869.8955	2479.6479
1871.1414	2468.0583
1872.3876	2489.718
1873.6328	2477.6587
1874.8785	2483.8894
1876.1233	2465.6614
1877.3677	2463.2529
1878.6125	2465.9868
1879.8563	2460.2783
1881.1007	2460.751
1882.3439	2450.8799
1883.5869	2463.759
1884.8303	2448.0588
1886.0728	2462.5613
1887.3149	2438.4819
1888.5568	2420.9802
1889.7991	2458.5806
1891.0403	2432.4165
1892.2814	2433.4451
1893.5221	2429.489
1894.7632	2435.3889
1896.0033	2414.2671
1897.2432	2439.6396
1898.4828	2415.7815
1899.722	2445.8982
1900.9611	2427.3562
1902.1998	2436.7661
1903.439	2407.9104
1904.6771	2403.8386
1905.915	2416.1887
1907.1526	2418.7253
1908.3899	2426.0376
1909.627	2396.5828
1910.8638	2415.9685
1912.1002	2386.7146
1913.3364	2385.5798
1914.5723	2396.2786
1915.8079	2387.2778
1917.0432	2373.3748
1918.2783	2375.5129
1919.5131	2386.1992
1920.7476	2371.5527
1921.9811	2379.0811
1923.215	2364.011
1924.4486	2385.4187
1925.682	2365.9854
1926.9152	2376.0703
1928.1479	2361.2166
1929.3804	2334.0688
1930.6119	2359.2881
1931.8439	2352.8311
1933.0756	2350.3103
1934.307	2316.4812
1935.5374	2321.2183
1936.7683	2320.3472
1937.9988	2318.5674
1939.2284	2304.5823
1940.4584	2315.4058
1941.6881	2298.0618
1942.9169	2282.6912
1944.146	2274.5559
1945.3749	2273.9541
1946.6028	2273.1426
1947.8311	2257.1294
1949.0591	2269.0437
1950.2861	2270.5073
1951.5137	2255.4585
1952.7401	2255.6245
1953.967	2221.2175
1955.193	2224.0977
1956.4193	2225.1592
1957.6448	2230.1719
1958.8705	2222.2156
1960.0953	2222.4583
1961.3206	2219.4131
1962.5449	2213.2246
1963.7689	2194.3347
1964.9933	2201.5042
1966.2167	2196.8396
1967.4406	2200.3135
1968.6635	2181.2893
1969.886	2179.6584
1971.109	2190.7783
1972.3311	2184
1973.5529	2177.4658
1974.775	2153.72
1975.9962	2167.4705
1977.2172	2184.6331
1978.4379	2155.7542
1979.6589	2152.0884
1980.879	2149.8364
1982.0989	2146.1858
1983.3184	2113.5425
1984.5377	2146.6853
1985.7567	2132.3892
1986.9761	2119.8767
1988.1946	2132.0115
1989.4127	2130.3064
1990.6306	2135.5403
1991.8483	2112.833
1993.0656	2140.1592
1994.2826	2131.7793
1995.4994	2116.7993
1996.7159	2082.1665
1997.9321	2078.5825
1999.1481	2104.5061
2000.3638	2100.9072
2001.5792	2102.8257
2002.7943	2069.4634
2004.0092	2074.2546
2005.2238	2056.9087
2006.4381	2046.7964
2007.6521	2057.5571
2008.8658	2055.3032
2010.0793	2090.7646
2011.2919	2092.7041
2012.5049	2061.8147
2013.7175	2039.8763
2014.9299	2032.6766
2016.142	2035.9888
2017.3531	2058.9685
2018.5647	2045.8893
2019.776	2055.1855
2020.9871	2038.0981
2022.197	2035.4772
2023.4075	2033.597
2024.6177	2024.0514
2025.8276	2002.9702
2027.0366	2023.0881
2028.246	2025.3086
2029.4551	2016.8469
2030.6632	1983.7283
2031.8718	1989.8312
2033.0793	1987.7231
2034.2874	1949.3563
2035.4944	1927.366
2036.7019	1903.7463
2037.9091	1909.4174
2039.1154	1930.4851
2040.322	1956.7256
2041.5277	1961.9701
2042.7338	1963.8843
2043.939	1983.4429
2045.1438	1954.2482
2046.3491	1954.1177
2047.5535	1893.864
2048.7581	1899.5221
2049.9619	1903.9813
2051.1663	1916.579
2052.3694	1897.901
2053.5723	1887.597
2054.7759	1903.6978
2055.9783	1888.2313
2057.1804	1916.1158
2058.3823	1914.6039
2059.5845	1898.8969
2060.7859	1874.5381
2061.9871	1884.5973
2063.1877	1858.9305
2064.3889	1866.8463
2065.5894	1868.0111
2066.7893	1849.787
2067.989	1847.1934
2069.1885	1838.1147
2070.3884	1845.4998
2071.5872	1881.954
2072.7859	1850.3462
2073.9844	1851.9137
2075.1824	1844.1315
2076.3801	1841.9563
2077.5779	1815.7278
2078.7751	1821.3815
2079.9722	1808.5223
2081.1689	1829.4927
2082.3655	1835.0386
2083.5615	1840.5426
2084.7576	1828.265
2085.9534	1817.9009
2087.1487	1812.6351
2088.3438	1837.1815
2089.5388	1820.0883
2090.7334	1838.9839
2091.9277	1816.816
2093.1211	1826.0374
2094.3149	1811.6544
2095.5085	1789.7147
2096.7017	1816.5006
2097.8948	1814.0229
2099.0867	1797.4214
2100.2793	1807.3445
2101.4714	1800.0669
2102.6633	1795.103
2103.8545	1798.321
2105.0459	1788.7369
2106.2371	1790.6228
2107.4277	1774.7711
2108.6177	1794.1011
2109.8081	1777.8755
2110.9976	1767.6216
2112.1873	1754.3445
2113.3767	1765.579
2114.5654	1761.5006
2115.7544	1762.9868
2116.9424	1764.7244
2118.1309	1747.1772
2119.3191	1731.9242
2120.5063	1757.0455
2121.6941	1739.1223
2122.8809	1739.5316
2124.0679	1716.9287
2125.2542	1721.7489
2126.4402	1718.101
2127.6265	1721.0619
2128.8118	1705.2839
2129.9976	1688.1077
2131.1826	1668.7889
2132.3672	1654.4175
2133.5522	1659.7328
2134.7363	1668.953
2135.9202	1691.8691
2137.1042	1672.8894
2138.2876	1682.101
2139.4707	1665.3339
2140.6541	1674.3903
2141.8364	1660.098
2143.0188	1634.3765
2144.2007	1628.4875
2145.3823	1601.9602
2146.5645	1589.6438
2147.7456	1607.4215
2148.9265	1593.8893
2150.1072	1615.5806
2151.2876	1615.1251
2152.4678	1615.3231
2153.6477	1614.8534
2154.8279	1615.2334
2156.0073	1614.5022
2157.1863	1610.7814
2158.3652	1604.5952
2159.5437	1610.2896
2160.7219	1604.0703
2161.8999	1600.4714
2163.0776	1576.0533
2164.2551	1583.5134
2165.4324	1570.0511
2166.6094	1568.9783
2167.7854	1546.9392
2168.9619	1548.0375
2170.1382	1551.2703
2171.314	1560.1527
2172.4897	1553.3337
2173.665	1561.2228
2174.8401	1561.6925
2176.0144	1559.0077
2177.189	1562.8798
2178.3633	1546.0188
2179.5374	1536.8153
2180.7107	1547.866
2181.8843	1559.1782
2183.0574	1532.2552
2184.2305	1549.7317
2185.4026	1558.6489
2186.5752	1541.6992
2187.7473	1535.7538
2188.9187	1534.0933
2190.0906	1535.8901
2191.262	1499.6427
2192.4326	1509.2502
2193.6035	1504.8894
2194.7734	1499.4342
2195.9441	1521.3064
2197.1135	1519.8984
2198.2834	1519.3201
2199.4524	1516.5317
2200.6218	1525.4023
2201.7903	1518.5223
2202.9592	1504.6216
2204.1272	1502.9166
2205.2954	1470.1223
2206.4629	1456.3569
2207.6301	1461.0325
2208.7976	1468.1117
2209.9644	1477.5806
2211.1313	1460.5806
2212.2976	1453.7539
2213.4634	1429.2406
2214.6299	1454.7921
2215.7952	1471.0005
2216.9602	1463.061
2218.125	1467.4556
2219.2903	1450.5631
2220.4546	1458.1117
2221.6189	1443.9548
2222.7827	1448.3032
2223.946	1433.0111
2225.1101	1438.2872
2226.2732	1429.9622
2227.436	1422.3445
2228.5986	1406.3381
2229.7607	1428.4641
2230.9229	1392.8683
2232.0845	1409.2406
2233.2461	1415.5433
2234.4072	1399.4491
2235.5684	1395.0989
2236.729	1383.2046
2237.8896	1386.7357
2239.0498	1390.6245
2240.2097	1401.7094
2241.3694	1402.4501
2242.5288	1370.1361
2243.688	1370.7328
2244.8469	1375.2238
2246.0056	1376.3019
2247.1641	1369.1117
2248.3223	1384.0798
2249.4802	1361.8628
2250.6372	1370.3961
2251.7947	1357.2734
2252.9517	1366.9562
2254.1086	1357.3994
2255.2646	1359.0934
2256.4211	1355.9242
2257.5771	1369.8894
2258.7329	1354.9337
2259.8879	1332.3815
2261.0435	1338.3583
2262.1985	1319.7834
2263.3525	1318.3583
2264.5073	1344.8557
2265.6616	1336.4393
2266.8149	1328.4679
2267.9688	1324.0112
2269.1218	1330.488
2270.2751	1332.6917
2271.4282	1314.5383
2272.5803	1307.0269
2273.7329	1317.5063
2274.8845	1314.6089
2276.0366	1313.7357
2277.1877	1307.3339
2278.3386	1325.2437
2279.49	1317.1729
2280.6404	1309.7495
2281.791	1301.4089
2282.9409	1300.5134
2284.0906	1290.9823
2285.2407	1271.1993
2286.3899	1289.8258
2287.5386	1293.6365
2288.688	1280.5316
2289.8362	1291.0249
2290.9844	1274.2366
2292.1328	1283.8534
2293.2805	1282.8966
2294.4277	1279.9823
2295.575	1268.4238
2296.7224	1268.52
2297.8691	1266.9
2299.0154	1270.9868
2300.1614	1249.5928
2301.3074	1260.9668
2302.4529	1250.9918
2303.5981	1269.9823
2304.7434	1256.1361
2305.8889	1243.606
2307.0334	1257.0979
2308.1777	1248.0651
2309.3218	1237.4449
2310.4656	1218.6575
2311.6091	1236.9966
2312.7524	1232.8026
2313.8955	1217.2025
2315.0383	1237.0048
2316.1804	1225.5698
2317.3228	1242.8258
2318.4648	1203.9827
2319.6067	1231.4321
2320.748	1211.8153
2321.8894	1210.316
2323.0305	1216.0376
2324.1714	1199.9219
2325.3113	1206.4694
2326.4517	1211.2606
2327.5918	1197.5908
2328.7314	1188.4521
2329.8704	1191.681
2331.0098	1204.3157
2332.1489	1183.2406
2333.2876	1187.0503
2334.4255	1186.556
2335.564	1182.8419
2336.7019	1172.1294
2337.8391	1169.9
2338.9768	1168.4694
2340.1135	1196.2236
2341.2505	1164.3339
2342.3867	1170.7467
2343.5232	1162.8894
2344.6597	1156.9242
2345.7949	1153.5054
2346.9309	1150.865
2348.0659	1152.3318
2349.2012	1140.1483
2350.3357	1150.3445
2351.4697	1141.6863
2352.6045	1141.0005
2353.738	1133.0143
2354.8721	1140.5221
2356.0054	1135.974
2357.1384	1134.2341
2358.2717	1137.9562
2359.4041	1132.1992
2360.5364	1113.1487
2361.6689	1111.3453
2362.8008	1130.2343
2363.9321	1128.5073
2365.0635	1110.9315
2366.1951	1114.0828
2367.3257	1123.5698
2368.4563	1103.1816
2369.5864	1099.3231
2370.7166	1104.6682
2371.8469	1107.6102
2372.9763	1104.8396
2374.1057	1099.3339
2375.2346	1099.8606
2376.3635	1096.5424
2377.4919	1076.2704
2378.6201	1091.4023
2379.7483	1075.4927
2380.876	1087.7921
2382.0037	1060.3943
2383.1309	1090.2732
2384.2578	1084.1633
2385.3848	1075.5806
2386.5112	1079.8091
2387.6375	1067.1624
2388.7637	1065.0353
2389.8894	1050.3583
2391.0149	1074.9
2392.1396	1052.3646
2393.2646	1049.5272
2394.3896	1069.7739
2395.5142	1037.9771
2396.6384	1067.0323
2397.762	1070.6681
2398.8857	1036.8945
2400.0095	1044.5571
2401.1328	1027.5881
2402.2554	1037.9072
2403.3782	1042.2839
2404.5007	1029.4817
2405.6226	1044.6864
2406.7446	1020.1254
2407.8667	1024.5562
2408.9875	1012.789
2410.1091	1006.9001
2411.2295	1014.9411
2412.3506	1005.3626
2413.4712	1012.377
2414.5911	999.59009
2415.7112	1012.1939
2416.8306	1008.0504
2417.9502	993.32104
2419.0691	1007.5241
2420.1877	1005.025
2421.3066	1005.4556
2422.4248	1001.3953
2423.5432	994.4588
2424.6609	988.66724
2425.7783	989.31567
2426.896	986.61847
2428.0129	987.72852
2429.1296	977.42676
2430.2466	967.77917
2431.3628	970.50726
2432.4788	984.35828
2433.595	969.58801
