299.80441	47575.645
301.44656	45599.902
303.08731	43818.258
304.72858	42225.09
306.36847	40731.297
308.00885	39465.703
309.64789	38200.078
311.28741	37138.371
312.92557	36282.293
314.56424	35488.273
316.20154	35019.855
317.83936	34351.297
319.47577	33915.625
321.11273	33678.734
322.74829	33359.941
324.38342	33031.141
326.01907	32857.852
327.65335	32678.025
329.28815	32260.107
330.92157	31917.523
332.55453	31454.012
334.18805	30793.178
335.82016	30206.977
337.45187	29446.217
339.08408	28670.711
340.7149	27829.293
342.34534	27004.18
343.97626	26203.867
345.6058	25540.521
347.23492	24844.107
348.86456	24204.602
350.49283	23782.088
352.12067	23321.289
353.74808	22911.381
355.37601	22620.736
357.00256	22244.885
358.62869	22014.607
360.25439	21777.961
361.87967	21450.35
363.50546	21301.18
365.12988	21069.715
366.75388	20942.635
368.37744	20760.07
370.00058	20629.799
371.62332	20503.012
373.24561	20446.979
374.86746	20190.197
376.48984	20103.229
378.11087	19964.697
379.73145	19881.131
381.35162	19735.291
382.97134	19661.115
384.59067	19640.621
386.20956	19397.303
387.82803	19338.117
389.44608	19253.904
391.06369	19127.441
392.68091	19083.051
394.29767	19010.869
395.91403	18913.115
397.52994	18881.27
399.14545	18803.898
400.76053	18722.465
402.37427	18624.525
403.98849	18631.002
405.60229	18577.824
407.2157	18471.793
408.82867	18407.664
410.44122	18378.18
412.05334	18424.293
413.66504	18417.438
415.27539	18340.588
416.88626	18339.643
418.4967	18294.035
420.10672	18147.695
421.71631	18142.17
423.32455	18172.629
424.93332	18075.811
426.54166	18015.049
428.14957	18071.07
429.75616	18071.055
431.36322	18060.715
432.96988	17960.404
434.57614	17849.352
436.18103	17888.145
437.78644	17861.561
439.39142	17786.643
440.99506	17760.477
442.59918	17708.664
444.20291	17702.457
445.8053	17616.902
447.4082	17616.688
449.00974	17620.166
450.61182	17528.309
452.21344	17474.498
453.81375	17459.646
455.41455	17391.998
457.01401	17369.465
458.61398	17306.357
460.21262	17282.943
461.81174	17234.748
463.40955	17166.064
465.00784	17051.586
466.60483	17020.625
468.20227	17009.779
469.79843	16962.461
471.39505	16908.328
472.99036	16860.773
474.58618	16851.922
476.18066	16824.799
477.77563	16802.539
479.36929	16726.393
480.96252	16747.535
482.55624	16726.289
484.14865	16701.996
485.74066	16659.609
487.33313	16615.031
488.92432	16595.887
490.51505	16531.004
492.10632	16584.943
493.69623	16571.887
495.28574	16524.494
496.87576	16493.641
498.46445	16417.723
500.0527	16409.992
501.64059	16366.386
503.22894	16336.609
504.81598	16323.448
506.40262	16310.632
507.98883	16255.851
509.57462	16230.277
511.16092	16224.521
512.74591	16163.53
514.33051	16147.819
515.91467	16178.276
517.49841	16162.515
519.08173	16145.511
520.66559	16120.214
522.24811	16010.848
523.8302	15953.141
525.41193	15850.823
526.99316	15766.328
528.5741	15782.068
530.15454	15756.531
531.73462	15814.705
533.31427	15742.885
534.89349	15757.643
536.47235	15850.034
538.05078	15750.49
539.62878	15710.825
541.20636	15705.481
542.78357	15822.626
544.36041	15750.887
545.93677	15851.031
547.51276	15928.444
549.08832	16052.198
550.66351	16246.827
552.23822	16454.328
553.81171	16657.461
555.38562	16787.684
556.95917	16911.492
558.53229	17148.887
560.10504	17269.518
561.67737	17286.943
563.24835	17253.561
564.81989	17139.807
566.39099	17100.523
567.96167	16905.961
569.53198	16769.576
571.10095	16553.268
572.67041	16375.341
574.2395	16208.164
575.80817	16076.621
577.37555	15955.148
578.94342	15745.491
580.51086	15625.615
582.07703	15461.895
583.64368	15379.399
585.2099	15353.978
586.77484	15353.902
588.34027	15227.647
589.90533	15330.069
591.46906	15257.687
593.03326	15209.201
594.59619	15225.087
596.15967	15234.106
597.72266	15189.292
599.28436	15094.145
600.84662	15113.418
602.40753	15107.156
603.96893	15091.958
605.52905	15147.033
607.08966	15177.292
608.64899	15114.837
610.2088	15145.464
611.76733	15145.343
613.32629	15333.105
614.88403	15386.217
616.44135	15530.558
617.99915	15737.117
619.55566	16034.424
621.11267	16235.868
622.6684	16536.268
624.22369	16852.477
625.77948	17113.24
627.33398	17340.281
628.88812	17651.383
630.44275	17860.258
631.99603	18000.664
633.54895	18229.574
635.10242	18429.494
636.65448	18646.088
638.20624	18902.449
639.75842	19095.199
641.30939	19066.855
642.85992	19075.336
644.41003	18929.094
645.95978	18847.799
647.51001	18642.242
649.05896	18446.393
650.60748	18217.051
652.15564	17805.314
653.70337	17441.223
655.25165	17044.145
656.79858	16665.213
658.34515	16260.884
659.8913	16077.609
661.43707	15883.308
662.98248	15733.333
664.52747	15649.219
666.07202	15624.893
667.61621	15571.599
669.16003	15612.035
670.70343	15613.87
672.2464	15605.868
673.78906	15689.447
675.33124	15783.299
676.87305	15732.41
678.41449	15834.277
679.95551	16045.014
681.49615	16277.52
683.03644	16655.451
684.57629	16910.018
686.11572	17013.428
687.65479	16972.705
689.19348	16793.609
690.73175	16543.615
692.26874	16428.395
693.80627	16139.473
695.34338	15838.623
696.88007	15569.27
698.41638	15400.098
699.95233	15183.254
701.48694	15211.714
703.02209	15163.404
704.55688	15109.268
706.09125	15251.386
707.62518	15234.893
709.1579	15368.761
710.6911	15405.906
712.22388	15483.136
713.75537	15645.625
715.28741	15880.408
716.81903	16213.548
718.34937	16576.879
719.88025	17177.297
721.41071	18174.705
722.93988	19697.945
724.46954	22014.369
725.99884	25526.426
727.52686	30172.93
729.05536	35787.945
730.58264	41463.789
732.11035	46178.039
733.63684	48728.961
735.16376	48629.891
736.69031	45963.891
738.21564	41426.223
739.74139	36480.051
741.26593	31898.979
742.7901	28352.334
744.3147	25821.313
745.83807	23857.201
747.36194	22288.273
748.88452	20830.201
750.40759	19400.773
751.92938	18214.334
753.45172	17243.066
754.97278	16560.775
756.49341	16073.187
758.01459	15733.855
759.53442	15490.074
761.05396	15357.566
762.57391	15165.178
764.09265	15064.247
765.61102	14944.087
767.12982	14903.41
768.6474	14827.503
770.16461	14843.926
771.6814	14736.572
773.19867	14776.224
774.71472	14731.896
776.23041	14759.563
777.74567	14760.033
779.26056	14848.704
780.77588	14899.674
782.29004	15016.927
783.80377	15265.202
785.31708	15371.979
786.83008	15335.479
788.34265	15244.934
789.85486	15133.63
791.36755	14887.077
792.87897	14694.669
794.39001	14564.278
795.9007	14485.388
797.41101	14457.293
798.9209	14464.913
800.43042	14484.885
801.93958	14474.187
803.4483	14467.028
804.95673	14394.402
806.46472	14417.646
807.97235	14400.272
809.47955	14407.888
810.98639	14460.543
812.49292	14411.866
813.99896	14354.129
815.50385	14431.933
817.00916	14448.448
818.5141	14447.107
820.01868	14458.452
821.52289	14406.197
823.02673	14489.203
824.53015	14382.059
826.03235	14409.441
827.53503	14404.917
829.03729	14389.026
830.53925	14385.623
832.04077	14360.933
833.54108	14400.838
835.04187	14318.187
836.54224	14304.259
838.04144	14315.274
839.54108	14323.237
841.04034	14335.097
842.53925	14299.513
844.03687	14310.682
845.53503	14311.513
847.03278	14268.531
848.5293	14291.441
850.02631	14213.044
851.52209	14224.473
853.01837	14203.035
854.51422	14245.262
856.00885	14234.449
857.50397	14211.146
858.99786	14184.59
860.49225	14184.979
861.98541	14172.31
863.479	14152.91
864.97137	14122.139
866.46423	14114.804
867.95587	14070.933
869.448	14089.188
870.9389	14111.629
872.4303	14114.392
873.92041	14106.231
875.41101	14103.282
876.90045	14108.109
878.38947	14139.225
879.87891	14190.292
881.36719	14192.004
882.8551	14285.445
884.34344	14282.999
885.83063	14334.074
887.31738	14371.558
888.80463	14384.941
890.29065	14300.829
891.77631	14387.169
893.26245	14305.249
894.74738	14351.211
896.23193	14342.832
897.71606	14294.307
899.19989	14319.021
900.68414	14359.313
902.16724	14333.767
903.6499	14257.441
905.1322	14306.766
906.61414	14268.98
908.09656	14302.425
909.57776	14282.48
911.05853	14338.776
912.539	14367.902
914.0191	14435.368
915.49878	14534.947
916.97815	14716.842
918.45709	14829.348
919.93573	15101.902
921.41394	15271.662
922.89178	15511.949
924.36932	15581.916
925.84644	15740.802
927.32318	15793.67
928.79956	15784.074
930.27557	15595.765
931.75122	15561.149
933.2265	15444.604
934.70142	15357.348
936.17596	15178.426
937.65009	15064.634
939.1239	14952.794
940.5965	14837.536
942.06958	14744.77
943.5423	14636.594
945.01459	14600.071
946.48657	14552.89
947.95819	14489.846
949.42853	14468.878
950.89941	14521.09
952.36987	14504.926
953.84003	14557.799
955.30896	14569.806
956.77832	14520.149
958.24738	14572.107
959.716	14566.91
961.18347	14531.886
962.65143	14429.064
964.11896	14325.945
965.58533	14431.845
967.05219	14381.574
968.51862	14302.163
969.98389	14361.052
971.44965	14419.313
972.91418	14466.327
974.37915	14541.996
975.84296	14599.656
977.30725	14704.634
978.77118	14718.109
980.23389	14797.927
981.69708	14819.123
983.15906	14798.556
984.62152	14723.681
986.08276	14656.132
987.54364	14547.162
989.005	14507.382
990.46515	14442.338
991.92584	14300.367
993.38525	14298.067
994.84515	14262.963
996.30389	14306.314
997.76221	14343.015
999.22107	14328.793
1000.6786	14500.51
1002.1359	14487.218
1003.5937	14588.41
1005.0502	14645.446
1006.5064	14608.246
1007.9631	14712.647
1009.4185	14755.098
1010.8736	14788.746
1012.3283	14756.781
1013.7836	14758.004
1015.2375	14803.077
1016.6912	14717.085
1018.1445	14729.755
1019.5974	14627.426
1021.0508	14556.486
1022.5031	14502.129
1023.9549	14411.105
1025.4064	14396.334
1026.8575	14316.279
1028.3082	14264.773
1029.7587	14226.227
1031.2087	14140.802
1032.6584	14079.279
1034.1078	14038.622
1035.5568	13966.612
1037.0062	13938.051
1038.4545	13941.923
1039.9023	13867.484
1041.3499	13838.074
1042.7963	13774.816
1044.243	13777.299
1045.6896	13746.289
1047.1356	13759.34
1048.5814	13757.849
1050.0267	13697.649
1051.4718	13666.724
1052.9165	13666.481
1054.3608	13703.916
1055.8048	13681.274
1057.2476	13676.613
1058.6908	13692.589
1060.1337	13691.237
1061.5763	13755.146
1063.0184	13702.073
1064.4595	13799.702
1065.9009	13788.369
1067.342	13827.338
1068.7828	13814.942
1070.2223	13860.053
1071.6624	13911.209
1073.1021	13940.87
1074.5414	13927.01
1075.9796	13892.846
1077.4182	13945.275
1078.8564	13853.248
1080.2936	13786.411
1081.7311	13654.371
1083.1675	13606.146
1084.6044	13542.715
1086.0409	13503.496
1087.4762	13452.29
1088.912	13349.577
1090.3466	13360.717
1091.7816	13279.635
1093.2156	13271.759
1094.6499	13256.98
1096.0831	13293.166
1097.5168	13274.397
1098.9493	13316.891
1100.3823	13306.535
1101.8141	13349.93
1103.2463	13323.226
1104.6774	13348.18
1106.1082	13357.347
1107.5393	13391.377
1108.9694	13476.278
1110.399	13453.74
1111.8292	13475.846
1113.2582	13513.402
1114.6868	13546.18
1116.1158	13589.157
1117.5438	13646.319
1118.9714	13631.793
1120.3994	13594.146
1121.8263	13707.844
1123.2528	13691.72
1124.679	13742.26
1126.1047	13785.627
1127.5311	13802.347
1128.9562	13753.771
1130.381	13795.766
1131.8054	13857.66
1133.2295	13855.964
1134.6532	13961.348
1136.0774	13990.76
1137.5004	14026.986
1138.923	14073.83
1140.3453	14135.191
1141.7673	14143.033
1143.189	14233.229
1144.6102	14250.972
1146.0311	14217.888
1147.4518	14142.975
1148.8719	14054.91
1150.2919	13939.3
1151.7114	13901.64
1153.1306	13779.183
1154.5494	13718.151
1155.9679	13616.158
1157.386	13555.798
1158.8038	13502.338
1160.2213	13372.499
1161.6376	13374.648
1163.0543	13294.662
1164.4707	13234.902
1165.8868	13220.726
1167.3025	13217.695
1168.7179	13164.461
1170.1321	13168.729
1171.5468	13174.941
1172.9611	13111.743
1174.3751	13171.054
1175.788	13212.472
1177.2012	13259.11
1178.6141	13308.967
1180.0267	13291.708
1181.4382	13415.915
1182.8501	13458.852
1184.2617	13550.424
1185.6721	13751.987
1187.083	13816.817
1188.4935	13988.372
1189.903	14078.157
1191.3127	14275.017
1192.7214	14354.479
1194.1306	14560.523
1195.5386	14578.115
1196.947	14772.439
1198.3544	14812.983
1199.7622	14855.653
1201.1688	14911.551
1202.5759	14876.414
1203.9818	14891.883
1205.3883	14863.882
1206.7936	14758.388
1208.1992	14725.045
1209.6038	14549.125
1211.0089	14457.217
1212.4127	14344.666
1213.8163	14246.941
1215.2203	14097.889
1216.6232	13980.437
1218.0258	13942.434
1219.4287	13839.721
1220.8306	13798.944
1222.2321	13753.01
1223.634	13789.862
1225.0348	13804.167
1226.4353	13837.221
1227.8354	13797.064
1229.236	13746.093
1230.6355	13742.951
1232.0345	13769.502
1233.4333	13690.414
1234.8318	13600.285
1236.2307	13577.273
1237.6284	13553.948
1239.0259	13473.877
1240.423	13510.332
1241.8197	13461.964
1243.2161	13495.621
1244.6121	13476.407
1246.0078	13484.938
1247.4032	13550.081
1248.7982	13553.956
1250.193	13607.296
1251.5873	13690.657
1252.9813	13773.103
1254.375	13831.66
1255.7683	14013.429
1257.1614	14119.94
1258.5541	14339.021
1259.9464	14626.071
1261.3384	14839.609
1262.73	15186.942
1264.1213	15564.011
1265.5123	15944.761
1266.903	16403.979
1268.2925	16751.689
1269.6825	17023.619
1271.0721	17226.035
1272.4614	17195.156
1273.8503	17059.359
1275.2382	16841.35
1276.6265	16443.996
1278.0144	16086.831
1279.4021	15672.094
1280.7886	15326.4
1282.1754	15074.595
1283.5621	14801.802
1284.9475	14677.524
1286.3335	14580.318
1287.7191	14532.292
1289.1035	14456.497
1290.4885	14404.434
1291.873	14400.065
1293.2566	14433.215
1294.6405	14458.172
1296.0233	14454.33
1297.4065	14501.14
1298.7887	14504.877
1300.1713	14646.261
1301.5527	14778.938
1302.9347	14985.404
1304.3154	15182.446
1305.6967	15404.007
1307.0768	15727.73
1308.4574	16120.69
1309.8369	16453.068
1311.2168	16832.494
1312.5956	17274.021
1313.974	17729.342
1315.3529	18105.588
1316.7307	18476.092
1318.1083	18806.576
1319.4861	19116.631
1320.8629	19355.465
1322.2394	19673.813
1323.6163	20013.885
1324.9922	20406.275
1326.3676	20808.984
1327.7428	21347.473
1329.1184	21816.182
1330.4928	22300.951
1331.8669	22767.25
1333.2408	22951.26
1334.6143	23120.75
1335.9874	23110.105
1337.3611	22964.758
1338.7335	22599.902
1340.1057	22088.73
1341.4775	21556.568
1342.849	20848.66
1344.2202	20103.201
1345.5911	19352.301
1346.9615	18615.34
1348.3318	17843.225
1349.7015	17217.496
1351.071	16611.619
1352.4403	16198.405
1353.8092	15797.992
1355.1777	15529.119
1356.5459	15388.656
1357.9138	15301.474
1359.2814	15285.146
1360.6486	15444.558
1362.0154	15597.487
1363.382	15789.644
1364.7474	16159.999
1366.1134	16445.492
1367.4789	16798.684
1368.8441	17131.449
1370.2091	17481.988
1371.5737	17884.408
1372.9371	18127.213
1374.3011	18321.811
1375.6647	18351.521
1377.028	18266.273
1378.3901	17979.221
1379.7528	17529.547
1381.1151	17052.969
1382.4763	16435.248
1383.838	15862.867
1385.1993	15293.19
1386.5594	14890.688
1387.9202	14476.031
1389.2798	14313.352
1390.6398	14250.365
1391.9995	14281.793
1393.358	14339.566
1394.717	14447.279
1396.0751	14552.3
1397.4333	14613.622
1398.7906	14592.889
1400.1484	14509.662
1401.505	14306.505
1402.8622	13927.982
1404.2181	13566.781
1405.5746	13133.985
1406.9299	12788.326
1408.2849	12457.611
1409.6404	12193.304
1410.9948	11990.819
1412.3496	11791.526
1413.7032	11710.856
1415.0566	11669.925
1416.4105	11556.38
1417.7633	11527.387
1419.1157	11533.672
1420.4678	11505.314
1421.8203	11515.887
1423.1719	11528.475
1424.5229	11530.963
1425.8738	11608.22
1427.2242	11672.163
1428.5752	11743.513
1429.925	11799.654
1431.2745	11872.627
1432.6238	11922.254
1433.9727	12027.064
1435.3212	12087.699
1436.6694	12157.522
1438.0181	12250.899
1439.3657	12359.223
1440.7129	12384.118
1442.0599	12557.479
1443.4065	12688.11
1444.7528	12897.594
1446.0988	13198.013
1447.4445	13535.695
1448.7898	13914.854
1450.1348	14386.362
1451.4795	14888.393
1452.8239	15415.725
1454.1671	15845.145
1455.5109	16279.656
1456.8544	16536.797
1458.1974	16652.176
1459.5402	16615.232
1460.8827	16342.85
1462.2249	15897.905
1463.5658	15297.434
1464.9073	14683.573
1466.2485	14086.418
1467.5894	13543.237
1468.9292	13028.868
1470.2694	12647.902
1471.6093	12351.747
1472.9489	12146.206
1474.2874	11919.741
1475.6263	11782.551
1476.965	11608.492
1478.3025	11500.229
1479.6405	11359.686
1480.9774	11292.184
1482.3148	11212.501
1483.6519	11184.496
1484.9878	11129.998
1486.3242	11104.776
1487.6595	11075.79
1488.9952	11076.559
1490.33	11086.426
1491.665	11015.653
1492.9991	11023.242
1494.3336	10969.22
1495.6671	10917.528
1497.001	10899.69
1498.3337	10829.571
1499.667	10786.535
1500.9991	10721.151
1502.3309	10655.239
1503.6632	10606.106
1504.9945	10583.271
1506.3253	10532.078
1507.6567	10523.88
1508.9869	10511.977
1510.3169	10457.95
1511.6473	10441.526
1512.9767	10401.138
1514.3057	10390.245
1515.6343	10374.452
1516.9635	10341.86
1518.2915	10397.64
1519.6193	10389.065
1520.9467	10400.875
1522.2738	10433.137
1523.6006	10542.131
1524.9271	10586.063
1526.254	10626.12
1527.58	10755.298
1528.9054	10847.561
1530.2307	10946.755
1531.5555	11078.683
1532.8802	11127.276
1534.2045	11215.924
1535.5284	11303.695
1536.8522	11362.99
1538.1755	11422.857
1539.4985	11435.504
1540.8213	11427.352
1542.1437	11428.164
1543.4658	11469.986
1544.7876	11446.35
1546.1083	11436.697
1547.4294	11481.646
1548.7504	11469.821
1550.0709	11426.149
1551.3911	11388.906
1552.7111	11295.225
1554.0306	11145.396
1555.3491	11000.387
1556.6682	10822.49
1557.9868	10671.292
1559.3052	10524.603
1560.6226	10398.772
1561.9403	10247.992
1563.2577	10159.358
1564.5741	10146.317
1565.8909	10090.106
1567.2074	10068.429
1568.5228	10027.93
1569.8386	10031.013
1571.1543	9970.7754
1572.4688	10017.223
1573.7837	10009.136
1575.0975	9997.1416
1576.4119	10025.895
1577.7252	9977.4932
1579.0389	9997.0938
1580.3516	9924.3301
1581.6647	9966.6396
1582.9767	9929.0049
1584.2892	9915.0557
1585.6006	9946.541
1586.9125	9901.2197
1588.2233	9881.6797
1589.5337	9887.5625
1590.8446	9812.3018
1592.1545	9809.6328
1593.4641	9757.0889
1594.774	9742.8574
1596.083	9692.7148
1597.3917	9652.2754
1598.7008	9605.9434
1600.0088	9555.2207
1601.3165	9536.8525
1602.6239	9481.8301
1603.9318	9439.4248
1605.2386	9420.4277
1606.545	9383.3311
1607.8513	9402.9189
1609.1571	9388.3564
1610.4635	9359.9756
1611.7688	9329.5889
1613.0737	9361.0586
1614.3784	9342.1025
1615.6827	9402.5479
1616.9867	9445.5781
1618.2905	9483.7949
1619.5939	9554.8691
1620.8971	9589.7725
1622.1998	9661.54
1623.5023	9697.8496
1624.8046	9756.5352
1626.1064	9780.5596
1627.4081	9747.6357
1628.7094	9782.9668
1630.0104	9835.3467
1631.311	9829.5518
1632.6115	9810.0566
1633.9115	9793.126
1635.2106	9816.3281
1636.51	9763.0703
1637.8092	9676.6133
1639.108	9660.5205
1640.4066	9556.6289
1641.7048	9494.8555
1643.002	9407.7451
1644.2997	9349.7188
1645.597	9246.1348
1646.894	9197.5264
1648.1901	9111.8398
1649.4865	9094.583
1650.7826	9037.4658
1652.0776	8991.5166
1653.3732	8932.4795
1654.6683	8931.6865
1655.9625	8839.6406
1657.2572	8835.6436
1658.5508	8780.9736
1659.8447	8743.249
1661.1377	8724.0889
1662.4312	8673.7217
1663.7235	8657.1621
1665.0162	8641.0146
1666.308	8602.8008
1667.6002	8585.8496
1668.8914	8557.6777
1670.183	8570.6709
1671.4735	8496.8008
1672.7645	8493.4727
1674.0544	8452.8564
1675.3441	8444.1211
1676.6342	8415.7861
1677.9232	8386.7949
1679.2119	8389.1855
1680.5012	8349.5381
1681.7893	8325.3213
1683.0771	8299.9463
1684.3655	8336.7646
1685.6527	8272.3809
1686.9396	8242.0029
1688.2263	8232.1563
1689.5133	8196.9863
1690.7994	8197.7715
1692.0851	8209.6553
1693.3706	8194.1787
1694.6558	8149.3174
1695.9406	8115.5288
1697.2258	8155.6958
1698.5101	8124.6162
1699.7941	8094.7036
1701.0778	8097.707
1702.3611	8054.3745
1703.6442	8051.231
1704.9269	7976.7295
1706.2094	7989.2212
1707.4915	8004.5557
1708.7733	7970.2314
1710.0549	7999.8604
1711.3362	7994.5264
1712.6172	7983.9209
1713.8978	7967.6001
1715.1775	7934.6304
1716.4575	7926.2554
1717.7373	7935.479
1719.0168	7948.7134
1720.296	7902.1636
1721.5748	7920.5938
1722.8535	7880.0059
1724.131	7877.7271
1725.4091	7846.4497
1726.6868	7847.4106
1727.9641	7842.9063
1729.2405	7831.3267
1730.5173	7815.0146
1731.7938	7834.4233
1733.0693	7799.8164
1734.3452	7769.623
1735.6208	7830.353
1736.8955	7791.041
1738.1705	7801.7656
1739.4453	7801.6289
1740.719	7793.3853
1741.9932	7766.0435
1743.2662	7749.5669
1744.5398	7760.8418
1745.8124	7733.791
1747.0853	7731.4844
1748.3573	7721.8003
1749.6296	7690.231
1750.901	7683.6294
1752.1727	7700.2339
1753.4435	7715.0225
1754.714	7672.1401
1755.9849	7653.7339
1757.2548	7645.8481
1758.5251	7634.8857
1759.7944	7651.3838
1761.0635	7641.377
1762.3329	7610.8662
1763.6013	7567.1357
1764.8694	7608.8687
1766.1372	7566.0439
1767.4055	7560.8721
1768.6727	7580.4351
1769.9397	7528.5649
1771.2063	7542.1479
1772.4734	7499.9766
1773.7395	7526.8735
1775.0052	7502.0938
1775.5819	7502.7031
1776.8502	7506.6978
1778.119	7464.4775
1779.3867	7474.9004
1780.6548	7484.2529
1781.9219	7452.731
1783.1895	7405.9194
1784.4561	7423.4375
1785.7223	7390.4507
1786.9889	7399.0449
1788.2545	7366.3804
1789.5206	7353.5693
1790.7858	7342.2046
1792.0505	7342.1196
1793.3157	7321.9385
1794.58	7300.3696
1795.8438	7290.6738
1797.1074	7268.0996
1798.3715	7316.79
1799.6345	7283.4634
1800.8972	7272.335
1802.1597	7265.9937
1803.4225	7238.6299
1804.6843	7274.9341
1805.9459	7268.8774
1807.2072	7256.4941
1808.4681	7225.9385
1809.7289	7209.8213
1810.9893	7184.4463
1812.2501	7204.105
1813.5099	7178.7856
1814.7695	7181.4414
1816.0287	7169.7236
1817.2876	7183.1128
1818.5463	7145.4741
1819.8047	7192.2275
1821.0627	7193.3936
1822.3206	7102.3027
1823.578	7115.2861
1824.8352	7152.1709
1826.0922	7129.2861
1827.3488	7094.8945
1828.6051	7120.3506
1829.8612	7075.5693
1831.1169	7070.6157
1832.3717	7053.228
1833.6268	7062.7598
1834.8818	7044.2021
1836.1364	7018.5825
1837.3907	7044.4736
1838.6448	7020.5737
1839.8984	6989.3887
1841.1512	6969.4946
1842.4044	6989.9385
1843.6572	6979.8418
1844.9098	6939.9185
1846.1614	6981.9561
1847.4135	6935.4692
1848.6652	6929.8633
1849.9166	6914.9121
1851.167	6861.6274
1852.4178	6886.8521
1853.6685	6858.0557
1854.918	6851.9487
1856.168	6836.5791
1857.417	6825.6265
1858.6664	6842.228
1859.9155	6833.2754
1861.1637	6769.7305
1862.4122	6739.4414
1863.6598	6747.4912
1864.9078	6776.0713
1866.1548	6736.5166
1867.4022	6723.1123
1868.6487	6731.5786
1869.8955	6725.9526
1871.1414	6713.4463
1872.3876	6706.1636
1873.6328	6704.5786
1874.8785	6664.6338
1876.1233	6659.0078
1877.3677	6680.9287
1878.6125	6688.2207
1879.8563	6644.4995
1881.1007	6662.9717
1882.3439	6624.7207
1883.5869	6626.9136
1884.8303	6656.3564
1886.0728	6605.1772
1887.3149	6617.2129
1888.5568	6610.6157
1889.7991	6598.9844
1891.0403	6637.7617
1892.2814	6609.5493
1893.5221	6633.0244
1894.7632	6615.6943
1896.0033	6577.2407
1897.2432	6623.5879
1898.4828	6624.2295
1899.722	6592.6313
1900.9611	6629.2837
1902.1998	6596.3379
1903.439	6601.8584
1904.6771	6616.4707
1905.915	6632.7549
1907.1526	6623.1372
1908.3899	6614.604
1909.627	6616.8735
1910.8638	6635.8228
1912.1002	6653.7246
1913.3364	6635.3389
1914.5723	6688.9224
1915.8079	6699.3301
1917.0432	6700.457
1918.2783	6729.439
1919.5131	6733.3301
1920.7476	6761.6328
1921.9811	6728.228
1923.215	6802.1768
1924.4486	6760.3384
1925.682	6784.2969
1926.9152	6797.0498
1928.1479	6807.9629
1929.3804	6835.1924
1930.6119	6793.1611
1931.8439	6796.1396
1933.0756	6860.6299
1934.307	6827.4004
1935.5374	6852.1709
1936.7683	6843.064
1937.9988	6860.228
1939.2284	6884.4277
1940.4584	6846.9688
1941.6881	6893.4365
1942.9169	6824.1309
1944.146	6881.5586
1945.3749	6792.0488
1946.6028	6774.7715
1947.8311	6787.2549
1949.0591	6778.2861
1950.2861	6757.8223
1951.5137	6702.0044
1952.7401	6695.668
1953.967	6679.9976
1955.193	6633.3364
1956.4193	6621.2056
1957.6448	6581.0957
1958.8705	6514.0742
1960.0953	6466.2437
1961.3206	6447.7827
1962.5449	6370.1113
1963.7689	6352.7886
1964.9933	6345.6636
1966.2167	6246.5254
1967.4406	6257.3105
1968.6635	6200.6968
1969.886	6211.5171
1971.109	6154.0913
1972.3311	6153.3506
1973.5529	6128.252
1974.775	6058.3608
1975.9962	6059.3853
1977.2172	6053.7168
1978.4379	6024.7441
1979.6589	6005.9351
1980.879	5977.2603
1982.0989	5983.2319
1983.3184	5948.9033
1984.5377	5941.7998
1985.7567	5891.4102
1986.9761	5906.0059
1988.1946	5862.7397
1989.4127	5871.1045
1990.6306	5869.1167
1991.8483	5838.123
1993.0656	5804.5098
1994.2826	5796.7241
1995.4994	5791.0449
1996.7159	5754.6191
1997.9321	5781.2441
1999.1481	5775.9497
2000.3638	5746.2954
2001.5792	5743.7378
2002.7943	5672.0059
2004.0092	5649.165
2005.2238	5582.8105
2006.4381	5611.3105
2007.6521	5650.939
2008.8658	5679.5229
2010.0793	5653.335
2011.2919	5673.7856
2012.5049	5596.4092
2013.7175	5569.6313
2014.9299	5519.3779
2016.142	5509.9307
2017.3531	5524.5059
2018.5647	5572.9614
2019.776	5557.1885
2020.9871	5566.0605
2022.197	5552.7393
2023.4075	5468.7974
2024.6177	5426.1045
2025.8276	5415.5513
2027.0366	5476.1299
2028.246	5441.1572
2029.4551	5451.4287
2030.6632	5373.3613
2031.8718	5370.9419
2033.0793	5367.7793
2034.2874	5271.6958
2035.4944	5237.4644
2036.7019	5186.4434
2037.9091	5177.8809
2039.1154	5232.5176
2040.322	5301.4414
2041.5277	5335.4292
2042.7338	5346.6724
2043.939	5325.2935
2045.1438	5296.4092
2046.3491	5221.8262
2047.5535	5149.7441
2048.7581	5137.7129
2049.9619	5156.689
2051.1663	5158.9819
2052.3694	5148.0078
2053.5723	5147.3057
2054.7759	5190.1968
2055.9783	5224.8379
2057.1804	5164.4092
2058.3823	5219.9014
2059.5845	5167.1279
2060.7859	5163.4971
2061.9871	5131.9849
2063.1877	5133.5166
2064.3889	5116.4243
2065.5894	5083.7114
2066.7893	5048.7119
2067.989	5028.6787
2069.1885	5064.4502
2070.3884	5098.0449
2071.5872	5135.6895
2072.7859	5143.0229
2073.9844	5111.6577
2075.1824	5039.1733
2076.3801	5052.3389
2077.5779	5048.1187
2078.7751	5026.8301
2079.9722	5076.0249
2081.1689	5064.4214
2082.3655	5136.3872
2083.5615	5115.1558
2084.7576	5109.2935
2085.9534	5081.9497
2087.1487	5098.5894
2088.3438	5143.1348
2089.5388	5139.0913
2090.7334	5128.5513
2091.9277	5166.6973
2093.1211	5134.7441
2094.3149	5162.6895
2095.5085	5162.002
2096.7017	5126.2334
2097.8948	5135.8877
2099.0867	5133.5186
2100.2793	5121.1362
2101.4714	5102.6606
2102.6633	5112.9355
2103.8545	5108.8413
2105.0459	5102.1035
2106.2371	5131.1743
2107.4277	5092.9214
2108.6177	5074.271
2109.8081	5096.7427
2110.9976	5057.0371
2112.1873	5038.248
2113.3767	5080.6841
2114.5654	5035.6846
2115.7544	5044.3594
2116.9424	5002.5483
2118.1309	5022.1714
2119.3191	4975.9609
2120.5063	4942.7671
2121.6941	4956.8726
2122.8809	4962.2983
2124.0679	4888.792
2125.2542	4887.8071
2126.4402	4881.228
2127.6265	4876.9521
2128.8118	4842.8638
2129.9976	4774.2627
2131.1826	4647.5986
2132.3672	4634.6299
2133.5522	4702.2388
2134.7363	4706.2222
2135.9202	4720.2285
2137.1042	4712.0679
2138.2876	4706.0225
2139.4707	4680.8535
2140.6541	4697.1299
2141.8364	4628.3511
2143.0188	4603.3877
2144.2007	4544.8013
2145.3823	4504.8247
2146.5645	4452.627
2147.7456	4426.6035
2148.9265	4478
2150.1072	4485.0498
2151.2876	4502.356
2152.4678	4500.3906
2153.6477	4474.2725
2154.8279	4459.3604
2156.0073	4453.436
2157.1863	4461.1606
2158.3652	4404.4277
2159.5437	4433.0625
2160.7219	4362.9219
2161.8999	4351.0044
2163.0776	4322.6719
2164.2551	4357.6934
2165.4324	4325.2754
2166.6094	4324.3838
2167.7854	4285.0059
2168.9619	4249.2993
2170.1382	4258.6094
2171.314	4290.8687
2172.4897	4298.7085
2173.665	4283.7275
2174.8401	4270.6919
2176.0144	4255.5083
2177.189	4267.5352
2178.3633	4219.7578
2179.5374	4214.3657
2180.7107	4246.248
2181.8843	4239.2754
2183.0574	4216.6504
2184.2305	4213.1348
2185.4026	4181.2451
2186.5752	4218.9219
2187.7473	4180.2627
2188.9187	4164.4976
2190.0906	4109.4756
2191.262	4091.1958
2192.4326	4097.1646
2193.6035	4137.8521
2194.7734	4143.4727
2195.9441	4143.2505
2197.1135	4152.9116
2198.2834	4143.4243
2199.4524	4143.4941
2200.6218	4107.5356
2201.7903	4099.5122
2202.9592	4109.3335
2204.1272	4048.6194
2205.2954	4046.2417
2206.4629	4000.1045
2207.6301	4026.4944
2208.7976	3996.7012
2209.9644	4006.0452
2211.1313	4010.0759
2212.2976	3951.7834
2213.4634	3960.4116
2214.6299	3964.0603
2215.7952	3976.7322
2216.9602	4019.8416
2218.125	3964.5205
2219.2903	3979.2566
2220.4546	3942.4309
2221.6189	3929.3867
2222.7827	3958.0229
2223.946	3899.5447
2225.1101	3938.6191
2226.2732	3921.6472
2227.436	3911.8816
2228.5986	3898.8994
2229.7607	3871.5959
2230.9229	3866.8704
2232.0845	3797.1165
2233.2461	3837.332
2234.4072	3822.0283
2235.5684	3808.7332
2236.729	3788.9385
2237.8896	3800.6606
2239.0498	3777.1511
2240.2097	3782.1885
2241.3694	3772.0654
2242.5288	3813.2004
2243.688	3783.3535
2244.8469	3754.3032
2246.0056	3754.3833
2247.1641	3762.0383
2248.3223	3773.7617
2249.4802	3718.5183
2250.6372	3733.1748
2251.7947	3715.2627
2252.9517	3698.4929
2254.1086	3695.1116
2255.2646	3705.5483
2256.4211	3699.9141
2257.5771	3690.7307
2258.7329	3661.0088
2259.8879	3664.3855
2261.0435	3628.0928
2262.1985	3615.0979
2263.3525	3645.907
2264.5073	3610.9045
2265.6616	3625.3738
2266.8149	3634.0977
2267.9688	3616.5779
2269.1218	3617.1067
2270.2751	3598.5251
2271.4282	3596.9609
2272.5803	3580.3027
2273.7329	3586.8147
2274.8845	3583.0574
2276.0366	3602.8147
2277.1877	3595.3389
2278.3386	3621.3115
2279.49	3555.5886
2280.6404	3562.812
2281.791	3556.2756
2282.9409	3517.7427
2284.0906	3511.4092
2285.2407	3479.4697
2286.3899	3482.5083
2287.5386	3493.2278
2288.688	3480.9375
2289.8362	3508.0386
2290.9844	3477.6294
2292.1328	3462.2756
2293.2805	3497.6672
2294.4277	3492.8152
2295.575	3453.1311
2296.7224	3441.2278
2297.8691	3419.335
2299.0154	3404.1172
2300.1614	3428.2861
2301.3074	3424.3867
2302.4529	3411.9397
2303.5981	3399.689
2304.7434	3393.9253
2305.8889	3362.2502
2307.0334	3390.7834
2308.1777	3348.6724
2309.3218	3373.5173
2310.4656	3326.4277
2311.6091	3363.3411
2312.7524	3332.6223
2313.8955	3320.8945
2315.0383	3300.9067
2316.1804	3329.0745
2317.3228	3308.0056
2318.4648	3305.9424
2319.6067	3279.53
2320.748	3318.2568
2321.8894	3300.0916
2323.0305	3275.843
2324.1714	3262.6729
2325.3113	3248.1611
2326.4517	3240.5339
2327.5918	3259.3274
2328.7314	3218.3784
2329.8704	3220.7668
2331.0098	3237.3105
2332.1489	3211.5791
2333.2876	3198.2278
2334.4255	3200.8047
2335.564	3193.7783
2336.7019	3200.3618
2337.8391	3188.3186
2338.9768	3159.752
2340.1135	3161.0247
2341.2505	3167.5083
2342.3867	3132.2781
2343.5232	3140.24
2344.6597	3118.5513
2345.7949	3112.2722
2346.9309	3110.0713
2348.0659	3126.8945
2349.2012	3109.7517
2350.3357	3076.2756
2351.4697	3101.6057
2352.6045	3102.2278
2353.738	3071.8489
2354.8721	3085.0283
2356.0054	3045.3699
2357.1384	3050.0486
2358.2717	3048.8967
2359.4041	3024.9067
2360.5364	3033.4358
2361.6689	3005.8779
2362.8008	3022.499
2363.9321	3017.3801
2365.0635	3011.7751
2366.1951	3025.6199
2367.3257	2999.8506
2368.4563	2990.6611
2369.5864	2962.7612
2370.7166	2942.9424
2371.8469	2966.5613
2372.9763	2973.7854
2374.1057	2947.9111
2375.2346	2928.4775
2376.3635	2940.7834
2377.4919	2906.1597
2378.6201	2924.375
2379.7483	2933.5908
2380.876	2900.3835
2382.0037	2906.9988
2383.1309	2897.4775
2384.2578	2877.6919
2385.3848	2871.9136
2386.5112	2905.8784
2387.6375	2875.1284
2388.7637	2863.7393
2389.8894	2840.0962
2391.0149	2843.9424
2392.1396	2831.7583
2393.2646	2835.5854
2394.3896	2808.8728
2395.5142	2809.8303
2396.6384	2802.8311
2397.762	2807.2725
2398.8857	2777.678
2400.0095	2781.0637
2401.1328	2776.5825
2402.2554	2792.04
2403.3782	2768.8372
2404.5007	2766.2813
2405.6226	2791.6177
2406.7446	2762.0513
2407.8667	2747.9492
2408.9875	2736.803
2410.1091	2759.3416
2411.2295	2737.3723
2412.3506	2699.6982
2413.4712	2714.5391
2414.5911	2681.1611
2415.7112	2715.3555
2416.8306	2686.9253
2417.9502	2689.9092
2419.0691	2693.6177
2420.1877	2673.6042
2421.3066	2663.5278
2422.4248	2675.9482
2423.5432	2635.9653
2424.6609	2655.7805
2425.7783	2634.0056
2426.896	2635.4934
2428.0129	2627.5396
2429.1296	2612.4285
2430.2466	2633.9365
2431.3628	2599.3086
2432.4788	2617.2024
2433.595	2610.2397
