299.80441	17294
301.44656	17264
303.08731	16946
304.72858	16821
306.36847	16612
308.00885	16539
309.64789	16589
311.28741	16267
312.92557	16130
314.56424	16273
316.20154	15999
317.83936	15973
319.47577	15971
321.11273	15901
322.74829	15801
324.38342	15780
326.01907	15628
327.65335	15466
329.28815	15509
330.92157	15506
332.55453	15288
334.18805	15226
335.82016	15052
337.45187	15014
339.08408	15084
340.7149	14992
342.34534	14976
343.97626	14850
345.6058	14924
347.23492	14876
348.86456	14835
350.49283	14606
352.12067	14631
353.74808	14641
355.37601	14561
357.00256	14566
358.62869	14427
360.25439	14664
361.87967	14317
363.50546	14341
365.12988	14507
366.75388	14380
368.37744	14403
370.00058	14404
371.62332	14412
373.24561	14366
374.86746	14315
376.48984	14183
378.11087	14181
379.73145	14153
381.35162	14249
382.97134	13987
384.59067	14270
386.20956	14122
387.82803	14161
389.44608	13952
391.06369	13811
392.68091	13998
394.29767	13964
395.91403	13899
397.52994	13912
399.14545	13742
400.76053	13709
402.37427	13769
403.98849	13720
405.60229	13713
407.2157	13531
408.82867	13698
410.44122	13712
412.05334	13487
413.66504	13686
415.27539	13750
416.88626	13779
418.4967	13578
420.10672	13369
421.71631	13547
423.32455	13581
424.93332	13444
426.54166	13558
428.14957	13572
429.75616	13435
431.36322	13509
432.96988	13482
434.57614	13344
436.18103	13493
437.78644	13388
439.39142	13498
440.99506	13606
442.59918	13402
444.20291	13441
445.8053	13464
447.4082	13351
449.00974	13235
450.61182	13010
452.21344	13010
453.81375	12698
455.41455	12817
457.01401	12494
458.61398	12540
460.21262	12560
461.81174	12391
463.40955	12239
465.00784	12238
466.60483	12313
468.20227	12145
469.79843	12131
471.39505	12209
472.99036	12025
474.58618	12064
476.18066	12098
477.77563	11985
479.36929	12068
480.96252	12121
482.55624	12063
484.14865	12108
485.74066	12113
487.33313	11978
488.92432	11843
490.51505	12060
492.10632	11930
493.69623	11959
495.28574	12039
496.87576	11926
498.46445	11913
500.0527	11849
501.64059	12102
503.22894	11906
504.81598	11973
506.40262	11805
507.98883	11843
509.57462	11882
511.16092	11804
512.74591	11889
514.33051	11792
515.91467	11754
517.49841	11648
519.08173	11797
520.66559	11853
522.24811	11738
523.8302	11775
525.41193	11626
526.99316	11667
528.5741	11675
530.15454	11617
531.73462	11736
533.31427	11753
534.89349	11760
536.47235	11765
538.05078	11760
539.62878	11840
541.20636	12031
542.78357	11857
544.36041	12046
545.93677	11965
547.51276	12021
549.08832	12066
550.66351	12082
552.23822	12080
553.81171	12066
555.38562	12166
556.95917	12056
558.53229	12090
560.10504	11937
561.67737	11925
563.24835	12022
564.81989	11862
566.39099	11816
567.96167	11647
569.53198	11590
571.10095	11669
572.67041	11434
574.2395	11590
575.80817	11551
577.37555	11478
578.94342	11460
580.51086	11246
582.07703	11184
583.64368	11185
585.2099	11220
586.77484	11097
588.34027	11027
589.90533	11128
591.46906	10917
593.03326	11092
594.59619	10983
596.15967	10869
597.72266	10923
599.28436	10897
600.84662	10822
602.40753	10895
603.96893	10924
605.52905	10828
607.08966	10817
608.64899	10724
610.2088	10960
611.76733	10727
613.32629	10957
614.88403	10921
616.44135	10960
617.99915	10879
619.55566	11065
621.11267	10933
622.6684	11023
624.22369	11021
625.77948	11007
627.33398	11063
628.88812	11077
630.44275	11037
631.99603	11103
633.54895	10924
635.10242	10931
636.65448	10910
638.20624	10884.994
639.75842	10883
641.30939	10836
642.85992	10691
644.41003	10824
645.95978	10738
647.51001	10758
649.05896	10664.994
650.60748	10663.994
652.15564	10563
653.70337	10467
655.25165	10534
656.79858	10404
658.34515	10448
659.8913	10313
661.43707	10471.994
662.98248	10362
664.52747	10463
666.07202	10363
667.61621	10373
669.16003	10459
670.70343	10256
672.2464	10363.995
673.78906	10429.993
675.33124	10355
676.87305	10333
678.41449	10342
679.95551	10362
681.49615	10383
683.03644	10261
684.57629	10431.994
686.11572	10235
687.65479	10274
689.19348	10149.994
690.73175	10186
692.26874	10200
693.80627	10124
695.34338	10295.994
696.88007	10248
698.41638	10288
699.95233	10201
701.48694	10267
703.02209	10327
704.55688	10395
706.09125	10460
707.62518	10414
709.1579	10454
710.6911	10517
712.22388	10547
713.75537	10597
715.28741	10539
716.81903	10761
718.34937	10812
719.88025	10798
721.41071	10770
722.93988	10858
724.46954	10956
725.99884	11052
727.52686	11744
729.05536	12307
730.58264	12922
732.11035	13647
733.63684	14089
735.16376	14162
736.69031	13447
738.21564	12936
739.74139	12303
741.26593	11690
742.7901	11408
744.3147	11300
745.83807	11029
747.36194	10805
748.88452	10744
750.40759	10759
751.92938	10817
753.45172	10506
754.97278	10560
756.49341	10463
758.01459	10524
759.53442	10490
761.05396	10458
762.57391	10489
764.09265	10429
765.61102	10402
767.12982	10414
768.6474	10294
770.16461	10306
771.6814	10293
773.19867	10206
774.71472	10152
776.23041	10255.994
777.74567	10087
779.26056	10219
780.77588	10159
782.29004	10373
783.80377	10262
785.31708	10207
786.83008	10367
788.34265	10213
789.85486	10342
791.36755	10265
792.87897	10299
794.39001	10314.994
795.9007	10390
797.41101	10233
798.9209	10284
800.43042	10235
801.93958	10293
803.4483	10254
804.95673	10258
806.46472	10174
807.97235	10227.994
809.47955	10110.994
810.98639	10095
812.49292	10110
813.99896	10277
815.50385	10093
817.00916	10301
818.5141	10209
820.01868	10461
821.52289	10415
823.02673	10385
824.53015	10487.994
826.03235	10347
827.53503	10331
829.03729	10340
830.53925	10427
832.04077	10402
833.54108	10406
835.04187	10303
836.54224	10372.994
838.04144	10319
839.54108	10274
841.04034	10261
842.53925	10285
844.03687	10196
845.53503	10265
847.03278	10289
848.5293	10189
850.02631	10196
851.52209	10246
853.01837	10228.994
854.51422	10159
856.00885	10133
857.50397	10217.994
858.99786	10127
860.49225	10152
861.98541	10241
863.479	10142
864.97137	10052
866.46423	10185
867.95587	10127
869.448	10106.994
870.9389	10136.994
872.4303	10049
873.92041	10012
875.41101	10050
876.90045	10072.994
878.38947	10021.994
879.87891	9925
881.36719	9975.9941
882.8551	9878
884.34344	9930.9941
885.83063	9988
887.31738	9858
888.80463	9940
890.29065	9877
891.77631	9868
893.26245	9797
894.74738	9930
896.23193	9890.9941
897.71606	9989.9941
899.19989	10038
900.68414	9971
902.16724	9932.9941
903.6499	10009
905.1322	9992
906.61414	10041.994
908.09656	9996.9941
909.57776	10128.994
911.05853	10017
912.539	10051
914.0191	10043
915.49878	10077
916.97815	10232
918.45709	10247
919.93573	10287
921.41394	10381
922.89178	10339.994
924.36932	10310
925.84644	10326
927.32318	10328
928.79956	10275
930.27557	10234
931.75122	10347.994
933.2265	10208
934.70142	10177
936.17596	10184
937.65009	10152
939.1239	10089
940.5965	10127
942.06958	10058.994
943.5423	10018
945.01459	10059.994
946.48657	9972
947.95819	9984.9941
949.42853	9882
950.89941	9840
952.36987	9867.9941
953.84003	9946.9941
955.30896	9995.9941
956.77832	9943
958.24738	10061
959.716	10204
961.18347	10076
962.65143	10109.994
964.11896	10159
965.58533	10130
967.05219	10084
968.51862	10096
969.98389	10032.994
971.44965	9968
972.91418	9936
974.37915	9957
975.84296	9958
977.30725	9962
978.77118	9953
980.23389	10049.994
981.69708	10086
983.15906	10096
984.62152	10255.994
986.08276	10385
987.54364	10526.994
989.005	10614
990.46515	10675
991.92584	10841
993.38525	10943
994.84515	10853
996.30389	10847
997.76221	10690
999.22107	10529.994
1000.6786	10285
1002.1359	10165
1003.5937	9930
1005.0502	9794
1006.5064	9806.9941
1007.9631	9740.9941
1009.4185	9636
1010.8736	9675
1012.3283	9595
1013.7836	9604.9941
1015.2375	9695
1016.6912	9684
1018.1445	9638
1019.5974	9682
1021.0508	9660
1022.5031	9599.9951
1023.9549	9572
1025.4064	9643.9932
1026.8575	9630.9932
1028.3082	9488
1029.7587	9400.9941
1031.2087	9449
1032.6584	9364.9941
1034.1078	9392.9941
1035.5568	9291.9941
1037.0062	9253.9941
1038.4545	9244.9941
1039.9023	9077.9941
1041.3499	9123
1042.7963	9204.9941
1044.243	9097.9941
1045.6896	9132.9941
1047.1356	9087.9941
1048.5814	9065.9941
1050.0267	9007.9941
1051.4718	9062.9941
1052.9165	8991.9941
1054.3608	8943.9941
1055.8048	9119.9941
1057.2476	9101.9941
1058.6908	9132.9941
1060.1337	9114.9941
1061.5763	9144
1063.0184	9202.9941
1064.4595	9126
1065.9009	9108.9941
1067.342	9126.9941
1068.7828	9178.9941
1070.2223	9135.9941
1071.6624	9075
1073.1021	9054.9941
1074.5414	9014.9941
1075.9796	9145
1077.4182	9090.9941
1078.8564	9109.9941
1080.2936	8996
1081.7311	9000.9941
1083.1675	8988.9941
1084.6044	8953.9941
1086.0409	8896.9941
1087.4762	8960.9941
1088.912	8995.9941
1090.3466	8912.9941
1091.7816	8872.9941
1093.2156	8945.9941
1094.6499	8920
1096.0831	8996.9941
1097.5168	8961.9941
1098.9493	9007.9941
1100.3823	8995.9941
1101.8141	8952
1103.2463	9019
1104.6774	8970.9941
1106.1082	8974.9941
1107.5393	8899.9941
1108.9694	8983.9941
1110.399	9016.9941
1111.8292	8993.9941
1113.2582	9035.9941
1114.6868	9139.9941
1116.1158	9064.9941
1117.5438	9067.9941
1118.9714	9118.9941
1120.3994	9188.9941
1121.8263	9238.9941
1123.2528	9086.9941
1124.679	9236.9941
1126.1047	9271.9941
1127.5311	9264.9941
1128.9562	9158.9941
1130.381	9176
1131.8054	9108.9941
1133.2295	8984.9941
1134.6532	9123.9941
1136.0774	9105
1137.5004	9137.9941
1138.923	9150.9941
1140.3453	9199.9941
1141.7673	9211.9941
1143.189	9112
1144.6102	9177.7334
1146.0311	9212.5547
1147.4518	9133.7217
1148.8719	9155.9355
1150.2919	9076.291
1151.7114	9076.0928
1153.1306	9106.8672
1154.5494	9019.1982
1155.9679	9040.1943
1157.386	9040.3623
1158.8038	9007.8027
1160.2213	9041.4258
1161.6376	9050.4277
1163.0543	8924.5996
1164.4707	8951.7861
1165.8868	8935.333
1167.3025	8969.5527
1168.7179	9141.3281
1170.1321	8920.9473
1171.5468	8967.9854
1172.9611	8992.9912
1174.3751	9187.5469
1175.788	9225.6445
1177.2012	9077.1982
1178.6141	9208.501
1180.0267	9187.0371
1181.4382	9234.9658
1182.8501	9313.0166
1184.2617	9157.5361
1185.6721	9336.0293
1187.083	9341.5957
1188.4935	9322.7285
1189.903	9284.5889
1191.3127	9253.6182
1192.7214	9179.6172
1194.1306	9247.8818
1195.5386	9189.3438
1196.947	9181.2598
1198.3544	9118.6113
1199.7622	9023.9883
1201.1688	9135.8799
1202.5759	9083.9463
1203.9818	8888.6572
1205.3883	8996.8076
1206.7936	9019.5664
1208.1992	8997.8672
1209.6038	8958.4404
1211.0089	8965.7109
1212.4127	8884.9248
1213.8163	9019.4404
1215.2203	9040.916
1216.6232	9040.9678
1218.0258	9065.2881
1219.4287	9172.4014
1220.8306	9101.1289
1222.2321	9075.7734
1223.634	9249.0566
1225.0348	9095.9688
1226.4353	9276.0781
1227.8354	9262.7715
1229.236	9288.5225
1230.6355	9353.2432
1232.0345	9365.7881
1233.4333	9470.8613
1234.8318	9573.2686
1236.2307	9499.7441
1237.6284	9618.6133
1239.0259	9407.8701
1240.423	9325.5986
1241.8197	9384.626
1243.2161	9270.7666
1244.6121	9162.6689
1246.0078	9115.1738
1247.4032	9066.0996
1248.7982	9042.2373
1250.193	9003.7539
1251.5873	8858.3896
1252.9813	8757.4453
1254.375	8857.8535
1255.7683	8918.2461
1257.1614	8684.7188
1258.5541	8861.2549
1259.9464	8653.0947
1261.3384	8764.5859
1262.73	8621.7783
1264.1213	8787.8018
1265.5123	8622.5898
1266.903	8700.9629
1268.2925	8728.2393
1269.6825	8769.5371
1271.0721	8733.9248
1272.4614	8720.0723
1273.8503	8697.6602
1275.2382	8730.4795
1276.6265	8672.3672
1278.0144	8605.501
1279.4021	8640.6699
1280.7886	8660.8164
1282.1754	8691.3203
1283.5621	8591.3184
1284.9475	8642.5283
1286.3335	8629.2373
1287.7191	8585.2949
1289.1035	8640.8174
1290.4885	8738.3994
1291.873	8662.8916
1293.2566	8653.2773
1294.6405	8805.0938
1296.0233	8806.2051
1297.4065	8832.1699
1298.7887	8773.2041
1300.1713	8789.5049
1301.5527	8808.1787
1302.9347	8846.5244
1304.3154	8809.8301
1305.6967	8850.0127
1307.0768	8830.4434
1308.4574	8848.9297
1309.8369	8869.9707
1311.2168	8925.2061
1312.5956	8865.3457
1313.974	8871.127
1315.3529	8845.8877
1316.7307	8902.9707
1318.1083	8855.248
1319.4861	8810.9854
1320.8629	8906.1992
1322.2394	8805.6025
1323.6163	8693.1484
1324.9922	8591.3018
1326.3676	8629.2168
1327.7428	8524.293
1329.1184	8619.3848
1330.4928	8619.667
1331.8669	8531.3945
1333.2408	8636.5693
1334.6143	8572.4736
1335.9874	8605.8896
1337.3611	8625.6514
1338.7335	8591.7813
1340.1057	8628.1934
1341.4775	8675.834
1342.849	8570.1123
1344.2202	8645.3906
1345.5911	8636.9707
1346.9615	8621.2803
1348.3318	8667.2568
1349.7015	8580.9678
1351.071	8639.293
1352.4403	8698.6494
1353.8092	8659.9131
1355.1777	8597.5645
1356.5459	8548.2422
1357.9138	8503.1875
1359.2814	8461.3398
1360.6486	8422.0322
1362.0154	8416.4395
1363.382	8470.9961
1364.7474	8525.3252
1366.1134	8563.0859
1367.4789	8640.5264
1368.8441	8651.6982
1370.2091	8610.7539
1371.5737	8634.2373
1372.9371	8686.3916
1374.3011	8742.4297
1375.6647	8700.2061
1377.028	8584.3936
1378.3901	8648.0449
1379.7528	8510.7109
1381.1151	8418.209
1382.4763	8405.2129
1383.838	8324.1934
1385.1993	8251.2998
1386.5594	8118.856
1387.9202	8015.3799
1389.2798	7918.7627
1390.6398	7804.334
1391.9995	7757.2017
1393.358	7727.1895
1394.717	7679.2256
1396.0751	7597.022
1397.4333	7673.3721
1398.7906	7634.8623
1400.1484	7627.4932
1401.505	7574.5781
1402.8622	7532.5098
1404.2181	7427.9263
1405.5746	7387.6016
1406.9299	7304.3467
1408.2849	7238.5103
1409.6404	7294.4526
1410.9948	7202.9517
1412.3496	7249.9751
1413.7032	7189.4106
1415.0566	7231.7993
1416.4105	7199.1836
1417.7633	7258.5742
1419.1157	7241.5635
1420.4678	7355.6021
1421.8203	7275.0244
1423.1719	7306.124
1424.5229	7326.8291
1425.8738	7373.1367
1427.2242	7375.4233
1428.5752	7380.7676
1429.925	7418.209
1431.2745	7393.5444
1432.6238	7349.0073
1433.9727	7383.0146
1435.3212	7440.3154
1436.6694	7481.499
1438.0181	7468.5913
1439.3657	7511.2578
1440.7129	7388.6445
1442.0599	7401.6338
1443.4065	7403.6211
1444.7528	7367.7358
1446.0988	7356.6021
1447.4445	7289.2324
1448.7898	7341.1177
1450.1348	7252.2134
1451.4795	7271.7612
1452.8239	7281.5444
1454.1671	7330.0732
1455.5109	7290.4873
1456.8544	7219.2749
1458.1974	7250.6807
1459.5402	7170.5508
1460.8827	7083.7251
1462.2249	7107.7144
1463.5658	7030.3472
1464.9073	6978.772
1466.2485	6925.9185
1467.5894	6855.29
1468.9292	6836.9121
1470.2694	6732.6084
1471.6093	6659.9268
1472.9489	6572.7822
1474.2874	6548.3027
1475.6263	6514.0605
1476.965	6505.103
1478.3025	6486.7441
1479.6405	6432.5254
1480.9774	6345.8076
1482.3148	6351.1689
1483.6519	6310.29
1484.9878	6192.9697
1486.3242	6257.7065
1487.6595	6202.0039
1488.9952	6206.4961
1490.33	6243.938
1491.665	6148.3286
1492.9991	6131.6768
1494.3336	6153.0571
1495.6671	6136.8574
1497.001	6046.647
1498.3337	6123.0313
1499.667	6127.1182
1500.9991	6070.562
1502.3309	6135.8911
1503.6632	6082.0166
1504.9945	6151.3647
1506.3253	6092.7534
1507.6567	6094.2583
1508.9869	6138.0464
1510.3169	6073.5068
1511.6473	6080.2583
1512.9767	6057.4028
1514.3057	6148.9106
1515.6343	6073.813
1516.9635	6089.7178
1518.2915	6190.6265
1519.6193	6142.9087
1520.9467	6152.0596
1522.2738	6190.6094
1523.6006	6215.8193
1524.9271	6218.7856
1526.254	6228.894
1527.58	6313.4375
1528.9054	6327.7197
1530.2307	6361.5796
1531.5555	6466.7939
1532.8802	6454.605
1534.2045	6454.7666
1535.5284	6508.8003
1536.8522	6438.2568
1538.1755	6434.6011
1539.4985	6407.6665
1540.8213	6469.1484
1542.1437	6401.2144
1543.4658	6333.3608
1544.7876	6353.002
1546.1083	6312.1611
1547.4294	6324.3418
1548.7504	6243.9531
1550.0709	6299.272
1551.3911	6190.7305
1552.7111	6218.7051
1554.0306	6237.1743
1555.3491	6163.5522
1556.6682	6125.0254
1557.9868	6122.6963
1559.3052	6160.7114
1560.6226	6234.8555
1561.9403	6126.8877
1563.2577	6123.9468
1564.5741	6183.2373
1565.8909	6207.1382
1567.2074	6100.3989
1568.5228	6111.8745
1569.8386	6096.8281
1571.1543	6035.2656
1572.4688	6046.6221
1573.7837	6058.998
1575.0975	6102.9854
1576.4119	6064.1318
1577.7252	6027.5586
1579.0389	5940.291
1580.3516	5909.688
1581.6647	5926.2485
1582.9767	5904.6924
1584.2892	5853.2271
1585.6006	5878.9702
1586.9125	5788.7368
1588.2233	5785.9429
1589.5337	5810.9258
1590.8446	5728.9087
1592.1545	5691.9307
1593.4641	5680.145
1594.774	5636.1064
1596.083	5671.6777
1597.3917	5603.147
1598.7008	5572.8198
1600.0088	5591.0664
1601.3165	5553.3359
1602.6239	5524.5244
1603.9318	5488.3511
1605.2386	5415.7646
1606.545	5475.9058
1607.8513	5475.6226
1609.1571	5430.2788
1610.4635	5467.1016
1611.7688	5324.2383
1613.0737	5306.9199
1614.3784	5327.5078
1615.6827	5320.5249
1616.9867	5235.6714
1618.2905	5273.1958
1619.5939	5268.54
1620.8971	5257.022
1622.1998	5249.7979
1623.5023	5288.9561
1624.8046	5229.459
1626.1064	5237.4521
1627.4081	5177.3105
1628.7094	5164.353
1630.0104	5150.6606
1631.311	5179.3232
1632.6115	5172.0732
1633.9115	5202.1899
1635.2106	5117.1836
1636.51	5069.2622
1637.8092	5111.021
1639.108	5086.8765
1640.4066	5113.7422
1641.7048	5064.937
1643.002	5106.5913
1644.2997	5003.1899
1645.597	4986.7949
1646.894	5007.9712
1648.1901	4958.4937
1649.4865	4975.916
1650.7826	4948.2451
1652.0776	4951.8696
1653.3732	4900.5278
1654.6683	4916.2983
1655.9625	4908.3198
1657.2572	4899.4917
1658.5508	4847.5063
1659.8447	4802.1699
1661.1377	4872.687
1662.4312	4759.1475
1663.7235	4791.6143
1665.0162	4733.1953
1666.308	4708.0625
1667.6002	4705.6831
1668.8914	4673.8696
1670.183	4700.7461
1671.4735	4700.4902
1672.7645	4618.7148
1674.0544	4675.4067
1675.3441	4658.7759
1676.6342	4556.0752
1677.9232	4558.5386
1679.2119	4528.7207
1680.5012	4603.3618
1681.7893	4556.7207
1683.0771	4480.9829
1684.3655	4518.3857
1685.6527	4498.9609
1686.9396	4436.1162
1688.2263	4480.2983
1689.5133	4405.0928
1690.7994	4395.9204
1692.0851	4467.3491
1693.3706	4385.8857
1694.6558	4454.4575
1695.9406	4373.9482
1697.2258	4314.9966
1698.5101	4393.5947
1699.7941	4365.2603
1701.0778	4384.9526
1702.3611	4319.6724
1703.6442	4303.6489
1704.9269	4328.3608
1706.2094	4294.3647
1707.4915	4249.7397
1708.7733	4302.2427
1710.0549	4197.8389
1711.3362	4232.7959
1712.6172	4173.2329
1713.8978	4195.0518
1715.1775	4198.5903
1716.4575	4179.04
1717.7373	4181.1992
1719.0168	4175.4365
1720.296	4142.0854
1721.5748	4156.9531
1722.8535	4210.3647
1724.131	4152.2329
1725.4091	4105.7505
1726.6868	4126.3125
1727.9641	4184.7534
1729.2405	4108.7554
1730.5173	4088.5146
1731.7938	4060.8877
1733.0693	4058.2166
1734.3452	4025.7998
1735.6208	4101.0688
1736.8955	4074.0422
1738.1705	4088.4226
1739.4453	3986.3223
1740.719	4069.7019
1741.9932	4069.8606
1743.2662	4031.739
1744.5398	4015.6877
1745.8124	4028.668
1747.0853	4058.366
1748.3573	4038.2588
1749.6296	3948.6604
1750.901	3928.6958
1752.1727	3927.3259
1753.4435	3979.697
1754.714	3942.7324
1755.9849	3919.9956
1757.2548	3917.7705
1758.5251	3920.0007
1759.7944	3973.5288
1761.0635	3943.7642
1762.3329	3864.3899
1763.6013	3843.188
1764.8694	3856.4443
1766.1372	3901.8218
1767.4055	3928.9507
1768.6727	3828.793
1769.9397	3802.699
1771.2063	3790.6755
1772.4734	3903.5369
1773.7395	3790.3091
1775.0052	3822.0305
1775.5819	3821.7646
1776.8502	3815.7646
1778.119	3767.7646
1779.3867	3767.7646
1780.6548	3787.7646
1781.9219	3741.7646
1783.1895	3793.7646
1784.4561	3706.7646
1785.7223	3766
1786.9889	3719.7646
1788.2545	3657.7646
1789.5206	3784.7646
1790.7858	3723.7644
1792.0505	3686.7646
1793.3157	3693.7646
1794.58	3680.7646
1795.8438	3713.7646
1797.1074	3716.7646
1798.3715	3661
1799.6345	3679.7646
1800.8972	3651.7646
1802.1597	3621.7646
1803.4225	3612.7646
1804.6843	3729.7646
1805.9459	3646.7646
1807.2072	3655.7646
1808.4681	3646.7646
1809.7289	3528.7646
1810.9893	3614
1812.2501	3555.7646
1813.5099	3629.7646
1814.7695	3627.7646
1816.0287	3629.7646
1817.2876	3588.7646
1818.5463	3524.7646
1819.8047	3595.7646
1821.0627	3585.7646
1822.3206	3591.7646
1823.578	3563.7646
1824.8352	3442.7646
1826.0922	3469.7646
1827.3488	3545.7646
1828.6051	3546.7646
1829.8612	3527.7646
1831.1169	3508.7646
1832.3717	3540
1833.6268	3501.7646
1834.8818	3427.7646
1836.1364	3553.7646
1837.3907	3524.7646
1838.6448	3455.7646
1839.8984	3481.7646
1841.1512	3530.7646
1842.4044	3509
1843.6572	3465.7646
1844.9098	3494.7646
1846.1614	3503
1847.4135	3451
1848.6652	3526
1849.9166	3436.7646
1851.167	3424.7646
1852.4178	3434.7646
1853.6685	3358.7646
1854.918	3379.7646
1856.168	3466.7646
1857.417	3352.7646
1858.6664	3351.7646
1859.9155	3429.7646
1861.1637	3367.7646
1862.4122	3265.7646
1863.6598	3310.7646
1864.9078	3348.7646
1866.1548	3290.7644
1867.4022	3275.7646
1868.6487	3353.7646
1869.8955	3287.7646
1871.1414	3353.7646
1872.3876	3294.7646
1873.6328	3244.7646
1874.8785	3292.7646
1876.1233	3311.7646
1877.3677	3246.7646
1878.6125	3203.7646
1879.8563	3269.7646
1881.1007	3239.7646
1882.3439	3235.7646
1883.5869	3289.7646
1884.8303	3280.7646
1886.0728	3260.7646
1887.3149	3282.7644
1888.5568	3311.7646
1889.7991	3265.7646
1891.0403	3272.7646
1892.2814	3240.7646
1893.5221	3217.7646
1894.7632	3152.7646
1896.0033	3226.7646
1897.2432	3191.7646
1898.4828	3236.7646
1899.722	3223.7646
1900.9611	3216.7646
1902.1998	3249.7646
1903.439	3193.7646
1904.6771	3257.7646
1905.915	3301.7646
1907.1526	3225.7646
1908.3899	3187.7644
1909.627	3184.7646
1910.8638	3230.7646
1912.1002	3185.7646
1913.3364	3152.7646
1914.5723	3097.7646
1915.8079	3113.7646
1917.0432	3127.7646
1918.2783	3177.7649
1919.5131	3133.7644
1920.7476	3088.7646
1921.9811	3097.7646
1923.215	3127.7646
1924.4486	3141.7646
1925.682	3104.7646
1926.9152	3113.7646
1928.1479	3056.7646
1929.3804	3044.7649
1930.6119	3091.7646
1931.8439	3135.7646
1933.0756	3063.7646
1934.307	3062.7646
1935.5374	3086.7646
1936.7683	3054.7646
1937.9988	3088.7646
1939.2284	3042.7649
1940.4584	2992.7644
1941.6881	3010.7646
1942.9169	3022.7646
1944.146	3032.7646
1945.3749	3076
1946.6028	3129
1947.8311	2934.7646
1949.0591	2926.7646
1950.2861	2982.7649
1951.5137	3031.7646
1952.7401	2975.7646
1953.967	2990.7646
1955.193	2921.7646
1956.4193	2935.7646
1957.6448	2930.7646
1958.8705	2958.7646
1960.0953	2927.7649
1961.3206	3025.7644
1962.5449	2899.7646
1963.7689	2897.7646
1964.9933	2943.7646
1966.2167	2883.7646
1967.4406	2863.7646
1968.6635	2907.7646
1969.886	2847.7646
1971.109	2812.7649
1972.3311	2827.7644
1973.5529	2843.7646
1974.775	2825.7646
1975.9962	2860.7646
1977.2172	2757.7646
1978.4379	2932.7646
1979.6589	2814.7646
1980.879	2895.7649
1982.0989	2841.7644
1983.3184	2823.7646
1984.5377	2790.7646
1985.7567	2779.7646
1986.9761	2781.7646
1988.1946	2838.7646
1989.4127	2831.7646
1990.6306	2784.7646
1991.8483	2779.7649
1993.0656	2833.7644
1994.2826	2841.7646
1995.4994	2827.7646
1996.7159	2764.7646
1997.9321	2779.7646
1999.1481	2793.7646
2000.3638	2806.7646
2001.5792	2821.7649
2002.7943	2794.7646
2004.0092	2785.7646
2005.2238	2687.7646
2006.4381	2750.7646
2007.6521	2808.7646
2008.8658	2728.7646
2010.0793	2789.7646
2011.2919	2761.7646
2012.5049	2730.7646
2013.7175	2698.7646
2014.9299	2706.7646
2016.142	2725.7646
2017.3531	2728.7646
2018.5647	2775.7646
2019.776	2734.7646
2020.9871	2776.7646
2022.197	2706.7646
2023.4075	2800.7646
2024.6177	2625.7646
2025.8276	2676.7646
2027.0366	2676.7646
2028.246	2693.7646
2029.4551	2696.7646
2030.6632	2731.7646
2031.8718	2674.7646
2033.0793	2621.7646
2034.2874	2552.7646
2035.4944	2561.7646
2036.7019	2505.7646
2037.9091	2461.7646
2039.1154	2562.7646
2040.322	2664.7646
2041.5277	2606.7646
2042.7338	2652.7646
2043.939	2614.7646
2045.1438	2642.7646
2046.3491	2591.7646
2047.5535	2519.7646
2048.7581	2505.7646
2049.9619	2540.7646
2051.1663	2588.7646
2052.3694	2594.7646
2053.5723	2532.7646
2054.7759	2552.7646
2055.9783	2575.7646
2057.1804	2612.7646
2058.3823	2576.7646
2059.5845	2542.7646
2060.7859	2594.7646
2061.9871	2647.7646
2063.1877	2618.7646
2064.3889	2582.7646
2065.5894	2521.7646
2066.7893	2508.7646
2067.989	2513.7646
2069.1885	2573.7646
2070.3884	2556.7646
2071.5872	2651.7646
2072.7859	2618.7646
2073.9844	2609.7646
2075.1824	2556.7646
2076.3801	2569.7646
2077.5779	2651.7646
2078.7751	2543.7646
2079.9722	2613.7646
2081.1689	2552.7646
2082.3655	2666.7646
2083.5615	2596.7646
2084.7576	2678.7646
2085.9534	2622.7646
2087.1487	2591.7646
2088.3438	2696.7646
2089.5388	2653.7646
2090.7334	2645.7646
2091.9277	2636.7646
2093.1211	2669.7646
2094.3149	2606.7646
2095.5085	2587.7646
2096.7017	2578.7646
2097.8948	2570.7646
2099.0867	2611.7646
2100.2793	2583.7646
2101.4714	2654.7646
2102.6633	2627.7646
2103.8545	2552.7646
2105.0459	2538.7646
2106.2371	2604.7646
2107.4277	2608.7646
2108.6177	2564.7646
2109.8081	2553.7646
2110.9976	2570.7646
2112.1873	2541.7646
2113.3767	2514.7646
2114.5654	2554.7646
2115.7544	2593.7646
2116.9424	2525.7646
2118.1309	2561.7646
2119.3191	2492.7646
2120.5063	2529.7646
2121.6941	2469.7646
2122.8809	2496.7646
2124.0679	2498.7646
2125.2542	2535.7646
2126.4402	2478.7646
2127.6265	2530.7646
2128.8118	2466.7646
2129.9976	2380.7646
2131.1826	2312.7646
2132.3672	2313.7646
2133.5522	2285.7646
2134.7363	2341.7646
2135.9202	2310.7646
2137.1042	2361.7646
2138.2876	2344.7646
2139.4707	2352.7646
2140.6541	2267.7646
2141.8364	2244.7646
2143.0188	2229.7646
2144.2007	2247.7646
2145.3823	2175.7646
2146.5645	2206.7646
2147.7456	2135.7646
2148.9265	2130.7646
2150.1072	2226.7646
2151.2876	2201.7646
2152.4678	2148.7646
2153.6477	2175.7646
2154.8279	2160.7646
2156.0073	2162.7646
2157.1863	2181.7646
2158.3652	2132.7646
2159.5437	2214.7646
2160.7219	2171.7646
2161.8999	2097.7646
2163.0776	2065.7646
2164.2551	2106.7646
2165.4324	2110.7646
2166.6094	2113.7646
2167.7854	2048.7646
2168.9619	1994.7646
2170.1382	2071.7646
2171.314	2054.7646
2172.4897	2071.7646
2173.665	2116.7646
2174.8401	2092.7646
2176.0144	2162.7646
2177.189	2101.7646
2178.3633	2105.7646
2179.5374	2062.7646
2180.7107	2042.7646
2181.8843	2051.7646
2183.0574	2057.7646
2184.2305	2022.7646
2185.4026	2017.7646
2186.5752	2043.7646
2187.7473	2019.7646
2188.9187	2035.7646
2190.0906	1996.7646
2191.262	2005.7646
2192.4326	1988.7646
2193.6035	2004.7646
2194.7734	2028.7645
2195.9441	2006.7646
2197.1135	2012.7648
2198.2834	1985.7646
2199.4524	1941.7648
2200.6218	2016.7646
2201.7903	1969.7646
2202.9592	1959.7646
2204.1272	1913.7646
2205.2954	1943.7646
2206.4629	1871.7646
2207.6301	1910.7646
2208.7976	1955.7646
2209.9644	1951.7646
2211.1313	1878.7646
2212.2976	1907.7645
2213.4634	1852.7646
2214.6299	1908.7645
2215.7952	1879.7646
2216.9602	1909.7648
2218.125	1898.7646
2219.2903	1939.7648
2220.4546	1912.7646
2221.6189	1897.7646
2222.7827	1919.7646
2223.946	1880.7646
2225.1101	1840.7646
2226.2732	1837.7646
2227.436	1821.7646
2228.5986	1838.7646
2229.7607	1840.7645
2230.9229	1819.7646
2232.0845	1807.7645
2233.2461	1772.7646
2234.4072	1805.7645
2235.5684	1773.7646
2236.729	1778.7648
2237.8896	1768.7646
2239.0498	1834.7648
2240.2097	1829.7646
2241.3694	1843.7646
2242.5288	1770.7646
2243.688	1740.7646
2244.8469	1745.7646
2246.0056	1800.7646
2247.1641	1760.7645
2248.3223	1762.7646
2249.4802	1746.7645
2250.6372	1790.7646
2251.7947	1732.7645
2252.9517	1745.7646
2254.1086	1737.7648
2255.2646	1779.7646
2256.4211	1717.7648
2257.5771	1757.7646
2258.7329	1687.7646
2259.8879	1777.7646
2261.0435	1722.7646
2262.1985	1687.7646
2263.3525	1680.7646
2264.5073	1754.7645
2265.6616	1709.7646
2266.8149	1715.7646
2267.9688	1646.7646
2269.1218	1719.7646
2270.2751	1693.7646
2271.4282	1682.7646
2272.5803	1643.7646
2273.7329	1660.7646
2274.8845	1685.7646
2276.0366	1632.7646
2277.1877	1618.7646
2278.3386	1674.7646
2279.49	1714.7646
2280.6404	1613.7646
2281.791	1608.7646
2282.9409	1651.7646
2284.0906	1603.7646
2285.2407	1577.7646
2286.3899	1597.7646
2287.5386	1638.7646
2288.688	1631.7646
2289.8362	1551.7646
2290.9844	1571.7646
2292.1328	1624.7646
2293.2805	1566.7646
2294.4277	1602.7646
2295.575	1607.7646
2296.7224	1569.7646
2297.8691	1603.7646
2299.0154	1588.7645
2300.1614	1526.7646
2301.3074	1552.7646
2302.4529	1571.7646
2303.5981	1556.7646
2304.7434	1539.7646
2305.8889	1627.7646
2307.0334	1530.7646
2308.1777	1564.7646
2309.3218	1570.7646
2310.4656	1597.7646
2311.6091	1624.7646
2312.7524	1559.7646
2313.8955	1600.7646
2315.0383	1554.7646
2316.1804	1564.7645
2317.3228	1523.7648
2318.4648	1564.7648
2319.6067	1517.7646
2320.748	1503.7646
2321.8894	1475.7646
2323.0305	1528.7646
2324.1714	1502.7646
2325.3113	1484.7646
2326.4517	1496.7646
2327.5918	1520.7646
2328.7314	1467.7646
2329.8704	1462.7646
2331.0098	1493.7646
2332.1489	1466.7646
2333.2876	1420.7646
2334.4255	1458.7646
2335.564	1474.7646
2336.7019	1446.7646
2337.8391	1473.7646
2338.9768	1439.7646
2340.1135	1462.7646
2341.2505	1385.7646
2342.3867	1447.7646
2343.5232	1412.7646
2344.6597	1391.7646
2345.7949	1444.7646
2346.9309	1451.7646
2348.0659	1400.7646
2349.2012	1414.7646
2350.3357	1388.7646
2351.4697	1399.7646
2352.6045	1423.7646
2353.738	1408.7646
2354.8721	1432.7646
2356.0054	1467.7646
2357.1384	1437.7646
2358.2717	1392.7646
2359.4041	1392.7646
2360.5364	1428.7646
2361.6689	1401.7646
2362.8008	1337.7646
2363.9321	1401.7646
2365.0635	1359.7646
2366.1951	1419.7646
2367.3257	1364.7645
2368.4563	1364.7646
2369.5864	1395.7646
2370.7166	1341.7646
2371.8469	1381.7646
2372.9763	1391.7646
2374.1057	1369.7646
2375.2346	1286.7646
2376.3635	1315.7648
2377.4919	1325.7646
2378.6201	1334.7646
2379.7483	1337.7646
2380.876	1277.7646
2382.0037	1328.7646
2383.1309	1299.7646
2384.2578	1282.7646
2385.3848	1308.7646
2386.5112	1279.7646
2387.6375	1280.7646
2388.7637	1270.7646
2389.8894	1357.7646
2391.0149	1268.7646
2392.1396	1302.7646
2393.2646	1237.7646
2394.3896	1272.7646
2395.5142	1279.7646
2396.6384	1335.7646
2397.762	1318.7646
2398.8857	1312.7646
2400.0095	1278.7646
2401.1328	1288.7645
2402.2554	1249.7646
2403.3782	1248.7646
2404.5007	1300.7646
2405.6226	1304.7648
2406.7446	1262.7646
2407.8667	1254.7646
2408.9875	1307.7646
2410.1091	1319.7646
2411.2295	1246.7646
2412.3506	1219.7646
2413.4712	1221.7646
2414.5911	1231.7646
2415.7112	1218.7646
2416.8306	1237.7646
2417.9502	1232.7645
2419.0691	1228.7646
2420.1877	1243.7646
2421.3066	1250.7646
2422.4248	1240.7646
2423.5432	1236.7646
2424.6609	1178.7646
2425.7783	1192.7646
2426.896	1199.7646
2428.0129	1177.7646
2429.1296	1205.7646
2430.2466	1150.7646
2431.3628	1203.7646
2432.4788	1157.7646
2433.595	1228.7646
