299.80441	17401
301.44656	17614
303.08731	17145
304.72858	17211
306.36847	16984
308.00885	16818
309.64789	16903
311.28741	16723
312.92557	16674
314.56424	16553
316.20154	16654
317.83936	16527
319.47577	16492
321.11273	16280
322.74829	16337
324.38342	16232
326.01907	16238
327.65335	16116
329.28815	16214
330.92157	16121
332.55453	15945
334.18805	15958
335.82016	15722
337.45187	15717
339.08408	15669
340.7149	15544
342.34534	15408
343.97626	15418
345.6058	15501
347.23492	15179
348.86456	15294
350.49283	15207
352.12067	15397
353.74808	15297
355.37601	15195
357.00256	15256
358.62869	15258
360.25439	15223
361.87967	15113
363.50546	15109
365.12988	15120
366.75388	15123
368.37744	15104
370.00058	15043
371.62332	14816
373.24561	14881
374.86746	14851
376.48984	14869
378.11087	14772
379.73145	14813
381.35162	14879
382.97134	14617
384.59067	14733
386.20956	14622
387.82803	14820
389.44608	14703
391.06369	14383
392.68091	14458
394.29767	14352
395.91403	14544
397.52994	14582
399.14545	14439
400.76053	14373
402.37427	14246
403.98849	14213
405.60229	14250
407.2157	14245.219
408.82867	13996
410.44122	14042
412.05334	13955
413.66504	13808
415.27539	13924
416.88626	13951
418.4967	13837
420.10672	13821
421.71631	13649
423.32455	13677
424.93332	13650
426.54166	13654
428.14957	13791
429.75616	13554
431.36322	13588
432.96988	13646
434.57614	13509
436.18103	13647
437.78644	13703
439.39142	13341
440.99506	13526
442.59918	13494
444.20291	13434
445.8053	13370
447.4082	13271
449.00974	13224
450.61182	13333.219
452.21344	13218
453.81375	13034
455.41455	12975
457.01401	12878
458.61398	12765
460.21262	12730
461.81174	12951
463.40955	12731
465.00784	12717
466.60483	12730
468.20227	12712
469.79843	12715
471.39505	12623
472.99036	12586
474.58618	12769
476.18066	12638
477.77563	12598
479.36929	12665
480.96252	12632
482.55624	12684
484.14865	12587
485.74066	12653
487.33313	12601
488.92432	12714
490.51505	12613
492.10632	12637
493.69623	12558
495.28574	12570
496.87576	12505
498.46445	12485
500.0527	12559
501.64059	12612
503.22894	12512
504.81598	12634
506.40262	12421
507.98883	12362
509.57462	12516.219
511.16092	12468
512.74591	12475
514.33051	12273
515.91467	12254
517.49841	12489.219
519.08173	12293
520.66559	12171
522.24811	12425
523.8302	12309
525.41193	12266
526.99316	12264
528.5741	12169
530.15454	12393
531.73462	12336
533.31427	12320
534.89349	12358
536.47235	12260
538.05078	12490
539.62878	12555
541.20636	12535
542.78357	12638
544.36041	12664
545.93677	12544
547.51276	12618
549.08832	12844
550.66351	12685
552.23822	12798
553.81171	12745
555.38562	12896
556.95917	12797
558.53229	12681
560.10504	12660
561.67737	12692
563.24835	12594
564.81989	12736
566.39099	12621
567.96167	12446
569.53198	12369
571.10095	12422
572.67041	12298
574.2395	12361
575.80817	12190
577.37555	12098
578.94342	11911
580.51086	12007
582.07703	11885
583.64368	11923.219
585.2099	11829
586.77484	11788.22
588.34027	11595
589.90533	11598
591.46906	11655
593.03326	11665.219
594.59619	11607.219
596.15967	11623.219
597.72266	11598
599.28436	11495
600.84662	11589.218
602.40753	11508.218
603.96893	11549
605.52905	11483
607.08966	11617
608.64899	11497
610.2088	11585
611.76733	11503
613.32629	11601
614.88403	11544
616.44135	11698
617.99915	11645
619.55566	11668
621.11267	11739
622.6684	11817
624.22369	11819
625.77948	11885
627.33398	11788
628.88812	11732
630.44275	11852.219
631.99603	11806
633.54895	11700
635.10242	11646
636.65448	11565
638.20624	11550.22
639.75842	11443
641.30939	11390
642.85992	11482
644.41003	11443
645.95978	11449
647.51001	11269
649.05896	11289
650.60748	11144.218
652.15564	11265.219
653.70337	11234
655.25165	11236
656.79858	11165
658.34515	11074
659.8913	10998.219
661.43707	11076
662.98248	10996
664.52747	11108
666.07202	11099
667.61621	11172
669.16003	11181
670.70343	11089
672.2464	11039.219
673.78906	11030
675.33124	11004
676.87305	11105
678.41449	11032.219
679.95551	10993
681.49615	11003.219
683.03644	11007.219
684.57629	10907.219
686.11572	10825
687.65479	10875
689.19348	10901.219
690.73175	10794
692.26874	11043
693.80627	10924
695.34338	10883.219
696.88007	10875.219
698.41638	10978
699.95233	10881
701.48694	10982.219
703.02209	10940
704.55688	10963
706.09125	10982.219
707.62518	11062.219
709.1579	11114
710.6911	11079
712.22388	11207
713.75537	11238
715.28741	11178
716.81903	11257
718.34937	11391
719.88025	11480
721.41071	11546
722.93988	11568
724.46954	11679
725.99884	12122
727.52686	12474
729.05536	13234
730.58264	13999
732.11035	14760
733.63684	15206
735.16376	15318
736.69031	14685
738.21564	13941
739.74139	13274
741.26593	12696
742.7901	12234
744.3147	12045
745.83807	11800
747.36194	11735
748.88452	11488
750.40759	11533
751.92938	11237
753.45172	11352
754.97278	11220
756.49341	11105
758.01459	11068
759.53442	11144.219
761.05396	11039
762.57391	11106
764.09265	11025
765.61102	11025.219
767.12982	10909.219
768.6474	11013
770.16461	11002
771.6814	10907.219
773.19867	10894
774.71472	10867.219
776.23041	10774.219
777.74567	10779
779.26056	10746
780.77588	10976
782.29004	10810
783.80377	10914
785.31708	10897.219
786.83008	10904
788.34265	10885
789.85486	10888
791.36755	10674
792.87897	10903
794.39001	10992
795.9007	10939
797.41101	11024.219
798.9209	10892.219
800.43042	10890.219
801.93958	10853.219
803.4483	10752
804.95673	10787
806.46472	10817.219
807.97235	10853.219
809.47955	10762.219
810.98639	10779.219
812.49292	10735.219
813.99896	10856.219
815.50385	10863
817.00916	10856
818.5141	10894
820.01868	10987.219
821.52289	11016.219
823.02673	10978
824.53015	11036
826.03235	11083.219
827.53503	10951
829.03729	11126
830.53925	10952
832.04077	11037.219
833.54108	10965
835.04187	11048.219
836.54224	10886
838.04144	10979
839.54108	10936
841.04034	10926
842.53925	10832.219
844.03687	10819.219
845.53503	10881
847.03278	10861.219
848.5293	10734
850.02631	10762
851.52209	10689.219
853.01837	10762
854.51422	10750.219
856.00885	10837
857.50397	10739.219
858.99786	10800
860.49225	10687
861.98541	10730.219
863.479	10729.219
864.97137	10767
866.46423	10681
867.95587	10581
869.448	10717.219
870.9389	10736.219
872.4303	10592
873.92041	10569
875.41101	10618
876.90045	10609
878.38947	10578
879.87891	10628.219
881.36719	10575
882.8551	10479.219
884.34344	10635.219
885.83063	10498
887.31738	10654.219
888.80463	10712.219
890.29065	10488
891.77631	10464
893.26245	10523
894.74738	10513
896.23193	10491.219
897.71606	10510.219
899.19989	10665.219
900.68414	10487
902.16724	10556
903.6499	10536
905.1322	10546.219
906.61414	10561.219
908.09656	10572.219
909.57776	10640.219
911.05853	10549
912.539	10754
914.0191	10720
915.49878	10701.219
916.97815	10834
918.45709	10916.219
919.93573	10900
921.41394	10902.22
922.89178	10972
924.36932	10991
925.84644	10986.219
927.32318	10844.219
928.79956	10884
930.27557	10863
931.75122	10815
933.2265	10822
934.70142	10803.218
936.17596	10772.219
937.65009	10790
939.1239	10783
940.5965	10805
942.06958	10722
943.5423	10727
945.01459	10616.22
946.48657	10650.219
947.95819	10475
949.42853	10593.219
950.89941	10588.219
952.36987	10546
953.84003	10535.219
955.30896	10650.219
956.77832	10565
958.24738	10659
959.716	10697
961.18347	10841
962.65143	10693
964.11896	10955.219
965.58533	10886.219
967.05219	10694
968.51862	10685
969.98389	10673
971.44965	10614.218
972.91418	10562
974.37915	10532
975.84296	10540
977.30725	10544
978.77118	10502
980.23389	10554
981.69708	10520
983.15906	10656
984.62152	10692
986.08276	10791
987.54364	10908
989.005	11078
990.46515	11224.219
991.92584	11316
993.38525	11296
994.84515	11361
996.30389	11296
997.76221	11057
999.22107	11024
1000.6786	10865
1002.1359	10718.219
1003.5937	10593
1005.0502	10447
1006.5064	10346.219
1007.9631	10229
1009.4185	10355.219
1010.8736	10358
1012.3283	10197
1013.7836	10257
1015.2375	10267.219
1016.6912	10340
1018.1445	10307.219
1019.5974	10268.219
1021.0508	10360.219
1022.5031	10226.219
1023.9549	10285
1025.4064	10134.219
1026.8575	10113.219
1028.3082	10212.218
1029.7587	10089
1031.2087	10061
1032.6584	9949.2188
1034.1078	9861.2188
1035.5568	9867
1037.0062	9854.2188
1038.4545	9850
1039.9023	9935
1041.3499	9764.2188
1042.7963	9813.2188
1044.243	9671
1045.6896	9799.2188
1047.1356	9776
1048.5814	9712
1050.0267	9750
1051.4718	9642.2197
1052.9165	9713.2188
1054.3608	9780
1055.8048	9698.2188
1057.2476	9724
1058.6908	9795.2188
1060.1337	9759.2188
1061.5763	9831.2188
1063.0184	9812
1064.4595	9891.2188
1065.9009	9772
1067.342	9695.2188
1068.7828	9713.2188
1070.2223	9688.2188
1071.6624	9758.2188
1073.1021	9657.2188
1074.5414	9795.2178
1075.9796	9739
1077.4182	9723
1078.8564	9736.2188
1080.2936	9795.2188
1081.7311	9698.2188
1083.1675	9626.2188
1084.6044	9597
1086.0409	9694.2188
1087.4762	9637
1088.912	9584.2188
1090.3466	9511
1091.7816	9611.2188
1093.2156	9608
1094.6499	9475
1096.0831	9622.2188
1097.5168	9692.2178
1098.9493	9568.2188
1100.3823	9767.2188
1101.8141	9624
1103.2463	9774.2188
1104.6774	9573.2188
1106.1082	9696
1107.5393	9651.2188
1108.9694	9660.2188
1110.399	9771
1111.8292	9781
1113.2582	9651.2188
1114.6868	9820.2188
1116.1158	9697.2188
1117.5438	9663
1118.9714	9774
1120.3994	9772
1121.8263	9857.2188
1123.2528	9879.2188
1124.679	9804.2188
1126.1047	9874.2188
1127.5311	9858
1128.9562	9911
1130.381	9842
1131.8054	9735.2188
1133.2295	9779.2188
1134.6532	9818
1136.0774	9741.2188
1137.5004	9783.2188
1138.923	9874
1140.3453	9791
1141.7673	9889.2188
1143.189	9836.2178
1144.6102	9858.4678
1146.0311	9801.917
1147.4518	9996.1729
1148.8719	9864.0645
1150.2919	9889.8623
1151.7114	9752.958
1153.1306	9797.4473
1154.5494	9757.627
1155.9679	9766.8604
1157.386	9677.8965
1158.8038	9652.3877
1160.2213	9689.2461
1161.6376	9670.6465
1163.0543	9647.4492
1164.4707	9638.9004
1165.8868	9630.8867
1167.3025	9712.5391
1168.7179	9670.4395
1170.1321	9707.0801
1171.5468	9606.1953
1172.9611	9766.5479
1174.3751	9878.3555
1175.788	9883.3818
1177.2012	9807.8174
1178.6141	9910.4365
1180.0267	9925.918
1181.4382	9983.0039
1182.8501	10065.645
1184.2617	9942.7949
1185.6721	10072.085
1187.083	9997.9844
1188.4935	10049.56
1189.903	10012.02
1191.3127	9956.5469
1192.7214	10046.409
1194.1306	9946.2891
1195.5386	9906.8008
1196.947	9882.5391
1198.3544	9905.6152
1199.7622	9880.0479
1201.1688	9747.5352
1202.5759	9914.958
1203.9818	9905.5029
1205.3883	9729.6357
1206.7936	9770.8613
1208.1992	9708.7705
1209.6038	9736.8955
1211.0089	9642.9385
1212.4127	9684.752
1213.8163	9719.3545
1215.2203	9763.4922
1216.6232	9747.6094
1218.0258	9744.4199
1219.4287	9790.0645
1220.8306	9940.5947
1222.2321	9864.8643
1223.634	9994.168
1225.0348	10032.682
1226.4353	10018.781
1227.8354	10039.805
1229.236	10148.675
1230.6355	10192.549
1232.0345	10146.375
1233.4333	10203.089
1234.8318	10334.032
1236.2307	10347.121
1237.6284	10347.834
1239.0259	10291.154
1240.423	10068.172
1241.8197	10021.951
1243.2161	10011.694
1244.6121	9854.1064
1246.0078	9839.7773
1247.4032	9803.4268
1248.7982	9723.917
1250.193	9775.3564
1251.5873	9677.251
1252.9813	9669.7236
1254.375	9555.6543
1255.7683	9555.9189
1257.1614	9551.1484
1258.5541	9437.4863
1259.9464	9386.9932
1261.3384	9560.21
1262.73	9384.8428
1264.1213	9462.5469
1265.5123	9580.208
1266.903	9464.3564
1268.2925	9538.3076
1269.6825	9466.668
1271.0721	9519.7646
1272.4614	9476.3945
1273.8503	9553.002
1275.2382	9401.8447
1276.6265	9323.3262
1278.0144	9515.8955
1279.4021	9532.4482
1280.7886	9447.6982
1282.1754	9467.0566
1283.5621	9357.6504
1284.9475	9429.166
1286.3335	9410.1396
1287.7191	9489.4971
1289.1035	9448.0244
1290.4885	9472.9678
1291.873	9629.8447
1293.2566	9640.8047
1294.6405	9733.0742
1296.0233	9700.9873
1297.4065	9645.4434
1298.7887	9664.3096
1300.1713	9586.8047
1301.5527	9683.9688
1302.9347	9667.8555
1304.3154	9770.083
1305.6967	9715.0654
1307.0768	9703.0869
1308.4574	9734.6055
1309.8369	9691.3311
1311.2168	9769.7471
1312.5956	9796.4141
1313.974	9788.7939
1315.3529	9794.6836
1316.7307	9760.8809
1318.1083	9783.0195
1319.4861	9731.9707
1320.8629	9670.8926
1322.2394	9726.1738
1323.6163	9669.1934
1324.9922	9581.8984
1326.3676	9565.4629
1327.7428	9571.3535
1329.1184	9494.9932
1330.4928	9509.4336
1331.8669	9531.4121
1333.2408	9587.9199
1334.6143	9533.0322
1335.9874	9594.0068
1337.3611	9583.3145
1338.7335	9611.2598
1340.1057	9633.5166
1341.4775	9588
1342.849	9571.6494
1344.2202	9583.0449
1345.5911	9585.3623
1346.9615	9583.1934
1348.3318	9611.2334
1349.7015	9624.9492
1351.071	9574.8955
1352.4403	9659.3086
1353.8092	9596.8281
1355.1777	9557.2549
1356.5459	9540.1143
1357.9138	9529.4844
1359.2814	9376.7832
1360.6486	9379.5498
1362.0154	9514.1338
1363.382	9439.4795
1364.7474	9430.2773
1366.1134	9531.2168
1367.4789	9582.1914
1368.8441	9636.0469
1370.2091	9624.0605
1371.5737	9707.1045
1372.9371	9681.4688
1374.3011	9611.2354
1375.6647	9642.2188
1377.028	9622.2061
1378.3901	9529.9111
1379.7528	9510.7363
1381.1151	9405.6221
1382.4763	9361.0498
1383.838	9325.7168
1385.1993	9190.125
1386.5594	9032.9297
1387.9202	8989.2715
1389.2798	8828.001
1390.6398	8782.5127
1391.9995	8713.3633
1393.358	8656.6514
1394.717	8606.5479
1396.0751	8606.0479
1397.4333	8587.0723
1398.7906	8606.873
1400.1484	8557.8701
1401.505	8533.4287
1402.8622	8404.6797
1404.2181	8479.4863
1405.5746	8283.7109
1406.9299	8308.4365
1408.2849	8203.9072
1409.6404	8184.3828
1410.9948	8154.4478
1412.3496	8111.9697
1413.7032	8138.5083
1415.0566	8143.3193
1416.4105	8177.4741
1417.7633	8060.8472
1419.1157	8143.834
1420.4678	8216.5078
1421.8203	8193.3584
1423.1719	8227.8955
1424.5229	8200.4414
1425.8738	8204.5381
1427.2242	8252.3916
1428.5752	8260.4551
1429.925	8330.877
1431.2745	8315.2373
1432.6238	8279.0205
1433.9727	8264.1572
1435.3212	8341.4521
1436.6694	8366.1846
1438.0181	8301.6211
1439.3657	8417.2217
1440.7129	8300.0879
1442.0599	8412.0703
1443.4065	8199.2207
1444.7528	8291.0566
1446.0988	8324.374
1447.4445	8257.6328
1448.7898	8290.0508
1450.1348	8286.9609
1451.4795	8364.6826
1452.8239	8251.332
1454.1671	8357.8936
1455.5109	8236.9102
1456.8544	8184.2305
1458.1974	8220.9717
1459.5402	8146.2397
1460.8827	8058.5161
1462.2249	8090.8955
1463.5658	8027.9556
1464.9073	8012.3232
1466.2485	7885.624
1467.5894	7815.9355
1468.9292	7725.9351
1470.2694	7643.8247
1471.6093	7685.1597
1472.9489	7535.9043
1474.2874	7521.0464
1475.6263	7384.2539
1476.965	7379.5332
1478.3025	7330.0532
1479.6405	7217.9214
1480.9774	7244.2197
1482.3148	7289.6636
1483.6519	7248.0024
1484.9878	7170.4033
1486.3242	7154.834
1487.6595	7105.3003
1488.9952	7152.8164
1490.33	7042.896
1491.665	7006.9937
1492.9991	7073.8828
1494.3336	7037.6528
1495.6671	7023.6543
1497.001	7000.6582
1498.3337	6973.3882
1499.667	6979.4673
1500.9991	7022.7241
1502.3309	7030.6943
1503.6632	6899.3472
1504.9945	6962.3267
1506.3253	7029.0225
1507.6567	6873.6821
1508.9869	6911.4438
1510.3169	6978.1445
1511.6473	6980.7124
1512.9767	7011.0562
1514.3057	7016.5195
1515.6343	6972.7749
1516.9635	6961.0166
1518.2915	7025.6953
1519.6193	6970.8945
1520.9467	6997.3755
1522.2738	6981.0957
1523.6006	7050.9893
1524.9271	7038.6484
1526.254	7164.7417
1527.58	7043.5479
1528.9054	7138.7363
1530.2307	7206.0117
1531.5555	7254.0498
1532.8802	7258.2231
1534.2045	7149.7114
1535.5284	7236.1694
1536.8522	7278.606
1538.1755	7176.6289
1539.4985	7253.4863
1540.8213	7133.8423
1542.1437	7128.4131
1543.4658	7153.2622
1544.7876	7114.6113
1546.1083	7123.3652
1547.4294	7055.3052
1548.7504	7022.105
1550.0709	7050.0645
1551.3911	7098.3799
1552.7111	7009.3926
1554.0306	6993.6655
1555.3491	7092.7485
1556.6682	7038.8857
1557.9868	6969.2061
1559.3052	7030.9063
1560.6226	6987.7803
1561.9403	7061.0005
1563.2577	6921.3184
1564.5741	6945.0073
1565.8909	6912.0562
1567.2074	6892.6357
1568.5228	6899.7417
1569.8386	6941.3501
1571.1543	6839.0801
1572.4688	6892.105
1573.7837	6904.0732
1575.0975	6862.0278
1576.4119	6774.0171
1577.7252	6836.0952
1579.0389	6806.2241
1580.3516	6836.1665
1581.6647	6731.1357
1582.9767	6765.8975
1584.2892	6681.4829
1585.6006	6716.606
1586.9125	6660.4375
1588.2233	6659.5034
1589.5337	6590.7109
1590.8446	6544.0352
1592.1545	6593.4673
1593.4641	6550.1782
1594.774	6561.2007
1596.083	6446.5786
1597.3917	6435.0972
1598.7008	6338.3862
1600.0088	6504.1973
1601.3165	6409.2202
1602.6239	6409.4448
1603.9318	6363.2725
1605.2386	6333.1353
1606.545	6351.4756
1607.8513	6340.8672
1609.1571	6290.0684
1610.4635	6202.1235
1611.7688	6221.4414
1613.0737	6164.0889
1614.3784	6163.3193
1615.6827	6138.3086
1616.9867	6085.6162
1618.2905	6129.4839
1619.5939	6101.9126
1620.8971	6122.3311
1622.1998	6021.7373
1623.5023	6028.0044
1624.8046	6017.5874
1626.1064	6061.7295
1627.4081	5991.3193
1628.7094	6010
1630.0104	6025.7412
1631.311	5954.7979
1632.6115	5954.6421
1633.9115	5974.9814
1635.2106	6012.2378
1636.51	5901.5327
1637.8092	5933.7632
1639.108	5969.1685
1640.4066	5902.854
1641.7048	5910.7368
1643.002	5975.1182
1644.2997	5873.4492
1645.597	5971.7544
1646.894	5860.6465
1648.1901	5826.71
1649.4865	5784.4771
1650.7826	5794.2905
1652.0776	5726.2852
1653.3732	5760.3374
1654.6683	5694.1724
1655.9625	5706.1816
1657.2572	5681.6807
1658.5508	5664.2695
1659.8447	5696.894
1661.1377	5646.8188
1662.4312	5643.71
1663.7235	5712.2573
1665.0162	5642.749
1666.308	5573.0908
1667.6002	5544.3618
1668.8914	5581.479
1670.183	5558.3789
1671.4735	5566.0615
1672.7645	5566.2861
1674.0544	5525.4683
1675.3441	5419.9434
1676.6342	5451.3188
1677.9232	5433.0859
1679.2119	5405.2012
1680.5012	5474.417
1681.7893	5409.7056
1683.0771	5369.2363
1684.3655	5390.9824
1685.6527	5359.5361
1686.9396	5291.7827
1688.2263	5282.0742
1689.5133	5282.0361
1690.7994	5302.9653
1692.0851	5229.3364
1693.3706	5191.0225
1694.6558	5259.981
1695.9406	5236.8662
1697.2258	5225.2666
1698.5101	5145.7158
1699.7941	5177.4404
1701.0778	5203.3716
1702.3611	5179.0801
1703.6442	5181.3193
1704.9269	5121.1895
1706.2094	5106.8052
1707.4915	5067.7676
1708.7733	5117.4834
1710.0549	5128.7617
1711.3362	5078.9658
1712.6172	5049.0005
1713.8978	5004.9121
1715.1775	5029.0054
1716.4575	5028.5835
1717.7373	5067
1719.0168	5025.6943
1720.296	4966.2212
1721.5748	5051.2642
1722.8535	5026.3511
1724.131	5064.1035
1725.4091	4959.0171
1726.6868	4953.6519
1727.9641	4989.4824
1729.2405	4943.9014
1730.5173	4951.5259
1731.7938	4949.1035
1733.0693	4907.2441
1734.3452	4946.3677
1735.6208	4909.5078
1736.8955	4921.8125
1738.1705	4954.0586
1739.4453	4936.6064
1740.719	4820.3652
1741.9932	4812.7646
1743.2662	4920.2495
1744.5398	4910.207
1745.8124	4843.7725
1747.0853	4900.5034
1748.3573	4782.5796
1749.6296	4812.7861
1750.901	4851.1392
1752.1727	4828.6084
1753.4435	4703.3413
1754.714	4756.9639
1755.9849	4779.8525
1757.2548	4811.2725
1758.5251	4750.6528
1759.7944	4771.0845
1761.0635	4670.5728
1762.3329	4834.521
1763.6013	4715.2466
1764.8694	4759.0962
1766.1372	4662.5913
1767.4055	4632.5684
1768.6727	4669.2373
1769.9397	4669.9702
1771.2063	4618.4932
1772.4734	4641.4556
1773.7395	4603.4131
1775.0052	4691.0737
1775.5819	4691.3926
1776.8502	4675.3926
1778.119	4598.3926
1779.3867	4653
1780.6548	4582.3926
1781.9219	4557
1783.1895	4491.3921
1784.4561	4640
1785.7223	4604.3926
1786.9889	4456.3926
1788.2545	4539.3926
1789.5206	4599
1790.7858	4519
1792.0505	4520
1793.3157	4527
1794.58	4489.3926
1795.8438	4559.3926
1797.1074	4511.3926
1798.3715	4433.3926
1799.6345	4520
1800.8972	4546.3926
1802.1597	4505.3926
1803.4225	4524.3926
1804.6843	4494.3926
1805.9459	4460.3926
1807.2072	4516.3926
1808.4681	4458.3926
1809.7289	4410.3926
1810.9893	4395.3926
1812.2501	4384.3926
1813.5099	4439
1814.7695	4403.3926
1816.0287	4334.3926
1817.2876	4381
1818.5463	4371.3926
1819.8047	4299.3926
1821.0627	4344.3926
1822.3206	4293.3926
1823.578	4389.3926
1824.8352	4356
1826.0922	4274.3926
1827.3488	4277.3926
1828.6051	4366.3926
1829.8612	4318.3926
1831.1169	4396.3926
1832.3717	4339.3926
1833.6268	4293.3926
1834.8818	4301.3926
1836.1364	4293.3926
1837.3907	4259.3926
1838.6448	4275.3926
1839.8984	4323.3926
1841.1512	4283.3926
1842.4044	4330.3926
1843.6572	4217.3926
1844.9098	4202.3926
1846.1614	4281.3926
1847.4135	4264.3926
1848.6652	4206.3926
1849.9166	4268.3926
1851.167	4177.3926
1852.4178	4182.3926
1853.6685	4227.3926
1854.918	4226.3926
1856.168	4073.3926
1857.417	4133.3926
1858.6664	4175.3926
1859.9155	4160.3926
1861.1637	4126.3926
1862.4122	4090.3926
1863.6598	4139.3926
1864.9078	4150.3926
1866.1548	4120.3926
1867.4022	4105
1868.6487	4042.3928
1869.8955	4047.3926
1871.1414	4023.3926
1872.3876	4092.3926
1873.6328	4137.3926
1874.8785	4092.3926
1876.1233	3995.3926
1877.3677	4101.3926
1878.6125	4026.3926
1879.8563	4021.3926
1881.1007	4040.3926
1882.3439	4080.3926
1883.5869	4131
1884.8303	4067.3926
1886.0728	4081
1887.3149	4019.3926
1888.5568	4084.3926
1889.7991	4078.3926
1891.0403	3973.3926
1892.2814	4049.3926
1893.5221	4006.3926
1894.7632	3916.3928
1896.0033	4006.3926
1897.2432	4044.3926
1898.4828	3986
1899.722	3961.3926
1900.9611	3946.3926
1902.1998	3935.3926
1903.439	3925.3926
1904.6771	3876.3926
1905.915	3963.3926
1907.1526	3975.3926
1908.3899	3986.3926
1909.627	3927.3926
1910.8638	3985.3926
1912.1002	3932.3926
1913.3364	3914.3923
1914.5723	3894.3926
1915.8079	3853.3926
1917.0432	3878.3926
1918.2783	3889.3926
1919.5131	3879.3926
1920.7476	3891.3926
1921.9811	3884.3923
1923.215	3928
1924.4486	3852.3926
1925.682	3857.3926
1926.9152	3858.3926
1928.1479	3834
1929.3804	3876.3926
1930.6119	3882.3923
1931.8439	3856.3926
1933.0756	3838.3926
1934.307	3842.3926
1935.5374	3851.3926
1936.7683	3822.3926
1937.9988	3864.3926
1939.2284	3782.3923
1940.4584	3789.3926
1941.6881	3779.3926
1942.9169	3683.3926
1944.146	3761.3926
1945.3749	3728.3926
1946.6028	3763.3926
1947.8311	3777.3923
1949.0591	3726.3926
1950.2861	3662.3926
1951.5137	3789.3926
1952.7401	3732.3926
1953.967	3640.3926
1955.193	3658.3926
1956.4193	3692.3928
1957.6448	3669.3926
1958.8705	3683.3926
1960.0953	3693.3926
1961.3206	3614.3926
1962.5449	3689.3926
1963.7689	3616.3926
1964.9933	3560.3928
1966.2167	3533.3926
1967.4406	3585.3926
1968.6635	3609.3926
1969.886	3634.3926
1971.109	3548.3926
1972.3311	3605.3926
1973.5529	3535.3928
1974.775	3587.3923
1975.9962	3524.3926
1977.2172	3568.3926
1978.4379	3568.3926
1979.6589	3544.3926
1980.879	3553.3926
1982.0989	3530.3928
1983.3184	3525.3923
1984.5377	3588.3926
1985.7567	3637
1986.9761	3540.3926
1988.1946	3529.3926
1989.4127	3529.3926
1990.6306	3516.3928
1991.8483	3610.3923
1993.0656	3577.3926
1994.2826	3525.3926
1995.4994	3502.3926
1996.7159	3558.3926
1997.9321	3535
1999.1481	3491.3928
2000.3638	3557.3923
2001.5792	3533.3926
2002.7943	3521.3926
2004.0092	3474.3926
2005.2238	3415.3926
2006.4381	3400.3926
2007.6521	3532.3928
2008.8658	3489.3923
2010.0793	3440.3926
2011.2919	3488
2012.5049	3460.3926
2013.7175	3424.3926
2014.9299	3438.3926
2016.142	3380.3928
2017.3531	3448.3923
2018.5647	3418.3926
2019.776	3408.3926
2020.9871	3481.3926
2022.197	3408.3926
2023.4075	3399.3926
2024.6177	3292.3928
2025.8276	3311.3928
2027.0366	3290.3923
2028.246	3339.3926
2029.4551	3344.3926
2030.6632	3338.3926
2031.8718	3244.3926
2033.0793	3258.3928
2034.2874	3187.3928
2035.4944	3098.3923
2036.7019	3123.3926
2037.9091	3126.3926
2039.1154	3157.3926
2040.322	3250.3926
2041.5277	3295.3926
2042.7338	3302.3928
2043.939	3292.3923
2045.1438	3265.3926
2046.3491	3261.3926
2047.5535	3126.3926
2048.7581	3122.3926
2049.9619	3218.3926
2051.1663	3156.3926
2052.3694	3146.3926
2053.5723	3070.3926
2054.7759	3159.3926
2055.9783	3251.3926
2057.1804	3187.3926
2058.3823	3210.3926
2059.5845	3166.3926
2060.7859	3206.3926
2061.9871	3149.3926
2063.1877	3139.3926
2064.3889	3089.3926
2065.5894	3110.3926
2066.7893	3085.3926
2067.989	3031.3926
2069.1885	3103.3926
2070.3884	3097.3926
2071.5872	3197.3926
2072.7859	3158.3926
2073.9844	3121.3926
2075.1824	3116
2076.3801	3144.3926
2077.5779	3106.3926
2078.7751	3094.3926
2079.9722	3068.3926
2081.1689	3154.3926
2082.3655	3156.3926
2083.5615	3128.3926
2084.7576	3152.3926
2085.9534	3149.3926
2087.1487	3063.3926
2088.3438	3154.3926
2089.5388	3144.3926
2090.7334	3184.3926
2091.9277	3157.3926
2093.1211	3125.3926
2094.3149	3095.3926
2095.5085	3151.3926
2096.7017	3197
2097.8948	3126.3926
2099.0867	3102.3926
2100.2793	3098
2101.4714	3091.3926
2102.6633	3155.3926
2103.8545	3066.3926
2105.0459	3024.3926
2106.2371	3074.3926
2107.4277	3028.3926
2108.6177	3087.3926
2109.8081	3088.3926
2110.9976	3121.3926
2112.1873	3072.3926
2113.3767	2987.3926
2114.5654	3026.3926
2115.7544	3086.3926
2116.9424	3061.3926
2118.1309	3025.3926
2119.3191	3005.3926
2120.5063	3111.3926
2121.6941	3080.3926
2122.8809	3074.3926
2124.0679	3064.3926
2125.2542	3110.3926
2126.4402	3025.3926
2127.6265	3081.3926
2128.8118	3015.3926
2129.9976	2968.3926
2131.1826	2903.3926
2132.3672	2889.3926
2133.5522	2912.3926
2134.7363	2920.3926
2135.9202	2948.3926
2137.1042	2972.3926
2138.2876	2949.3926
2139.4707	2910.3926
2140.6541	2894.3926
2141.8364	2896.3926
2143.0188	2844.3926
2144.2007	2824.3926
2145.3823	2763.3926
2146.5645	2774.3926
2147.7456	2707.3926
2148.9265	2734.3926
2150.1072	2743.3926
2151.2876	2709.3926
2152.4678	2749.3926
2153.6477	2741.3926
2154.8279	2718.3926
2156.0073	2767.3926
2157.1863	2691.3926
2158.3652	2764.3926
2159.5437	2710.3928
2160.7219	2712.3926
2161.8999	2649.3926
2163.0776	2643.3926
2164.2551	2682.3926
2165.4324	2695.3926
2166.6094	2692.3926
2167.7854	2605.3928
2168.9619	2586.3926
2170.1382	2635.3926
2171.314	2632.3926
2172.4897	2666.3926
2173.665	2690.3926
2174.8401	2631.3926
2176.0144	2732.3926
2177.189	2621.3926
2178.3633	2571.3926
2179.5374	2642.3926
2180.7107	2584.3923
2181.8843	2584.3926
2183.0574	2628.3926
2184.2305	2590.3926
2185.4026	2594.3926
2186.5752	2633.3926
2187.7473	2622.3926
2188.9187	2592.3923
2190.0906	2571.3926
2191.262	2484.3926
2192.4326	2506.3926
2193.6035	2517.3926
2194.7734	2572.3926
2195.9441	2585.3926
2197.1135	2572.3923
2198.2834	2540.3926
2199.4524	2605.3926
2200.6218	2566.3926
2201.7903	2522.3926
2202.9592	2523.3926
2204.1272	2465.3926
2205.2954	2461.3926
2206.4629	2414.3926
2207.6301	2495.3926
2208.7976	2527.3926
2209.9644	2452.3926
2211.1313	2464.3926
2212.2976	2481.3926
2213.4634	2401.3926
2214.6299	2434.3926
2215.7952	2434.3926
2216.9602	2463.3926
2218.125	2455.3926
2219.2903	2467.3926
2220.4546	2429.3926
2221.6189	2463.3926
2222.7827	2470.3926
2223.946	2432.3926
2225.1101	2469.3926
2226.2732	2425.3926
2227.436	2421.3926
2228.5986	2377.3926
2229.7607	2333.3926
2230.9229	2324.3926
2232.0845	2342.3926
2233.2461	2300.3926
2234.4072	2281.3926
2235.5684	2264.3926
2236.729	2241.3926
2237.8896	2278.3926
2239.0498	2340.3926
2240.2097	2319.3926
2241.3694	2278.3926
2242.5288	2247.3926
2243.688	2293.3926
2244.8469	2260.3926
2246.0056	2291.3926
2247.1641	2326.3926
2248.3223	2351.3926
2249.4802	2249.3926
2250.6372	2294.3926
2251.7947	2244.3926
2252.9517	2302.3926
2254.1086	2232.3926
2255.2646	2287.3926
2256.4211	2200.3926
2257.5771	2249.3926
2258.7329	2245.3926
2259.8879	2181.3926
2261.0435	2179.3926
2262.1985	2214.3926
2263.3525	2185.3926
2264.5073	2235.3926
2265.6616	2251.3926
2266.8149	2260.3926
2267.9688	2202.3926
2269.1218	2212.3926
2270.2751	2191.3926
2271.4282	2182.3926
2272.5803	2158.3926
2273.7329	2143.3926
2274.8845	2154.3926
2276.0366	2115.3926
2277.1877	2091.3926
2278.3386	2095.3926
2279.49	2180.3926
2280.6404	2152.3926
2281.791	2063.3926
2282.9409	2043.3925
2284.0906	2072.3926
2285.2407	2029.3926
2286.3899	2013.3927
2287.5386	2044.3926
2288.688	2084.3926
2289.8362	2026.3926
2290.9844	2037.3926
2292.1328	2046.3926
2293.2805	2041.3926
2294.4277	2036.3927
2295.575	1997.3926
2296.7224	2011.3926
2297.8691	2017.3926
2299.0154	2032.3926
2300.1614	2022.3926
2301.3074	1987.3926
2302.4529	2019.3926
2303.5981	2046.3925
2304.7434	2053.3926
2305.8889	2021.3926
2307.0334	2094.3926
2308.1777	2026.3926
2309.3218	2014.3926
2310.4656	1978.3926
2311.6091	2001.3926
2312.7524	2021.3927
2313.8955	1976.3926
2315.0383	1985.3926
2316.1804	2009.3926
2317.3228	2011.3926
2318.4648	1983.3926
2319.6067	2037.3926
2320.748	1952.3926
2321.8894	2015.3925
2323.0305	1960.3926
2324.1714	2084
2325.3113	2130
2326.4517	1931.3926
2327.5918	1987.3926
2328.7314	1886.3926
2329.8704	1937.3927
2331.0098	1907.3927
2332.1489	1913.3925
2333.2876	1847.3926
2334.4255	1922.3926
2335.564	1878.3926
2336.7019	1859.3926
2337.8391	1926.3926
2338.9768	1864.3927
2340.1135	1870.3925
2341.2505	1826.3925
2342.3867	1830.3926
2343.5232	1824.3926
2344.6597	1883.3926
2345.7949	1837.3926
2346.9309	1846.3926
2348.0659	1825.3927
2349.2012	1820.3927
2350.3357	1860.3925
2351.4697	1903.3926
2352.6045	1832.3926
2353.738	1815.3926
2354.8721	1841.3926
2356.0054	1868.3926
2357.1384	1870.3926
2358.2717	1843.3926
2359.4041	1820.3926
2360.5364	1784.3926
2361.6689	1826.3926
2362.8008	1837.3926
2363.9321	1869.3926
2365.0635	1807.3927
2366.1951	1842.3926
2367.3257	1823.3926
2368.4563	1837.3926
2369.5864	1810.3925
2370.7166	1826.3926
2371.8469	1791.3926
2372.9763	1790.3926
2374.1057	1748.3927
2375.2346	1751.3926
2376.3635	1746.3926
2377.4919	1801.3926
2378.6201	1737.3925
2379.7483	1816.3926
2380.876	1705.3926
2382.0037	1753.3926
2383.1309	1726.3927
2384.2578	1730.3926
2385.3848	1726.3926
2386.5112	1713.3926
2387.6375	1693.3925
2388.7637	1710.3926
2389.8894	1727.3926
2391.0149	1720.3926
2392.1396	1686.3926
2393.2646	1668.3926
2394.3896	1697.3926
2395.5142	1678.3926
2396.6384	1704.3926
2397.762	1670.3926
2398.8857	1669.3926
2400.0095	1666.3927
2401.1328	1682.3926
2402.2554	1665.3925
2403.3782	1660.3926
2404.5007	1698.3927
2405.6226	1671.3926
2406.7446	1656.3925
2407.8667	1672.3926
2408.9875	1696.3927
2410.1091	1685.3926
2411.2295	1684.3925
2412.3506	1687.3926
2413.4712	1709.3926
2414.5911	1618.3926
2415.7112	1737.3926
2416.8306	1612.3926
2417.9502	1639.3926
2419.0691	1623.3926
2420.1877	1639.3926
2421.3066	1605.3926
2422.4248	1610.3926
2423.5432	1613.3926
2424.6609	1615.3926
2425.7783	1631.3926
2426.896	1614.3926
2428.0129	1572.3926
2429.1296	1601.3926
2430.2466	1625.3926
2431.3628	1613.3926
2432.4788	1556.3926
2433.595	1591.3926
