299.80441	38599.074
301.44656	37362.121
303.08731	36218.813
304.72858	34991.852
306.36847	33928.715
308.00885	33036.773
309.64789	32109.287
311.28741	31252.563
312.92557	30509.889
314.56424	29773.639
316.20154	29353.182
317.83936	28713.883
319.47577	28299.881
321.11273	27876.959
322.74829	27487.107
324.38342	27341.375
326.01907	27025.586
327.65335	26769.918
329.28815	26583.523
330.92157	26353.406
332.55453	26211.029
334.18805	25982.961
335.82016	25767.25
337.45187	25636.729
339.08408	25320.1
340.7149	25125.523
342.34534	24723.723
343.97626	24244.104
345.6058	23861.854
347.23492	23291.375
348.86456	22946.727
350.49283	22633.602
352.12067	22323.734
353.74808	21930.631
355.37601	21631.34
357.00256	21487.961
358.62869	21248.225
360.25439	21007.033
361.87967	20791.145
363.50546	20664.43
365.12988	20380.588
366.75388	20254.477
368.37744	20094.285
370.00058	19914.922
371.62332	19650.361
373.24561	19476.773
374.86746	19361.443
376.48984	19188.217
378.11087	19044.439
379.73145	18906.057
381.35162	18843.223
382.97134	18702.48
384.59067	18502.844
386.20956	18510.521
387.82803	18384.012
389.44608	18282.994
391.06369	18160.695
392.68091	18192.963
394.29767	18081.297
395.91403	18010.748
397.52994	17960.408
399.14545	17884.439
400.76053	17891.367
402.37427	17768.143
403.98849	17760.602
405.60229	17798.533
407.2157	17837.518
408.82867	17764.111
410.44122	17822.619
412.05334	17762.371
413.66504	17702.287
415.27539	17707.563
416.88626	17659.152
418.4967	17562.643
420.10672	17418.141
421.71631	17352.693
423.32455	17281.445
424.93332	17153.016
426.54166	17074.582
428.14957	17105.082
429.75616	16911.4
431.36322	16861.803
432.96988	16745.613
434.57614	16600.529
436.18103	16526.555
437.78644	16458.775
439.39142	16340.146
440.99506	16331.063
442.59918	16330.66
444.20291	16250.036
445.8053	16157.552
447.4082	16176.974
449.00974	16102.586
450.61182	16094.935
452.21344	16006.323
453.81375	15975.9
455.41455	15862.563
457.01401	15669.531
458.61398	15606.967
460.21262	15558.363
461.81174	15504.29
463.40955	15367.327
465.00784	15380.104
466.60483	15274.583
468.20227	15286.056
469.79843	15294.156
471.39505	15226.22
472.99036	15178.857
474.58618	15139.371
476.18066	15144.879
477.77563	15129.292
479.36929	15184.107
480.96252	15129.354
482.55624	15214.105
484.14865	15178.465
485.74066	15162.132
487.33313	15025.736
488.92432	15058.17
490.51505	14929.218
492.10632	14930.614
493.69623	14834.004
495.28574	14774.007
496.87576	14731.105
498.46445	14703.259
500.0527	14734.674
501.64059	14743.076
503.22894	14665.067
504.81598	14644.592
506.40262	14658.308
507.98883	14645.295
509.57462	14636.201
511.16092	14688.149
512.74591	14643.882
514.33051	14614.516
515.91467	14630.279
517.49841	14708.67
519.08173	14768.656
520.66559	14772.665
522.24811	14646.573
523.8302	14536.508
525.41193	14496.315
526.99316	14443.145
528.5741	14384.129
530.15454	14338.192
531.73462	14318.798
533.31427	14354.611
534.89349	14369.755
536.47235	14319.617
538.05078	14326.216
539.62878	14339.846
541.20636	14352.262
542.78357	14402.257
544.36041	14496.118
545.93677	14661.303
547.51276	14805.883
549.08832	15126.613
550.66351	15495.375
552.23822	15962.629
553.81171	16494.705
555.38562	16927.016
556.95917	17275.246
558.53229	17615.219
560.10504	17699.066
561.67737	17704.363
563.24835	17614.119
564.81989	17410.008
566.39099	17139.242
567.96167	16776.146
569.53198	16488.393
571.10095	16179.938
572.67041	15815.059
574.2395	15527.208
575.80817	15336.875
577.37555	15072.266
578.94342	15021.914
580.51086	14896.661
582.07703	14920.184
583.64368	14941.458
585.2099	15108.021
586.77484	15234.004
588.34027	15419.859
589.90533	15541.054
591.46906	15685.964
593.03326	15706.229
594.59619	15844.393
596.15967	15777.471
597.72266	15842.999
599.28436	15930.465
600.84662	16064.136
602.40753	16130.146
603.96893	16137.549
605.52905	16330.626
607.08966	16374.179
608.64899	16486.285
610.2088	16583.508
611.76733	16653.508
613.32629	16733.098
614.88403	16706.145
616.44135	16655.797
617.99915	16665.227
619.55566	16529.758
621.11267	16357.624
622.6684	16217.288
624.22369	15974.564
625.77948	15876.987
627.33398	15736.147
628.88812	15577.036
630.44275	15569.107
631.99603	15612.692
633.54895	15645.652
635.10242	15779.205
636.65448	16046.653
638.20624	16297.564
639.75842	16590.908
641.30939	16691.404
642.85992	16785.398
644.41003	16715.549
645.95978	16629.217
647.51001	16309.808
649.05896	16124.342
650.60748	15908.37
652.15564	15719.48
653.70337	15594.634
655.25165	15644.661
656.79858	15629.208
658.34515	15606.505
659.8913	15608.802
661.43707	15576.626
662.98248	15684.962
664.52747	15867.752
666.07202	16119.308
667.61621	16376.226
669.16003	16669.047
670.70343	16859.662
672.2464	17104.842
673.78906	17282.51
675.33124	17371.818
676.87305	17675.586
678.41449	17798.594
679.95551	18069.299
681.49615	18315.039
683.03644	18657.928
684.57629	19175.191
686.11572	19638.775
687.65479	19965.42
689.19348	20054.633
690.73175	19924.354
692.26874	19537.408
693.80627	18804.518
695.34338	18084.77
696.88007	17228.154
698.41638	16586.664
699.95233	16027.436
701.48694	15727.739
703.02209	15592.715
704.55688	15614.339
706.09125	15589.552
707.62518	15564.821
709.1579	15565.024
710.6911	15522.104
712.22388	15552.444
713.75537	15586.207
715.28741	15637.526
716.81903	15730.311
718.34937	15906.786
719.88025	16146.583
721.41071	16371.765
722.93988	16749.25
724.46954	17339.182
725.99884	18162.154
727.52686	19181.939
729.05536	20399.014
730.58264	21827.111
732.11035	23432.957
733.63684	24889.102
735.16376	26712.699
736.69031	28853.971
738.21564	31225.867
739.74139	33986.234
741.26593	36697.285
742.7901	38955.668
744.3147	39796.516
745.83807	39195.105
747.36194	37052.367
748.88452	33720.918
750.40759	29965.369
751.92938	26301.139
753.45172	23184.639
754.97278	20874.85
756.49341	19292.736
758.01459	18112.662
759.53442	17291.26
761.05396	16688.426
762.57391	16154.36
764.09265	15913.236
765.61102	15630.368
767.12982	15420.035
768.6474	15270.869
770.16461	15209.309
771.6814	15112.672
773.19867	15059.923
774.71472	15030.585
776.23041	15088.926
777.74567	15130.444
779.26056	15283.638
780.77588	15447.48
782.29004	15639.532
783.80377	15719.863
785.31708	15703.618
786.83008	15600.848
788.34265	15413.723
789.85486	15217.251
791.36755	14898.955
792.87897	14734.955
794.39001	14661.71
795.9007	14640.035
797.41101	14617.482
798.9209	14657.662
800.43042	14633.665
801.93958	14811.046
803.4483	14756.958
804.95673	14608.583
806.46472	14580.592
807.97235	14516.237
809.47955	14601.634
810.98639	14608.511
812.49292	14677.607
813.99896	14694.621
815.50385	14634.932
817.00916	14604.358
818.5141	14597.217
820.01868	14551.299
821.52289	14490.32
823.02673	14498.407
824.53015	14486.845
826.03235	14484.697
827.53503	14434.884
829.03729	14477.575
830.53925	14470.672
832.04077	14466.625
833.54108	14467.192
835.04187	14512.811
836.54224	14488.37
838.04144	14444.045
839.54108	14424.379
841.04034	14461.183
842.53925	14489.965
844.03687	14508.882
845.53503	14517.556
847.03278	14502.292
848.5293	14484.453
850.02631	14530.704
851.52209	14578.348
853.01837	14605.066
854.51422	14585.924
856.00885	14678.633
857.50397	14678.626
858.99786	14669.351
860.49225	14679.761
861.98541	14707.989
863.479	14675.646
864.97137	14717.613
866.46423	14666.938
867.95587	14748.518
869.448	14760.177
870.9389	14738.618
872.4303	14754.332
873.92041	14757.806
875.41101	14757.607
876.90045	14768.747
878.38947	14799.911
879.87891	14805.12
881.36719	14884.374
882.8551	14936.557
884.34344	14961.412
885.83063	14993.251
887.31738	15015.876
888.80463	15047.074
890.29065	15058.16
891.77631	15150.955
893.26245	15147.788
894.74738	15166.111
896.23193	15256.427
897.71606	15278.284
899.19989	15323.875
900.68414	15436.481
902.16724	15541.926
903.6499	15529.945
905.1322	15640.863
906.61414	15648.042
908.09656	15796.304
909.57776	15918.486
911.05853	15934.474
912.539	16084.667
914.0191	16218.164
915.49878	16284.179
916.97815	16415.031
918.45709	16595.781
919.93573	16710.332
921.41394	16829.174
922.89178	16974.758
924.36932	17006.244
925.84644	17036.783
927.32318	16944.332
928.79956	16930.035
930.27557	16718.695
931.75122	16580.848
933.2265	16453.383
934.70142	16325.57
936.17596	16145.438
937.65009	16004.889
939.1239	15848.438
940.5965	15787.917
942.06958	15629.955
943.5423	15570.711
945.01459	15477.777
946.48657	15459.543
947.95819	15250.43
949.42853	15296.629
950.89941	15223
952.36987	15165.366
953.84003	15121.515
955.30896	15086.917
956.77832	15068.951
958.24738	15047.066
959.716	14957.149
961.18347	14959.48
962.65143	14959.719
964.11896	14904.944
965.58533	14944.139
967.05219	14895.049
968.51862	14869.887
969.98389	14966.33
971.44965	15098.654
972.91418	15157.914
974.37915	15275.614
975.84296	15417.127
977.30725	15521.705
978.77118	15598.927
980.23389	15667.114
981.69708	15757.007
983.15906	15697.348
984.62152	15655.146
986.08276	15599.973
987.54364	15449.637
989.005	15343.93
990.46515	15242.281
991.92584	15052.997
993.38525	14863.819
994.84515	14828.069
996.30389	14660.923
997.76221	14642.139
999.22107	14617.482
1000.6786	14597.917
1002.1359	14616.993
1003.5937	14581.736
1005.0502	14533.863
1006.5064	14508.736
1007.9631	14497.545
1009.4185	14583.262
1010.8736	14559.703
1012.3283	14576.555
1013.7836	14576.989
1015.2375	14594.178
1016.6912	14590.327
1018.1445	14543.486
1019.5974	14600.444
1021.0508	14608.484
1022.5031	14595.011
1023.9549	14596.308
1025.4064	14588.371
1026.8575	14633.684
1028.3082	14642.413
1029.7587	14657.714
1031.2087	14644.887
1032.6584	14638.011
1034.1078	14675.569
1035.5568	14683.512
1037.0062	14662.074
1038.4545	14647.299
1039.9023	14678.672
1041.3499	14710.223
1042.7963	14672.272
1044.243	14693.614
1045.6896	14744.232
1047.1356	14709.402
1048.5814	14798.63
1050.0267	14793.107
1051.4718	14897.692
1052.9165	14938.433
1054.3608	14940.139
1055.8048	15074.243
1057.2476	15081.665
1058.6908	15164.482
1060.1337	15257.118
1061.5763	15456.677
1063.0184	15627.811
1064.4595	15826.71
1065.9009	16049.522
1067.342	16245.323
1068.7828	16609.643
1070.2223	16765.404
1071.6624	17010.521
1073.1021	17167.279
1074.5414	17251.547
1075.9796	17279.354
1077.4182	17157.873
1078.8564	17004.258
1080.2936	16773.889
1081.7311	16536.086
1083.1675	16261.493
1084.6044	15916.139
1086.0409	15620.116
1087.4762	15347.229
1088.912	15144.813
1090.3466	14980.527
1091.7816	14823.371
1093.2156	14711.67
1094.6499	14544.746
1096.0831	14506.186
1097.5168	14462.294
1098.9493	14436.889
1100.3823	14447.917
1101.8141	14402.009
1103.2463	14397.978
1104.6774	14441.444
1106.1082	14500.107
1107.5393	14450.746
1108.9694	14541.745
1110.399	14578.219
1111.8292	14589.252
1113.2582	14581.598
1114.6868	14683.988
1116.1158	14663.904
1117.5438	14666.089
1118.9714	14703.031
1120.3994	14716.035
1121.8263	14775.236
1123.2528	14759.154
1124.679	14735.043
1126.1047	14781.558
1127.5311	14728.743
1128.9562	14755.637
1130.381	14769.734
1131.8054	14812.161
1133.2295	14809.969
1134.6532	14872.191
1136.0774	14857.089
1137.5004	14908.478
1138.923	15032.524
1140.3453	15110.589
1141.7673	15224.264
1143.189	15395.012
1144.6102	15504.21
1146.0311	15587.735
1147.4518	15822.108
1148.8719	15970.378
1150.2919	16136.452
1151.7114	16298.252
1153.1306	16350.642
1154.5494	16427.568
1155.9679	16396.068
1157.386	16289.646
1158.8038	16210.096
1160.2213	16040.924
1161.6376	15845.835
1163.0543	15615.077
1164.4707	15423.104
1165.8868	15157.238
1167.3025	15074.704
1168.7179	15012.159
1170.1321	14905.336
1171.5468	14892.261
1172.9611	14824
1174.3751	14872.907
1175.788	14892.3
1177.2012	14888.715
1178.6141	14911.695
1180.0267	15042.53
1181.4382	15052.257
1182.8501	15056.536
1184.2617	15164.608
1185.6721	15263.335
1187.083	15401.551
1188.4935	15510.349
1189.903	15594.527
1191.3127	15749.484
1192.7214	15851.203
1194.1306	16044.968
1195.5386	16177.992
1196.947	16311.127
1198.3544	16511.523
1199.7622	16586.205
1201.1688	16758.139
1202.5759	16785.859
1203.9818	16911.506
1205.3883	16888.705
1206.7936	16882.377
1208.1992	16849.18
1209.6038	16783.273
1211.0089	16698.727
1212.4127	16512.785
1213.8163	16363.142
1215.2203	16209.223
1216.6232	16024.072
1218.0258	15901.784
1219.4287	15757.157
1220.8306	15619.609
1222.2321	15489.159
1223.634	15420.11
1225.0348	15389.268
1226.4353	15305.303
1227.8354	15255.235
1229.236	15213.063
1230.6355	15214.008
1232.0345	15191.589
1233.4333	15237.926
1234.8318	15208.792
1236.2307	15209.003
1237.6284	15230.412
1239.0259	15222.016
1240.423	15229.207
1241.8197	15318.526
1243.2161	15317.488
1244.6121	15473.086
1246.0078	15639.366
1247.4032	15799.018
1248.7982	15879.898
1250.193	16005.802
1251.5873	16142.428
1252.9813	16222.946
1254.375	16284.249
1255.7683	16408.178
1257.1614	16427.977
1258.5541	16504.199
1259.9464	16672.896
1261.3384	16746.943
1262.73	16768.682
1264.1213	16947.717
1265.5123	17013.93
1266.903	17017.016
1268.2925	17046.75
1269.6825	17109.596
1271.0721	17156.26
1272.4614	17201.959
1273.8503	17289.398
1275.2382	17247.209
1276.6265	17217.32
1278.0144	17211.873
1279.4021	17131.412
1280.7886	17210.527
1282.1754	17146.418
1283.5621	17220.891
1284.9475	17217.398
1286.3335	17254.932
1287.7191	17252.027
1289.1035	17320.547
1290.4885	17332.162
1291.873	17274.375
1293.2566	17281.182
1294.6405	17284.77
1296.0233	17345.814
1297.4065	17386.844
1298.7887	17567.662
1300.1713	17627.703
1301.5527	17924.334
1302.9347	18159.404
1304.3154	18566.895
1305.6967	18976.643
1307.0768	19359.275
1308.4574	19836.146
1309.8369	20342.074
1311.2168	20799.137
1312.5956	21203.885
1313.974	21544.637
1315.3529	21814.934
1316.7307	21915.426
1318.1083	22008.934
1319.4861	22042.205
1320.8629	22037.387
1322.2394	22049.994
1323.6163	22048.502
1324.9922	22190.797
1326.3676	22336.416
1327.7428	22565.764
1329.1184	22771.139
1330.4928	22916.906
1331.8669	23154.855
1333.2408	23250.791
1334.6143	23212.234
1335.9874	23198.074
1337.3611	23094.242
1338.7335	22894.074
1340.1057	22674.229
1341.4775	22401.611
1342.849	22024.613
1344.2202	21651.016
1345.5911	21311.938
1346.9615	20928.344
1348.3318	20609.746
1349.7015	20133.238
1351.071	19763.986
1352.4403	19469.139
1353.8092	19216.66
1355.1777	19008.795
1356.5459	18840.102
1357.9138	18660.689
1359.2814	18488.971
1360.6486	18378.947
1362.0154	18280.631
1363.382	18185.906
1364.7474	18080.072
1366.1134	17970.777
1367.4789	17838.301
1368.8441	17671.521
1370.2091	17503.115
1371.5737	17384.496
1372.9371	17150.203
1374.3011	16960.041
1375.6647	16847.443
1377.028	16677.375
1378.3901	16488.836
1379.7528	16364.126
1381.1151	16237.742
1382.4763	16122.624
1383.838	16064.09
1385.1993	15941.913
1386.5594	15923.28
1387.9202	15888.083
1389.2798	15811.521
1390.6398	15867.227
1391.9995	15840.92
1393.358	15847.996
1394.717	15836.192
1396.0751	15737.412
1397.4333	15626.461
1398.7906	15511.131
1400.1484	15376.526
1401.505	15196.534
1402.8622	14995.444
1404.2181	14843.521
1405.5746	14632.731
1406.9299	14468.149
1408.2849	14306.44
1409.6404	14194.465
1410.9948	14088.776
1412.3496	14015.815
1413.7032	13947.114
1415.0566	13944.514
1416.4105	13922.938
1417.7633	13960.02
1419.1157	14021.62
1420.4678	14066.398
1421.8203	14112.228
1423.1719	14144.819
1424.5229	14233.114
1425.8738	14331.156
1427.2242	14454.291
1428.5752	14517.209
1429.925	14643.239
1431.2745	14764.917
1432.6238	14811.88
1433.9727	14925.931
1435.3212	14966.869
1436.6694	15117.133
1438.0181	15290.268
1439.3657	15479.499
1440.7129	15815.424
1442.0599	16207.706
1443.4065	16632.908
1444.7528	17200.049
1446.0988	17782.9
1447.4445	18374.338
1448.7898	18998.385
1450.1348	19500.602
1451.4795	19931.258
1452.8239	20264.479
1454.1671	20273.221
1455.5109	20090.285
1456.8544	19716.26
1458.1974	19190.047
1459.5402	18627.574
1460.8827	18019.559
1462.2249	17338.998
1463.5658	16856.279
1464.9073	16333.411
1466.2485	15929.388
1467.5894	15594.895
1468.9292	15320.362
1470.2694	15027.629
1471.6093	14748.191
1472.9489	14502.208
1474.2874	14326.536
1475.6263	14094.711
1476.965	13957.038
1478.3025	13859.462
1479.6405	13755.875
1480.9774	13667.621
1482.3148	13603.827
1483.6519	13499.924
1484.9878	13489.928
1486.3242	13458.015
1487.6595	13377.085
1488.9952	13378.196
1490.33	13323.263
1491.665	13305.32
1492.9991	13253.844
1494.3336	13231.723
1495.6671	13175.354
1497.001	13176.785
1498.3337	13152.583
1499.667	13172.651
1500.9991	13111.67
1502.3309	13089.747
1503.6632	13061.557
1504.9945	13033.119
1506.3253	13016.816
1507.6567	12987.336
1508.9869	12941.568
1510.3169	12885.351
1511.6473	12861.868
1512.9767	12826.632
1514.3057	12794.656
1515.6343	12821.984
1516.9635	12881.17
1518.2915	12870.529
1519.6193	13017.956
1520.9467	13067.608
1522.2738	13296.906
1523.6006	13512.759
1524.9271	13754.217
1526.254	14059.845
1527.58	14446.844
1528.9054	14850.541
1530.2307	15239.883
1531.5555	15665.968
1532.8802	15997.476
1534.2045	16288.617
1535.5284	16489.715
1536.8522	16573.131
1538.1755	16484.611
1539.4985	16326.309
1540.8213	16083.787
1542.1437	15744.051
1543.4658	15351.074
1544.7876	14901.547
1546.1083	14523.287
1547.4294	14062.791
1548.7504	13694.13
1550.0709	13373.137
1551.3911	13103.792
1552.7111	12872.856
1554.0306	12682.594
1555.3491	12500.969
1556.6682	12368.218
1557.9868	12232.347
1559.3052	12124.015
1560.6226	12081.195
1561.9403	12055.912
1563.2577	12014.042
1564.5741	11973.708
1565.8909	11949.879
1567.2074	11961.053
1568.5228	11940.861
1569.8386	11966.438
1571.1543	11958.395
1572.4688	11998.676
1573.7837	12032.825
1575.0975	12054.583
1576.4119	12081.104
1577.7252	12125.956
1579.0389	12135.28
1580.3516	12076.547
1581.6647	12114.453
1582.9767	12077.406
1584.2892	12098.089
1585.6006	12067.39
1586.9125	12116.096
1588.2233	12019.089
1589.5337	12002.927
1590.8446	11921.332
1592.1545	11901.024
1593.4641	11820.423
1594.774	11799.84
1596.083	11704.545
1597.3917	11669.392
1598.7008	11575.353
1600.0088	11490.851
1601.3165	11447.396
1602.6239	11346.526
1603.9318	11242.154
1605.2386	11153.771
1606.545	11086.464
1607.8513	11041.643
1609.1571	10910.93
1610.4635	10825.922
1611.7688	10771.111
1613.0737	10678.557
1614.3784	10652.923
1615.6827	10580.898
1616.9867	10527.28
1618.2905	10474.246
1619.5939	10482.251
1620.8971	10467.963
1622.1998	10464.303
1623.5023	10425.486
1624.8046	10368.223
1626.1064	10383.599
1627.4081	10345.401
1628.7094	10323.508
1630.0104	10278.855
1631.311	10295.115
1632.6115	10267.146
1633.9115	10273.524
1635.2106	10252.517
1636.51	10247.328
1637.8092	10175.593
1639.108	10154.691
1640.4066	10143.875
1641.7048	10120.646
1643.002	10118.17
1644.2997	10062.534
1645.597	10043.716
1646.894	9980.0703
1648.1901	9967.3359
1649.4865	9965.0273
1650.7826	9981.6328
1652.0776	9964.2451
1653.3732	9905.126
1654.6683	9904.8789
1655.9625	9870.2568
1657.2572	9856.1221
1658.5508	9829.5215
1659.8447	9769.3242
1661.1377	9810.5586
1662.4312	9787.2324
1663.7235	9786.2031
1665.0162	9706.6641
1666.308	9686.3154
1667.6002	9655
1668.8914	9631.0938
1670.183	9643.3857
1671.4735	9624.5029
1672.7645	9578.1191
1674.0544	9573.9395
1675.3441	9560.5117
1676.6342	9512.9229
1677.9232	9543.6016
1679.2119	9479.3213
1680.5012	9452.1143
1681.7893	9444.1309
1683.0771	9434.4238
1684.3655	9433.3447
1685.6527	9376.668
1686.9396	9368.1924
1688.2263	9369.6084
1689.5133	9373.917
1690.7994	9339.1143
1692.0851	9281.917
1693.3706	9249.7402
1694.6558	9268.1973
1695.9406	9267.0557
1697.2258	9243.3682
1698.5101	9232.7266
1699.7941	9194.2207
1701.0778	9201.2637
1702.3611	9178.4482
1703.6442	9149.4355
1704.9269	9143.0176
1706.2094	9162.7578
1707.4915	9131.8203
1708.7733	9118.291
1710.0549	9084.375
1711.3362	9101.4531
1712.6172	9056.9736
1713.8978	9054.8643
1715.1775	9011.0615
1716.4575	9031.501
1717.7373	8986.2412
1719.0168	9017.1357
1720.296	8999.1748
1721.5748	8993.6572
1722.8535	9008.5479
1724.131	8983.2471
1725.4091	8985.0137
1726.6868	8960.2676
1727.9641	8994.0693
1729.2405	8988.7656
1730.5173	8986.4189
1731.7938	8961.499
1733.0693	8930.5156
1734.3452	8907.6289
1735.6208	8902.6455
1736.8955	8925.1055
1738.1705	8869.0908
1739.4453	8877.877
1740.719	8853.498
1741.9932	8837.6123
1743.2662	8861.1563
1744.5398	8836.6338
1745.8124	8866.3613
1747.0853	8816.2803
1748.3573	8814.0518
1749.6296	8779.6143
1750.901	8787.8242
1752.1727	8805.7393
1753.4435	8759.0566
1754.714	8746.1445
1755.9849	8749.8604
1757.2548	8739.8574
1758.5251	8704.9053
1759.7944	8754.8682
1761.0635	8718.7832
1762.3329	8686.0498
1763.6013	8665.082
1764.8694	8665.9492
1766.1372	8668.0205
1767.4055	8627.9297
1768.6727	8656.1211
1769.9397	8596.9033
1771.2063	8579.0654
1772.4734	8572.3848
1773.7395	8562.3125
1775.0052	8549.9297
1775.5819	8550.2305
1776.8502	8480.0879
1778.119	8516.1904
1779.3867	8534.8125
1780.6548	8481.9121
1781.9219	8465.7783
1783.1895	8419.4443
1784.4561	8430.9648
1785.7223	8415.7344
1786.9889	8406.7461
1788.2545	8409.8145
1789.5206	8374.0879
1790.7858	8383.8232
1792.0505	8349.915
1793.3157	8325.0049
1794.58	8281.8984
1795.8438	8305.0498
1797.1074	8318.0166
1798.3715	8296.9893
1799.6345	8289.9961
1800.8972	8268.2832
1802.1597	8286.9111
1803.4225	8219.8721
1804.6843	8231.8711
1805.9459	8258.1406
1807.2072	8255.5732
1808.4681	8207.5986
1809.7289	8234.7031
1810.9893	8206.832
1812.2501	8232.5605
1813.5099	8152.8887
1814.7695	8138.2432
1816.0287	8162.2402
1817.2876	8101.4531
1818.5463	8132.5313
1819.8047	8117.7793
1821.0627	8123.1094
1822.3206	8110.2168
1823.578	8109.7871
1824.8352	8061.5791
1826.0922	8107.8574
1827.3488	8061.0571
1828.6051	8061.2588
1829.8612	8049.0894
1831.1169	8035.5313
1832.3717	8016.9219
1833.6268	8007.6309
1834.8818	8022.0981
1836.1364	7944.9175
1837.3907	7952.9165
1838.6448	7939.1963
1839.8984	7921.5698
1841.1512	7927.3662
1842.4044	7926.6899
1843.6572	7882.1587
1844.9098	7907.3984
1846.1614	7874.7646
1847.4135	7874.7925
1848.6652	7885.6426
1849.9166	7836.8145
1851.167	7838.8428
1852.4178	7793.6016
1853.6685	7865.0234
1854.918	7818.27
1856.168	7800.6963
1857.417	7790.0435
1858.6664	7733.4678
1859.9155	7766.9868
1861.1637	7742.4902
1862.4122	7672.8306
1863.6598	7661.9351
1864.9078	7670.8525
1866.1548	7679.4922
1867.4022	7664.876
1868.6487	7663.7988
1869.8955	7655.9756
1871.1414	7673.3276
1872.3876	7624.5635
1873.6328	7597.0386
1874.8785	7586.7246
1876.1233	7588.0146
1877.3677	7598.5815
1878.6125	7582.5991
1879.8563	7579.8867
1881.1007	7547.6772
1882.3439	7546.7988
1883.5869	7544.2363
1884.8303	7546.8213
1886.0728	7529.749
1887.3149	7528.104
1888.5568	7539.5439
1889.7991	7520.5962
1891.0403	7491.4131
1892.2814	7530.3516
1893.5221	7481.4731
1894.7632	7478.749
1896.0033	7480.3228
1897.2432	7476.6777
1898.4828	7457.0332
1899.722	7469.3447
1900.9611	7502.6274
1902.1998	7473.8896
1903.439	7435.2598
1904.6771	7447.1641
1905.915	7444.7129
1907.1526	7423.8862
1908.3899	7390.7866
1909.627	7417.1563
1910.8638	7434.3301
1912.1002	7424.0581
1913.3364	7367.29
1914.5723	7429.3638
1915.8079	7389.3335
1917.0432	7366.9019
1918.2783	7385.1426
1919.5131	7389.749
1920.7476	7346.2681
1921.9811	7309.3994
1923.215	7353.5332
1924.4486	7345.9478
1925.682	7339.0156
1926.9152	7350.3999
1928.1479	7299.355
1929.3804	7369.1318
1930.6119	7294.9263
1931.8439	7303.8135
1933.0756	7280.1113
1934.307	7263.5254
1935.5374	7222.2822
1936.7683	7253.772
1937.9988	7210.3413
1939.2284	7214.0254
1940.4584	7157.0313
1941.6881	7161.7793
1942.9169	7176.4541
1944.146	7156.5625
1945.3749	7132.3867
1946.6028	7080.9585
1947.8311	7079.3462
1949.0591	7065.5654
1950.2861	7018.7788
1951.5137	7025.4063
1952.7401	6990.355
1953.967	7001.1353
1955.193	6977.9688
1956.4193	6965.7422
1957.6448	6965.4551
1958.8705	6951.5698
1960.0953	6947.5039
1961.3206	6891.6963
1962.5449	6875.4922
1963.7689	6844.019
1964.9933	6861.7197
1966.2167	6837.4551
1967.4406	6842.5566
1968.6635	6800.9761
1969.886	6804.7046
1971.109	6820.7266
1972.3311	6808.9619
1973.5529	6800.3604
1974.775	6762.1934
1975.9962	6744.4521
1977.2172	6782.3247
1978.4379	6743.1387
1979.6589	6723.8989
1980.879	6718.4897
1982.0989	6749.4053
1983.3184	6714.8604
1984.5377	6707.8823
1985.7567	6676.0381
1986.9761	6671.8032
1988.1946	6677.5098
1989.4127	6700.4351
1990.6306	6692.4697
1991.8483	6663.9321
1993.0656	6661.3569
1994.2826	6641.1699
1995.4994	6612.2612
1996.7159	6557.7559
1997.9321	6587.8491
1999.1481	6616.0664
2000.3638	6654.4082
2001.5792	6640.0679
2002.7943	6588.2212
2004.0092	6564.7646
2005.2238	6447.9121
2006.4381	6481.0801
2007.6521	6509.8506
2008.8658	6558.5483
2010.0793	6562.9341
2011.2919	6571.1997
2012.5049	6553.9995
2013.7175	6508.0454
2014.9299	6446.4868
2016.142	6403.7026
2017.3531	6497.1162
2018.5647	6478.1304
2019.776	6516.8657
2020.9871	6473.9121
2022.197	6443.0435
2023.4075	6406.2881
2024.6177	6360.7944
2025.8276	6332.9175
2027.0366	6330.231
2028.246	6361.8569
2029.4551	6350.6226
2030.6632	6297.7075
2031.8718	6307.3589
2033.0793	6295.688
2034.2874	6238.7466
2035.4944	6116.9326
2036.7019	6054.584
2037.9091	6088.1465
2039.1154	6095.4131
2040.322	6218.9785
2041.5277	6286.6587
2042.7338	6292.9458
2043.939	6208.9165
2045.1438	6230.0347
2046.3491	6177.9688
2047.5535	6071.7534
2048.7581	6018.0371
2049.9619	6016.7466
2051.1663	6058.2681
2052.3694	6058.7397
2053.5723	6024.7031
2054.7759	6043.6016
2055.9783	6139.6016
2057.1804	6076.5884
2058.3823	6100.2612
2059.5845	6060.4902
2060.7859	6020.3301
2061.9871	6017.3364
2063.1877	5985.8384
2064.3889	5990.0835
2065.5894	6001.229
2066.7893	5918.0381
2067.989	5892.7788
2069.1885	5870.4868
2070.3884	5937.3462
2071.5872	5985.334
2072.7859	5987.0459
2073.9844	5942.3101
2075.1824	5868.5815
2076.3801	5905.6772
2077.5779	5896.8848
2078.7751	5840.0181
2079.9722	5850.002
2081.1689	5910.9976
2082.3655	5934.5513
2083.5615	5933.1587
2084.7576	5886.894
2085.9534	5826.9688
2087.1487	5861.0313
2088.3438	5907.0459
2089.5388	5896.269
2090.7334	5878.4834
2091.9277	5878.7568
2093.1211	5912.1831
2094.3149	5883.041
2095.5085	5870.5459
2096.7017	5874.8315
2097.8948	5837.5098
2099.0867	5853.1348
2100.2793	5826.1074
2101.4714	5840.231
2102.6633	5775.9365
2103.8545	5801.6807
2105.0459	5811.5337
2106.2371	5799.8066
2107.4277	5781.0293
2108.6177	5807.001
2109.8081	5782.75
2110.9976	5743.7466
2112.1873	5672.519
2113.3767	5707.5391
2114.5654	5730.3662
2115.7544	5712.4263
2116.9424	5732.9785
2118.1309	5675.0371
2119.3191	5672.5659
2120.5063	5627.9956
2121.6941	5639.6084
2122.8809	5610.2178
2124.0679	5629.5044
2125.2542	5593.4263
2126.4402	5610.625
2127.6265	5593.6675
2128.8118	5572.2412
2129.9976	5484.9165
2131.1826	5397.8521
2132.3672	5388.7363
2133.5522	5399.1563
2134.7363	5461.2915
2135.9202	5442.5024
2137.1042	5485.334
2138.2876	5486.5918
2139.4707	5474.6035
2140.6541	5434.5137
2141.8364	5421.0449
2143.0188	5381.5645
2144.2007	5358.0591
2145.3823	5317.334
2146.5645	5207.7559
2147.7456	5219.2822
2148.9265	5292.0181
2150.1072	5305.7275
2151.2876	5322.7866
2152.4678	5335.3569
2153.6477	5342.3564
2154.8279	5344.0132
2156.0073	5296.5903
2157.1863	5316.8457
2158.3652	5303.1143
2159.5437	5288.0146
2160.7219	5242.8013
2161.8999	5239.6816
2163.0776	5202.5913
2164.2551	5190.8931
2165.4324	5192.3638
2166.6094	5205.3931
2167.7854	5156.7861
2168.9619	5093.2402
2170.1382	5146.4805
2171.314	5210.1021
2172.4897	5173.9966
2173.665	5187.9053
2174.8401	5158.3115
2176.0144	5151.5649
2177.189	5145.1807
2178.3633	5112.9341
2179.5374	5140.4751
2180.7107	5126.6235
2181.8843	5168.6035
2183.0574	5145.4292
2184.2305	5120.3706
2185.4026	5102.3589
2186.5752	5095.7412
2187.7473	5083.3784
2188.9187	5090.1162
2190.0906	5039.6006
2191.262	4957.9204
2192.4326	4923.0825
2193.6035	5017.7109
2194.7734	5062.1431
2195.9441	5058.5747
2197.1135	5041.4541
2198.2834	4994.8604
2199.4524	5032.7871
2200.6218	5024.1587
2201.7903	4978.1431
2202.9592	4977.2969
2204.1272	4964.8896
2205.2954	4928.9556
2206.4629	4871.8306
2207.6301	4891.9619
2208.7976	4922.4307
2209.9644	4865.772
2211.1313	4882.1538
2212.2976	4881.6484
2213.4634	4787.8994
2214.6299	4806.0581
2215.7952	4883.4487
2216.9602	4855.106
2218.125	4870.8091
2219.2903	4861.6069
2220.4546	4863.77
2221.6189	4817.7466
2222.7827	4840.1865
2223.946	4781.7109
2225.1101	4823.355
2226.2732	4768.4751
2227.436	4795.1387
2228.5986	4774.8335
2229.7607	4750.7344
2230.9229	4701.0825
2232.0845	4671.9165
2233.2461	4713.0132
2234.4072	4700.8003
2235.5684	4666.2891
2236.729	4598.5122
2237.8896	4649.9541
2239.0498	4671.3418
2240.2097	4639.7119
2241.3694	4649.8105
2242.5288	4634.7422
2243.688	4589.0088
2244.8469	4601.8105
2246.0056	4637.2354
2247.1641	4625.9487
2248.3223	4641.0649
2249.4802	4606.1582
2250.6372	4629.2915
2251.7947	4568.9434
2252.9517	4570.9634
2254.1086	4572.8506
2255.2646	4577.9219
2256.4211	4554.9272
2257.5771	4559.8013
2258.7329	4510.6772
2259.8879	4497.2354
2261.0435	4448.9097
2262.1985	4482.251
2263.3525	4489.1934
2264.5073	4497.8584
2265.6616	4534.5884
2266.8149	4483.3682
2267.9688	4489.0728
2269.1218	4452.9214
2270.2751	4463.5112
2271.4282	4436.9263
2272.5803	4406.4902
2273.7329	4463.9966
2274.8845	4423.8071
2276.0366	4409.4453
2277.1877	4411.1855
2278.3386	4434.1597
2279.49	4404.5713
2280.6404	4392.1348
2281.791	4390.7363
2282.9409	4372.3647
2284.0906	4334.001
2285.2407	4336.8394
2286.3899	4321.7197
2287.5386	4332.9043
2288.688	4350.3916
2289.8362	4382.1426
2290.9844	4331.6382
2292.1328	4335.1074
2293.2805	4345.8066
2294.4277	4295.4741
2295.575	4302.4766
2296.7224	4322.25
2297.8691	4291.8994
2299.0154	4309.6216
2300.1614	4253.9946
2301.3074	4234.6152
2302.4529	4207.4219
2303.5981	4256.7109
2304.7434	4234.5903
2305.8889	4221.5679
2307.0334	4199.8325
2308.1777	4177.8994
2309.3218	4173.5928
2310.4656	4187.7266
2311.6091	4157.1572
2312.7524	4166.2632
2313.8955	4134.0449
2315.0383	4159.3916
2316.1804	4127.9087
2317.3228	4150.6006
2318.4648	4147.4775
2319.6067	4120.6997
2320.748	4086.3879
2321.8894	4110.8081
2323.0305	4109.0225
2324.1714	4117.6895
2325.3113	4095.5886
2326.4517	4059.0286
2327.5918	4054.1563
2328.7314	4060.9956
2329.8704	4049.3289
2331.0098	4049.4922
2332.1489	4041.7334
2333.2876	4014.5557
2334.4255	4023.822
2335.564	4015.2478
2336.7019	3962.5564
2337.8391	3965.6069
2338.9768	3943.835
2340.1135	3965.9121
2341.2505	3903.2307
2342.3867	3949.2043
2343.5232	3947.2083
2344.6597	3886.6016
2345.7949	3901.7485
2346.9309	3915.4871
2348.0659	3880.6997
2349.2012	3899.8376
2350.3357	3868.2412
2351.4697	3851.8213
2352.6045	3876.1563
2353.738	3875.7959
2354.8721	3859.6035
2356.0054	3851.9175
2357.1384	3847.0547
2358.2717	3850.7686
2359.4041	3827.0452
2360.5364	3832.9097
2361.6689	3793.2544
2362.8008	3787.3706
2363.9321	3770.3706
2365.0635	3791.6284
2366.1951	3758.1799
2367.3257	3776.29
2368.4563	3768.165
2369.5864	3746.033
2370.7166	3738.5564
2371.8469	3725.0313
2372.9763	3742.1338
2374.1057	3753.6145
2375.2346	3683.9209
2376.3635	3699.5027
2377.4919	3724.4402
2378.6201	3676.186
2379.7483	3685.7092
2380.876	3693.0557
2382.0037	3678.0017
2383.1309	3676.1423
2384.2578	3647.5413
2385.3848	3657.6448
2386.5112	3656.2368
2387.6375	3601.5339
2388.7637	3621.5681
2389.8894	3607.2188
2391.0149	3602.8108
2392.1396	3586.7961
2393.2646	3606.3987
2394.3896	3579.2014
2395.5142	3590.3291
2396.6384	3571.0186
2397.762	3551.5713
2398.8857	3552.8621
2400.0095	3549.4263
2401.1328	3545.3276
2402.2554	3537.6816
2403.3782	3501.7878
2404.5007	3525.7017
2405.6226	3513.9932
2406.7446	3479.5984
2407.8667	3508.4609
2408.9875	3473.4375
2410.1091	3475.4795
2411.2295	3441.3333
2412.3506	3470.0435
2413.4712	3436.0688
2414.5911	3441.8313
2415.7112	3437.3291
2416.8306	3400.7781
2417.9502	3422.4915
2419.0691	3398.7493
2420.1877	3389.9783
2421.3066	3393.7532
2422.4248	3401.4031
2423.5432	3398.218
2424.6609	3382.2373
2425.7783	3378.699
2426.896	3352.9714
2428.0129	3360.5732
2429.1296	3352.6255
2430.2466	3346.7139
2431.3628	3337.5706
2432.4788	3336.5107
2433.595	3352.8232
