299.80441	20075.438
301.44656	19471.68
303.08731	18860.031
304.72858	18291.271
306.36847	17692.533
308.00885	17255.928
309.64789	16827.773
311.28741	16428.539
312.92557	15991.457
314.56424	15722.163
316.20154	15485.031
317.83936	15177.887
319.47577	14962.206
321.11273	14729.215
322.74829	14572.63
324.38342	14435.921
326.01907	14324.935
327.65335	14184.253
329.28815	14048.761
330.92157	13972.699
332.55453	13827.7
334.18805	13763.971
335.82016	13545.925
337.45187	13460.242
339.08408	13309.238
340.7149	13175.645
342.34534	13065.618
343.97626	12862.211
345.6058	12726.273
347.23492	12575.119
348.86456	12411.255
350.49283	12341.997
352.12067	12135.816
353.74808	12003.434
355.37601	11949.032
357.00256	11864.686
358.62869	11757.609
360.25439	11658.97
361.87967	11531.965
363.50546	11460.634
365.12988	11364.77
366.75388	11307.996
368.37744	11196.829
370.00058	11111.618
371.62332	11057.896
373.24561	10983.031
374.86746	10925.652
376.48984	10898.77
378.11087	10862.029
379.73145	10731.451
381.35162	10722.451
382.97134	10709.643
384.59067	10634.016
386.20956	10548.729
387.82803	10505.637
389.44608	10414.173
391.06369	10428.878
392.68091	10441.916
394.29767	10329.84
395.91403	10354.384
397.52994	10272.786
399.14545	10230.84
400.76053	10232.933
402.37427	10213.604
403.98849	10173.705
405.60229	10184.841
407.2157	10127.408
408.82867	10091.317
410.44122	10102.199
412.05334	10120.631
413.66504	10080.698
415.27539	10105.488
416.88626	10080.95
418.4967	10035.176
420.10672	9994.7227
421.71631	9945.2793
423.32455	9929.2061
424.93332	9914.874
426.54166	9811.2354
428.14957	9894.5625
429.75616	9800.6406
431.36322	9772.7715
432.96988	9749.9463
434.57614	9722.165
436.18103	9678.0117
437.78644	9682.834
439.39142	9629.7041
440.99506	9610.5098
442.59918	9579.5938
444.20291	9555.9502
445.8053	9547.6797
447.4082	9502.0215
449.00974	9497.5107
450.61182	9415.5068
452.21344	9403.1914
453.81375	9365.6768
455.41455	9337.3359
457.01401	9330.4854
458.61398	9287.3789
460.21262	9271.0576
461.81174	9225.3398
463.40955	9190.124
465.00784	9173.6602
466.60483	9125.9795
468.20227	9110.7715
469.79843	9093.0576
471.39505	9071.1045
472.99036	9049.75
474.58618	9022.6367
476.18066	9012.457
477.77563	9045.6367
479.36929	8988.9805
480.96252	8988.4004
482.55624	8975.1729
484.14865	8905.416
485.74066	8940.1758
487.33313	8874.791
488.92432	8919.3955
490.51505	8909.6982
492.10632	8929.248
493.69623	8910.4092
495.28574	8861.957
496.87576	8854.3828
498.46445	8816.2285
500.0527	8838.9443
501.64059	8835.1299
503.22894	8804.5703
504.81598	8790.1738
506.40262	8801.7539
507.98883	8777.2119
509.57462	8815.4707
511.16092	8808.6055
512.74591	8808.8574
514.33051	8801.6982
515.91467	8800.4072
517.49841	8844.3027
519.08173	8911.7158
520.66559	8867.8105
522.24811	8811.4775
523.8302	8740.3076
525.41193	8640.2881
526.99316	8668.6572
528.5741	8618.1758
530.15454	8622.8418
531.73462	8571.1543
533.31427	8587.1875
534.89349	8558.0156
536.47235	8558.6553
538.05078	8634.7188
539.62878	8566.75
541.20636	8558.3984
542.78357	8588.1182
544.36041	8607.0674
545.93677	8652.168
547.51276	8698.5273
549.08832	8768.0977
550.66351	8921.9287
552.23822	8959.2773
553.81171	9163.5273
555.38562	9348.1494
556.95917	9463.1992
558.53229	9590.9023
560.10504	9651.8281
561.67737	9603.125
563.24835	9534.8574
564.81989	9468.2734
566.39099	9361.4346
567.96167	9263.8828
569.53198	9170.6816
571.10095	9003.4199
572.67041	8956.957
574.2395	8851.957
575.80817	8765.127
577.37555	8766.5889
578.94342	8672.0898
580.51086	8660.2295
582.07703	8647.0039
583.64368	8570.168
585.2099	8601.6748
586.77484	8634.415
588.34027	8702.335
589.90533	8729.793
591.46906	8721.5264
593.03326	8727.8213
594.59619	8692.3896
596.15967	8658.1143
597.72266	8656.1611
599.28436	8614.4521
600.84662	8614.4805
602.40753	8608.0664
603.96893	8549.0322
605.52905	8582.0332
607.08966	8562.166
608.64899	8574.9355
610.2088	8548.1992
611.76733	8572.1982
613.32629	8629.1963
614.88403	8571.126
616.44135	8615.251
617.99915	8646.0498
619.55566	8614.5459
621.11267	8671.9434
622.6684	8630.2822
624.22369	8658.4736
625.77948	8660.6953
627.33398	8740.3828
628.88812	8775.9248
630.44275	8900.6631
631.99603	8962.0127
633.54895	9027.4014
635.10242	9150.3398
636.65448	9220.166
638.20624	9315.0039
639.75842	9450.3164
641.30939	9490.8623
642.85992	9536.3975
644.41003	9548.6465
645.95978	9450.7607
647.51001	9350.6025
649.05896	9304.4941
650.60748	9185.0371
652.15564	9097.915
653.70337	8992.4717
655.25165	8997.1201
656.79858	8965.9385
658.34515	8950.4492
659.8913	8941.0879
661.43707	8970.0273
662.98248	9010.5059
664.52747	9034.291
666.07202	9101.0117
667.61621	9117.8477
669.16003	9191.3633
670.70343	9209.6367
672.2464	9246.3477
673.78906	9312.165
675.33124	9318.0488
676.87305	9344.624
678.41449	9376.9023
679.95551	9477.4023
681.49615	9492.3936
683.03644	9659.8359
684.57629	9794.5869
686.11572	9959.1914
687.65479	10074.34
689.19348	10144.453
690.73175	10124.145
692.26874	9994.6162
693.80627	9851.3535
695.34338	9577.957
696.88007	9310.4482
698.41638	9053.083
699.95233	8939.1709
701.48694	8852.4424
703.02209	8821.3467
704.55688	8797.29
706.09125	8830.7852
707.62518	8837.3369
709.1579	8828.793
710.6911	8814.791
712.22388	8850.498
713.75537	8849.3047
715.28741	8958.4893
716.81903	8985.1201
718.34937	9050.5137
719.88025	9112.2549
721.41071	9235.8174
722.93988	9402.4531
724.46954	9641.9678
725.99884	9988.3457
727.52686	10388.253
729.05536	10922.559
730.58264	11531.867
732.11035	12078.474
733.63684	12507.915
735.16376	13011.517
736.69031	13557.311
738.21564	14161.957
739.74139	14906.042
741.26593	15609.756
742.7901	16092.11
744.3147	16268.201
745.83807	16001.58
747.36194	15219.689
748.88452	14245.207
750.40759	13067.647
751.92938	11992.478
753.45172	11035.025
754.97278	10367.608
756.49341	9843.4033
758.01459	9546.6592
759.53442	9250.7148
761.05396	9082.6816
762.57391	8980.4258
764.09265	8824.293
765.61102	8818.6133
767.12982	8761.124
768.6474	8737.5977
770.16461	8728.4043
771.6814	8643.7168
773.19867	8627.5068
774.71472	8659.4355
776.23041	8645.0742
777.74567	8666.7666
779.26056	8731.4785
780.77588	8785.0908
782.29004	8782.1855
783.80377	8860.5264
785.31708	8857.4648
786.83008	8812.6055
788.34265	8717.5557
789.85486	8668.8896
791.36755	8585.5791
792.87897	8555.3477
794.39001	8530.6309
795.9007	8522.6094
797.41101	8501.3857
798.9209	8478.8408
800.43042	8482.3242
801.93958	8450.7998
803.4483	8423.4766
804.95673	8439.293
806.46472	8436.2168
807.97235	8505.5098
809.47955	8535.0859
810.98639	8518.6123
812.49292	8472.0674
813.99896	8461.458
815.50385	8500.9082
817.00916	8509.4268
818.5141	8532.1592
820.01868	8498.7705
821.52289	8475.8906
823.02673	8496.5869
824.53015	8473.3359
826.03235	8499.8398
827.53503	8501.4961
829.03729	8469.4111
830.53925	8482.5371
832.04077	8482.8477
833.54108	8516.0752
835.04187	8493.5195
836.54224	8487.043
838.04144	8489.6855
839.54108	8489.5391
841.04034	8448.4658
842.53925	8521.668
844.03687	8451.5674
845.53503	8438.6846
847.03278	8430.3906
848.5293	8436.8574
850.02631	8444.7529
851.52209	8443.3008
853.01837	8460.5596
854.51422	8409.2061
856.00885	8443.5781
857.50397	8399.6504
858.99786	8417.4395
860.49225	8398.7236
861.98541	8392.6279
863.479	8396.2969
864.97137	8399.9297
866.46423	8419.8467
867.95587	8404.2354
869.448	8381.3154
870.9389	8372.7988
872.4303	8354.9766
873.92041	8360.7666
875.41101	8370.9766
876.90045	8352.9014
878.38947	8396.9648
879.87891	8389.2773
881.36719	8380.8945
882.8551	8363.877
884.34344	8430.0664
885.83063	8395.8652
887.31738	8442.9072
888.80463	8424.3848
890.29065	8413.7617
891.77631	8402.4805
893.26245	8389.7236
894.74738	8425.75
896.23193	8430.9307
897.71606	8410.9766
899.19989	8395.2598
900.68414	8416.0742
902.16724	8482.8711
903.6499	8486.708
905.1322	8471.8711
906.61414	8459.2969
908.09656	8497.7715
909.57776	8525.6055
911.05853	8520.7822
912.539	8572.9229
914.0191	8601.2988
915.49878	8623.7295
916.97815	8657.2246
918.45709	8751.6523
919.93573	8787.9209
921.41394	8842.7041
922.89178	8915.7412
924.36932	8992.8545
925.84644	9020.0928
927.32318	9045.0879
928.79956	9036.291
930.27557	8972.6338
931.75122	8947.6484
933.2265	8843.4873
934.70142	8843.665
936.17596	8783.3672
937.65009	8714.2344
939.1239	8702.2646
940.5965	8596.0469
942.06958	8537.3545
943.5423	8564.5313
945.01459	8480.9834
946.48657	8472.9102
947.95819	8413.0947
949.42853	8413.7227
950.89941	8411.9102
952.36987	8412.9023
953.84003	8417.3457
955.30896	8402.0811
956.77832	8386.7227
958.24738	8342.4648
959.716	8352.2607
961.18347	8310.1816
962.65143	8314.9541
964.11896	8309.3877
965.58533	8340.9727
967.05219	8320.8701
968.51862	8350.9229
969.98389	8340.9033
971.44965	8370.0391
972.91418	8424.4727
974.37915	8437.4746
975.84296	8489.4941
977.30725	8493.8271
978.77118	8548.4463
980.23389	8582.8486
981.69708	8607.4023
983.15906	8576.7666
984.62152	8594.6494
986.08276	8563.2051
987.54364	8518.8057
989.005	8514.0449
990.46515	8467.2344
991.92584	8397.8486
993.38525	8363.1113
994.84515	8341.3125
996.30389	8288.1992
997.76221	8294.1475
999.22107	8342.4746
1000.6786	8381.2773
1002.1359	8425.0879
1003.5937	8345.457
1005.0502	8266.2197
1006.5064	8214.2549
1007.9631	8191.105
1009.4185	8186.6929
1010.8736	8166.6118
1012.3283	8199.168
1013.7836	8180.8647
1015.2375	8243.7412
1016.6912	8284.8398
1018.1445	8256.7471
1019.5974	8248.7227
1021.0508	8244.4961
1022.5031	8241.1426
1023.9549	8253.8867
1025.4064	8227.1191
1026.8575	8285.8643
1028.3082	8244.9082
1029.7587	8231.46
1031.2087	8232.8906
1032.6584	8202.4492
1034.1078	8234.0508
1035.5568	8239.2754
1037.0062	8256.6299
1038.4545	8242.2158
1039.9023	8254.3291
1041.3499	8203.0127
1042.7963	8239.9219
1044.243	8219.6641
1045.6896	8242.7168
1047.1356	8221.3281
1048.5814	8225.748
1050.0267	8211.4531
1051.4718	8217.1699
1052.9165	8224.4668
1054.3608	8221.9443
1055.8048	8251.1875
1057.2476	8223.5146
1058.6908	8291.3008
1060.1337	8305.4883
1061.5763	8329.9336
1063.0184	8391.5313
1064.4595	8424.2139
1065.9009	8468.3477
1067.342	8583.8457
1068.7828	8588.7305
1070.2223	8697.0352
1071.6624	8772.373
1073.1021	8776.6436
1074.5414	8832.2598
1075.9796	8810.7197
1077.4182	8783.1895
1078.8564	8746.127
1080.2936	8723.8525
1081.7311	8638.3252
1083.1675	8544.7793
1084.6044	8425.5713
1086.0409	8360.6689
1087.4762	8265.3311
1088.912	8192.8105
1090.3466	8193.3154
1091.7816	8074.6973
1093.2156	8036.4087
1094.6499	8027.062
1096.0831	7997.9409
1097.5168	7993.519
1098.9493	7978.9019
1100.3823	8013.2788
1101.8141	7941.1816
1103.2463	7983.124
1104.6774	7952.001
1106.1082	7944.5801
1107.5393	7976.2231
1108.9694	7958.7222
1110.399	7959.8413
1111.8292	7963.6777
1113.2582	7996.4443
1114.6868	7985.8887
1116.1158	8022.0747
1117.5438	8013.2231
1118.9714	8033.5757
1120.3994	8058.3291
1121.8263	8042.6426
1123.2528	8043.5566
1124.679	8062.4375
1126.1047	8061.9834
1127.5311	8064.6641
1128.9562	8065.0947
1130.381	8031.7891
1131.8054	8045.2969
1133.2295	8035.501
1134.6532	8061.1675
1136.0774	8026.2544
1137.5004	8072.6011
1138.923	8066.0747
1140.3453	8171.5869
1141.7673	8147.6919
1143.189	8094.6563
1144.6102	8226.0166
1146.0311	8250.1465
1147.4518	8218.1426
1148.8719	8252.0381
1150.2919	8279.4238
1151.7114	8253.9512
1153.1306	8306.5557
1154.5494	8270.8555
1155.9679	8257.6768
1157.386	8248.7314
1158.8038	8205.6582
1160.2213	8095.3164
1161.6376	8094.1396
1163.0543	7993.2676
1164.4707	7950.814
1165.8868	7910.1362
1167.3025	7869.5947
1168.7179	7848.7129
1170.1321	7821.4644
1171.5468	7809.188
1172.9611	7801.6216
1174.3751	7782.0688
1175.788	7809.4038
1177.2012	7790.0513
1178.6141	7780.8184
1180.0267	7812.0015
1181.4382	7787.5571
1182.8501	7808.0356
1184.2617	7857.606
1185.6721	7950.3813
1187.083	7968.9619
1188.4935	7971.2725
1189.903	8013.2583
1191.3127	8114.1421
1192.7214	8129.1079
1194.1306	8175.1426
1195.5386	8247.4063
1196.947	8261.8096
1198.3544	8332.8262
1199.7622	8347.5039
1201.1688	8362.3672
1202.5759	8416.3438
1203.9818	8385.6025
1205.3883	8403.0215
1206.7936	8382.1563
1208.1992	8378.1494
1209.6038	8313.333
1211.0089	8278.4883
1212.4127	8234.8984
1213.8163	8124.3208
1215.2203	8101.3911
1216.6232	8063.9087
1218.0258	7999.6201
1219.4287	7916.0605
1220.8306	7887.3818
1222.2321	7846.3291
1223.634	7819.6582
1225.0348	7816.3936
1226.4353	7784.7759
1227.8354	7768.7954
1229.236	7707.6104
1230.6355	7765.2852
1232.0345	7738.9492
1233.4333	7752.3403
1234.8318	7735.6479
1236.2307	7730.5752
1237.6284	7706.7095
1239.0259	7698.832
1240.423	7719.1626
1241.8197	7729.4443
1243.2161	7742.3281
1244.6121	7768.9336
1246.0078	7796.5659
1247.4032	7816.2134
1248.7982	7834.981
1250.193	7824.1719
1251.5873	7872.8477
1252.9813	7870.3433
1254.375	7895.6597
1255.7683	7941.5864
1257.1614	7967.5005
1258.5541	7993.9556
1259.9464	8032.6304
1261.3384	8045.9282
1262.73	8063.6465
1264.1213	8099.105
1265.5123	8148.8047
1266.903	8162.9019
1268.2925	8183.0557
1269.6825	8175.958
1271.0721	8203.7939
1272.4614	8218.4121
1273.8503	8218.6992
1275.2382	8193.2939
1276.6265	8182.6743
1278.0144	8163.1196
1279.4021	8220.4258
1280.7886	8179.4106
1282.1754	8199.6816
1283.5621	8229.7832
1284.9475	8181.521
1286.3335	8207.4248
1287.7191	8198.5557
1289.1035	8196.2725
1290.4885	8208.3975
1291.873	8194.2471
1293.2566	8165.6895
1294.6405	8253.2432
1296.0233	8206.5635
1297.4065	8192.9365
1298.7887	8211.2227
1300.1713	8259.4111
1301.5527	8282.3262
1302.9347	8364.8662
1304.3154	8428.8252
1305.6967	8522.4658
1307.0768	8624.2246
1308.4574	8754.291
1309.8369	8870.7617
1311.2168	9031.3613
1312.5956	9108.2188
1313.974	9242.4268
1315.3529	9352.9063
1316.7307	9439.6172
1318.1083	9459.4619
1319.4861	9525.8613
1320.8629	9514.3135
1322.2394	9513.79
1323.6163	9594.3359
1324.9922	9590.5684
1326.3676	9587.5596
1327.7428	9677.8545
1329.1184	9770.1992
1330.4928	9835.6152
1331.8669	9879.2588
1333.2408	9941.6475
1334.6143	9954.9766
1335.9874	9933.9795
1337.3611	9941.0625
1338.7335	9870.1533
1340.1057	9802.7852
1341.4775	9721.3184
1342.849	9653.9385
1344.2202	9540.0713
1345.5911	9456.2021
1346.9615	9297.792
1348.3318	9173.5439
1349.7015	9028.5537
1351.071	8911.6328
1352.4403	8784.5732
1353.8092	8698.1035
1355.1777	8552.3389
1356.5459	8480.8789
1357.9138	8428.2109
1359.2814	8394.4473
1360.6486	8336.1504
1362.0154	8291.4727
1363.382	8269.6934
1364.7474	8219.6885
1366.1134	8173.1396
1367.4789	8151.1709
1368.8441	8090.2393
1370.2091	8045.1021
1371.5737	8027.3086
1372.9371	7978.3433
1374.3011	7924.2275
1375.6647	7900.9253
1377.028	7875.9653
1378.3901	7862.1348
1379.7528	7763.0381
1381.1151	7750.5254
1382.4763	7705.6899
1383.838	7653.3433
1385.1993	7617.7925
1386.5594	7598.7461
1387.9202	7579.6523
1389.2798	7601.9746
1390.6398	7542.3174
1391.9995	7612.7368
1393.358	7584.2505
1394.717	7575.1138
1396.0751	7570.7656
1397.4333	7524.4111
1398.7906	7487.1362
1400.1484	7463.2021
1401.505	7404.4082
1402.8622	7295.8589
1404.2181	7270.3428
1405.5746	7184.5898
1406.9299	7117.7437
1408.2849	7082.9805
1409.6404	6999.812
1410.9948	6965.502
1412.3496	6960.0571
1413.7032	6909.291
1415.0566	6914.0923
1416.4105	6910.3574
1417.7633	6878.6519
1419.1157	6880.7217
1420.4678	6887.9507
1421.8203	6916.5933
1423.1719	6889.2051
1424.5229	6905.6509
1425.8738	6950.8467
1427.2242	6990.3184
1428.5752	7007.5708
1429.925	7063.9844
1431.2745	7072.5537
1432.6238	7105.7886
1433.9727	7129.5806
1435.3212	7147.5347
1436.6694	7167.4648
1438.0181	7231.6582
1439.3657	7251.8608
1440.7129	7296.437
1442.0599	7414.7925
1443.4065	7550.1313
1444.7528	7707.0039
1446.0988	7893.4575
1447.4445	8075.1138
1448.7898	8259.2695
1450.1348	8469.54
1451.4795	8605.5762
1452.8239	8753.2822
1454.1671	8813.6387
1455.5109	8805.8037
1456.8544	8753.5869
1458.1974	8677.2891
1459.5402	8469.125
1460.8827	8306.8994
1462.2249	8056.7183
1463.5658	7879.5586
1464.9073	7690.2598
1466.2485	7521.0444
1467.5894	7397.9854
1468.9292	7263.4355
1470.2694	7127.5283
1471.6093	7072.1484
1472.9489	6942.1709
1474.2874	6833.2876
1475.6263	6793.9688
1476.965	6729.9209
1478.3025	6702.5542
1479.6405	6649.4409
1480.9774	6614.5234
1482.3148	6587.8682
1483.6519	6538.793
1484.9878	6537.9644
1486.3242	6522.2964
1487.6595	6508.1187
1488.9952	6496.5225
1490.33	6478.8291
1491.665	6465.7603
1492.9991	6435.8555
1494.3336	6442.4473
1495.6671	6434.8979
1497.001	6396.541
1498.3337	6380.562
1499.667	6383.1582
1500.9991	6380.0303
1502.3309	6334.1758
1503.6632	6337.2461
1504.9945	6346.9688
1506.3253	6294.3164
1507.6567	6320.0332
1508.9869	6290.7769
1510.3169	6307.9092
1511.6473	6289.9756
1512.9767	6258.1025
1514.3057	6286.8193
1515.6343	6265.2383
1516.9635	6300.5449
1518.2915	6298.8271
1519.6193	6324.0479
1520.9467	6414.9697
1522.2738	6461.7354
1523.6006	6529.3589
1524.9271	6636.5645
1526.254	6739.8999
1527.58	6867.0933
1528.9054	6975.1748
1530.2307	7125.7476
1531.5555	7278.1079
1532.8802	7347.8936
1534.2045	7449.6582
1535.5284	7531.0103
1536.8522	7498.02
1538.1755	7475.7202
1539.4985	7377.6099
1540.8213	7290.7964
1542.1437	7195.3867
1543.4658	7012.2461
1544.7876	6896.0815
1546.1083	6734.5742
1547.4294	6610.2627
1548.7504	6465.502
1550.0709	6348.5342
1551.3911	6259.4814
1552.7111	6223.6274
1554.0306	6139.4551
1555.3491	6083.0894
1556.6682	6034.0483
1557.9868	6001.8115
1559.3052	5981.7251
1560.6226	5946.2544
1561.9403	5929.8042
1563.2577	5911.0493
1564.5741	5897.1504
1565.8909	5877.9883
1567.2074	5877.1108
1568.5228	5869.9639
1569.8386	5865.2427
1571.1543	5859.2754
1572.4688	5876.0239
1573.7837	5870.4219
1575.0975	5884.4453
1576.4119	5858.0864
1577.7252	5863.2319
1579.0389	5852.9839
1580.3516	5867.2749
1581.6647	5852.7686
1582.9767	5850.5903
1584.2892	5866.9253
1585.6006	5828.1787
1586.9125	5803.2095
1588.2233	5803.7817
1589.5337	5781.9512
1590.8446	5782.9775
1592.1545	5744.334
1593.4641	5728.5874
1594.774	5718.8701
1596.083	5703.0347
1597.3917	5646.998
1598.7008	5647.7646
1600.0088	5629.7866
1601.3165	5605.481
1602.6239	5544.4585
1603.9318	5501.1802
1605.2386	5516.6548
1606.545	5483.8242
1607.8513	5462.624
1609.1571	5425.603
1610.4635	5363.3237
1611.7688	5349.7598
1613.0737	5333.4595
1614.3784	5316.1343
1615.6827	5306.7319
1616.9867	5265.6182
1618.2905	5253.5659
1619.5939	5239.8242
1620.8971	5265.5728
1622.1998	5254.6328
1623.5023	5246.8594
1624.8046	5255.0723
1626.1064	5240.4932
1627.4081	5219.6313
1628.7094	5200.5645
1630.0104	5224.8438
1631.311	5192.1045
1632.6115	5188.4473
1633.9115	5186.1943
1635.2106	5193.8452
1636.51	5165.6831
1637.8092	5170.1953
1639.108	5153.3828
1640.4066	5120.6689
1641.7048	5130.8755
1643.002	5114.9976
1644.2997	5113.9438
1645.597	5066.1143
1646.894	5075.1475
1648.1901	5031.1021
1649.4865	5048.2515
1650.7826	5044.1958
1652.0776	5044.1143
1653.3732	5012.6968
1654.6683	5012.8594
1655.9625	5004.168
1657.2572	5031.4565
1658.5508	4976.7446
1659.8447	4977.9878
1661.1377	4964.4048
1662.4312	4987.0034
1663.7235	4969.8657
1665.0162	4943.23
1666.308	4926.04
1667.6002	4950.585
1668.8914	4909.8643
1670.183	4929.0977
1671.4735	4911.3892
1672.7645	4901.9639
1674.0544	4883.291
1675.3441	4872.8345
1676.6342	4848.3921
1677.9232	4846.5547
1679.2119	4845.8574
1680.5012	4808.2998
1681.7893	4827.6992
1683.0771	4790.1724
1684.3655	4788.4683
1685.6527	4786.3037
1686.9396	4763.5996
1688.2263	4761.3838
1689.5133	4748.3369
1690.7994	4750.397
1692.0851	4744.9888
1693.3706	4713.6201
1694.6558	4718.1729
1695.9406	4746.3828
1697.2258	4708.8882
1698.5101	4680.3486
1699.7941	4712.3926
1701.0778	4688.0908
1702.3611	4680.3887
1703.6442	4650.7764
1704.9269	4657.2974
1706.2094	4669.5591
1707.4915	4620.6152
1708.7733	4621.2144
1710.0549	4633.8213
1711.3362	4622.6255
1712.6172	4606.834
1713.8978	4595.3438
1715.1775	4583.5811
1716.4575	4599.6792
1717.7373	4569.397
1719.0168	4565.5444
1720.296	4585.4204
1721.5748	4580.7002
1722.8535	4558.4395
1724.131	4530.8823
1725.4091	4487.854
1726.6868	4553.6377
1727.9641	4546.5845
1729.2405	4548.1846
1730.5173	4556.0171
1731.7938	4510.2007
1733.0693	4490.8906
1734.3452	4470.8853
1735.6208	4502.334
1736.8955	4494.9502
1738.1705	4495.4648
1739.4453	4488.3115
1740.719	4522.2578
1741.9932	4463.6343
1743.2662	4463.6519
1744.5398	4506.8062
1745.8124	4446.5518
1747.0853	4443.8242
1748.3573	4440.4424
1749.6296	4412.9233
1750.901	4418.0249
1752.1727	4414.3174
1753.4435	4414.2339
1754.714	4415.4976
1755.9849	4400.5483
1757.2548	4390.4033
1758.5251	4379.8745
1759.7944	4386.978
1761.0635	4362.2158
1762.3329	4349.9917
1763.6013	4366.998
1764.8694	4343.6899
1766.1372	4352.7759
1767.4055	4379.5562
1768.6727	4327.4961
1769.9397	4307.4043
1771.2063	4281.9434
1772.4734	4324.5215
1773.7395	4252.5522
1775.0052	4257.5747
1775.5819	4257.1567
1776.8502	4287.3296
1778.119	4270.834
1779.3867	4252.3091
1780.6548	4274.2554
1781.9219	4244.3232
1783.1895	4253.5879
1784.4561	4257.9863
1785.7223	4232.2192
1786.9889	4221.5469
1788.2545	4186.7813
1789.5206	4205.0962
1790.7858	4189.7637
1792.0505	4201.5293
1793.3157	4187.3931
1794.58	4202.5015
1795.8438	4165.1074
1797.1074	4196.3062
1798.3715	4163.791
1799.6345	4169.001
1800.8972	4161.0566
1802.1597	4150.1084
1803.4225	4176.394
1804.6843	4154.3091
1805.9459	4146.4116
1807.2072	4126.7832
1808.4681	4141.3115
1809.7289	4104.3984
1810.9893	4097.1973
1812.2501	4069.9307
1813.5099	4111.5908
1814.7695	4093.9771
1816.0287	4105.8237
1817.2876	4084.2366
1818.5463	4058.5894
1819.8047	4067.7991
1821.0627	4056.9783
1822.3206	4067.259
1823.578	4050.9692
1824.8352	4021.144
1826.0922	4040.4822
1827.3488	4038.3684
1828.6051	4035.1797
1829.8612	4013.7449
1831.1169	4003.792
1832.3717	4021.3477
1833.6268	4037.6619
1834.8818	4001.8037
1836.1364	3982.9636
1837.3907	3995.5613
1838.6448	3983.3369
1839.8984	3981.0105
1841.1512	3963.8494
1842.4044	3959.3186
1843.6572	3944.8811
1844.9098	3942.8857
1846.1614	3928.1892
1847.4135	3952.8643
1848.6652	3900.7512
1849.9166	3922.0029
1851.167	3904.1519
1852.4178	3878.3135
1853.6685	3906.9297
1854.918	3854.6223
1856.168	3879.6641
1857.417	3915.3389
1858.6664	3869.0869
1859.9155	3860.8147
1861.1637	3846.5808
1862.4122	3836.5847
1863.6598	3841.9136
1864.9078	3824.7686
1866.1548	3809.5625
1867.4022	3822.3691
1868.6487	3809.6182
1869.8955	3805.7593
1871.1414	3788.2002
1872.3876	3782.4961
1873.6328	3795.7878
1874.8785	3772.9309
1876.1233	3777.5034
1877.3677	3766.0889
1878.6125	3786.4614
1879.8563	3741.0117
1881.1007	3763.6541
1882.3439	3739.6479
1883.5869	3743.668
1884.8303	3754.0647
1886.0728	3734.4536
1887.3149	3747.49
1888.5568	3757.3254
1889.7991	3750.8091
1891.0403	3726.9961
1892.2814	3713.2444
1893.5221	3723.8701
1894.7632	3728.8281
1896.0033	3703.8442
1897.2432	3705.4309
1898.4828	3715.5129
1899.722	3705.9973
1900.9611	3697.687
1902.1998	3687.2673
1903.439	3706.6492
1904.6771	3720.0544
1905.915	3682.5872
1907.1526	3689.4155
1908.3899	3677.0508
1909.627	3690.3242
1910.8638	3695.5027
1912.1002	3677.8376
1913.3364	3676.4854
1914.5723	3637.6357
1915.8079	3657.8108
1917.0432	3668.2998
1918.2783	3664.9404
1919.5131	3664.365
1920.7476	3652.552
1921.9811	3667.542
1923.215	3653.1567
1924.4486	3627.27
1925.682	3624.8784
1926.9152	3631.2578
1928.1479	3634.5151
1929.3804	3605.3003
1930.6119	3617.8857
1931.8439	3601.8198
1933.0756	3604.5654
1934.307	3590.0701
1935.5374	3577.2437
1936.7683	3574.0469
1937.9988	3551.9153
1939.2284	3560.5378
1940.4584	3543.8599
1941.6881	3526.4648
1942.9169	3530.8279
1944.146	3521.1294
1945.3749	3493.4309
1946.6028	3488.8064
1947.8311	3485.2588
1949.0591	3488.7002
1950.2861	3495.4504
1951.5137	3455.4019
1952.7401	3463.9565
1953.967	3458.2427
1955.193	3448.2808
1956.4193	3445.8103
1957.6448	3439.0208
1958.8705	3426.2317
1960.0953	3420.4111
1961.3206	3405.2527
1962.5449	3402.0286
1963.7689	3391.8994
1964.9933	3366.884
1966.2167	3379.1355
1967.4406	3379.4175
1968.6635	3387.0845
1969.886	3370.6741
1971.109	3350.3389
1972.3311	3335.6189
1973.5529	3346.9414
1974.775	3337.7231
1975.9962	3311.2896
1977.2172	3352.8389
1978.4379	3313.9971
1979.6589	3315.7778
1980.879	3304.4143
1982.0989	3301.3376
1983.3184	3296.3042
1984.5377	3310.4536
1985.7567	3306.6499
1986.9761	3288.7822
1988.1946	3280.29
1989.4127	3294.0356
1990.6306	3300.1267
1991.8483	3279.8364
1993.0656	3297.5613
1994.2826	3273.3042
1995.4994	3248.0313
1996.7159	3226.8064
1997.9321	3230.677
1999.1481	3249.4685
2000.3638	3243.0286
2001.5792	3263.7114
2002.7943	3220.0781
2004.0092	3216.8604
2005.2238	3174.6697
2006.4381	3199.8906
2007.6521	3208.5779
2008.8658	3211.927
2010.0793	3239.8855
2011.2919	3214.1396
2012.5049	3193.9897
2013.7175	3159.5518
2014.9299	3158.376
2016.142	3168.9202
2017.3531	3172.8396
2018.5647	3172.9287
2019.776	3202.0781
2020.9871	3183.6697
2022.197	3137.0762
2023.4075	3147.1948
2024.6177	3097.9475
2025.8276	3107.1116
2027.0366	3098.4009
2028.246	3099.0762
2029.4551	3112.8008
2030.6632	3084.4175
2031.8718	3073.0588
2033.0793	3078.9241
2034.2874	3057.3091
2035.4944	3014.0781
2036.7019	2991.6511
2037.9091	3012.4949
2039.1154	3033.0286
2040.322	3067.198
2041.5277	3073.3984
2042.7338	3059.5659
2043.939	3046.845
2045.1438	3068.4832
2046.3491	3004.0918
2047.5535	2948.491
2048.7581	2938.7725
2049.9619	3000.7539
2051.1663	3000.0378
2052.3694	2965.7031
2053.5723	2949.9548
2054.7759	2976.5872
2055.9783	2993.3967
2057.1804	2975.8411
2058.3823	3011.8376
2059.5845	2988.5313
2060.7859	2968.542
2061.9871	2950.9666
2063.1877	2963.8594
2064.3889	2956.9714
2065.5894	2910.9175
2066.7893	2908.4543
2067.989	2914.6775
2069.1885	2912.1958
2070.3884	2934.1963
2071.5872	2952.0737
2072.7859	2956.8794
2073.9844	2931.5615
2075.1824	2918.7122
2076.3801	2897.5771
2077.5779	2928.7686
2078.7751	2892.6511
2079.9722	2897.5225
2081.1689	2914.8599
2082.3655	2942.5842
2083.5615	2939.7725
2084.7576	2918.3364
2085.9534	2930.9604
2087.1487	2927.7896
2088.3438	2919.3923
2089.5388	2949.5061
2090.7334	2924.2087
2091.9277	2926.7253
2093.1211	2913.7427
2094.3149	2913.5508
2095.5085	2935.187
2096.7017	2916.7839
2097.8948	2937.9397
2099.0867	2888.1072
2100.2793	2926.5261
2101.4714	2919.7998
2102.6633	2922.0352
2103.8545	2927.6563
2105.0459	2898.6636
2106.2371	2904.6875
2107.4277	2899.835
2108.6177	2891.356
2109.8081	2890.9175
2110.9976	2866.552
2112.1873	2855.5586
2113.3767	2867.0029
2114.5654	2850.9951
2115.7544	2854.259
2116.9424	2845.9106
2118.1309	2831.0933
2119.3191	2810.9414
2120.5063	2809.2327
2121.6941	2808.2214
2122.8809	2795.6953
2124.0679	2800.3486
2125.2542	2775.7253
2126.4402	2776.7769
2127.6265	2746.5313
2128.8118	2757.5251
2129.9976	2703.8064
2131.1826	2664.9207
2132.3672	2667.0403
2133.5522	2661.9521
2134.7363	2686.0635
2135.9202	2694.1797
2137.1042	2691.4731
2138.2876	2738.2029
2139.4707	2691.1724
2140.6541	2683.405
2141.8364	2657.3967
2143.0188	2613.0784
2144.2007	2638.481
2145.3823	2597.269
2146.5645	2592.845
2147.7456	2581.6689
2148.9265	2597.8811
2150.1072	2622.5374
2151.2876	2611.0503
2152.4678	2624.0439
2153.6477	2604.9189
2154.8279	2591.5928
2156.0073	2600.29
2157.1863	2589.4521
2158.3652	2556.6997
2159.5437	2591.5642
2160.7219	2536.6123
2161.8999	2526.5
2163.0776	2526.5933
2164.2551	2536.9951
2165.4324	2533.6262
2166.6094	2515.3254
2167.7854	2497.3154
2168.9619	2493.4011
2170.1382	2487.8616
2171.314	2507.4365
2172.4897	2518.4949
2173.665	2490.3635
2174.8401	2488.3154
2176.0144	2481.3179
2177.189	2479.7256
2178.3633	2472.1641
2179.5374	2483.8228
2180.7107	2484.8303
2181.8843	2468.3604
2183.0574	2483.3901
2184.2305	2462.2334
2185.4026	2474.8455
2186.5752	2454.584
2187.7473	2437.9775
2188.9187	2440.0925
2190.0906	2429.6125
2191.262	2384.9175
2192.4326	2393.1406
2193.6035	2397.5225
2194.7734	2414.009
2195.9441	2443.062
2197.1135	2428.9922
2198.2834	2449.6873
2199.4524	2413.072
2200.6218	2398.1887
2201.7903	2408.9922
2202.9592	2397.5012
2204.1272	2395.8086
2205.2954	2364.0261
2206.4629	2333.6619
2207.6301	2344.115
2208.7976	2340.1245
2209.9644	2384.9604
2211.1313	2355.4746
2212.2976	2316.0105
2213.4634	2291.1636
2214.6299	2296.6489
2215.7952	2323.8108
2216.9602	2335.8958
2218.125	2343.7039
2219.2903	2323.2144
2220.4546	2322.3494
2221.6189	2321.7673
2222.7827	2289.7595
2223.946	2296.866
2225.1101	2299.5786
2226.2732	2299.7344
2227.436	2288.2534
2228.5986	2286.1272
2229.7607	2264.533
2230.9229	2263.5078
2232.0845	2257.7131
2233.2461	2248.0972
2234.4072	2241.8438
2235.5684	2207.8193
2236.729	2216.2747
2237.8896	2221.0266
2239.0498	2215.5061
2240.2097	2223.375
2241.3694	2230.9609
2242.5288	2212.9521
2243.688	2199.8711
2244.8469	2209.1033
2246.0056	2192.5027
2247.1641	2202.053
2248.3223	2173.3621
2249.4802	2178.072
2250.6372	2184.0928
2251.7947	2186.0452
2252.9517	2176.9089
2254.1086	2188.1021
2255.2646	2185.417
2256.4211	2180.4399
2257.5771	2174.2607
2258.7329	2150.1787
2259.8879	2130.0061
2261.0435	2141.8701
2262.1985	2122.5759
2263.3525	2143.0466
2264.5073	2137.2886
2265.6616	2148.5078
2266.8149	2132.6255
2267.9688	2153.2744
2269.1218	2135.3242
2270.2751	2126.7839
2271.4282	2121.4155
2272.5803	2111.5759
2273.7329	2132.4495
2274.8845	2122.5122
2276.0366	2115.3057
2277.1877	2101.7021
2278.3386	2104.033
2279.49	2106.2998
2280.6404	2096.7598
2281.791	2076.6873
2282.9409	2074.1182
2284.0906	2077.7175
2285.2407	2050.6953
2286.3899	2027.8063
2287.5386	2069.9011
2288.688	2072.5615
2289.8362	2067.6123
2290.9844	2054.4731
2292.1328	2071.6133
2293.2805	2043.4796
2294.4277	2056.3796
2295.575	2034.3376
2296.7224	2031.6532
2297.8691	2045.0438
2299.0154	2027.0061
2300.1614	2019.4883
2301.3074	2029.7104
2302.4529	1995.528
2303.5981	2004.733
2304.7434	2012.4731
2305.8889	2006.9807
2307.0334	1990.1892
2308.1777	2021.1077
2309.3218	1990.0503
2310.4656	1978.8362
2311.6091	1964.5876
2312.7524	1967.2042
2313.8955	1951.9596
2315.0383	1989.556
2316.1804	1958.3901
2317.3228	1951.6981
2318.4648	1958.0089
2319.6067	1974.7772
2320.748	1957.5725
2321.8894	1935.9961
2323.0305	1941.9058
2324.1714	1915.2806
2325.3113	1933.1033
2326.4517	1933.522
2327.5918	1888.2899
2328.7314	1908.6124
2329.8704	1905.9049
2331.0098	1893.6953
2332.1489	1911.9752
2333.2876	1894.7491
2334.4255	1906.76
2335.564	1890.9819
2336.7019	1898.5464
2337.8391	1880.7743
2338.9768	1880.0088
2340.1135	1847.7596
2341.2505	1881.3423
2342.3867	1863.3577
2343.5232	1868.8455
2344.6597	1846.6472
2345.7949	1842.5637
2346.9309	1873.3741
2348.0659	1833.0526
2349.2012	1820.5078
2350.3357	1828.619
2351.4697	1833.7749
2352.6045	1839.4929
2353.738	1840.7313
2354.8721	1830.5616
2356.0054	1794.1746
2357.1384	1819.2788
2358.2717	1822.5117
2359.4041	1801.5226
2360.5364	1784.8499
2361.6689	1795.5477
2362.8008	1780.5992
2363.9321	1795.8455
2365.0635	1775.8811
2366.1951	1798.2856
2367.3257	1778.9755
2368.4563	1762.386
2369.5864	1765.134
2370.7166	1769.1398
2371.8469	1776.6953
2372.9763	1755.1398
2374.1057	1749.2856
2375.2346	1751.277
2376.3635	1753.3501
2377.4919	1742.9565
2378.6201	1762.022
2379.7483	1726.0459
2380.876	1747.8696
2382.0037	1732.2133
2383.1309	1707.275
2384.2578	1711.0636
2385.3848	1718.8042
2386.5112	1718.6953
2387.6375	1706.8696
2388.7637	1716.0918
2389.8894	1699.5842
2391.0149	1699.1019
2392.1396	1701.0302
2393.2646	1702.0308
2394.3896	1676.6234
2395.5142	1674.4971
2396.6384	1671.0481
2397.762	1667.3394
2398.8857	1665.1398
2400.0095	1658.2194
2401.1328	1667.3601
2402.2554	1659.3154
2403.3782	1674.6439
2404.5007	1660.3539
2405.6226	1666.0089
2406.7446	1659.8438
2407.8667	1633.5054
2408.9875	1613.8086
2410.1091	1614.266
2411.2295	1633.1682
2412.3506	1624.3501
2413.4712	1607.9175
2414.5911	1607.4971
2415.7112	1614.8456
2416.8306	1608.1783
2417.9502	1615.3082
2419.0691	1606.1398
2420.1877	1595.9327
2421.3066	1583.4882
2422.4248	1611.2427
2423.5432	1601.8362
2424.6609	1591.6925
2425.7783	1598.3256
2426.896	1582.0162
2428.0129	1556.5079
2429.1296	1587.3741
2430.2466	1561.1783
2431.3628	1570.3969
2432.4788	1556.3615
2433.595	1557.3813
