2000.97	19768.4
2000.04	19886.9
1999.11	20176.4
1998.18	19938.3
1997.26	20052.8
1996.33	19833.6
1995.4	20120.2
1994.47	20272.2
1993.54	20241.3
1992.61	20162.1
1991.68	20279
1990.75	20578.7
1989.82	20534.4
1988.89	20393.3
1987.95	20714.3
1987.02	20573.2
1986.09	20692.7
1985.16	20616.1
1984.23	20757
1983.3	20798.5
1982.37	20652.2
1981.43	20878.8
1980.5	20904.2
1979.57	20846.5
1978.64	20705.7
1977.7	20840.9
1976.77	21362
1975.84	21114
1974.9	21123.2
1973.97	21443.1
1973.04	21235.4
1972.1	21177.6
1971.17	21259.1
1970.23	21431.5
1969.3	21440.7
1968.36	21792.1
1967.43	21421.5
1966.49	21698
1965.56	21733.8
1964.62	21678.7
1963.69	21893.6
1962.75	21841.2
1961.82	21657.9
1960.88	22102.2
1959.94	21737.5
1959.01	22002.8
1958.07	21830.3
1957.13	21927.4
1956.2	22019.1
1955.26	21950.7
1954.32	22239.7
1953.38	21931.4
1952.45	21961.7
1951.51	22096
1950.57	22403.4
1949.63	22510.8
1948.69	22490.4
1947.75	22643.1
1946.81	22481.5
1945.87	22722
1944.94	22901.1
1944	22617.2
1943.06	22950.6
1942.12	22837
1941.18	22832.5
1940.24	22734.9
1939.3	22977.6
1938.35	22975.8
1937.41	23186.4
1936.47	23025.1
1935.53	23241
1934.59	23281.6
1933.65	23245.1
1932.71	23516.6
1931.76	23514.6
1930.82	23701
1929.88	23332.8
1928.94	23251.3
1928	23676.3
1927.05	23555
1926.11	23733.2
1925.17	23622.5
1924.22	23726.5
1923.28	24087.4
1922.33	23823
1921.39	24001.1
1920.45	23723.6
1919.5	24190.1
1918.56	23939.2
1917.61	24445.1
1916.67	24271
1915.72	24181.5
1914.78	24108
1913.83	24325.3
1912.89	24592.8
1911.94	24585.3
1910.99	24334.6
1910.05	24557
1909.1	24663.1
1908.15	24684.6
1907.21	24679.7
1906.26	24659
1905.31	24730.6
1904.37	24889.4
1903.42	25058.5
1902.47	25019.3
1901.52	24874.6
1900.58	25283.6
1899.63	25228.5
1898.68	24796.5
1897.73	25123.6
1896.78	25627.1
1895.83	25519.3
1894.88	25582.7
1893.93	25630.3
1892.98	25554.1
1892.03	25238.5
1891.08	25646.6
1890.13	26488.7
1889.18	26246.7
1888.23	25631.4
1887.28	25852.4
1886.33	25710.6
1885.38	25847.4
1884.43	26052.5
1883.48	26015.8
1882.52	25761.1
1881.57	25963.5
1880.62	26018.7
1879.67	26084.4
1878.72	26184.2
1877.76	26326
1876.81	26029.5
1875.86	26291.9
1874.9	26635.5
1873.95	26318.2
1873	26472.9
1872.04	26556.7
1871.09	26755.8
1870.13	26763.6
1869.18	26611.6
1868.23	26753
1867.27	26894.3
1866.32	27072.2
1865.36	27239.6
1864.41	27014.4
1863.45	27019.4
1862.49	27369.8
1861.54	27450.7
1860.58	27066.1
1859.63	27199.3
1858.67	27374.2
1857.71	26921.9
1856.76	27386.8
1855.8	27394.4
1854.84	27459.5
1853.88	27407
1852.93	27542.6
1851.97	27641.5
1851.01	28061.4
1850.05	27573.1
1849.09	28005.8
1848.14	28049.8
1847.18	27877.4
1846.22	28111.7
1845.26	28014.8
1844.3	28160.4
1843.34	28014.1
1842.38	28464.4
1841.42	28284.2
1840.46	28747.3
1839.5	28429.2
1838.54	28480.8
1837.58	28756.1
1836.62	28659.3
1835.66	28468.9
1834.7	28757.2
1833.73	28972.4
1832.77	29348.8
1831.81	28851.7
1830.85	28887.6
1829.89	29245.6
1828.92	29008.5
1827.96	29091
1827	29552.6
1826.04	29014.5
1825.07	29608.3
1824.11	29363.7
1823.15	29269.6
1822.18	29621.8
1821.22	29395.4
1820.25	29718.9
1819.29	29948.8
1818.33	29390.8
1817.36	29576.7
1816.4	29441.2
1815.43	29652.9
1814.47	29468.3
1813.5	29615.2
1812.53	29575.7
1811.57	29939.9
1810.6	29838.2
1809.64	30241
1808.67	30041
1807.7	30055.6
1806.74	30310.8
1805.77	30253
1804.8	30053.1
1803.84	30220.3
1802.87	30679.3
1801.9	30451
1800.93	30349.4
1799.96	30511.2
1799	30590.3
1798.03	30395.7
1797.06	30714.8
1796.09	30360.4
1795.12	30534.9
1794.15	30484.9
1793.18	30563.9
1792.21	30609.4
1791.24	30660
1790.27	30963.1
1789.3	31036.7
1788.33	30971.3
1787.36	30929
1786.39	31293.7
1785.42	31045.4
1784.45	31106.1
1783.48	31141.1
1782.5	31065.4
1781.53	31267.5
1780.56	31189.2
1779.59	31483.8
1778.61	31780.9
1777.64	31507.2
1776.67	32235.9
1775.7	32270.5
1774.72	33240.2
1773.75	32758.4
1772.78	32536.2
1771.8	32008.5
1770.83	32089.4
1769.85	32414
1768.88	31848.2
1767.91	32285.6
1766.93	32130.4
1765.96	32308.5
1764.98	32371.3
1764	31975.2
1763.03	32104.6
1762.05	32497.9
1761.08	32506.7
1760.1	32520.7
1759.13	33059.6
1758.15	32858.4
1757.17	32880
1756.19	33216.3
1755.22	32892.4
1754.24	33031.6
1753.26	33137.5
1752.29	32826.6
1751.31	33180.4
1750.33	33242.8
1749.35	33274.4
1748.37	33237.1
1747.39	33368.4
1746.41	33435.8
1745.44	33656.3
1744.46	33458.1
1743.48	33908.2
1742.5	33485.5
1741.52	33585.9
1740.54	33872.5
1739.56	33603
1738.58	34317.9
1737.6	34512.4
1736.62	34622.7
1735.63	34187.6
1734.65	34277.6
1733.67	34640.1
1732.69	34704.4
1731.71	34649.1
1730.73	34649.7
1729.74	35304.5
1728.76	35055.7
1727.78	35198.7
1726.8	34899.2
1725.81	35444
1724.83	35467.4
1723.85	35264.5
1722.86	35366.7
1721.88	35644.2
1720.89	35357.6
1719.91	35718.8
1718.93	35673.5
1717.94	35638.4
1716.96	35956.2
1715.97	35778.9
1714.99	36030.5
1714	36074
1713.02	36307.7
1712.03	36155.9
1711.04	36825.6
1710.06	36716.8
1709.07	36197.4
1708.08	36147.1
1707.1	37272.2
1706.11	37145.7
1705.12	37254.7
1704.14	37573.8
1703.15	37442.2
1702.16	37356.2
1701.17	37219.6
1700.18	37918
1699.2	37773.8
1698.21	37892.6
1697.22	38013.9
1696.23	37920.3
1695.24	38003.7
1694.25	38203.2
1693.26	38304.1
1692.27	38806.6
1691.28	38915
1690.29	38960.2
1689.3	39328.4
1688.31	39022.7
1687.32	39590.1
1686.33	39418.2
1685.34	38885.6
1684.35	39687.2
1683.35	39248.1
1682.36	40220.8
1681.37	39721.2
1680.38	39967.7
1679.39	40042.8
1678.39	40140.5
1677.4	40459.7
1676.41	40564.9
1675.41	40342.7
1674.42	40885.7
1673.43	40485
1672.43	40715.8
1671.44	40886.1
1670.45	40920.6
1669.45	41151.2
1668.46	41618
1667.46	41599.5
1666.47	41646.4
1665.47	42062.5
1664.48	41795.4
1663.48	41877.3
1662.49	42067.2
1661.49	42435.2
1660.49	42120.5
1659.5	42154.6
1658.5	42519.9
1657.5	42405.9
1656.51	42572.9
1655.51	42962.9
1654.51	43009.4
1653.51	42812.7
1652.52	42859.2
1651.52	42940.7
1650.52	43049.7
1649.52	43221.3
1648.52	43137.5
1647.52	43078.7
1646.53	43127.6
1645.53	42918.7
1644.53	42952.5
1643.53	43679.1
1642.53	43310.2
1641.53	43406.5
1640.53	43472.7
1639.53	43176.5
1638.53	43190.2
1637.53	43643.6
1636.52	43574.8
1635.52	43843.2
1634.52	43282.6
1633.52	43660.7
1632.52	43092.9
1631.52	43670.5
1630.51	42908.3
1629.51	43256.3
1628.51	43187.7
1627.51	43565.3
1626.5	43317.2
1625.5	43385.7
1624.5	43862.7
1623.49	43176.3
1622.49	43324.5
1621.48	43514.9
1620.48	43389.1
1619.48	43462.4
1618.47	42689.7
1617.47	42855.2
1616.46	43137.5
1615.46	42780.6
1614.45	42856.5
1613.44	42850.3
1612.44	42861.5
1611.43	42805.6
1610.43	43241.6
1609.42	42549.8
1608.41	42384.7
1607.41	42579.7
1606.4	42409.7
1605.39	42746.1
1604.38	42521.5
1603.38	42607.2
1602.37	42653.1
1601.36	42324.5
1600.35	42670.5
1599.34	42862.6
1598.33	41939.4
1597.32	42357.1
1596.32	42333.6
1595.31	42240.8
1594.3	42219.9
1593.29	42387.1
1592.28	41712.6
1591.27	42095.2
1590.26	41802.1
1589.25	42429.3
1588.23	41978
1587.22	42224.2
1586.21	42398.5
1585.2	42123
1584.19	42156.4
1583.18	41950.2
1582.17	41709.5
1581.15	42392.5
1580.14	42070.3
1579.13	42454.3
1578.12	42230.9
1577.1	42261.8
1576.09	42159.5
1575.08	41721.7
1574.06	42014.1
1573.05	41946.4
1572.03	41826.9
1571.02	41990.9
1570	42248.5
1568.99	42138.9
1567.98	42406.2
1566.96	42321.2
1565.94	42268.3
1564.93	42018.5
1563.91	41948.4
1562.9	41696.2
1561.88	42110.9
1560.86	42067.9
1559.85	42649.5
1558.83	42604
1557.81	42074.2
1556.8	42249.9
1555.78	42501.8
1554.76	42559.5
1553.74	42752.2
1552.73	42375.1
1551.71	42597.3
1550.69	42262.2
1549.67	42508.8
1548.65	42851
1547.63	42503.7
1546.61	42630
1545.59	42513.4
1544.57	42328.2
1543.55	42474
1542.53	42690.8
1541.51	43113.3
1540.49	42580.3
1539.47	42838.6
1538.45	42423.4
1537.43	43146.7
1536.41	42406.1
1535.39	42732.7
1534.37	42393.7
1533.34	42654.1
1532.32	42295.7
1531.3	42903.2
1530.28	42576.7
1529.25	42868.6
1528.23	43055.3
1527.21	43078.3
1526.18	42700.7
1525.16	42777.4
1524.14	42905.4
1523.11	42613.5
1522.09	42831.8
1521.06	42742.5
1520.04	42941.2
1519.01	43056.8
1517.99	42916.3
1516.96	43219.6
1515.94	43500.9
1514.91	43007
1513.89	42956.8
1512.86	42940.7
1511.83	43009.9
1510.81	42713.7
1509.78	43174.9
1508.75	42664.6
1507.73	42721.6
1506.7	43104.6
1505.67	42937.7
1504.64	42926.5
1503.61	43058.8
1502.59	43135.1
1501.56	42623.1
1500.53	42940
1499.5	42450.1
1498.47	42881.1
1497.44	43001.1
1496.41	43278.8
1495.38	43007.8
1494.35	43050
1493.32	43225.6
1492.29	42755.7
1491.26	42965.3
1490.23	43133.6
1489.2	42976.8
1488.17	42808
1487.14	42472.1
1486.11	42969.8
1485.07	42745.4
1484.04	43274.4
1483.01	42735.2
1481.98	43351.1
1480.94	42964.6
1479.91	42905
1478.88	43346.3
1477.84	42822.1
1476.81	42697.2
1475.78	43111.6
1474.74	43020.6
1473.71	43432.4
1472.67	43549.2
1471.64	43313.1
1470.61	43579.6
1469.57	43452.4
1468.53	43810.5
1467.5	43255.9
1466.46	44118.4
1465.43	43807.7
1464.39	44100.3
1463.36	44356.7
1462.32	44685.2
1461.28	44847.3
1460.25	44512.6
1459.21	44279.3
1458.17	44679.9
1457.13	44263.5
1456.1	44430.3
1455.06	44464.5
1454.02	44965.9
1452.98	44143
1451.94	44969.1
1450.9	44435.3
1449.86	44868.8
1448.82	45201.2
1447.79	44487.3
1446.75	44232.9
1445.71	44747.9
1444.67	44387.8
1443.62	44967.4
1442.58	44621.8
1441.54	45045
1440.5	45201.4
1439.46	45369.8
1438.42	45451.7
1437.38	44626.4
1436.34	44850
1435.29	44888.7
1434.25	44728.4
1433.21	44791.1
1432.17	44801.1
1431.12	44652.9
1430.08	44713.2
1429.04	44287.1
1427.99	44670.8
1426.95	44798.2
1425.91	44690.8
1424.86	45033.5
1423.82	44847.1
1422.77	44787.6
1421.73	44381.3
1420.68	44857.7
1419.64	45015.9
1418.59	44870.4
1417.55	44607.7
1416.5	45035.9
1415.45	45409
1414.41	44998.3
1413.36	45094.1
1412.31	45256.8
1411.27	45314.3
1410.22	45474.5
1409.17	45517.6
1408.12	45894.8
1407.08	45906.9
1406.03	46298.1
1404.98	46343.4
1403.93	45957.2
1402.88	46195.6
1401.83	46779.5
1400.79	46445.8
1399.74	47008
1398.69	46943.6
1397.64	46543.3
1396.59	46838.5
1395.54	46709.8
1394.49	47276.1
1393.43	47076
1392.38	47002.1
1391.33	46906.8
1390.28	47132.5
1389.23	47072.9
1388.18	47493.4
1387.13	47552.5
1386.07	47343.1
1385.02	47663.5
1383.97	48349.6
1382.92	48121.1
1381.86	48624
1380.81	47878.2
1379.76	48456.8
1378.7	49020.9
1377.65	48666.9
1376.59	49446.5
1375.54	48710.8
1374.49	49269.7
1373.43	49754.8
1372.38	49384.4
1371.32	49921.4
1370.26	49676.6
1369.21	50305.8
1368.15	50214.9
1367.1	50313.4
1366.04	50392.9
1364.98	49821.7
1363.93	50260.9
1362.87	49924.1
1361.81	50199.9
1360.76	50442.5
1359.7	50342.3
1358.64	50223.2
1357.58	50616.8
1356.52	50521.3
1355.47	50810.8
1354.41	50819.2
1353.35	51332.8
1352.29	51378.8
1351.23	51441.3
1350.17	51782.2
1349.11	51870.6
1348.05	52100.4
1346.99	51952.9
1345.93	52783.7
1344.87	52089.3
1343.81	52759.5
1342.75	52991.2
1341.68	53343
1340.62	53193
1339.56	53207.9
1338.5	53554.7
1337.44	53433
1336.37	52920.7
1335.31	53864.9
1334.25	53907.8
1333.19	53924.9
1332.12	53057.9
1331.06	53832
1329.99	53677.5
1328.93	53415
1327.87	53136.1
1326.8	52824.5
1325.74	52719.6
1324.67	53077.3
1323.61	52554.6
1322.54	52318.4
1321.48	52183.2
1320.41	51813.5
1319.34	52203.8
1318.28	52232.8
1317.21	52200.9
1316.14	51559.6
1315.08	51319.3
1314.01	51467.9
1312.94	50913.9
1311.88	50125.8
1310.81	50895.1
1309.74	50451.5
1308.67	50312.3
1307.6	49489.9
1306.53	49851.6
1305.47	49586.3
1304.4	48809
1303.33	49320.2
1302.26	49452.6
1301.19	48587
1300.12	48565.2
1299.05	48669.6
1297.98	48435.3
1296.91	48474.3
1295.84	49045.5
1294.76	47933.6
1293.69	48297.1
1292.62	47729.4
1291.55	47103.7
1290.48	47189.5
1289.41	46923.3
1288.33	46503.2
1287.26	46719.6
1286.19	45738.2
1285.11	45931.4
1284.04	45789.1
1282.97	45656.2
1281.89	45986.6
1280.82	46016.6
1279.75	45723.1
1278.67	45266.9
1277.6	44943.4
1276.52	45220.1
1275.45	44945.6
1274.37	44301.6
1273.3	44450.4
1272.22	44485.3
1271.14	44385.5
1270.07	44195
1268.99	44046.5
1267.91	43863.2
1266.84	44118.7
1265.76	43362.2
1264.68	43390.3
1263.61	42942.8
1262.53	43216.8
1261.45	42502.8
1260.37	42688.7
1259.29	43039.1
1258.21	43062.6
1257.13	42006.3
1256.06	42226.9
1254.98	42560.9
1253.9	42019.4
1252.82	42131.1
1251.74	42092.2
1250.66	41578.9
1249.58	41521.7
1248.5	41617.1
1247.41	41948.4
1246.33	41431
1245.25	41477.8
1244.17	41261.1
1243.09	40984.5
1242.01	41297.1
1240.92	41283.8
1239.84	41538.5
1238.76	40726.3
1237.68	41535
1236.59	41147.8
1235.51	41411.5
1234.43	40957.6
1233.34	40656.2
1232.26	40802.2
1231.17	41365.4
1230.09	40845.1
1229	40776.6
1227.92	41030.8
1226.83	40655.9
1225.75	41022.9
1224.66	40328.1
1223.58	40568.3
1222.49	41103
1221.4	41237.1
1220.32	40881.1
1219.23	40596.5
1218.14	40201.7
1217.06	40386.4
1215.97	40214.8
1214.88	40845.3
1213.79	40464.5
1212.7	40789.2
1211.62	40185.8
1210.53	40404.7
1209.44	40531.7
1208.35	40571.4
1207.26	40122.3
1206.17	40240.1
1205.08	40722.6
1203.99	40819.6
1202.9	40441.9
1201.81	40410.5
1200.72	40088
1199.63	40430.3
1198.54	40229.3
1197.44	40122.4
1196.35	40714.1
1195.26	40348.3
1194.17	39838.6
1193.08	40180.4
1191.98	40162.8
1190.89	40074.3
1189.8	39853.2
1188.71	40000.4
1187.61	39822.8
1186.52	39953.9
1185.42	39829
1184.33	40270.8
1183.24	40278.3
1182.14	39959.3
1181.05	39423.4
1179.95	39737.1
1178.86	39906.8
1177.76	39645.1
1176.66	39547.8
1175.57	40134.9
1174.47	39613.3
1173.38	39611.9
1172.28	39788.2
1171.18	39294.4
1170.09	39343.1
1168.99	39621.9
1167.89	39290.2
1166.79	39145.3
1165.69	38538.3
1164.6	38889.9
1163.5	39373.3
1162.4	39371.9
1161.3	39090.6
1160.2	39162
1159.1	39131.1
1158	39161.5
1156.9	39030.5
1155.8	39195.1
1154.7	38877.8
1153.6	38747
1152.5	39161.3
1151.4	39337
1150.3	38693.1
1149.2	39098
1148.09	39414.3
1146.99	38970.4
1145.89	38753.6
1144.79	38974.5
1143.68	38655.7
1142.58	39361.6
1141.48	38707.4
1140.38	38789.9
1139.27	39055.9
1138.17	38809.8
1137.06	39270.4
1135.96	39065.2
1134.85	39287.8
1133.75	39272.8
1132.65	38793.9
1131.54	39174.8
1130.43	39139.5
1129.33	39131.2
1128.22	38973.8
1127.12	39128.3
1126.01	39113.3
1124.9	38576.5
1123.8	38961.3
1122.69	38632.5
1121.58	38701.1
1120.47	38765.2
1119.37	38427.5
1118.26	38087.8
1117.15	38738.5
1116.04	38565.7
1114.93	38595.9
1113.82	38360.1
1112.72	38255.1
1111.61	38114
1110.5	38031.7
1109.39	37989.9
1108.28	37914.3
1107.17	37946.8
1106.06	37934.3
1104.94	37924.1
1103.83	38422.4
1102.72	37669.7
1101.61	37994.6
1100.5	37804.4
1099.39	37594.1
1098.27	37478.3
1097.16	37513.1
1096.05	37478.2
1094.94	37838.7
1093.82	37648.8
1092.71	37418.6
1091.6	38122.3
1090.48	38062.7
1089.37	37320.9
1088.25	37609.1
1087.14	37612.4
1086.02	37714.3
1084.91	36899.3
1083.79	37440.7
1082.68	37638.9
1081.56	37386.8
1080.45	37399
1079.33	37471.8
1078.21	37497.4
1077.1	37480.6
1075.98	37508.4
1074.86	37120.1
1073.75	37298
1072.63	37809
1071.51	37371.7
1070.39	37214
1069.27	36951.3
1068.15	37339
1067.04	37505.4
1065.92	37397
1064.8	37462.8
1063.68	38216.3
1062.56	37623.3
1061.44	37599.7
1060.32	37190.1
1059.2	37311.6
1058.08	37114.1
1056.96	37625.9
1055.83	36817.5
1054.71	37224.3
1053.59	37466.1
1052.47	36794.1
1051.35	37227.4
1050.22	36981.2
1049.1	37251.8
1047.98	37524.4
1046.86	37289.4
1045.73	36961.1
1044.61	36788.6
1043.49	37225.7
1042.36	37698.2
1041.24	36932
1040.11	37508.8
1038.99	37540.9
1037.86	37513
1036.74	37265.1
1035.61	37363.8
1034.49	37382.5
1033.36	37048.2
1032.23	36991.5
1031.11	37338.8
1029.98	37304.2
1028.85	37229.8
1027.73	37488.1
1026.6	37406.9
1025.47	37505.4
1024.34	37437.6
1023.22	38149.9
1022.09	37514.8
1020.96	37852.4
1019.83	37751.4
1018.7	37643.7
1017.57	37761.9
1016.44	37727.3
1015.31	37602
1014.18	38063.1
1013.05	37504.3
1011.92	37682.1
1010.79	37806.7
1009.66	37679.3
1008.53	37605
1007.4	37411.4
1006.27	37569.2
1005.13	37448.6
1004	37487
1002.87	37545.2
1001.74	38557
1000.6	37476.3
999.47	37803.7
998.337	37471.4
997.203	37617.8
996.069	37199.8
994.935	37716.5
993.801	37607.1
992.666	37817.2
991.531	38040.5
990.396	37715.3
989.261	37812.9
988.125	37738.9
986.99	37966.4
985.854	38145.3
984.717	37840.2
983.581	37838.7
982.444	37758.1
981.307	37459.9
980.17	37722.3
979.032	38334
977.894	37730.4
976.756	38100.2
975.618	37729.7
974.48	37807.3
973.341	37871.7
972.202	37760.5
971.063	38382.3
969.923	38071.3
968.784	38148.8
967.644	38167
966.504	38283.8
965.363	38183.6
964.223	38464.8
963.082	38259.4
961.941	38323.5
960.799	38576
959.658	38495.5
958.516	38793.8
957.374	38282.1
956.231	38455.6
955.089	38790.9
953.946	38745.5
952.803	38920.9
951.659	38414.1
950.516	38274.7
949.372	38528.8
948.228	38889.9
947.084	38920.9
945.939	38893
944.794	38419.5
943.649	38961.5
942.504	39199.9
941.358	39073.7
940.213	39028.3
939.067	39262.1
937.92	39081.4
936.774	39740.3
935.627	38979.7
934.48	39193.7
933.333	39355.3
932.185	39148.6
931.038	39331.9
929.89	39510.8
928.741	39195.4
927.593	39504.8
926.444	39613.9
925.295	39760
924.146	39686.2
922.997	39051.3
921.847	39532.2
920.697	39758.6
919.547	39732.7
918.396	39709
917.246	39572.3
916.095	39826.7
914.944	39509.8
913.792	39616.4
912.641	39968.3
911.489	39610.3
910.337	39545.5
909.184	39732.2
908.031	39890.8
906.879	40131.6
905.725	39687.2
904.572	40209.8
903.418	40194.7
902.265	39442.9
901.11	40047.5
899.956	40008.6
898.801	40333.5
897.647	40119.2
896.491	40008.9
895.336	40108.5
894.18	40041.5
893.025	40281.7
891.868	40264.4
890.712	40165
889.556	40443.9
888.399	40554.1
887.242	40372.5
886.084	40383.3
884.927	40404.9
883.769	40761.2
882.611	40653.1
881.452	41082.5
880.294	40840.7
879.135	40916.1
877.976	40937.5
876.816	40848.9
875.657	40730.2
874.497	41174.1
873.337	41165.3
872.177	41234
871.016	40701.8
869.855	41194.8
868.694	41209.7
867.533	41528
866.371	42156.2
865.209	41779.2
864.047	41824
862.885	41380.6
861.723	41528.7
860.56	42059.4
859.397	42310.4
858.233	42421.7
857.07	42092.5
855.906	41436.8
854.742	41810.2
853.578	41612.3
852.413	41871.7
851.248	41609.4
850.083	41787.2
848.918	41763.2
847.752	41795
846.586	41771
845.42	42220.8
844.254	42421.8
843.087	42659.1
841.921	42416.4
840.753	42480.1
839.586	42141.2
838.419	42258.5
837.251	42163.7
836.083	42968
834.914	42378.8
833.746	42147.2
832.577	42638.7
831.408	42657.3
830.239	42588.3
829.069	42730.9
827.899	42467.4
826.729	42691.1
825.559	42602.9
824.388	43134
823.217	42682.8
822.046	43237.1
820.875	42912
819.703	42783.2
818.531	43294.6
817.359	43008
816.187	42836.6
815.014	43074.7
813.841	43344.7
812.668	43512.2
811.495	43253.5
810.321	43448.7
809.147	43445.8
807.973	43589.7
806.799	43422.8
805.624	43717.8
804.449	43748.8
803.274	43590.4
802.099	43670.4
800.923	43699.2
799.747	43768.5
798.571	43316.9
797.395	44036.5
796.218	43982.4
795.041	43477.9
793.864	43742.5
792.686	44077
791.509	43846.8
790.331	43913.7
789.153	44549.3
787.974	44145.1
786.796	44511
785.617	44336
784.437	44515.1
783.258	44509.7
782.078	44226.7
780.898	44886.7
779.718	44266.9
778.537	44333.6
777.357	44391.8
776.176	44314.5
774.995	44442.5
773.813	44380
772.631	44425.4
771.449	44358.7
770.267	44378.7
769.084	44519.2
767.902	44640.6
766.719	44542.2
765.535	44572.7
764.352	44032.9
763.168	44494.3
761.984	44590.3
760.8	44194.3
759.615	44668.1
758.43	44552.9
757.245	45011.6
756.06	44552.6
754.874	44496.6
753.688	44999.3
752.502	44331.9
751.316	44830.2
750.129	44927.9
748.942	45244.7
747.755	45529.7
746.568	45945.2
745.38	45787.9
744.192	45803.2
743.004	46557.1
741.816	46725.8
740.627	47912.4
739.438	48074.4
738.249	50065.4
737.059	51204.2
735.87	52798.5
734.68	53755.6
733.49	54176.7
732.299	54209
731.108	53126.5
729.917	52342.5
728.726	50937.7
727.535	49932.1
726.343	48530.5
725.151	47567.8
723.958	47335.3
722.766	46962.3
721.573	46709
720.38	46227.4
719.187	46357.8
717.993	46387.5
716.799	45931.4
715.605	45739.3
714.411	45838.2
713.216	45711.1
712.021	45431.2
710.826	45774.9
709.631	45695.9
708.435	45610.8
707.239	45151.4
706.043	45643.2
704.847	45004.3
703.65	45830.2
702.453	45469.4
701.256	45601.5
700.058	45543.6
698.86	45769.5
697.662	45450.7
696.464	45718.3
695.266	45766.8
694.067	45984.2
692.868	45776.1
691.669	45807.9
690.469	46154.3
689.269	45967.1
688.069	46142.5
686.869	46382.4
685.668	46584.7
684.467	46110.4
683.266	46518.7
682.065	45780.2
680.863	46916.6
679.661	46340.7
678.459	46155.9
677.257	46295.5
676.054	46081.8
674.851	46339.8
673.648	45970.3
672.444	46635.4
671.24	46444.6
670.036	46737.6
668.832	46418.1
667.628	46418.4
666.423	46397.9
665.218	46954.2
664.012	46736.5
662.807	46819.7
661.601	46877.9
660.395	46610.6
659.188	46805.6
657.982	46834.8
656.775	46847.4
655.568	46746.1
654.36	46889.1
653.153	46982.4
651.945	47390.2
650.737	47475
649.528	47706.7
648.319	47270.3
647.11	46966.3
645.901	47563.9
644.692	47288.9
643.482	46995.5
642.272	47018.3
641.061	47470.8
639.851	47175.4
638.64	47706.1
637.429	47955.7
636.217	48079.4
635.006	47953.4
633.794	47652
632.582	47802.5
631.369	47365.2
630.157	48057.9
628.944	48368.9
627.73	48032.8
626.517	47972.8
625.303	48211.6
624.089	48254.6
622.875	48328.5
621.66	48317.9
620.445	48402
619.23	48222.7
618.015	47667.1
616.799	47660.8
615.583	47942.3
614.367	47909.2
613.151	47358.2
611.934	47839
610.717	47481.3
609.5	47686.6
608.282	47980.1
607.065	47852.6
605.847	48063.8
604.628	47800.9
603.41	47995.6
602.191	48093.8
600.972	47861.8
599.753	48454.1
598.533	48695.6
597.313	48195.1
596.093	48250.2
594.873	48878.7
593.652	48698
592.431	48435.5
591.21	48500.6
589.988	48641.5
588.766	48115.2
587.544	48505.6
586.322	48599.3
585.1	48257.4
583.877	48576
582.654	48477.4
581.43	48940.9
580.207	48805.6
578.983	48698.9
577.759	49374.4
576.534	49087.9
575.309	48987.3
574.084	49307.2
572.859	49010.7
571.634	49038.7
570.408	49515.4
569.182	49549.4
567.956	49512.1
566.729	50002.6
565.502	49741
564.275	49673
563.048	49880.1
561.82	49930.2
560.592	49882.6
559.364	50195.3
558.135	50332.8
556.907	49868.1
555.678	50268
554.448	50210.2
553.219	50148.4
551.989	50180
550.759	50437.3
549.528	50391.7
548.298	50169.3
547.067	50268
545.836	50122.9
544.604	50662.1
543.373	50291.7
542.141	50629.7
540.908	50720
539.676	50611.5
538.443	50752.4
537.21	50548.7
535.977	50813.2
534.743	50796
533.509	50578.1
532.275	50962
531.041	50711.8
529.806	50567
528.571	51092.4
527.336	51324
526.1	50995
524.864	50866.5
523.628	50978.7
522.392	50678.3
521.155	51564.7
519.918	51240.1
518.681	51168.2
517.444	51601.4
516.206	51551.7
514.968	51332.3
513.73	51518.9
512.492	51477.2
511.253	51554.7
510.014	51722.9
508.774	51703.5
507.535	51421.8
506.295	52317.8
505.055	51770.1
503.814	51672
502.574	51952.8
501.333	52046.1
500.091	52199.8
498.85	52339.3
497.608	52100.3
496.366	52775.1
495.124	52487.8
493.881	53067.7
492.638	52941.4
491.395	52909.6
490.152	53348.3
488.908	52825.9
487.664	53248.4
486.42	53063.8
485.175	53190.7
483.93	52958.1
482.685	53233.5
481.44	53729.6
480.194	53286.3
478.948	53802.2
477.702	53746.2
476.456	53666.2
475.209	53921
473.962	54049.4
472.715	54298.1
471.467	54067.6
470.219	54183.9
468.971	54093.8
467.723	54292.2
466.474	54448.3
465.225	54482.3
463.976	54706.4
462.727	55170.5
461.477	55028.3
460.227	55080.2
458.976	55032
457.726	54969.8
456.475	55227.5
455.224	54959.5
453.972	54991.3
452.721	55330.7
451.469	55484.2
450.216	55414
448.964	55942.6
447.711	55676.8
446.458	55485
445.205	55023.9
443.951	55719.6
442.697	55613.6
441.443	55782.7
440.188	56338.3
438.934	56216.2
437.679	55998.6
436.423	55870.7
435.168	55784.7
433.912	55983.3
432.656	56219.7
431.399	56209.2
430.143	56517.1
428.886	56220.1
427.628	55935.2
426.371	56561
425.113	56449.1
423.855	56456.4
422.597	56491.6
421.338	56753.2
420.079	56963
418.82	56330.9
417.56	57118.4
416.3	57355.8
415.04	58382.7
413.78	58649.4
412.52	58027.6
411.259	57782.7
409.997	57278.3
408.736	57279.4
407.474	57197.4
406.212	57648.2
404.95	57679
403.687	57838.5
402.425	57493.1
401.161	57953.3
