2000.97	49717.2
2000.04	49889.5
1999.11	50253.9
1998.18	50182.1
1997.26	50064.6
1996.33	49842.2
1995.4	49652.2
1994.47	49693.5
1993.54	49159.4
1992.61	49843.3
1991.68	50000.1
1990.75	50210.7
1989.82	50109.4
1988.89	50534.7
1987.95	50428.1
1987.02	50224.8
1986.09	50429.7
1985.16	50392.9
1984.23	50262.2
1983.3	50163.8
1982.37	50258.5
1981.43	49881.2
1980.5	50748.2
1979.57	50644.4
1978.64	50454.8
1977.7	50785.2
1976.77	50684.1
1975.84	50877.7
1974.9	50733.8
1973.97	50622
1973.04	50794.1
1972.1	51075.8
1971.17	50985.5
1970.23	50713.2
1969.3	51085.7
1968.36	50987.4
1967.43	50966.7
1966.49	51010.1
1965.56	51262
1964.62	50925.8
1963.69	51313.9
1962.75	51220.9
1961.82	51424.5
1960.88	51977.8
1959.94	51310.8
1959.01	51426.1
1958.07	51442.6
1957.13	51395.1
1956.2	51627.7
1955.26	51593.5
1954.32	51372.7
1953.38	51423.9
1952.45	51451
1951.51	52264.4
1950.57	51998.3
1949.63	51849.5
1948.69	52015
1947.75	52516
1946.81	51741.5
1945.87	52154.6
1944.94	52186.8
1944	52067.4
1943.06	52230.1
1942.12	52044.2
1941.18	52430.1
1940.24	52595.3
1939.3	52595.5
1938.35	52375.1
1937.41	52630.5
1936.47	52173.8
1935.53	52253.8
1934.59	52331.1
1933.65	52859.7
1932.71	53117.4
1931.76	52772.5
1930.82	53038
1929.88	52963.8
1928.94	52791.6
1928	52598.1
1927.05	53118
1926.11	53014.7
1925.17	52985.7
1924.22	52704.9
1923.28	53478.7
1922.33	53097.2
1921.39	53179.4
1920.45	53407.2
1919.5	53026
1918.56	53245.8
1917.61	53163.8
1916.67	53309.4
1915.72	53909.8
1914.78	53248.6
1913.83	54113.2
1912.89	53658.4
1911.94	53047.8
1910.99	53819.5
1910.05	53647.6
1909.1	53819.3
1908.15	53457.4
1907.21	53819.1
1906.26	54064.5
1905.31	54082.8
1904.37	54148.6
1903.42	54111.5
1902.47	54388.3
1901.52	53533.6
1900.58	54240.1
1899.63	54477.2
1898.68	54324.1
1897.73	54864
1896.78	54811
1895.83	55582.5
1894.88	55326.5
1893.93	54804.7
1892.98	54749.1
1892.03	54754
1891.08	54698.4
1890.13	54303.5
1889.18	55076.6
1888.23	54839.5
1887.28	54668.2
1886.33	54878.2
1885.38	54628.1
1884.43	54972
1883.48	54821.8
1882.52	55493.9
1881.57	54999.7
1880.62	54828.6
1879.67	54959.5
1878.72	55331.8
1877.76	55370.6
1876.81	55406.9
1875.86	55626.7
1874.9	55563.2
1873.95	55528.5
1873	55404.8
1872.04	55338.7
1871.09	55545.2
1870.13	55586.6
1869.18	55800.8
1868.23	55988.8
1867.27	55561.3
1866.32	55474.4
1865.36	55798.4
1864.41	56240
1863.45	55825.9
1862.49	55948.2
1861.54	56185.5
1860.58	56211
1859.63	56223.3
1858.67	56316.7
1857.71	56433.5
1856.76	56158.4
1855.8	56063.7
1854.84	56567
1853.88	56608
1852.93	56795.1
1851.97	56379.2
1851.01	57375.3
1850.05	56789.9
1849.09	56789
1848.14	57095.9
1847.18	57008.9
1846.22	57154
1845.26	57296.4
1844.3	57097.4
1843.34	57237.1
1842.38	57395.1
1841.42	57401.9
1840.46	56981.6
1839.5	57569
1838.54	57474.3
1837.58	57621.6
1836.62	58021.2
1835.66	57338.5
1834.7	57381.7
1833.73	57302.6
1832.77	57426.4
1831.81	57947.8
1830.85	58045.4
1829.89	58106.6
1828.92	57920.9
1827.96	58145.7
1827	58539.2
1826.04	58698.9
1825.07	58310.8
1824.11	58665.1
1823.15	58412.1
1822.18	58364.1
1821.22	58541.8
1820.25	58387.5
1819.29	58785.5
1818.33	58592.3
1817.36	58935.7
1816.4	58594.9
1815.43	58842.2
1814.47	58928.9
1813.5	58632.3
1812.53	58506.7
1811.57	58572.6
1810.6	59060.4
1809.64	59201.3
1808.67	59344.7
1807.7	58900.9
1806.74	58847.8
1805.77	59050.6
1804.8	59137
1803.84	58988.2
1802.87	59188.3
1801.9	58874.2
1800.93	59226.6
1799.96	59111.5
1799	59425
1798.03	59575.7
1797.06	59700.6
1796.09	59668
1795.12	59854.7
1794.15	59662.2
1793.18	59802.4
1792.21	59638.4
1791.24	59778.5
1790.27	59699.6
1789.3	60017.4
1788.33	59402.6
1787.36	60127.4
1786.39	59976.3
1785.42	60157.4
1784.45	60263.7
1783.48	60076.7
1782.5	60283.4
1781.53	60207
1780.56	60457.3
1779.59	60049.2
1778.61	60204.3
1777.64	61307.7
1776.67	62094.7
1775.7	63608.4
1774.72	63901.4
1773.75	63988.8
1772.78	61413.3
1771.8	60828.5
1770.83	60539.1
1769.85	60927.3
1768.88	60640.6
1767.91	60936.3
1766.93	61085.6
1765.96	60699
1764.98	61286.8
1764	61277
1763.03	60711.2
1762.05	61060.3
1761.08	61378.5
1760.1	61248.4
1759.13	61755.9
1758.15	61500.4
1757.17	61572.5
1756.19	61442.4
1755.22	61796
1754.24	61522.7
1753.26	61543.6
1752.29	61533.8
1751.31	61968.8
1750.33	62058.7
1749.35	61795.8
1748.37	61798.7
1747.39	62049.4
1746.41	61939.9
1745.44	62116.4
1744.46	62045.3
1743.48	61989.4
1742.5	62454.2
1741.52	62112.5
1740.54	62324.5
1739.56	62722.6
1738.58	62529
1737.6	62429.7
1736.62	62414.7
1735.63	62667.1
1734.65	62641.8
1733.67	62700.6
1732.69	62596.3
1731.71	62840.9
1730.73	62540.6
1729.74	62932.7
1728.76	62579.1
1727.78	63197.5
1726.8	63413.7
1725.81	63177.1
1724.83	63431.4
1723.85	62915.3
1722.86	63464.4
1721.88	63212.8
1720.89	63283.9
1719.91	63746.2
1718.93	63136.6
1717.94	63657.1
1716.96	63552.9
1715.97	63748.2
1714.99	63631.3
1714	63793.6
1713.02	63722.4
1712.03	63676.6
1711.04	64036.5
1710.06	64107.3
1709.07	64013.3
1708.08	63744.5
1707.1	64129.4
1706.11	63858.2
1705.12	64349.3
1704.14	64450.2
1703.15	64305.6
1702.16	64442
1701.17	64548
1700.18	65040.9
1699.2	64522
1698.21	64577.3
1697.22	65421.4
1696.23	65046.7
1695.24	65341.9
1694.25	65270.7
1693.26	64896.2
1692.27	65691.4
1691.28	65051.9
1690.29	65844.2
1689.3	65318.5
1688.31	65401.3
1687.32	65660.6
1686.33	65715.5
1685.34	65674.5
1684.35	66014.3
1683.35	66371.6
1682.36	66121.2
1681.37	66077.7
1680.38	65971.1
1679.39	66232.4
1678.39	66342.5
1677.4	66543.1
1676.41	66713.5
1675.41	66531.4
1674.42	66691.6
1673.43	66811.5
1672.43	67185.4
1671.44	67156.8
1670.45	67050.2
1669.45	67539.5
1668.46	67819.9
1667.46	67572.5
1666.47	67217.2
1665.47	68464.7
1664.48	68076.6
1663.48	68005.1
1662.49	68260
1661.49	67799.4
1660.49	68360.4
1659.5	68281.4
1658.5	68475.8
1657.5	67905.2
1656.51	69002.3
1655.51	69188.9
1654.51	68994.5
1653.51	69291.3
1652.52	69254.7
1651.52	69235.7
1650.52	69968.1
1649.52	69676
1648.52	69839.6
1647.52	69537.7
1646.53	69846.4
1645.53	69902.3
1644.53	69893.2
1643.53	69946.6
1642.53	69854.9
1641.53	69998.3
1640.53	70004.1
1639.53	70577.2
1638.53	70043.3
1637.53	70446.3
1636.52	71361
1635.52	71186.8
1634.52	70515.8
1633.52	70416.7
1632.52	70185.3
1631.52	70046.4
1630.51	70638.3
1629.51	70212.6
1628.51	71489.9
1627.51	70902.1
1626.5	70713.2
1625.5	70691.4
1624.5	70445.4
1623.49	70428.7
1622.49	70392
1621.48	70223.4
1620.48	69932.8
1619.48	69602.6
1618.47	69854.7
1617.47	70032.1
1616.46	69336.4
1615.46	69113.5
1614.45	68920.4
1613.44	68936.3
1612.44	68542.1
1611.43	69333.2
1610.43	69075.7
1609.42	68746.3
1608.41	69209.1
1607.41	68519.8
1606.4	69265.4
1605.39	68271.1
1604.38	68344.1
1603.38	68573.3
1602.37	68547
1601.36	68543
1600.35	68834.1
1599.34	68758.1
1598.33	68652.5
1597.32	68948.3
1596.32	68399.2
1595.31	68481.9
1594.3	68190.6
1593.29	68991.3
1592.28	69363.4
1591.27	68597
1590.26	68548.5
1589.25	68885.8
1588.23	68960.9
1587.22	68768.8
1586.21	68796.9
1585.2	68988.1
1584.19	69438.6
1583.18	68542.5
1582.17	69118.9
1581.15	69186.4
1580.14	69150.1
1579.13	69175.5
1578.12	68848
1577.1	68515.7
1576.09	68588.1
1575.08	68749.3
1574.06	68821.6
1573.05	68879.1
1572.03	69047.6
1571.02	69595.5
1570	69857.3
1568.99	70210.2
1567.98	72368.4
1566.96	70575.6
1565.94	70664.7
1564.93	68767.1
1563.91	68876.2
1562.9	68763.7
1561.88	69064.7
1560.86	69190.8
1559.85	69572.6
1558.83	69157.7
1557.81	69817.2
1556.8	69151.7
1555.78	69609.4
1554.76	69781.9
1553.74	70398.9
1552.73	70578.6
1551.71	70682.1
1550.69	70228.3
1549.67	69688.8
1548.65	70064.7
1547.63	70533.7
1546.61	70014.1
1545.59	70507.4
1544.57	69885
1543.55	69750.7
1542.53	70314.8
1541.51	69651.2
1540.49	69605.1
1539.47	69843.2
1538.45	69664.9
1537.43	69704.6
1536.41	69932.7
1535.39	69842.5
1534.37	69402.6
1533.34	69637.9
1532.32	69848.7
1531.3	69201.2
1530.28	68986.6
1529.25	69366
1528.23	69266.3
1527.21	69457.4
1526.18	69392
1525.16	69846.7
1524.14	69463.8
1523.11	69166.4
1522.09	69508.6
1521.06	69116.2
1520.04	69265.5
1519.01	69278.2
1517.99	69073.9
1516.96	68989
1515.94	69450.3
1514.91	70250.1
1513.89	69429.2
1512.86	69758.6
1511.83	69284
1510.81	69927.3
1509.78	69155.8
1508.75	69132
1507.73	69614.3
1506.7	69573.3
1505.67	69301.2
1504.64	69870.8
1503.61	69287.5
1502.59	69922.5
1501.56	69276.2
1500.53	69619.2
1499.5	69665.7
1498.47	69814.3
1497.44	69715
1496.41	70084.4
1495.38	70096.7
1494.35	70376.1
1493.32	70060.8
1492.29	69845.1
1491.26	70083.1
1490.23	70541.6
1489.2	70061.6
1488.17	70437.6
1487.14	70391.7
1486.11	70253.7
1485.07	71210.8
1484.04	70535
1483.01	70932.2
1481.98	70714.3
1480.94	70762.8
1479.91	71433.2
1478.88	71537.2
1477.84	71372.5
1476.81	71894.9
1475.78	72117.1
1474.74	72249.9
1473.71	72377.7
1472.67	72447.4
1471.64	72850.6
1470.61	73507.3
1469.57	73175.8
1468.53	73798.3
1467.5	73925.7
1466.46	74666
1465.43	75326.5
1464.39	75764.7
1463.36	76525.9
1462.32	76855.1
1461.28	77239.6
1460.25	77787.9
1459.21	78591.5
1458.17	78358.5
1457.13	79446
1456.1	79104.4
1455.06	78676.4
1454.02	78845.6
1452.98	78384.1
1451.94	77747
1450.9	77389.3
1449.86	77529.8
1448.82	76335.2
1447.79	76485.5
1446.75	76385.6
1445.71	75696.8
1444.67	76015.4
1443.62	75362.9
1442.58	75568.5
1441.54	75627.4
1440.5	75266.1
1439.46	74988.9
1438.42	74836.7
1437.38	74221.3
1436.34	74249.2
1435.29	73758.9
1434.25	73537.5
1433.21	73380.9
1432.17	73785.4
1431.12	73216.5
1430.08	72662.2
1429.04	72491.5
1427.99	72325.7
1426.95	72480.9
1425.91	72645.6
1424.86	72302.6
1423.82	72065.1
1422.77	72514.6
1421.73	72167.1
1420.68	72314.9
1419.64	72524.8
1418.59	72443
1417.55	72863.2
1416.5	73180.4
1415.45	72587
1414.41	73071.4
1413.36	73515
1412.31	73533.3
1411.27	74131.8
1410.22	74166.7
1409.17	74459.3
1408.12	75147.9
1407.08	75490.3
1406.03	75889.8
1404.98	76479.9
1403.93	77034
1402.88	78164.7
1401.83	78303.5
1400.79	78285
1399.74	78919.3
1398.69	79014.9
1397.64	79401.1
1396.59	79313.3
1395.54	78623.3
1394.49	78964.1
1393.43	78874
1392.38	78622.3
1391.33	78705.9
1390.28	78806.2
1389.23	78694.9
1388.18	78612.1
1387.13	78873.9
1386.07	79423.1
1385.02	79456.6
1383.97	80202.6
1382.92	80936.4
1381.86	82066.3
1380.81	82932.3
1379.76	83252.2
1378.7	84288.4
1377.65	85186.6
1376.59	85719.2
1375.54	86033.4
1374.49	86769.5
1373.43	87028.9
1372.38	87314.2
1371.32	87601.8
1370.26	87370.5
1369.21	86777
1368.15	87159.2
1367.1	86255.9
1366.04	85575.4
1364.98	85259.6
1363.93	85093
1362.87	83646.8
1361.81	83702.8
1360.76	83862.8
1359.7	83176.6
1358.64	82459.9
1357.58	82603.5
1356.52	83467.5
1355.47	82864.6
1354.41	83588.9
1353.35	83618.8
1352.29	84555
1351.23	85181.8
1350.17	85928.6
1349.11	87007.7
1348.05	87711.3
1346.99	88749.5
1345.93	90143.2
1344.87	91003.6
1343.81	91463.1
1342.75	92379.5
1341.68	92996.3
1340.62	94380.6
1339.56	94469.4
1338.5	95174.8
1337.44	95623.5
1336.37	95871.9
1335.31	96270.8
1334.25	96624.8
1333.19	95311.5
1332.12	96399.1
1331.06	95438.9
1329.99	94495.5
1328.93	93921.5
1327.87	92558.3
1326.8	92745.8
1325.74	92130.2
1324.67	91881
1323.61	90369.2
1322.54	90594.5
1321.48	89247.8
1320.41	88628.8
1319.34	88732.4
1318.28	87417.4
1317.21	86220.1
1316.14	86012.4
1315.08	85607.9
1314.01	84929.5
1312.94	83738.4
1311.88	83493.9
1310.81	82455.7
1309.74	81776.2
1308.67	81693.7
1307.6	80675.3
1306.53	80515.8
1305.47	80024.3
1304.4	79881.4
1303.33	79535.2
1302.26	78329
1301.19	78616.5
1300.12	77985.7
1299.05	78172.7
1297.98	77801.5
1296.91	77500.5
1295.84	77113.2
1294.76	76656
1293.69	76152.4
1292.62	76267.2
1291.55	75829.2
1290.48	75533.6
1289.41	74881.3
1288.33	75105.9
1287.26	74358.5
1286.19	74182.2
1285.11	74301.9
1284.04	74649.8
1282.97	74250.1
1281.89	74018.1
1280.82	74254.1
1279.75	74492.3
1278.67	74928.2
1277.6	75289.5
1276.52	75090.1
1275.45	75981.3
1274.37	75719.1
1273.3	75756.8
1272.22	76112.9
1271.14	75653.3
1270.07	75962.7
1268.99	75721.6
1267.91	75032.5
1266.84	74392.4
1265.76	74279.5
1264.68	73614.3
1263.61	72487.7
1262.53	72781.1
1261.45	71849.9
1260.37	71735.2
1259.29	71157
1258.21	70935.9
1257.13	71236.3
1256.06	70341.1
1254.98	70412.1
1253.9	70385.9
1252.82	69718.4
1251.74	70405.2
1250.66	69430.1
1249.58	69505.9
1248.5	69100.4
1247.41	69391.3
1246.33	69416.2
1245.25	69540.4
1244.17	69126
1243.09	69566.8
1242.01	68875.4
1240.92	69205.2
1239.84	68992.2
1238.76	68770
1237.68	69099.6
1236.59	69299.8
1235.51	69839.1
1234.43	69409.3
1233.34	69678.5
1232.26	69479.5
1231.17	70085.2
1230.09	69766.3
1229	69774.7
1227.92	69361.6
1226.83	69496.8
1225.75	69533
1224.66	69513.8
1223.58	69646.7
1222.49	69130.4
1221.4	69691.2
1220.32	69269.4
1219.23	69158.3
1218.14	68844.9
1217.06	68720.2
1215.97	69006.9
1214.88	68654.7
1213.79	68608.2
1212.7	68665
1211.62	68839
1210.53	68705.2
1209.44	68674.8
1208.35	69002.4
1207.26	68898.5
1206.17	68845.1
1205.08	69078.4
1203.99	68779.6
1202.9	68478.6
1201.81	68842.5
1200.72	68502.6
1199.63	68891.6
1198.54	68350.3
1197.44	68077.1
1196.35	67845.3
1195.26	67815.1
1194.17	67546.8
1193.08	66960.5
1191.98	67710.7
1190.89	66914.1
1189.8	66758.3
1188.71	66787.8
1187.61	66309.7
1186.52	66247.8
1185.42	66140.2
1184.33	65920.7
1183.24	66258.7
1182.14	65443.1
1181.05	65936.4
1179.95	65849.5
1178.86	65835.7
1177.76	64911.4
1176.66	65595.9
1175.57	65543.4
1174.47	65675.6
1173.38	65112.3
1172.28	64961.9
1171.18	64909.5
1170.09	64638.4
1168.99	64807.1
1167.89	64978
1166.79	64499.8
1165.69	64807.3
1164.6	64420.4
1163.5	64502.5
1162.4	64812
1161.3	64598.3
1160.2	64048
1159.1	64164.1
1158	63980.2
1156.9	63653.1
1155.8	64503.2
1154.7	64457.9
1153.6	64371.6
1152.5	64056.1
1151.4	63740.7
1150.3	64024.6
1149.2	64360.7
1148.09	64297.3
1146.99	64601.4
1145.89	64240.8
1144.79	64383.7
1143.68	64606
1142.58	64816.8
1141.48	64674
1140.38	64508.6
1139.27	64626.5
1138.17	64762.3
1137.06	64927.6
1135.96	64920.8
1134.85	64839.2
1133.75	65083.5
1132.65	65348.1
1131.54	64836.7
1130.43	64578.9
1129.33	64861.5
1128.22	64160.6
1127.12	64712.1
1126.01	64350.6
1124.9	64651
1123.8	64413.8
1122.69	64020.9
1121.58	63980.3
1120.47	64084.2
1119.37	64185.8
1118.26	63967
1117.15	64165.6
1116.04	64055.1
1114.93	63813.9
1113.82	63638.1
1112.72	63910.9
1111.61	63967.3
1110.5	63352.3
1109.39	63237.6
1108.28	63708.5
1107.17	63096.1
1106.06	63071.6
1104.94	63294.6
1103.83	63049.5
1102.72	63056.5
1101.61	63067.9
1100.5	62661.1
1099.39	63009.8
1098.27	62612.2
1097.16	62792.3
1096.05	62628.5
1094.94	62756.8
1093.82	62393.2
1092.71	62301.5
1091.6	62728.3
1090.48	62400.9
1089.37	62708.6
1088.25	62446.3
1087.14	62684.4
1086.02	62319
1084.91	61985.3
1083.79	62474.3
1082.68	62393.9
1081.56	62472.6
1080.45	61975.5
1079.33	62314.1
1078.21	62379.3
1077.1	62379.5
1075.98	62097.8
1074.86	61834
1073.75	62478.7
1072.63	62360.4
1071.51	62383
1070.39	62327.3
1069.27	62220.3
1068.15	62122.2
1067.04	62875.5
1065.92	62357.3
1064.8	62770.7
1063.68	62721.7
1062.56	62547.7
1061.44	62527.8
1060.32	62481.1
1059.2	62521.4
1058.08	62711.2
1056.96	62142.6
1055.83	62187.5
1054.71	62136.4
1053.59	61869.2
1052.47	61822.7
1051.35	62313.1
1050.22	62593.9
1049.1	62794.4
1047.98	61961.8
1046.86	62520.8
1045.73	61975.6
1044.61	62959.3
1043.49	62276.4
1042.36	62868.2
1041.24	62650.3
1040.11	62710.4
1038.99	63259.4
1037.86	62857.2
1036.74	62250.6
1035.61	63028.2
1034.49	62761.7
1033.36	63603.2
1032.23	63378.8
1031.11	63125.7
1029.98	63385.3
1028.85	63764.5
1027.73	63655.6
1026.6	64045.7
1025.47	63626.4
1024.34	63249.4
1023.22	63665.9
1022.09	64197.4
1020.96	64124
1019.83	64241.1
1018.7	64353.7
1017.57	64222.7
1016.44	64333
1015.31	64098.1
1014.18	64108.8
1013.05	64338.5
1011.92	64192.2
1010.79	64587.6
1009.66	64147.2
1008.53	64420.9
1007.4	64223.9
1006.27	64479.7
1005.13	64154.6
1004	64171.9
1002.87	64445.3
1001.74	65204.1
1000.6	64899
999.47	64276.2
998.337	63307.5
997.203	63437.4
996.069	63767.9
994.935	63617.6
993.801	63284.6
992.666	62912
991.531	62817.1
990.396	63074.6
989.261	62838.8
988.125	62902.5
986.99	63120.2
985.854	62875.8
984.717	63256.2
983.581	63502.3
982.444	63253.5
981.307	63899.7
980.17	63525.5
979.032	63046.1
977.894	63509.5
976.756	63381.8
975.618	63605.5
974.48	63337.2
973.341	63429.1
972.202	63586.8
971.063	63347.2
969.923	63619
968.784	63912.5
967.644	63773.9
966.504	64385.3
965.363	64090.9
964.223	64750.1
963.082	64694.7
961.941	65095
960.799	65100.8
959.658	64964.3
958.516	65732.1
957.374	65109.6
956.231	64988.5
955.089	64532.6
953.946	64212.6
952.803	63833.7
951.659	64043.1
950.516	63743.1
949.372	63288
948.228	63414.4
947.084	63656.4
945.939	62957
944.794	62989.4
943.649	62934.5
942.504	63163.4
941.358	62744
940.213	62929.2
939.067	63195
937.92	63142.2
936.774	63242.1
935.627	63226.4
934.48	62962.3
933.333	63286.6
932.185	63127.1
931.038	63425.1
929.89	63570.6
928.741	63302.2
927.593	63536.9
926.444	63884.6
925.295	63609.8
924.146	63657.2
922.997	63624
921.847	63801.7
920.697	63275
919.547	63015.9
918.396	62793.8
917.246	62658.7
916.095	62749.6
914.944	62479.9
913.792	62214.7
912.641	62266.5
911.489	62487.6
910.337	61851.5
909.184	61784
908.031	61922.6
906.879	62327.9
905.725	61716.2
904.572	61707.3
903.418	61490.4
902.265	61979.9
901.11	62226.6
899.956	62681.1
898.801	62526.9
897.647	62383.6
896.491	62190.6
895.336	61995.6
894.18	62495
893.025	62090.1
891.868	62645.6
890.712	62591.1
889.556	62573.3
888.399	62285.5
887.242	62205.2
886.084	62595.8
884.927	62789.7
883.769	62314.2
882.611	62803.8
881.452	61933.5
880.294	62142.5
879.135	62556.3
877.976	62074.9
876.816	62320.3
875.657	61882.2
874.497	62295.8
873.337	61985
872.177	62480.2
871.016	62081.2
869.855	62375.9
868.694	62853.4
867.533	64157.4
866.371	64436.3
865.209	64175
864.047	62965.1
862.885	62564.5
861.723	62548.9
860.56	62084
859.397	61997.6
858.233	62368.9
857.07	62413.5
855.906	62552.7
854.742	62547.8
853.578	62540.8
852.413	62664.8
851.248	62872.4
850.083	62723.7
848.918	62148.1
847.752	62555.2
846.586	62348.7
845.42	62972.1
844.254	63425.8
843.087	63997.3
841.921	63387.9
840.753	62660.9
839.586	61775.8
838.419	62141.5
837.251	62113.2
836.083	62196.1
834.914	62157.1
833.746	62004.6
832.577	62496.1
831.408	62303
830.239	62578.2
829.069	62066.7
827.899	61965.7
826.729	62228
825.559	62161.2
824.388	62340.1
823.217	62134.5
822.046	62172.3
820.875	62133.3
819.703	62034.6
818.531	62209
817.359	62359.8
816.187	62045.7
815.014	62132.6
813.841	62323.8
812.668	62031.2
811.495	62588.9
810.321	62221.8
809.147	62248.8
807.973	61994.8
806.799	62062.3
805.624	62653.4
804.449	62571.8
803.274	62447.7
802.099	62617.1
800.923	62252.8
799.747	62517.9
798.571	62844.5
797.395	62507.9
796.218	62749.4
795.041	62742.2
793.864	63242.6
792.686	63237.5
791.509	63359.7
790.331	63513.7
789.153	63402.4
787.974	63034.4
786.796	62819.3
785.617	62799.4
784.437	62529.3
783.258	62397.1
782.078	62381.5
780.898	62094.7
779.718	62115.2
778.537	62171.7
777.357	62084.1
776.176	61795.5
774.995	62072.1
773.813	62145.5
772.631	62178.6
771.449	61659.7
770.267	61893.8
769.084	62273.6
767.902	61867
766.719	61872.6
765.535	62691.7
764.352	62084.6
763.168	62214.8
761.984	62359.7
760.8	62331.4
759.615	62166
758.43	62456.4
757.245	62691.8
756.06	62218.4
754.874	62951.4
753.688	62834.5
752.502	63130.8
751.316	63576.5
750.129	63520.6
748.942	64494.7
747.755	64763
746.568	65629
745.38	66934.6
744.192	69190.9
743.004	71349.5
741.816	74678.8
740.627	79996.3
739.438	86209.3
738.249	94252.8
737.059	102688
735.87	111054
734.68	116961
733.49	119259
732.299	118151
731.108	112919
729.917	105865
728.726	96958.3
727.535	88765
726.343	81907.2
725.151	76277.2
723.958	72341.7
722.766	68846.1
721.573	66781.4
720.38	65203.7
719.187	64154.6
717.993	63480.9
716.799	62585.6
715.605	62634.8
714.411	62018.4
713.216	61879.3
712.021	61621.1
710.826	61220.8
709.631	61220
708.435	61298.7
707.239	61003.2
706.043	60595
704.847	60826.3
703.65	60996.9
702.453	60246.4
701.256	60554.9
700.058	60621
698.86	60386.6
697.662	60782.5
696.464	60978
695.266	61494.5
694.067	61089.1
692.868	61770.1
691.669	61769.2
690.469	62289.3
689.269	62348.7
688.069	62116.4
686.869	62588.2
685.668	62026.9
684.467	61805.2
683.266	61650.3
682.065	61029.2
680.863	61178.2
679.661	61002.7
678.459	60698.3
677.257	60724.6
676.054	60420.3
674.851	60319.9
673.648	60186.3
672.444	60370.5
671.24	60245.2
670.036	60668.1
668.832	60821
667.628	60450.8
666.423	60630.6
665.218	60928.6
664.012	60467.3
662.807	60752.7
661.601	60805.8
660.395	60821.6
659.188	61299.5
657.982	60846.9
656.775	61250
655.568	61433.4
654.36	61801
653.153	61642.6
651.945	61935.5
650.737	62242.7
649.528	62338.8
648.319	62492.7
647.11	62290.9
645.901	62322.8
644.692	62646.1
643.482	62545.7
642.272	62965.9
641.061	62935.6
639.851	62764.9
638.64	63383
637.429	63908
636.217	63902.3
635.006	64166.9
633.794	64264.3
632.582	64353.3
631.369	64588.8
630.157	64830.3
628.944	65395.3
627.73	65187.3
626.517	65121.6
625.303	64979.7
624.089	64353.9
622.875	64189.5
621.66	63625.9
620.445	63352.7
619.23	62873.9
618.015	62144.3
616.799	62062.9
615.583	61835.5
614.367	61143.6
613.151	60908.2
611.934	60116.2
610.717	59924.3
609.5	60258.3
608.282	60158.9
607.065	60287.4
605.847	59615.3
604.628	59620.8
603.41	59936
602.191	59662.4
600.972	59444.2
599.753	59978.6
598.533	59293.2
597.313	59782.3
596.093	59609.4
594.873	59973.3
593.652	59626.3
592.431	59674.7
591.21	59667.8
589.988	59613.8
588.766	59844.2
587.544	60240.2
586.322	60063.4
585.1	60054.4
583.877	60145.5
582.654	59848.2
581.43	60166.1
580.207	60242.8
578.983	60025.4
577.759	60381.8
576.534	60491.1
575.309	60467.6
574.084	60738.1
572.859	60939
571.634	61256.1
570.408	61562.9
569.182	61422.9
567.956	61613.3
566.729	61677.3
565.502	62248.6
564.275	62428.5
563.048	62127.6
561.82	61932.7
560.592	62454.5
559.364	62591.5
558.135	62480
556.907	62541.6
555.678	62772
554.448	62465.3
553.219	62295.1
551.989	62348.5
550.759	62005.5
549.528	62103.7
548.298	61742.6
547.067	61550.3
545.836	61370.3
544.604	61994.3
543.373	62199.9
542.141	62068.5
540.908	62103.6
539.676	62083.8
538.443	61674.7
537.21	62358.6
535.977	61767.2
534.743	61557.1
533.509	61638.7
532.275	61363.9
531.041	60779.3
529.806	61077.7
528.571	61098.7
527.336	61204.7
526.1	61235.7
524.864	60876.3
523.628	60869
522.392	61045.7
521.155	61151.5
519.918	61043
518.681	61057.9
517.444	61198
516.206	61091.6
514.968	61049.9
513.73	61171.7
512.492	61406.5
511.253	61241.6
510.014	61321
508.774	61470.8
507.535	61447.2
506.295	61326.8
505.055	61301.2
503.814	61473.1
502.574	61568.4
501.333	61907.4
500.091	61678.2
498.85	61519.6
497.608	61727.5
496.366	61963.5
495.124	61935.7
493.881	62020.7
492.638	62107.6
491.395	62276.9
490.152	62486.3
488.908	62283.5
487.664	62219.6
486.42	62666
485.175	62732.5
483.93	62792.9
482.685	63309.2
481.44	62915.8
480.194	63056.4
478.948	63018.4
477.702	62956.4
476.456	63397.8
475.209	63305.6
473.962	63183.3
472.715	63405.9
471.467	63530.1
470.219	63113.4
468.971	63478
467.723	63854.5
466.474	63882.4
465.225	63383.9
463.976	63778.2
462.727	63554
461.477	63459.9
460.227	63921.9
458.976	63785.8
457.726	63857.6
456.475	63883.5
455.224	63623.6
453.972	63821.3
452.721	63941
451.469	63954.8
450.216	64309.9
448.964	64419.5
447.711	64373.3
446.458	64540.6
445.205	64362.7
443.951	64418.3
442.697	64428
441.443	63985.1
440.188	64335.7
438.934	64650.2
437.679	64586.1
436.423	64221.2
435.168	64921.8
433.912	64131.1
432.656	64491
431.399	64665.8
430.143	64394.8
428.886	64716.7
427.628	64968.8
426.371	64934.5
425.113	65146.7
423.855	64885.9
422.597	64557.6
421.338	64878.9
420.079	65772.1
418.82	64983.2
417.56	65582.1
416.3	67040.1
415.04	69150.1
413.78	69624.7
412.52	68728.8
411.259	66940.9
409.997	65689.1
408.736	65609.2
407.474	65638.2
406.212	65599.9
404.95	66183.4
403.687	66022.2
402.425	65233.5
401.161	65971.1
