2105.28	3.31136
2103.77	3.31136
2102.26	4722.67
2100.75	5108.94
2099.24	5180.68
2097.73	5093.57
2096.22	5176.85
2094.71	5170.8
2093.19	5103.59
2091.68	5102.52
2090.17	5149.37
2088.66	5022.73
2087.14	5157.12
2085.63	5124.66
2084.11	5070.75
2082.6	5066.39
2081.09	5134.64
2079.57	5115.41
2078.06	5120.94
2076.54	5103.37
2075.02	5036.33
2073.51	5188.61
2071.99	5179.28
2070.47	4975.48
2068.96	5144.15
2067.44	4994.81
2065.92	5127.17
2064.4	5019.06
2062.88	5008.13
2061.37	5119
2059.85	5080.07
2058.33	5065.85
2056.81	5002.27
2055.29	4925.57
2053.77	5024.84
2052.25	4962.95
2050.72	4991.5
2049.2	5057.82
2047.68	4972.97
2046.16	5054.05
2044.64	5052.99
2043.11	5061.78
2041.59	5103.39
2040.07	5036.67
2038.54	5061.86
2037.02	4904.96
2035.5	5063.02
2033.97	4952.09
2032.45	5036.29
2030.92	4941.81
2029.4	5086.61
2027.87	5026.56
2026.34	4933.77
2024.82	4985.14
2023.29	4987.37
2021.76	5010.87
2020.24	4918.16
2018.71	4928.58
2017.18	4903.01
2015.65	4936.32
2014.12	5030.13
2012.59	4904.81
2011.06	4965.9
2009.53	4971.39
2008	5007.92
2006.47	4951.32
2004.94	4915.98
2003.41	4821.87
2001.88	4982.48
2000.35	4984.69
1998.82	4928.16
1997.28	4948.33
1995.75	4935.87
1994.22	4841.87
1992.69	4850.63
1991.15	4890.36
1989.62	4886.07
1988.08	5038.2
1986.55	4919.85
1985.01	4923.7
1983.48	4891.72
1981.94	4926.5
1980.41	4909.18
1978.87	4895.13
1977.33	4864.81
1975.8	5055.73
1974.26	4940.82
1972.72	4874.74
1971.19	4943.61
1969.65	4858.05
1968.11	4891.15
1966.57	4953.48
1965.03	4991.41
1963.49	4858.82
1961.95	4887.02
1960.41	4897.35
1958.87	4862.23
1957.33	4901.77
1955.79	4895.86
1954.25	4938.62
1952.71	4875.96
1951.16	4951.12
1949.62	4904.69
1948.08	4934.44
1946.54	4836.19
1944.99	4849.74
1943.45	4819.57
1941.9	4865.5
1940.36	4799.72
1938.82	4913.61
1937.27	4917.43
1935.72	4863
1934.18	4785.95
1932.63	4974.14
1931.09	4887.4
1929.54	4842.72
1927.99	4867.55
1926.45	4868.13
1924.9	4820.26
1923.35	4798.24
1921.8	4887.64
1920.25	4838.18
1918.7	4963.04
1917.16	4861.94
1915.61	4788.31
1914.06	4898.59
1912.51	4931.42
1910.95	4915.86
1909.4	4892.25
1907.85	4952.46
1906.3	4866.01
1904.75	4911.69
1903.2	4762.48
1901.64	4804.94
1900.09	4873.15
1898.54	4912.35
1896.98	4832.46
1895.43	4723.64
1893.88	4859.36
1892.32	4758.62
1890.77	4730.27
1889.21	4853.05
1887.66	4821.48
1886.1	4834.92
1884.54	4880.48
1882.99	4820.01
1881.43	4839.86
1879.87	4745.72
1878.32	4796.07
1876.76	4801.47
1875.2	4777.99
1873.64	4775.36
1872.08	4750.29
1870.52	4779.75
1868.96	4732.24
1867.4	4792.14
1865.84	4789.51
1864.28	4782.09
1862.72	4813.1
1861.16	4738.41
1859.6	4870.29
1858.04	4768.41
1856.48	4735.39
1854.91	4841.58
1853.35	4830.95
1851.79	4743.55
1850.22	4750.54
1848.66	4787.89
1847.1	4794.86
1845.53	4728.32
1843.97	4757.67
1842.4	4761.45
1840.84	4805.14
1839.27	4663.62
1837.7	4790.32
1836.14	4730.25
1834.57	4786.68
1833	4779.28
1831.44	4786.23
1829.87	4686.35
1828.3	4661.44
1826.73	4858.08
1825.16	4745.5
1823.59	4752.45
1822.02	4749.84
1820.45	4750.42
1818.88	4808.31
1817.31	4761.12
1815.74	4682.12
1814.17	4741.58
1812.6	4689.66
1811.03	4760.23
1809.46	4733.77
1807.88	4758.19
1806.31	4761.94
1804.74	4630.62
1803.16	4737.66
1801.59	4816.07
1800.02	4699.11
1798.44	4723.5
1796.87	4798.69
1795.29	4594.52
1793.71	4699.84
1792.14	4660.76
1790.56	4737.48
1788.99	4765.01
1787.41	4792.52
1785.83	4690.05
1784.25	4709.65
1782.68	4694.38
1781.1	4702.88
1779.52	4632.19
1777.94	4645.44
1776.36	4691.93
1774.78	4825.45
1773.2	4667.77
1771.62	4764.85
1770.04	4722.7
1768.46	4707.46
1766.88	4655.86
1765.3	4730.72
1763.71	4687.04
1762.13	4853.5
1760.55	4727.67
1758.97	4693.49
1757.38	4649.86
1755.8	4675.69
1754.22	4575.26
1752.63	4692.61
1751.05	4716.85
1749.46	4764.72
1747.88	4774.74
1746.29	4783.17
1744.7	4726.97
1743.12	4727.53
1741.53	4701.31
1739.94	4769.6
1738.36	4749.67
1736.77	4789.59
1735.18	4793.28
1733.59	4839.46
1732	4854.15
1730.41	4816.92
1728.82	4801.73
1727.23	4926.49
1725.64	4865.69
1724.05	4897.65
1722.46	4907.59
1720.87	4763.56
1719.28	4764.1
1717.69	4836.89
1716.1	4846.83
1714.5	4850.5
1712.91	4862
1711.32	4911.16
1709.72	4861.47
1708.13	4915.32
1706.53	4829.58
1704.94	4888.11
1703.34	4855.71
1701.75	4887.56
1700.15	4988.34
1698.56	4907.38
1696.96	4842.11
1695.36	4950.66
1693.77	4926.11
1692.17	5026.77
1690.57	4970.92
1688.97	4880.68
1687.38	4956.26
1685.78	4986.45
1684.18	4994.76
1682.58	4956.16
1680.98	4995.72
1679.38	4957.14
1677.78	4937.32
1676.18	4956.55
1674.57	5007
1672.97	5147.96
1671.37	5082.86
1669.77	5095.8
1668.17	5158.65
1666.56	5268.26
1664.96	5267.12
1663.36	5124.12
1661.75	5199.38
1660.15	5268.37
1658.54	5337.33
1656.94	5336.17
1655.33	5353.7
1653.73	5522.23
1652.12	5544.38
1650.51	5563.41
1648.91	5752.01
1647.3	5772.54
1645.69	5796.17
1644.08	5860.21
1642.48	5802.98
1640.87	5727.11
1639.26	5847.07
1637.65	5797.64
1636.04	5858.5
1634.43	5776.48
1632.82	5817.14
1631.21	5859.33
1629.6	5930.99
1627.99	5822.65
1626.38	6018.37
1624.76	5939.52
1623.15	6052.96
1621.54	6093.5
1619.92	6242.5
1618.31	6185.36
1616.7	6360.61
1615.08	6441.3
1613.47	6360.93
1611.85	6402.89
1610.24	6370.54
1608.62	6509.96
1607.01	6426.54
1605.39	6445.25
1603.77	6450.03
1602.16	6652.7
1600.54	6597.15
1598.92	6759.52
1597.3	6574.18
1595.69	6646.89
1594.07	6799.87
1592.45	6594.57
1590.83	6622.46
1589.21	6801.59
1587.59	6732.21
1585.97	6766.22
1584.35	6755.48
1582.73	6851.15
1581.1	6775.65
1579.48	6828.12
1577.86	6751.11
1576.24	6674.14
1574.61	6825.17
1572.99	6748.22
1571.37	6791.39
1569.74	6677.53
1568.12	6689.92
1566.49	6666.91
1564.87	6663.91
1563.24	6653.22
1561.62	6664.07
1559.99	6599.58
1558.36	6475.17
1556.74	6469.14
1555.11	6453.89
1553.48	6563.07
1551.85	6618.44
1550.23	6636.95
1548.6	6520.37
1546.97	6546.56
1545.34	6608.03
1543.71	6457.79
1542.08	6316.81
1540.45	6517.81
1538.82	6341.63
1537.19	6314.18
1535.55	6299
1533.92	6199.57
1532.29	6173.71
1530.66	6146.32
1529.02	6157.21
1527.39	6163.51
1525.76	6183.58
1524.12	6255.65
1522.49	6257.33
1520.85	6207.02
1519.22	6231.64
1517.58	6328.09
1515.95	6314.47
1514.31	6288.64
1512.67	6456.8
1511.04	6450.8
1509.4	6336.39
1507.76	6418.95
1506.12	6151.98
1504.48	6237.6
1502.85	6173.67
1501.21	6106.73
1499.57	6052.01
1497.93	6026.29
1496.29	5979.23
1494.65	6069.34
1493.01	5848.62
1491.36	5925.01
1489.72	5884.1
1488.08	5768.62
1486.44	5918.03
1484.8	5840.64
1483.15	5856.08
1481.51	5932.36
1479.86	5912.8
1478.22	6051.37
1476.58	5972.51
1474.93	6053.26
1473.29	6190.18
1471.64	6125.01
1469.99	6223.89
1468.35	6242.25
1466.7	6143.71
1465.05	6172.71
1463.41	6157.68
1461.76	6179.08
1460.11	6224.72
1458.46	6287.03
1456.81	6228.03
1455.16	6015.96
1453.51	6064.63
1451.86	6069.35
1450.21	6011.96
1448.56	6042.42
1446.91	5975.98
1445.26	5976.17
1443.61	5820.47
1441.95	5985.62
1440.3	5881.42
1438.65	5848.36
1437	5741.21
1435.34	5847.27
1433.69	5774.93
1432.03	5667.88
1430.38	5642.45
1428.72	5665.36
1427.07	5689.77
1425.41	5513.38
1423.75	5536.3
1422.1	5459.62
1420.44	5437.28
1418.78	5374.23
1417.13	5419.78
1415.47	5450.23
1413.81	5565.08
1412.15	5563.84
1410.49	5408.92
1408.83	5659.28
1407.17	5605.3
1405.51	5695.9
1403.85	5857.2
1402.19	5881.48
1400.53	6059.22
1398.87	6106.01
1397.2	6145.25
1395.54	6234.1
1393.88	6199.64
1392.21	6075.01
1390.55	6067.64
1388.89	6063.28
1387.22	5943.27
1385.56	5946.45
1383.89	5849.04
1382.23	5867.24
1380.56	5907.95
1378.89	5915.63
1377.23	5939.81
1375.56	5941.48
1373.89	6063.09
1372.22	6195.14
1370.56	6187.76
1368.89	6145.92
1367.22	6093.61
1365.55	6110.22
1363.88	6152.27
1362.21	6191.31
1360.54	6136.05
1358.87	6193.03
1357.2	6176.68
1355.53	6081.07
1353.85	6117.09
1352.18	6181.5
1350.51	6280.25
1348.84	6447.69
1347.16	6504.5
1345.49	6785.33
1343.81	7146.67
1342.14	7407.81
1340.46	7601.68
1338.79	8073.01
1337.11	8385.99
1335.44	8539.23
1333.76	8765.47
1332.08	8903.64
1330.41	8955.3
1328.73	9094.86
1327.05	9010.87
1325.37	9259.09
1323.69	9176.59
1322.02	8961.62
1320.34	8917.92
1318.66	8802.81
1316.98	8583.6
1315.29	8124.99
1313.61	7846.54
1311.93	7626.2
1310.25	7374.74
1308.57	7200.68
1306.89	7109.91
1305.2	6953.81
1303.52	6612.13
1301.84	6491.85
1300.15	6258.8
1298.47	6254.42
1296.78	6042.3
1295.1	6150.72
1293.41	5876.42
1291.73	5848.41
1290.04	5778.89
1288.35	5704.96
1286.67	5718.49
1284.98	5576.45
1283.29	5520.39
1281.6	5559.13
1279.91	5495.69
1278.23	5421.92
1276.54	5445.85
1274.85	5400.23
1273.16	5401.97
1271.47	5223.29
1269.77	5330.04
1268.08	5275.62
1266.39	5271.47
1264.7	5194.92
1263.01	5152.39
1261.31	5214.72
1259.62	5166.29
1257.93	5067.7
1256.23	5174.29
1254.54	5161.31
1252.84	5179.32
1251.15	5266.63
1249.45	5284.61
1247.76	5364.49
1246.06	5299.9
1244.37	5337.01
1242.67	5350.53
1240.97	5325.75
1239.27	5312.76
1237.57	5276.23
1235.88	5213.21
1234.18	5173.77
1232.48	5175.54
1230.78	5169.95
1229.08	5040.84
1227.38	5008.83
1225.68	4992.99
1223.98	5022.71
1222.27	4946.65
1220.57	4880.89
1218.87	4865.1
1217.17	4850.78
1215.46	4752.8
1213.76	4757.59
1212.06	4828.4
1210.35	4833.17
1208.65	4760.21
1206.94	4748.86
1205.24	4640.78
1203.53	4815.58
1201.82	4688.48
1200.12	4709.38
1198.41	4642.41
1196.7	4673.56
1194.99	4657.86
1193.29	4642.16
1191.58	4595.75
1189.87	4568.37
1188.16	4599.5
1186.45	4607.23
1184.74	4598.87
1183.03	4654.82
1181.32	4681.52
1179.61	4703.82
1177.89	4692.52
1176.18	4584.86
1174.47	4605.71
1172.76	4692.23
1171.04	4562.75
1169.33	4522.32
1167.62	4543.17
1165.9	4479.43
1164.19	4487.15
1162.47	4490.5
1160.76	4474.9
1159.04	4446.2
1157.32	4445.18
1155.61	4391.74
1153.89	4368.9
1152.17	4348.98
1150.45	4349.44
1148.73	4396.45
1147.02	4391.08
1145.3	4352.27
1143.58	4371.63
1141.86	4388.07
1140.14	4466.98
1138.42	4352.64
1136.69	4453.32
1134.97	4417.45
1133.25	4365.62
1131.53	4432.84
1129.81	4466.65
1128.08	4394.54
1126.36	4377.57
1124.64	4408.47
1122.91	4366.87
1121.19	4387.61
1119.46	4312.69
1117.74	4291.42
1116.01	4206.42
1114.28	4176.49
1112.56	4227.65
1110.83	4151.41
1109.1	4149.01
1107.37	4177
1105.65	4216.54
1103.92	4183.75
1102.19	4117.73
1100.46	4051.73
1098.73	4117.28
1097	4023.86
1095.27	4037.38
1093.54	3996.02
1091.8	3948.9
1090.07	3901.79
1088.34	3908.11
1086.61	3820.64
1084.87	3974.11
1083.14	3948.68
1081.41	4005.44
1079.67	3922.35
1077.94	3891.19
1076.2	3816.81
1074.47	3862.02
1072.73	3838.09
1071	3815.61
1069.26	3846.4
1067.52	3855.58
1065.78	3896.42
1064.05	3791.95
1062.31	3828.47
1060.57	3823.27
1058.83	3878.45
1057.09	3833
1055.35	3823.5
1053.61	3865.71
1051.87	3880.62
1050.13	3925.67
1048.39	3903.23
1046.65	3939.64
1044.9	3947.34
1043.16	3985.16
1041.42	3898.19
1039.67	3931.7
1037.93	3965.2
1036.19	3939.91
1034.44	3873.09
1032.7	3955.28
1030.95	4020.25
1029.2	3954.88
1027.46	3986.9
1025.71	3910.12
1023.96	3949.28
1022.22	3892.57
1020.47	3910.26
1018.72	3953.68
1016.97	3974.21
1015.22	3940.42
1013.47	3940.93
1011.72	4060.02
1009.97	3883.41
1008.22	3923.92
1006.47	3954.41
1004.72	3949.21
1002.97	3931.18
1001.21	3906.01
999.461	3840.92
997.708	3895.64
995.954	3890.46
994.2	3806.9
992.446	3747.59
990.691	3706.83
988.936	3688.88
987.18	3625.37
985.424	3675.78
983.667	3676.35
981.911	3733.83
980.153	3791.29
978.396	3732.1
976.637	3702.79
974.879	3775.86
973.12	3715.28
971.361	3876.41
969.601	3851.36
967.841	3793.65
966.08	3845.31
964.319	3861.45
962.558	3840.68
960.796	4008.65
959.034	4160.93
957.271	4104.65
955.508	4089.51
953.744	4172.2
951.981	3958.63
950.216	3830.17
948.452	3849.12
946.686	3767.49
944.921	3671.74
943.155	3585.94
941.389	3553.97
939.622	3520.59
937.855	3654.17
936.087	3469.45
934.319	3622.77
932.551	3470.66
930.782	3467.02
929.013	3580.67
927.243	3486.59
925.473	3516.85
923.703	3459.55
921.932	3556.15
920.16	3515.8
918.389	3489.58
916.617	3467.61
914.844	3471.03
913.071	3456.12
911.298	3572.32
909.524	3485.51
907.75	3448.06
905.975	3379.63
904.2	3470.39
902.425	3440.01
900.649	3453.28
898.873	3496.11
897.096	3416.49
895.319	3405.84
893.541	3457.09
891.764	3435.19
889.985	3414.7
888.206	3501.04
886.427	3486.17
884.648	3415.11
882.868	3450.83
881.087	3371.39
879.306	3412.72
877.525	3312.27
875.743	3282.03
873.961	3278.45
872.179	3246.83
870.396	3244.67
868.613	3269.14
866.829	3205.3
865.045	3249.39
863.26	3220.61
861.475	3154.03
859.69	3188.3
857.904	3230.95
856.117	3198
854.331	3191.65
852.544	3189.51
850.756	3141.21
848.968	3112.5
847.18	3104.78
845.391	3199.09
843.602	3138.26
841.812	3088.63
840.022	3122.82
838.232	2999.21
836.441	3045.97
834.649	3156.91
832.858	3140.82
831.066	3155.42
829.273	3071
827.48	3063.31
825.687	3068.17
823.893	3052.11
822.099	3073.69
820.304	3052.07
818.509	3077.82
816.713	3121.65
814.917	3049.92
813.121	2974.05
811.324	3037.36
809.527	3038.03
807.729	3047.05
805.931	3014.36
804.133	3040.06
802.334	3003.21
800.534	2998.34
798.735	2949.01
796.935	2966.37
795.134	2965.67
793.333	3009.39
791.531	3017.01
789.73	3014.91
787.927	2947.62
786.125	3038.46
784.321	2924.05
782.518	2836.03
780.714	2914.36
778.909	2942.77
777.105	2928.22
775.299	2930.3
773.494	3011.3
771.687	2978.75
769.881	2813.37
768.074	2948.29
766.266	2984.94
764.459	2895.73
762.65	2878.46
760.842	2927.54
759.033	2915.8
757.223	3000.76
755.413	2903.37
753.603	2966.21
751.792	2955.84
749.981	3104.21
748.169	3078.64
746.357	3135.86
744.544	3296.49
742.731	3466.71
740.918	3707.15
739.104	4336.16
737.29	5335.55
735.475	6699.55
733.66	8062.9
731.845	8811.47
730.029	8605.64
728.212	7546.56
726.395	6215.53
724.578	5101.12
722.761	4134.39
720.942	3668.65
719.124	3399.71
717.305	3152.89
715.485	3054.58
713.666	2952.2
711.845	2911.67
710.025	2915.1
708.204	2933.63
706.382	2864.31
704.56	2851.29
702.738	2857.47
700.915	2788.22
699.092	2793.05
697.268	2785.53
695.444	2802.69
693.619	2691.04
691.794	2794.51
689.969	2795.22
688.143	2846.59
686.316	2763.78
684.49	2793.23
682.663	2807.62
680.835	2746.77
679.007	2757.06
677.178	2723.59
675.35	2705.18
673.52	2752.37
671.69	2746.25
669.86	2666.37
668.03	2717.64
666.199	2700.61
664.367	2720.44
662.535	2719.8
660.703	2740.98
658.87	2783.98
657.037	2765.59
655.203	2770.39
653.369	2807.9
651.534	2779.98
649.699	2836.54
647.864	2778.66
646.028	2767.11
644.192	2756.92
642.355	2769.88
640.518	2754.25
638.68	2715.5
636.842	2742.06
635.004	2749.57
633.165	2727.16
631.326	2790.4
629.486	2708.2
627.646	2727.94
625.805	2776.19
623.964	2825.77
622.122	2807.45
620.28	2805.43
618.438	2743.7
616.595	2718.63
614.752	2686.79
612.908	2683.44
611.064	2655.69
609.219	2629.31
607.374	2602.94
605.529	2530.52
603.683	2473.04
601.837	2404.75
599.99	2374.39
598.143	2371.12
596.295	2370.56
594.447	2382.17
592.598	2345.09
590.749	2351.29
588.9	2337.21
587.05	2313.68
585.2	2315.84
583.349	2386.88
581.498	2349.85
579.646	2279.08
577.794	2294.74
575.942	2361.67
574.089	2320.63
572.235	2357.85
570.381	2405.83
568.527	2378.29
566.672	2411.43
564.817	2420.29
562.962	2406.24
561.106	2357.17
559.249	2386.24
557.392	2333.17
555.535	2366.26
553.677	2298.41
551.819	2330.15
549.96	2337.67
548.101	2298.12
546.241	2255.89
544.381	2237.88
542.521	2284.38
540.66	2337.57
538.799	2331.65
536.937	2313.63
535.075	2284.89
533.212	2264.21
531.349	2303.93
529.485	2251.06
527.621	2267.96
525.757	2272.78
523.892	2319.16
522.027	2436.55
520.161	2506.99
518.295	2488.97
516.428	2276.77
514.561	2198.57
512.693	2125.76
510.825	2117.23
508.957	2114.04
507.088	2090.8
505.219	2080.94
503.349	2052.37
501.479	2106.68
499.608	2072.77
497.737	2010.82
495.865	2039.72
493.993	2007.19
492.121	2069.46
490.248	2024.92
488.374	1981.73
486.501	1977.26
484.626	1983.45
482.752	1982.98
480.876	1995.84
479.001	2048.68
477.125	1997.55
475.248	2005.07
473.371	1923.34
471.494	1909.57
469.616	1970.35
467.738	1924.63
465.859	1921.51
463.98	1870.5
462.1	1840.79
460.22	1856.31
458.34	1843.9
456.459	1802.26
454.577	1845.68
452.695	1831.95
450.813	1786.36
448.93	1852.32
447.047	1885.07
445.163	1830.2
443.279	1854.98
441.395	1882.39
439.51	1830.22
437.624	1866.91
435.738	1784.28
433.852	1867.35
431.965	1869.55
430.078	1773.73
428.19	1787.87
426.302	1775.53
424.413	1764.52
422.524	1783.95
420.635	1807.34
418.745	1780.45
416.854	1728.45
414.964	1722.75
413.072	1728.94
411.18	1711.35
409.288	1773.04
407.396	1732.99
405.502	1699.56
403.609	1704.44
401.715	1693.47
399.82	1636.32
397.925	1661
396.03	1638.18
394.134	1611.42
392.238	1658.49
390.341	1663.37
388.444	1597.09
