2000.91	23246.9
1999.98	23669.6
1999.06	23492.7
1998.13	23509.6
1997.2	23809
1996.27	23780.1
1995.34	23869.6
1994.41	24002
1993.48	23666.6
1992.55	23801.7
1991.62	23692.2
1990.69	23797.7
1989.76	24067.1
1988.83	23578.8
1987.9	24049.5
1986.97	23985.7
1986.04	24134
1985.1	24199.1
1984.17	24221.1
1983.24	24618.8
1982.31	24453
1981.38	24367.7
1980.44	24384.4
1979.51	24433.2
1978.58	24318.5
1977.65	24723.7
1976.71	24421.4
1975.78	24914.9
1974.85	24760
1973.91	24947.9
1972.98	24688.6
1972.04	24547.3
1971.11	24777.9
1970.18	25193.1
1969.24	24912.6
1968.31	25172.5
1967.37	25025.8
1966.44	25274.8
1965.5	24834.2
1964.57	25131.2
1963.63	25072.8
1962.69	25030.5
1961.76	24996.2
1960.82	25277
1959.89	25336.1
1958.95	25582
1958.01	25304.7
1957.08	25227.7
1956.14	25452.1
1955.2	25732.5
1954.26	25634.1
1953.33	25525
1952.39	25576
1951.45	25594.9
1950.51	25579.2
1949.57	25837.9
1948.63	25923.3
1947.7	26131.2
1946.76	25694.8
1945.82	25854.7
1944.88	26238.2
1943.94	26179.8
1943	26432.6
1942.06	26329
1941.12	26283.9
1940.18	26552.6
1939.24	26273.5
1938.3	26300.2
1937.36	26443.8
1936.41	26398.7
1935.47	26523.7
1934.53	26842.4
1933.59	26550.4
1932.65	26730.9
1931.71	26659.3
1930.76	26611.6
1929.82	27036.1
1928.88	26919.3
1927.94	27036
1926.99	27057.2
1926.05	26988.2
1925.11	27168.4
1924.16	27247.8
1923.22	27136.4
1922.28	26884.7
1921.33	27366.7
1920.39	27337.4
1919.44	27469.7
1918.5	27265.7
1917.55	27308
1916.61	27643.8
1915.66	27395
1914.72	27373.7
1913.77	27786
1912.83	27611.4
1911.88	27814.7
1910.94	27999.4
1909.99	27898.8
1909.04	27835.1
1908.1	27827
1907.15	27964
1906.2	28090.5
1905.26	27984.6
1904.31	28256.2
1903.36	28329.7
1902.41	28339.9
1901.46	28305.3
1900.52	28455.3
1899.57	28133.3
1898.62	28214.7
1897.67	28282.9
1896.72	28501.2
1895.77	28790.6
1894.82	28666.3
1893.87	28605.4
1892.92	28528.6
1891.97	29025.7
1891.02	28585.7
1890.07	28624.8
1889.12	29008.4
1888.17	28960.5
1887.22	28941.6
1886.27	28807.1
1885.32	28843.4
1884.37	28790.4
1883.42	28960.7
1882.47	28802.6
1881.51	29217.1
1880.56	29095.8
1879.61	28943
1878.66	29522.5
1877.7	29558.7
1876.75	29592.1
1875.8	29376.4
1874.85	29564.6
1873.89	29543
1872.94	29594.8
1871.98	29748.8
1871.03	29494
1870.08	29527.4
1869.12	29731.1
1868.17	29929.5
1867.21	29884.3
1866.26	29600.8
1865.3	29670.8
1864.35	30245.9
1863.39	30007
1862.44	30108.3
1861.48	29976.8
1860.52	30350
1859.57	30140
1858.61	30141.9
1857.65	30559.2
1856.7	30456.5
1855.74	30150
1854.78	30655.9
1853.83	30451.3
1852.87	31580.9
1851.91	30483.6
1850.95	30728
1849.99	30701.1
1849.04	30462.8
1848.08	30527.1
1847.12	30541.9
1846.16	30720.9
1845.2	30740.9
1844.24	30734.8
1843.28	31041.3
1842.32	31089.8
1841.36	30693
1840.4	30947.2
1839.44	30782.3
1838.48	31124.9
1837.52	31168.2
1836.56	31445.6
1835.6	30835.8
1834.64	31472
1833.68	31458
1832.71	31334.7
1831.75	31333.7
1830.79	31340.4
1829.83	31427.7
1828.87	31600.7
1827.9	31402.2
1826.94	31190.8
1825.98	31753.1
1825.01	31487.2
1824.05	31737.9
1823.09	31848.3
1822.12	31694.1
1821.16	31890
1820.2	31764.4
1819.23	31861.8
1818.27	32327.1
1817.3	32066.7
1816.34	31871.2
1815.37	31784.5
1814.41	31959.5
1813.44	31774.4
1812.48	32078.8
1811.51	32274.2
1810.54	31902.9
1809.58	32447.6
1808.61	32198
1807.64	32512.3
1806.68	32317
1805.71	32271.8
1804.74	32283.4
1803.78	32036.7
1802.81	32433.3
1801.84	32401
1800.87	32361
1799.9	32457.8
1798.94	32422.9
1797.97	32558.4
1797	32482.2
1796.03	32718.2
1795.06	32515.6
1794.09	32602
1793.12	32770.8
1792.15	32491
1791.18	32739.7
1790.21	33055.2
1789.24	32597.7
1788.27	32854
1787.3	32878.3
1786.33	32900.1
1785.36	33050.5
1784.39	32732.5
1783.42	32813.4
1782.44	33035.8
1781.47	33217
1780.5	32942.9
1779.53	32689.4
1778.56	33212.5
1777.58	33437.2
1776.61	33846.8
1775.64	33773.2
1774.66	34472.9
1773.69	34139.8
1772.72	34328.1
1771.74	33807.8
1770.77	33192.7
1769.79	33468.3
1768.82	33559.1
1767.85	33424.1
1766.87	33220
1765.9	33649.2
1764.92	33655.3
1763.94	33569.1
1762.97	33449.6
1761.99	33724.7
1761.02	33677
1760.04	33647.2
1759.07	34134.6
1758.09	33992.1
1757.11	34161.9
1756.13	33886.4
1755.16	33951.2
1754.18	33691.1
1753.2	34006.6
1752.23	34237.6
1751.25	34207.7
1750.27	34280.1
1749.29	34395.9
1748.31	33737.5
1747.33	34262
1746.35	34124.9
1745.38	34774.3
1744.4	34762.2
1743.42	34443.8
1742.44	34643.6
1741.46	34379
1740.48	34535.3
1739.5	34548.8
1738.52	34919.2
1737.54	34723.6
1736.55	34285.9
1735.57	34719.8
1734.59	34781.6
1733.61	34904.6
1732.63	34548.7
1731.65	34765.8
1730.67	34705.3
1729.68	34807.8
1728.7	34594.7
1727.72	34872.7
1726.74	35244.7
1725.75	35029.1
1724.77	35146.6
1723.79	35185.3
1722.8	34957.1
1721.82	35354.1
1720.83	35192
1719.85	35301.8
1718.87	34995
1717.88	35579.6
1716.9	35313.5
1715.91	35496.8
1714.93	35611.4
1713.94	35370.9
1712.95	35379
1711.97	35529.1
1710.98	35765.3
1710	35763.2
1709.01	35852.3
1708.02	35662.7
1707.04	35848
1706.05	35752.1
1705.06	35820.9
1704.08	35474.4
1703.09	35631.8
1702.1	35953.7
1701.11	35789.6
1700.12	36232.7
1699.14	36258.2
1698.15	35843.8
1697.16	36094.5
1696.17	36195.9
1695.18	36360.5
1694.19	36231.9
1693.2	36012.3
1692.21	36240
1691.22	36454.9
1690.23	36659.6
1689.24	36245.8
1688.25	36104.8
1687.26	36599.6
1686.27	36703.3
1685.28	36703.4
1684.29	36663.2
1683.29	36686.1
1682.3	36754.3
1681.31	36681.4
1680.32	37120
1679.33	36689.3
1678.33	36850.6
1677.34	37175.6
1676.35	37102.6
1675.35	37253.7
1674.36	36649.8
1673.37	37195.9
1672.37	37029.9
1671.38	37221.1
1670.38	37223.7
1669.39	37402.2
1668.4	37090.5
1667.4	37299.2
1666.41	37482.6
1665.41	37362
1664.42	37618.1
1663.42	37477.5
1662.42	37153.6
1661.43	38002
1660.43	37791
1659.44	37630.3
1658.44	37497.3
1657.44	37577.5
1656.45	37519.8
1655.45	37735.3
1654.45	37732.7
1653.45	37710.1
1652.46	37702.4
1651.46	37647.2
1650.46	37559.5
1649.46	37632
1648.46	37739.5
1647.46	38355.1
1646.46	37709.3
1645.46	37606.6
1644.47	37553.9
1643.47	37231.2
1642.47	37843.8
1641.47	37971.1
1640.47	38010.9
1639.47	37738.4
1638.46	38103
1637.46	38105.3
1636.46	38047.6
1635.46	38022.4
1634.46	37964.8
1633.46	37987.1
1632.46	37852.1
1631.45	37759.6
1630.45	38016.4
1629.45	38011.2
1628.45	37926.2
1627.44	38005.8
1626.44	38347
1625.44	38139.9
1624.43	38112.2
1623.43	37935.1
1622.43	37840.3
1621.42	38014.4
1620.42	37857.3
1619.41	38071.2
1618.41	37583.2
1617.4	37889
1616.4	37781.9
1615.39	37848.8
1614.39	37403.6
1613.38	37520.3
1612.38	37758.7
1611.37	37895.2
1610.36	37981.9
1609.36	37350.8
1608.35	37815
1607.34	38020.8
1606.34	37330.5
1605.33	37777.1
1604.32	37603.2
1603.31	37853.6
1602.31	37950.1
1601.3	37684.5
1600.29	38046.2
1599.28	37790.6
1598.27	37996.1
1597.26	38164.3
1596.25	37653.7
1595.24	38168.6
1594.23	37846.4
1593.23	37737.2
1592.22	37811.2
1591.2	37783.7
1590.19	38003.7
1589.18	37644.7
1588.17	38233.1
1587.16	37795.1
1586.15	38101.4
1585.14	38108.5
1584.13	38127.9
1583.12	37969.4
1582.1	38189
1581.09	38260.3
1580.08	38334
1579.07	38622.4
1578.05	38034.5
1577.04	38160.1
1576.03	38285.5
1575.01	38132.2
1574	38326.7
1572.99	38336.1
1571.97	38284
1570.96	38732.2
1569.94	37977.6
1568.93	38386.3
1567.91	38415.4
1566.9	38449.5
1565.88	38188
1564.87	38586.4
1563.85	38416.1
1562.84	38245.9
1561.82	38971.3
1560.8	38756.7
1559.79	38293.9
1558.77	38529.5
1557.75	38880.5
1556.73	38934.1
1555.72	39132.5
1554.7	39009.1
1553.68	38674.5
1552.66	38914.6
1551.65	38472.2
1550.63	38771.1
1549.61	39352.2
1548.59	38802
1547.57	38710.7
1546.55	38803.3
1545.53	38957.3
1544.51	38959.1
1543.49	39127.7
1542.47	38891.8
1541.45	38771.1
1540.43	38824.5
1539.41	39029.6
1538.39	39264.1
1537.37	39126.3
1536.35	38929.9
1535.32	39267
1534.3	39427.8
1533.28	39072.4
1532.26	39132.9
1531.24	39286.3
1530.21	39466.5
1529.19	39610
1528.17	39411.3
1527.14	39339.8
1526.12	39214.5
1525.1	39502
1524.07	39462.2
1523.05	39246.6
1522.03	39331.4
1521	39308.7
1519.98	39381.2
1518.95	39053.6
1517.93	39079.8
1516.9	39335.1
1515.87	39553.8
1514.85	39553
1513.82	39233
1512.8	39407.7
1511.77	39752.9
1510.74	39489
1509.72	39707.4
1508.69	39884.3
1507.66	39460
1506.64	39610.1
1505.61	39565.5
1504.58	39331.2
1503.55	39505.5
1502.52	39942.4
1501.49	39472.4
1500.47	39816.7
1499.44	39577.7
1498.41	39717.8
1497.38	39112.2
1496.35	39429.6
1495.32	39404.5
1494.29	39304.2
1493.26	39509.7
1492.23	38914.5
1491.2	39595.5
1490.17	39407.9
1489.14	39525.9
1488.11	39355.4
1487.07	39291.6
1486.04	39346.5
1485.01	39488.7
1483.98	39844
1482.95	39128.6
1481.91	39270.7
1480.88	39589.5
1479.85	39421.7
1478.81	39263.6
1477.78	39199.9
1476.75	39337
1475.71	39623.9
1474.68	39642.4
1473.65	39506.2
1472.61	39297.5
1471.58	39376.4
1470.54	39605.1
1469.51	39650.1
1468.47	39323.2
1467.44	39744.9
1466.4	39874.4
1465.36	39381.1
1464.33	39768.7
1463.29	40255.1
1462.26	40012.9
1461.22	39874.5
1460.18	39929
1459.14	40284.8
1458.11	40466.9
1457.07	40133.3
1456.03	40067.3
1454.99	40258.9
1453.96	39884.7
1452.92	40264.1
1451.88	40024.7
1450.84	40432.8
1449.8	40179.1
1448.76	40021.8
1447.72	40104.9
1446.68	40358.8
1445.64	40223.1
1444.6	39712.5
1443.56	40432.4
1442.52	40419.3
1441.48	40624.8
1440.44	40554
1439.4	40975.5
1438.36	40734.2
1437.31	40265
1436.27	40369.5
1435.23	40226.9
1434.19	40065.1
1433.15	40215.1
1432.1	39868.8
1431.06	39520.2
1430.02	40116
1428.97	39779.5
1427.93	39862.4
1426.89	39621.9
1425.84	39405.4
1424.8	39766
1423.75	39784.1
1422.71	40300
1421.66	40054.9
1420.62	39750
1419.57	39961.9
1418.53	39860.4
1417.48	39962.1
1416.44	40302.9
1415.39	40074.7
1414.34	40037.8
1413.3	40161
1412.25	40042.8
1411.2	39960.6
1410.16	40150.5
1409.11	40211.4
1408.06	40332
1407.01	40388.1
1405.96	40444.2
1404.92	40447.8
1403.87	40542
1402.82	40373.9
1401.77	40677.8
1400.72	41146
1399.67	40870.7
1398.62	40976.6
1397.57	40656.2
1396.52	40676.4
1395.47	40872.7
1394.42	40811.9
1393.37	41281.7
1392.32	41147.1
1391.27	41471.6
1390.22	41294.3
1389.17	41002.8
1388.11	41365.2
1387.06	41679.8
1386.01	41766.3
1384.96	41539.1
1383.9	41832.2
1382.85	41533.8
1381.8	41549
1380.75	41924.9
1379.69	42241.4
1378.64	42458
1377.58	42404.2
1376.53	41935.4
1375.48	42500.5
1374.42	42430.1
1373.37	42862.2
1372.31	42974.2
1371.26	43204.6
1370.2	42932.7
1369.14	43416.4
1368.09	43248.8
1367.03	43249.4
1365.98	43614.3
1364.92	43392.4
1363.86	43873.1
1362.81	43331.9
1361.75	43708.4
1360.69	43853
1359.63	43633.6
1358.58	44064.1
1357.52	44619.7
1356.46	44194.7
1355.4	44532.7
1354.34	44570.7
1353.28	44519
1352.22	44439
1351.16	44642.2
1350.1	44814.6
1349.04	44682.7
1347.98	45159.3
1346.92	44437.9
1345.86	44805.8
1344.8	44829.6
1343.74	45185.5
1342.68	44752.1
1341.62	44919.5
1340.56	45110.4
1339.5	45032.8
1338.43	45715.5
1337.37	45223.6
1336.31	45524.8
1335.25	45835.3
1334.18	45428.3
1333.12	45959.7
1332.06	45517.6
1330.99	45388.3
1329.93	45315.5
1328.87	45141.6
1327.8	44909.1
1326.74	45461.1
1325.67	45007.9
1324.61	45047.9
1323.54	44752.2
1322.48	44632.6
1321.41	44362.9
1320.35	44475.7
1319.28	44595.5
1318.21	43760.9
1317.15	44497.3
1316.08	44007.6
1315.01	43529.8
1313.95	43509.1
1312.88	43301
1311.81	43439.5
1310.74	43219.8
1309.67	42958
1308.61	42787.6
1307.54	42563.5
1306.47	42884.5
1305.4	42248.8
1304.33	42200.3
1303.26	42006.8
1302.19	41532.9
1301.12	41152.8
1300.05	41223.6
1298.98	41215.1
1297.91	41314
1296.84	41214.3
1295.77	40843.9
1294.7	40987.1
1293.63	40782.6
1292.56	40456.8
1291.48	40180.2
1290.41	39901.3
1289.34	39284.5
1288.27	39215.7
1287.2	38939.5
1286.12	38987.4
1285.05	38650.8
1283.98	38034.9
1282.9	38115.4
1281.83	37520.8
1280.75	37708.5
1279.68	37707.7
1278.61	37225.2
1277.53	37678
1276.46	36946.9
1275.38	36946.2
1274.31	36868.7
1273.23	36728.6
1272.15	36860.4
1271.08	36169.6
1270	36085.5
1268.93	35989.7
1267.85	35680.4
1266.77	35132
1265.69	34932.1
1264.62	35119.7
1263.54	34469.8
1262.46	34778.1
1261.38	34260.6
1260.31	34763.6
1259.23	34348.4
1258.15	34009.8
1257.07	34169.5
1255.99	34051.2
1254.91	33738.4
1253.83	34025.5
1252.75	33516
1251.67	33090.1
1250.59	33187.3
1249.51	33439.5
1248.43	33011.5
1247.35	33245.2
1246.27	33266
1245.19	32963.2
1244.1	32873.1
1243.02	32750.7
1241.94	32912.5
1240.86	32362.8
1239.78	32400
1238.69	32714.1
1237.61	32628.8
1236.53	32324.3
1235.44	32167.6
1234.36	32269.3
1233.28	32057.3
1232.19	31783.1
1231.11	31871
1230.02	31961.1
1228.94	31945.2
1227.85	31961.6
1226.77	31620.9
1225.68	31517.6
1224.6	31596.2
1223.51	31614.9
1222.42	31394.3
1221.34	31576.4
1220.25	31378.8
1219.16	31153.8
1218.08	31473.8
1216.99	31359.2
1215.9	31467.6
1214.81	31534.5
1213.73	31029.3
1212.64	30930.9
1211.55	31039.3
1210.46	31115.5
1209.37	31396
1208.28	31361.9
1207.19	31139.6
1206.1	30791.2
1205.01	31046.3
1203.92	31007.7
1202.83	31005.8
1201.74	30891.5
1200.65	31015.7
1199.56	31043.6
1198.47	31218.1
1197.38	31019.2
1196.29	30916.5
1195.19	30987.8
1194.1	30548.7
1193.01	30608.7
1191.92	30455.8
1190.82	30467.8
1189.73	30433.9
1188.64	30567.1
1187.55	30670.4
1186.45	30430.8
1185.36	30301
1184.26	30173.6
1183.17	30254.1
1182.07	30190.6
1180.98	30227.7
1179.88	30248.8
1178.79	30062.1
1177.69	30165.3
1176.6	29835
1175.5	30061.5
1174.41	29843.1
1173.31	30083
1172.21	30158.8
1171.12	29936
1170.02	29822.6
1168.92	29691
1167.82	29648.4
1166.73	29664.9
1165.63	29513
1164.53	29270.1
1163.43	29409.6
1162.33	29838
1161.23	29567.8
1160.13	29402.4
1159.03	29052.9
1157.93	28708.1
1156.83	29161.2
1155.73	29282.3
1154.63	28908.1
1153.53	29108.7
1152.43	28825.6
1151.33	28583.4
1150.23	29001.9
1149.13	28871
1148.03	28708.3
1146.92	28731.8
1145.82	28791.5
1144.72	28540.6
1143.62	28530
1142.51	28503.6
1141.41	28880.6
1140.31	28482.6
1139.2	28139.1
1138.1	28552.2
1137	28593.7
1135.89	28243.6
1134.79	28416.5
1133.68	28983
1132.58	28866
1131.47	29054.5
1130.37	29100.4
1129.26	28416
1128.16	28416.8
1127.05	28636.8
1125.94	28149.5
1124.84	28032.9
1123.73	27658.8
1122.62	27826.9
1121.51	27807.5
1120.41	27542
1119.3	28134.3
1118.19	27507.9
1117.08	27468.3
1115.97	27503.1
1114.87	27688.9
1113.76	27268.3
1112.65	27537.5
1111.54	27536.2
1110.43	27413.3
1109.32	26848.9
1108.21	27273.4
1107.1	27013.2
1105.99	26804.9
1104.88	26902.8
1103.77	26597.9
1102.65	26907.2
1101.54	26881.3
1100.43	26648.5
1099.32	26629.4
1098.21	26549.6
1097.09	26566.5
1095.98	26300.3
1094.87	26744
1093.76	26201.6
1092.64	26375.7
1091.53	26511.6
1090.41	26194
1089.3	26009
1088.19	26156
1087.07	26114.6
1085.96	25849
1084.84	26105.8
1083.73	25752.9
1082.61	25783.3
1081.49	25748.7
1080.38	25431.9
1079.26	25634.8
1078.15	25788.4
1077.03	25881.5
1075.91	25361.2
1074.79	25825.8
1073.68	25536.2
1072.56	25781.3
1071.44	25632.7
1070.32	25575.9
1069.21	25749.3
1068.09	25710.4
1066.97	25561.9
1065.85	25648.1
1064.73	25656.1
1063.61	25733.3
1062.49	25806
1061.37	26151
1060.25	25926.7
1059.13	25434.9
1058.01	25373.7
1056.89	25408.5
1055.77	25140
1054.64	24820.4
1053.52	25425.8
1052.4	24963.6
1051.28	24949.4
1050.16	24970.9
1049.03	25085.8
1047.91	24686.5
1046.79	24676.8
1045.66	24773.9
1044.54	24835.4
1043.42	25034.8
1042.29	24838.3
1041.17	24950.9
1040.04	24625.4
1038.92	24822.5
1037.79	24477.2
1036.67	24540.9
1035.54	24666.8
1034.42	24717.1
1033.29	24838.4
1032.17	24422.5
1031.04	24412.8
1029.91	24549.7
1028.79	24637.6
1027.66	24787.7
1026.53	24613.9
1025.4	24812.6
1024.28	24590.2
1023.15	24724.6
1022.02	24353.7
1020.89	24734
1019.76	24591.5
1018.63	24550.8
1017.5	24516.8
1016.37	24259.3
1015.24	24298.4
1014.11	24158.3
1012.98	24325.7
1011.85	24440
1010.72	24392.8
1009.59	24493.7
1008.46	24062
1007.33	24474.5
1006.2	24266
1005.06	24161.5
1003.93	23970.9
1002.8	24378.6
1001.67	24333.7
1000.53	24681.6
999.401	24753.6
998.268	24757.1
997.134	24346.1
996	24049.9
994.866	24587.1
993.732	24332.8
992.597	24193.2
991.462	23956.8
990.327	23876.8
989.192	24124.9
988.056	24025.2
986.92	24053.1
985.784	24213
984.648	24229.8
983.512	24592
982.375	24103
981.238	24482.6
980.1	24180.7
978.963	24340.3
977.825	24091.3
976.687	24178.4
975.549	24021.7
974.41	23799.2
973.272	24189.3
972.133	24155.6
970.994	24249.2
969.854	23965.4
968.714	24293.8
967.574	24483.8
966.434	24283.4
965.294	24262.9
964.153	24398
963.012	24283.2
961.871	24291.2
960.73	24678.1
959.588	24302.8
958.446	24350.1
957.304	24502.5
956.162	24453.5
955.019	24450.5
953.876	24475.9
952.733	24291.4
951.59	24323.4
950.446	24390.3
949.302	24520.6
948.158	24303.4
947.014	24510.2
945.869	24712.4
944.725	24163.4
943.58	24140.8
942.434	24646.4
941.289	24516.8
940.143	24587.9
938.997	24608.8
937.851	24634.1
936.704	24574.4
935.557	24619.2
934.41	24435.3
933.263	24913.8
932.116	24433.5
930.968	24589.5
929.82	24662.7
928.672	24481
927.523	24636.9
926.374	24603.3
925.225	24378.3
924.076	24829.9
922.927	24415.8
921.777	24921.5
920.627	24411.8
919.477	24347.9
918.326	24410.1
917.176	24717.7
916.025	24497.4
914.874	24652.9
913.722	24586.8
912.571	24219
911.419	24819.4
910.266	24562.4
909.114	24331.5
907.961	24426.1
906.808	24477.2
905.655	24404.8
904.502	24638
903.348	24257.8
902.194	24469.3
901.04	24747.8
899.886	24636.4
898.731	24470.9
897.576	24381.2
896.421	24791.5
895.266	24998.3
894.11	24571.1
892.954	24459.8
891.798	24631.9
890.642	24598.5
889.485	24833.2
888.328	24698.2
887.171	24924.1
886.014	24592.6
884.856	24475
883.698	24601.5
882.54	24602.7
881.382	24478.7
880.223	24609.4
879.064	24649.4
877.905	24706.7
876.746	24979.6
875.586	24556
874.427	24895.6
873.266	24750.2
872.106	24568.2
870.946	24487.5
869.785	24680.4
868.624	25058.4
867.462	25156.3
866.301	25592.1
865.139	25541.5
863.977	25323
862.814	24831.5
861.652	24759.5
860.489	25199.2
859.326	24897.2
858.163	24979.9
856.999	24961.7
855.835	24937
854.671	25073.4
853.507	24649.3
852.342	24895.2
851.177	25299.7
850.012	25030.4
848.847	25370.4
847.681	24850.2
846.515	24789.1
845.349	25079.6
844.183	25035.6
843.016	25503.9
841.85	25661.2
840.683	25445.8
839.515	25241.1
838.348	24901.7
837.18	24791.4
836.012	24760.4
834.843	24823.6
833.675	24854.6
832.506	24986.1
831.337	24899.5
830.167	25020.3
828.998	24788.3
827.828	25084.3
826.658	24931.5
825.488	25259.4
824.317	25136.5
823.146	24900.5
821.975	25027.5
820.804	24953.8
819.632	25300.5
818.46	25128.6
817.288	25118.9
816.116	25296.9
814.943	25336.2
813.77	25205
812.597	25238
811.424	25294.3
810.25	25003.4
809.076	25358
807.902	25154.5
806.727	25134.1
805.553	25318.1
804.378	25199.9
803.203	24956.2
802.027	25255
800.852	25177.2
799.676	25318.5
798.5	25117.5
797.323	24967.6
796.146	25032.3
794.97	25158.6
793.792	24951.4
792.615	25241.2
791.437	25184.8
790.259	25402.2
789.081	25519.8
787.903	24882.1
786.724	24921.3
785.545	24886.2
784.366	25152.2
783.186	25182.8
782.007	25058.7
780.827	25082.9
779.646	25147.4
778.466	25053
777.285	25062.4
776.104	24976.6
774.923	25002.9
773.741	24790.2
772.559	24829.2
771.377	25280.7
770.195	24780.5
769.013	24965.4
767.83	25074.1
766.647	24720
765.463	24695.7
764.28	24698.8
763.096	24980.6
761.912	24772.5
760.728	24792.5
759.543	24514.9
758.358	24836.7
757.173	24639.3
755.988	24659.3
754.802	24626.5
753.616	24768.8
752.43	24854.1
751.244	24787.6
750.057	24849.6
748.87	24774.7
747.683	24838.9
746.496	24641.9
745.308	24531.3
744.12	25045.8
742.932	25282.4
741.744	25207.5
740.555	25216.7
739.366	25467.8
738.177	25659.9
736.987	26062.1
735.797	26190.9
734.608	26676.8
733.417	26713.1
732.227	26684.2
731.036	26865.3
729.845	26685.2
728.654	26440.2
727.462	26314.9
726.27	25795.2
725.078	25720.4
723.886	25224.2
722.693	25457.7
721.501	25276.1
720.308	25459.2
719.114	24770.8
717.921	25050.2
716.727	24954.8
715.533	25158.7
714.338	25280.9
713.144	24756.5
711.949	24935.2
710.754	24862.8
709.558	24803.1
708.362	24730.8
707.167	24694.1
705.97	24331.3
704.774	24436.8
703.577	24387.6
702.38	24110.8
701.183	24278.9
699.985	24346.7
698.788	24301.7
697.59	24557.3
696.391	24115.9
695.193	24081.5
693.994	24558
692.795	24137.7
691.596	24470.2
690.396	24533.6
689.196	24607.5
687.996	24248
686.796	24419.7
685.595	24493.5
684.394	24523.6
683.193	24322.6
681.992	24463
680.79	24414
679.588	24358.8
678.386	24401.3
677.184	24306.6
675.981	24496.7
674.778	24350
673.575	24311.5
672.371	24509.8
671.167	24037.1
669.963	24301.8
668.759	24315.2
667.554	24272.6
666.35	24306.7
665.145	24270.3
663.939	24543
662.734	24456.7
661.528	24550.9
660.322	24327.9
659.115	24322.6
657.909	24253.1
656.702	24287.2
655.495	24284
654.287	24017.8
653.079	24190.6
651.871	24396.4
650.663	24320.7
649.455	24209.9
648.246	24368
647.037	24288.3
645.828	24330.5
644.618	24273.5
643.408	24003.7
642.198	24089.4
640.988	24189.5
639.777	24122.3
638.566	24474.2
637.355	24634
636.144	24250.9
634.932	24412.8
633.72	24461.1
632.508	24412.4
631.296	24194.7
630.083	24142
628.87	24233.6
627.657	24356.1
626.443	24161.2
625.229	24036.5
624.015	24377.2
622.801	24026
621.586	23907.5
620.372	24005.2
619.157	23911.5
617.941	24356.7
616.726	24483
615.51	24103.5
614.293	24192.8
613.077	24019
611.86	24028.1
610.643	23948.9
609.426	23941.6
608.209	24016.4
606.991	23896.2
605.773	23995.7
604.555	24168.9
603.336	24069.3
602.117	23975.8
600.898	24138.7
599.679	24112.9
598.459	24001.1
597.239	23885.2
596.019	24086.9
594.799	24065.2
593.578	23992.4
592.357	23983
591.136	24102.6
589.914	24304.1
588.692	23928.4
587.47	23941.5
586.248	24075.4
585.025	23967.9
583.803	24111.9
582.579	24010.5
581.356	23903.1
580.132	23993.9
578.909	24080.5
577.684	24214.1
576.46	24453.8
575.235	24185.1
574.01	24122.7
572.785	24180.6
571.559	24305.9
570.334	24214.9
569.108	24401.3
567.881	24263.4
566.655	23923.8
565.428	24373
564.201	24247.4
562.973	24309.3
561.746	24283.6
560.518	24418.8
559.289	24319.8
558.061	24302.2
556.832	24160.6
555.603	24586.5
554.374	24453
553.144	24254.5
551.914	24649.6
550.684	24471.4
549.454	24646.9
548.223	24444.4
546.992	24404.5
545.761	24263.1
544.53	24129.9
543.298	24347.9
542.066	24316.1
540.834	24749
539.601	24350.1
538.368	24679.3
537.135	24465.1
535.902	24445.5
534.668	24381.4
533.434	24523.9
532.2	24336.2
530.966	24401.7
529.731	24653.5
528.496	24569.1
527.261	24592.1
526.025	24463.2
524.789	24906.9
523.553	24668.9
522.317	24560.3
521.08	24445.7
519.844	24583.9
518.606	24901.8
517.369	25029.6
516.131	24642.4
514.893	24929.8
513.655	24552.8
512.416	24739.1
511.178	24644.9
509.939	25053.1
508.699	24960.8
507.46	24989.6
506.22	25175.6
504.98	24770.9
503.739	24830
502.498	24844.7
501.257	24901.6
500.016	24994.8
498.775	24894.7
497.533	24975.8
496.291	24875.7
495.048	24984.9
493.806	25158.4
492.563	25160.9
491.32	25167.4
490.076	25089.5
488.833	24876.9
487.589	25154.8
486.344	25324
485.1	25477.2
483.855	25385.2
482.61	25518.1
481.364	25661
480.119	25436.6
478.873	25553.4
477.627	25754.4
476.38	25159
475.133	25528.4
473.886	25454.6
472.639	25863.9
471.392	25832.1
470.144	25990.7
468.896	25486.2
467.647	25767
466.399	25463
465.15	25843.7
463.9	25894
462.651	25652.2
461.401	26046.6
460.151	25842.8
458.901	26081
457.65	26173.2
456.399	26043.5
455.148	26007.8
453.897	26052
452.645	25984.3
451.393	26220.2
450.141	26106.6
448.888	26280.4
447.635	25923.4
446.382	26224.9
445.129	26079.5
443.875	26145.5
442.621	26269.3
441.367	26247.5
440.112	26327.4
438.858	26421.2
437.603	26568.7
436.347	26570.8
435.092	26596.8
433.836	26421.7
432.58	26364.1
431.323	26288.6
430.067	26436
428.81	26746.3
427.552	26434.2
426.295	26814
425.037	26841.8
423.779	26631.2
422.52	26615.4
421.262	26816.1
420.003	26736.6
418.744	26565.9
417.484	27105.9
416.224	27427.3
414.964	27738.7
413.704	28262.1
412.443	28321.3
411.182	27793.6
409.921	27533.7
408.66	27180.7
407.398	27145
406.136	27273.7
404.874	27261.7
403.611	27233.8
402.348	27124.8
401.085	27059.4
