2105.28	9.93409
2103.77	4.96704
2102.26	4742.53
2100.75	4854.08
2099.24	4949.03
2097.73	4904.98
2096.22	4917.18
2094.71	4959.14
2093.19	4913.47
2091.68	4818.22
2090.17	4846.96
2088.66	4859.16
2087.14	4854.83
2085.63	4898.41
2084.11	4859.4
2082.6	4835.27
2081.09	4812.8
2079.57	4747.43
2078.06	4675.5
2076.54	4854.3
2075.02	4846.69
2073.51	4794.56
2071.99	4864.44
2070.47	4746.4
2068.96	4882.17
2067.44	4839.96
2065.92	4792.82
2064.4	4809.93
2062.88	4787.52
2061.37	4835.89
2059.85	4801.96
2058.33	4749.95
2056.81	4864.1
2055.29	4831.83
2053.77	4730.51
2052.25	4762.4
2050.72	4813.99
2049.2	4765.33
2047.68	4805.4
2046.16	4714.05
2044.64	4790.24
2043.11	4774.45
2041.59	4638.85
2040.07	4739.62
2038.54	4681.2
2037.02	4668.73
2035.5	4749.76
2033.97	4796.31
2032.45	4854.32
2030.92	4761.51
2029.4	4639.24
2027.87	4748.04
2026.34	4722.47
2024.82	4669.07
2023.29	4699.19
2021.76	4753.86
2020.24	4711.95
2018.71	4665.14
2017.18	4667.43
2015.65	4596.11
2014.12	4629.48
2012.59	4653.03
2011.06	4638.98
2009.53	4634.73
2008	4556.96
2006.47	4683.42
2004.94	4615.47
2003.41	4591.64
2001.88	4600.46
2000.35	4599.49
1998.82	4557.73
1997.28	4548.61
1995.75	4676.51
1994.22	4624.97
1992.69	4645.19
1991.15	4614.87
1989.62	4636.71
1988.08	4684.62
1986.55	4576.11
1985.01	4650.07
1983.48	4592.09
1981.94	4696.95
1980.41	4627.59
1978.87	4598.95
1977.33	4630.52
1975.8	4605.14
1974.26	4532.61
1972.72	4603.2
1971.19	4667.25
1969.65	4593.12
1968.11	4564.53
1966.57	4620.43
1965.03	4590.21
1963.49	4589.24
1961.95	4502.22
1960.41	4587.3
1958.87	4609.06
1957.33	4593.48
1955.79	4526
1954.25	4696.96
1952.71	4705.69
1951.16	4576.62
1949.62	4624.28
1948.08	4603.86
1946.54	4601.26
1944.99	4668.32
1943.45	4612.27
1941.9	4590.25
1940.36	4618.41
1938.82	4507.38
1937.27	4546.88
1935.72	4523.27
1934.18	4567.6
1932.63	4581.19
1931.09	4568.9
1929.54	4501.66
1927.99	4573.43
1926.45	4565.99
1924.9	4510.1
1923.35	4528.53
1921.8	4574.4
1920.25	4554.05
1918.7	4519.19
1917.16	4534.37
1915.61	4628.6
1914.06	4479.22
1912.51	4584.7
1910.95	4438.63
1909.4	4566.64
1907.85	4593.07
1906.3	4662.99
1904.75	4462.25
1903.2	4411.37
1901.64	4527.98
1900.09	4425.6
1898.54	4621.02
1896.98	4410.84
1895.43	4475.87
1893.88	4558.56
1892.32	4403.21
1890.77	4500.35
1889.21	4483.32
1887.66	4450.22
1886.1	4405.9
1884.54	4472.43
1882.99	4466.66
1881.43	4537.97
1879.87	4442.29
1878.32	4481.47
1876.76	4340.9
1875.2	4328.75
1873.64	4326.22
1872.08	4301.24
1870.52	4414.17
1868.96	4413.23
1867.4	4359.4
1865.84	4420.97
1864.28	4405.61
1862.72	4353.41
1861.16	4317.26
1859.6	4330.75
1858.04	4317.02
1856.48	4400.92
1854.91	4479.98
1853.35	4367.05
1851.79	4452.48
1850.22	4381.18
1848.66	4373.85
1847.1	4360.13
1845.53	4325.64
1843.97	4348.68
1842.4	4245.53
1840.84	4437.85
1839.27	4358.67
1837.7	4388.07
1836.14	4407.88
1834.57	4349.5
1833	4433.12
1831.44	4427.39
1829.87	4227.12
1828.3	4368.1
1826.73	4383.11
1825.16	4372.61
1823.59	4417.88
1822.02	4338.89
1820.45	4341.15
1818.88	4330.66
1817.31	4418.88
1815.74	4370.19
1814.17	4297.66
1812.6	4333.32
1811.03	4367.39
1809.46	4329.88
1807.88	4317.83
1806.31	4388.43
1804.74	4265.13
1803.16	4332.53
1801.59	4276.01
1800.02	4297.32
1798.44	4340.86
1796.87	4274.85
1795.29	4461.2
1793.71	4363.46
1792.14	4226.1
1790.56	4231.53
1788.99	4335.28
1787.41	4226.55
1785.83	4214.55
1784.25	4286.54
1782.68	4258.69
1781.1	4297.37
1779.52	4340.79
1777.94	4279.7
1776.36	4293.02
1774.78	4333.25
1773.2	4330.74
1771.62	4336.14
1770.04	4292.5
1768.46	4266.28
1766.88	4221.1
1765.3	4299.22
1763.71	4192.42
1762.13	4275.25
1760.55	4184.3
1758.97	4137.6
1757.38	4278.81
1755.8	4243.17
1754.22	4276.97
1752.63	4378.62
1751.05	4180.48
1749.46	4244.25
1747.88	4364.75
1746.29	4258.19
1744.7	4252.54
1743.12	4259.51
1741.53	4264.89
1739.94	4388.41
1738.36	4288.25
1736.77	4310.94
1735.18	4294.27
1733.59	4198.92
1732	4408.86
1730.41	4289.93
1728.82	4307.87
1727.23	4317.95
1725.64	4328.03
1724.05	4356.96
1722.46	4345.02
1720.87	4427.35
1719.28	4415.4
1717.69	4378.32
1716.1	4356.97
1714.5	4341.9
1712.91	4377.06
1711.32	4310.21
1709.72	4307.71
1708.13	4416.57
1706.53	4412.48
1704.94	4325.3
1703.34	4407.44
1701.75	4345.37
1700.15	4382.03
1698.56	4373.25
1696.96	4339.42
1695.36	4452.78
1693.77	4409.55
1692.17	4533.8
1690.57	4460.84
1688.97	4517.75
1687.38	4546.49
1685.78	4486.09
1684.18	4391.32
1682.58	4341.92
1680.98	4445.67
1679.38	4407.21
1677.78	4479.67
1676.18	4563.03
1674.57	4557.35
1672.97	4604.76
1671.37	4541.33
1669.77	4538.79
1668.17	4597.08
1666.56	4681.86
1664.96	4676.17
1663.36	4656.45
1661.75	4742.72
1660.15	4794.67
1658.54	4785.84
1656.94	4783.24
1655.33	4838.26
1653.73	4849.66
1652.12	4887.52
1650.51	4958.05
1648.91	4966.3
1647.3	4951.23
1645.69	4967.26
1644.08	4969.29
1642.48	4935.56
1640.87	4934.49
1639.26	4950.51
1637.65	5019.34
1636.04	5024.46
1634.43	4944.17
1632.82	4978.8
1631.21	5027.39
1629.6	5063.53
1627.99	5112.08
1626.38	5160.6
1624.76	5227.71
1623.15	5223.47
1621.54	5185.13
1619.92	5211.9
1618.31	5264.99
1616.7	5345.95
1615.08	5333.94
1613.47	5292.52
1611.85	5364.12
1610.24	5341.28
1608.62	5335.48
1607.01	5394.65
1605.39	5337.79
1603.77	5418.58
1602.16	5499.34
1600.54	5529.05
1598.92	5490.75
1597.3	5481.83
1595.69	5370.96
1594.07	5480.98
1592.45	5408.76
1590.83	5464.69
1589.21	5407.93
1587.59	5408.29
1585.97	5326.89
1584.35	5314.93
1582.73	5389.33
1581.1	5394.31
1579.48	5322.23
1577.86	5371.92
1576.24	5339.93
1574.61	5437.34
1572.99	5366.85
1571.37	5434.96
1569.74	5484.57
1568.12	5321.77
1566.49	5431.39
1564.87	5471.73
1563.24	5352.11
1561.62	5453.95
1559.99	5260.6
1558.36	5405.45
1556.74	5318.22
1555.11	5324.73
1553.48	5260.59
1551.85	5271.72
1550.23	5278.24
1548.6	5320.06
1546.97	5306.61
1545.34	5362.21
1543.71	5333.43
1542.08	5323.05
1540.45	5252.89
1538.82	5300.78
1537.19	5124.91
1535.55	5114.59
1533.92	5093.55
1532.29	5149.09
1530.66	5060.68
1529.02	5116.21
1527.39	5075.29
1525.76	5023.68
1524.12	5034.81
1522.49	5145.36
1520.85	5124.34
1519.22	5126.27
1517.58	5004.39
1515.95	5166.8
1514.31	5075.52
1512.67	5196.6
1511.04	5097.72
1509.4	5159.2
1507.76	5112.26
1506.12	4995.15
1504.48	5013.88
1502.85	4919.72
1501.21	4840.85
1499.57	4789.46
1497.93	4855.48
1496.29	4782.78
1494.65	4781.72
1493.01	4800.47
1491.36	4816.16
1489.72	4713.07
1488.08	4675.49
1486.44	4767.31
1484.8	4776.9
1483.15	4672.39
1481.51	4794.57
1479.86	4779.82
1478.22	4865.43
1476.58	4946.44
1474.93	4884.55
1473.29	4950.32
1471.64	5061.64
1469.99	4998.25
1468.35	5079.14
1466.7	5032.47
1465.05	5026.8
1463.41	5053
1461.76	5003.34
1460.11	5052.28
1458.46	5037.51
1456.81	5069.75
1455.16	4944.33
1453.51	4931.11
1451.86	5007.29
1450.21	4897.12
1448.56	4852.11
1446.91	4881.32
1445.26	4857.53
1443.61	4739.92
1441.95	4764.59
1440.3	4808.91
1438.65	4723.15
1437	4716.05
1435.34	4651.51
1433.69	4721.51
1432.03	4616.2
1430.38	4544.17
1428.72	4609.62
1427.07	4607.08
1425.41	4446.03
1423.75	4390.7
1422.1	4413.87
1420.44	4461.17
1418.78	4440.56
1417.13	4343.06
1415.47	4366.22
1413.81	4402.93
1412.15	4490.86
1410.49	4447.67
1408.83	4467.77
1407.17	4430.63
1405.51	4568.16
1403.85	4613.81
1402.19	4763.28
1400.53	4903.65
1398.87	4997.33
1397.2	4924.02
1395.54	4949.99
1393.88	4926.34
1392.21	4788.47
1390.55	4683.72
1388.89	4715.72
1387.22	4591.5
1385.56	4619.01
1383.89	4538.41
1382.23	4663.48
1380.56	4603.91
1378.89	4623.88
1377.23	4526.85
1375.56	4698.3
1373.89	4649.27
1372.22	4696.19
1370.56	4668.17
1368.89	4785.49
1367.22	4622.64
1365.55	4687.5
1363.88	4714.9
1362.21	4682.4
1360.54	4796.59
1358.87	4753.62
1357.2	4724.13
1355.53	4745.51
1353.85	4808.74
1352.18	4851.02
1350.51	4911.21
1348.84	4986.31
1347.16	4991.17
1345.49	5327.6
1343.81	5445.86
1342.14	5799.95
1340.46	6004.62
1338.79	6183.84
1337.11	6703.12
1335.44	6758.3
1333.76	7044.59
1332.08	7198.06
1330.41	7303.76
1328.73	7369.18
1327.05	7506.08
1325.37	7559.51
1323.69	7528.02
1322.02	7438.49
1320.34	7407.04
1318.66	7189.58
1316.98	6897.83
1315.29	6582.4
1313.61	6458.97
1311.93	6200.28
1310.25	5955.09
1308.57	5754.6
1306.89	5564.6
1305.2	5388.05
1303.52	5241.29
1301.84	5133.19
1300.15	5019.21
1298.47	4923.09
1296.78	4881.92
1295.1	4728.01
1293.41	4712.11
1291.73	4628.01
1290.04	4540.98
1288.35	4590.35
1286.67	4390.74
1284.98	4371.97
1283.29	4305.81
1281.6	4358.15
1279.91	4266.86
1278.23	4262.93
1276.54	4288.61
1274.85	4243.25
1273.16	4291.1
1271.47	4136.33
1269.77	4176.8
1268.08	4237.94
1266.39	4148.31
1264.7	4166.58
1263.01	4153.82
1261.31	4169.12
1259.62	4103.21
1257.93	4105.23
1256.23	4141.2
1254.54	4165.35
1252.84	4198.33
1251.15	4281.45
1249.45	4178.73
1247.76	4220.54
1246.06	4330.12
1244.37	4352.71
1242.67	4360.56
1240.97	4366.94
1239.27	4284.96
1237.57	4242.77
1235.88	4290.38
1234.18	4190.81
1232.48	4245.77
1230.78	4140.37
1229.08	4077.67
1227.38	4028.23
1225.68	3965.58
1223.98	4049.91
1222.27	3982.88
1220.57	3851.25
1218.87	3944.36
1217.17	3987.51
1215.46	3917.61
1213.76	3843.35
1212.06	3821.93
1210.35	3799.06
1208.65	3840.72
1206.94	3860.38
1205.24	3830.18
1203.53	3805.86
1201.82	3829.9
1200.12	3815.85
1198.41	3653.88
1196.7	3812.64
1194.99	3694.67
1193.29	3721.63
1191.58	3676.89
1189.87	3632.17
1188.16	3672.29
1186.45	3729.94
1184.74	3737.86
1183.03	3735.54
1181.32	3721.54
1179.61	3671.02
1177.89	3728.61
1176.18	3634.31
1174.47	3588.22
1172.76	3575.73
1171.04	3611.39
1169.33	3550.75
1167.62	3659.33
1165.9	3673.07
1164.19	3564.35
1162.47	3573.74
1160.76	3511.73
1159.04	3614.36
1157.32	3581.49
1155.61	3551.54
1153.89	3549.28
1152.17	3484.42
1150.45	3552.02
1148.73	3498.83
1147.02	3508.21
1145.3	3455.06
1143.58	3441.18
1141.86	3521.79
1140.14	3548.59
1138.42	3448.99
1136.69	3510.66
1134.97	3414.01
1133.25	3493.08
1131.53	3441.47
1129.81	3492.93
1128.08	3480.52
1126.36	3505.83
1124.64	3420.92
1122.91	3394.03
1121.19	3494.72
1119.46	3512.76
1117.74	3468.49
1116.01	3424.23
1114.28	3327.87
1112.56	3396.6
1110.83	3363.98
1109.1	3384.91
1107.37	3376.9
1105.65	3389.14
1103.92	3457.78
1102.19	3344.21
1100.46	3313.08
1098.73	3387.47
1097	3226.32
1095.27	3193.79
1093.54	3203.17
1091.8	3241.42
1090.07	3260.88
1088.34	3268.79
1086.61	3120.86
1084.87	3192.27
1083.14	3239.13
1081.41	3134.57
1079.67	3099.25
1077.94	3140.33
1076.2	3164.1
1074.47	3223.87
1072.73	3172.73
1071	3156.16
1069.26	3175.58
1067.52	3161.9
1065.78	3142.46
1064.05	3148.93
1062.31	3195.66
1060.57	3219.37
1058.83	3181.25
1057.09	3163.27
1055.35	3130.93
1053.61	3135.95
1051.87	3125.17
1050.13	3130.2
1048.39	3172.54
1046.65	3203.38
1044.9	3173.94
1043.16	3065.62
1041.42	3097.9
1039.67	3158.84
1037.93	3231.22
1036.19	3211.84
1034.44	3188.17
1032.7	3239.01
1030.95	3205.31
1029.2	3289.05
1027.46	3292.59
1025.71	3238.87
1023.96	3200.92
1022.22	3188.73
1020.47	3296.69
1018.72	3304.51
1016.97	3199.38
1015.22	3185.78
1013.47	3293.64
1011.72	3184.3
1009.97	3254.98
1008.22	3252.8
1006.47	3203.5
1004.72	3142.82
1002.97	3249.11
1001.21	3188.44
999.461	3187.7
997.708	3162.72
995.954	3046.51
994.2	3099.96
992.446	3107.79
990.691	3057.21
988.936	3008.07
987.18	3117.02
985.424	3030.88
983.667	3074.3
981.911	3062.2
980.153	3088.52
978.396	3018.11
976.637	3072.86
974.879	3133.28
973.12	3004.63
971.361	3028.09
969.601	3065.74
967.841	3055.09
966.08	3061.48
964.319	3180.02
962.558	3177.86
960.796	3345.98
959.034	3291.29
957.271	3399.74
955.508	3295.43
953.744	3294.66
951.981	3283.97
950.216	3185.44
948.452	3062.86
946.686	2971.5
944.921	2975.06
943.155	2943.22
941.389	2873.18
939.622	2871.09
937.855	2861.94
936.087	2835.81
934.319	2836.56
932.551	2875.49
930.782	2835.24
929.013	2837.41
927.243	2808.49
925.473	2800.77
923.703	2815.65
921.932	2814.99
920.16	2821.39
918.389	2878.59
916.617	2783.4
914.844	2841.98
913.071	2814.53
911.298	2710.96
909.524	2810.4
907.75	2735.06
905.975	2687.93
904.2	2797.16
902.425	2712.02
900.649	2773.33
898.873	2798.01
897.096	2797.36
895.319	2771.38
893.541	2794.64
891.764	2730.71
889.985	2732.89
888.206	2763.17
886.427	2720.37
884.648	2670.56
882.868	2735.95
881.087	2756.37
879.306	2689.74
877.525	2666.66
875.743	2639.37
873.961	2686.45
872.179	2590.45
870.396	2577.22
868.613	2586.43
866.829	2627.87
865.045	2588.02
863.26	2572.01
861.475	2630.23
859.69	2617.01
857.904	2595.4
856.117	2543
854.331	2595.58
852.544	2618.75
850.756	2532.82
848.968	2569.98
847.18	2555.4
845.391	2524.05
843.602	2524.86
841.812	2594.11
840.022	2557.19
838.232	2524.48
836.441	2535.05
834.649	2466.07
832.858	2500.37
831.066	2474.68
829.273	2493.62
827.48	2466.54
825.687	2470.15
823.893	2458.42
822.099	2466.2
820.304	2461.44
818.509	2484.54
816.713	2486.74
814.917	2500.07
813.121	2475.83
811.324	2455.76
809.527	2425.97
807.729	2481.03
805.931	2438.74
804.133	2447.89
802.334	2362.54
800.534	2434.24
798.735	2368.38
796.935	2358.1
795.134	2461.68
793.333	2343.11
791.531	2479.94
789.73	2418.31
787.927	2416.36
786.125	2364.48
784.321	2409.67
782.518	2330.09
780.714	2371.12
778.909	2313.76
777.105	2339.53
775.299	2308.51
773.494	2353.66
771.687	2382.17
769.881	2355.31
768.074	2346.46
766.266	2262.91
764.459	2306.63
762.65	2245.25
760.842	2284.81
759.033	2313.29
757.223	2401.16
755.413	2303.91
753.603	2335.13
751.792	2389.8
749.981	2358.87
748.169	2430.07
746.357	2477.78
744.544	2522.71
742.731	2715.17
740.918	2830.34
739.104	3267.97
737.29	3974.1
735.475	4951.3
733.66	6138.77
731.845	6670.22
730.029	6599.81
728.212	6040.83
726.395	5043.15
724.578	4041.82
722.761	3342.17
720.942	2886.24
719.124	2620.24
717.305	2491.8
715.485	2459.6
713.666	2376.6
711.845	2316.98
710.025	2342.52
708.204	2313.13
706.382	2301.61
704.56	2391.62
702.738	2300.52
700.915	2294.49
699.092	2274.75
697.268	2245.42
695.444	2218.85
693.619	2234.77
691.794	2221.91
689.969	2225.49
688.143	2241.4
686.316	2199.8
684.49	2249.92
682.663	2197.39
680.835	2180.45
679.007	2167.63
677.178	2160.28
675.35	2185.74
673.52	2145.59
671.69	2206.56
669.86	2111.79
668.03	2107.19
666.199	2222.74
664.367	2182.63
662.535	2227.15
660.703	2148.85
658.87	2208.36
657.037	2206.47
655.203	2211.4
653.369	2175.44
651.534	2168.11
649.699	2201.66
647.864	2190.24
646.028	2169.29
644.192	2197.37
642.355	2183.23
640.518	2145.97
638.68	2127.78
636.842	2134.07
635.004	2160.76
633.165	2143.94
631.326	2165.18
629.486	2130.69
627.646	2181.81
625.805	2140.54
623.964	2160.4
622.122	2177.54
620.28	2168.88
618.438	2123.58
616.595	2090.52
614.752	2111.73
612.908	2094.95
611.064	1981.94
609.219	2001.8
607.374	1966.09
605.529	1941.24
603.683	1920.46
601.837	1920.01
599.99	1899.24
598.143	1892.03
596.295	1890.22
594.447	1908.71
592.598	1840.64
590.749	1902.4
588.9	1838.41
587.05	1870.41
585.2	1829.43
583.349	1853.31
581.498	1846.12
579.646	1849.73
577.794	1826.34
575.942	1824.56
574.089	1848.41
572.235	1818.29
570.381	1854.27
568.527	1825.52
566.672	1884.39
564.817	1815.21
562.962	1937.39
561.106	1877.66
559.249	1827.39
557.392	1822.91
555.535	1884.39
553.677	1805.9
551.819	1796.05
549.96	1741.82
548.101	1820.74
546.241	1739.65
544.381	1801.06
542.521	1787.19
540.66	1746.46
538.799	1754.11
536.937	1822.17
535.075	1789.52
533.212	1802.51
531.349	1775.25
529.485	1798.97
527.621	1798.54
525.757	1720.34
523.892	1795.01
522.027	1913.86
520.161	2013.9
518.295	1946.44
516.428	1833.47
514.561	1705.84
512.693	1651.88
510.825	1659.52
508.957	1608.28
507.088	1625.29
505.219	1602.16
503.349	1593.76
501.479	1566.65
499.608	1562.26
497.737	1551.2
495.865	1541.48
493.993	1539.78
492.121	1524.72
490.248	1513.68
488.374	1521.33
486.501	1508.96
484.626	1495.26
482.752	1514.91
480.876	1543.88
479.001	1452.87
477.125	1492.5
475.248	1446.85
473.371	1445.17
471.494	1462.14
469.616	1428.51
467.738	1458.78
465.859	1478.39
463.98	1436.8
462.1	1431.13
460.22	1401.54
458.34	1401.2
456.459	1399.54
454.577	1364.66
452.695	1345.73
450.813	1417.13
448.93	1443.35
447.047	1392.56
445.163	1408.16
443.279	1364.03
441.395	1369.01
439.51	1324.92
437.624	1364.38
435.738	1368.03
433.852	1313.37
431.965	1346.18
430.078	1291.55
428.19	1304.48
426.302	1293.58
424.413	1314.45
422.524	1312.81
420.635	1301.92
418.745	1287.06
416.854	1265.59
414.964	1271.9
413.072	1229.3
411.18	1244.86
409.288	1223.42
407.396	1213.89
405.502	1216.24
403.609	1242.35
401.715	1255.25
399.82	1195.57
397.925	1211.12
396.03	1188.41
394.134	1178.89
392.238	1150.93
390.341	1173.06
388.444	1176.73
