2105.28	9.93409
2103.77	19.8682
2102.26	30436.6
2100.75	32146.5
2099.24	32426
2097.73	32090
2096.22	31777.3
2094.71	32189
2093.19	32048.3
2091.68	31916
2090.17	32238.1
2088.66	31712.6
2087.14	32006.5
2085.63	32105.5
2084.11	31856.1
2082.6	31747
2081.09	31969.8
2079.57	31959.8
2078.06	31692.4
2076.54	31756.7
2075.02	31816
2073.51	32033.5
2071.99	31761.4
2070.47	31764.6
2068.96	31934.3
2067.44	31611.3
2065.92	31774.3
2064.4	31818.6
2062.88	31494.2
2061.37	31617.6
2059.85	31579.7
2058.33	31640.6
2056.81	31602.7
2055.29	31900.3
2053.77	31452.9
2052.25	31398.6
2050.72	31410.1
2049.2	31369
2047.68	31484
2046.16	31621.9
2044.64	31267.1
2043.11	31198.1
2041.59	31331.1
2040.07	31370.5
2038.54	31216.2
2037.02	31294.9
2035.5	31222.8
2033.97	31242.4
2032.45	31299.8
2030.92	31386.6
2029.4	31026.1
2027.87	31193.2
2026.34	31227.6
2024.82	31124.4
2023.29	31276.7
2021.76	30967.2
2020.24	31108
2018.71	31013.1
2017.18	31160.3
2015.65	31004.9
2014.12	31086.7
2012.59	31116.1
2011.06	30880.7
2009.53	30830.1
2008	30848.1
2006.47	30787.7
2004.94	30993.5
2003.41	31261.3
2001.88	30856.4
2000.35	30825.4
1998.82	30822.2
1997.28	30792.9
1995.75	30665.7
1994.22	30760.3
1992.69	30701.6
1991.15	30734.3
1989.62	30900.6
1988.08	30923.4
1986.55	31006.4
1985.01	30825.6
1983.48	30980.3
1981.94	30682.4
1980.41	30789.8
1978.87	30794.7
1977.33	30817.5
1975.8	31066.4
1974.26	30763.8
1972.72	30573.6
1971.19	30746
1969.65	30721.6
1968.11	30780.1
1966.57	31127.8
1965.03	30859.7
1963.49	30629.1
1961.95	30970
1960.41	30522
1958.87	30869.3
1957.33	30833.6
1955.79	30833.6
1954.25	30840
1952.71	30927.5
1951.16	31021.5
1949.62	30899.9
1948.08	30818.8
1946.54	30904.6
1944.99	30706.9
1943.45	30851
1941.9	30669.7
1940.36	30792.7
1938.82	30912.4
1937.27	30944.7
1935.72	30664.7
1934.18	30632.4
1932.63	30840.9
1931.09	30753.6
1929.54	30997.6
1927.99	30667.8
1926.45	30398
1924.9	30524
1923.35	30740.4
1921.8	30703.2
1920.25	30746.7
1918.7	30410.9
1917.16	30701.4
1915.61	30736.8
1914.06	30536.8
1912.51	30801.2
1910.95	30570.6
1909.4	30394.8
1907.85	30583.4
1906.3	30317.5
1904.75	30552.7
1903.2	30502.7
1901.64	30544.6
1900.09	30396.4
1898.54	30552.5
1896.98	30401.2
1895.43	30510.6
1893.88	30676.2
1892.32	30441.3
1890.77	30521.7
1889.21	30510.4
1887.66	30534.4
1886.1	30495.8
1884.54	30354.4
1882.99	30115
1881.43	30240.3
1879.87	30339.8
1878.32	30294.9
1876.76	30221
1875.2	30341.3
1873.64	30259.5
1872.08	30386.2
1870.52	30278.7
1868.96	30073.5
1867.4	30289.8
1865.84	30373.1
1864.28	30204.8
1862.72	30467.5
1861.16	30171.2
1859.6	30566.6
1858.04	30156.7
1856.48	30150.3
1854.91	30327.9
1853.35	30196.6
1851.79	30286.1
1850.22	30123
1848.66	30180.5
1847.1	30439.4
1845.53	30306.7
1843.97	30245.9
1842.4	30282.5
1840.84	30569.9
1839.27	30379.8
1837.7	30406.8
1836.14	30333.3
1834.57	30626.8
1833	30344.3
1831.44	30505.3
1829.87	30368
1828.3	30385.4
1826.73	30409.2
1825.16	30538.2
1823.59	30463.1
1822.02	30045.7
1820.45	30427.8
1818.88	30381.5
1817.31	30274.7
1815.74	30306.5
1814.17	30363.6
1812.6	30371.4
1811.03	30353.8
1809.46	30119.9
1807.88	30269.3
1806.31	30537.8
1804.74	30232.5
1803.16	30253
1801.59	30470.5
1800.02	30452.9
1798.44	30514.6
1796.87	30492.2
1795.29	30234.9
1793.71	30255.4
1792.14	30445.7
1790.56	30312.3
1788.99	30393
1787.41	30369
1785.83	30484.6
1784.25	30466.9
1782.68	30417.6
1781.1	30586.9
1779.52	30520.2
1777.94	30512
1776.36	30649.5
1774.78	30658.8
1773.2	30628.5
1771.62	31091.7
1770.04	30522
1768.46	30858.6
1766.88	30606.9
1765.3	30583
1763.71	30538.5
1762.13	30876.3
1760.55	30934.4
1758.97	30818.8
1757.38	30591.2
1755.8	30617.7
1754.22	30653.8
1752.63	30812.8
1751.05	30755.7
1749.46	30917.9
1747.88	30758.3
1746.29	30866.7
1744.7	30625.2
1743.12	30977.9
1741.53	31109.9
1739.94	31043.4
1738.36	31139
1736.77	30996.9
1735.18	31327.1
1733.59	31203.9
1732	31371.8
1730.41	31368.2
1728.82	31388.2
1727.23	31140.8
1725.64	31563.3
1724.05	31749.8
1722.46	31581.1
1720.87	31668.6
1719.28	31569.1
1717.69	31703.6
1716.1	31893
1714.5	31755.8
1712.91	31964
1711.32	31878.6
1709.72	31841.9
1708.13	31921.3
1706.53	32075.9
1704.94	32296.3
1703.34	32281.5
1701.75	32520.6
1700.15	32540.2
1698.56	32595.8
1696.96	32858.1
1695.36	32897.9
1693.77	32980
1692.17	33340.7
1690.57	33197.3
1688.97	33377.9
1687.38	33500.5
1685.78	33429.1
1684.18	34003.4
1682.58	34000.7
1680.98	34118.4
1679.38	34264.1
1677.78	34355.1
1676.18	34560
1674.57	34608.7
1672.97	34921.2
1671.37	34754.5
1669.77	34946.6
1668.17	35538.1
1666.56	35627.1
1664.96	35514.9
1663.36	35851.7
1661.75	35946.8
1660.15	36091.7
1658.54	36245.8
1656.94	36431.1
1655.33	36510.4
1653.73	36518
1652.12	36673.6
1650.51	36894.3
1648.91	36998.3
1647.3	37481.9
1645.69	37324.4
1644.08	37569.7
1642.48	37312.8
1640.87	37217.7
1639.26	37650.9
1637.65	37676.9
1636.04	37283.5
1634.43	37568.9
1632.82	37332.5
1631.21	37541.6
1629.6	37795.7
1627.99	37919.4
1626.38	37489.2
1624.76	37389.5
1623.15	37758.2
1621.54	37641.4
1619.92	37775.8
1618.31	37790.8
1616.7	37333.3
1615.08	37576.1
1613.47	37419.2
1611.85	37243.9
1610.24	37382.8
1608.62	37425.7
1607.01	37324.7
1605.39	37010.3
1603.77	36969.7
1602.16	37120.9
1600.54	36955.2
1598.92	37080
1597.3	36722.7
1595.69	36550.9
1594.07	36658.8
1592.45	36680.1
1590.83	36882
1589.21	36716.5
1587.59	36594.3
1585.97	36828.5
1584.35	36727.9
1582.73	36812.4
1581.1	36747.3
1579.48	36776.3
1577.86	36825.2
1576.24	36787.9
1574.61	36733.6
1572.99	36637.8
1571.37	36532.8
1569.74	36883.4
1568.12	36921.5
1566.49	36764.2
1564.87	36565.4
1563.24	36265.1
1561.62	36235.7
1559.99	36244.6
1558.36	36229
1556.74	36493
1555.11	36563.4
1553.48	36762.7
1551.85	36866.7
1550.23	36926.2
1548.6	37277.2
1546.97	37011.2
1545.34	37082.9
1543.71	36372.2
1542.08	36494.6
1540.45	36117
1538.82	36147.4
1537.19	35889.7
1535.55	35367
1533.92	35441.9
1532.29	34852.1
1530.66	34924.1
1529.02	35147.5
1527.39	34654.6
1525.76	34783.2
1524.12	34887.2
1522.49	34852
1520.85	34602.7
1519.22	34881
1517.58	34526.3
1515.95	34524.8
1514.31	34269.7
1512.67	34718.9
1511.04	34421.1
1509.4	34166.1
1507.76	34447.1
1506.12	34163.3
1504.48	34381.5
1502.85	33974.3
1501.21	34065.9
1499.57	34091.9
1497.93	34038.7
1496.29	34332.9
1494.65	34205
1493.01	34555.4
1491.36	34719.9
1489.72	35006.2
1488.08	35138.5
1486.44	35528
1484.8	35885.4
1483.15	36451
1481.51	36829.3
1479.86	36666.1
1478.22	36855.6
1476.58	37045.1
1474.93	36912.2
1473.29	37472.3
1471.64	37602.3
1469.99	37821.8
1468.35	38054.8
1466.7	38204.3
1465.05	38160.9
1463.41	38269.3
1461.76	38415.6
1460.11	38484.4
1458.46	38462.2
1456.81	38779.6
1455.16	38751.3
1453.51	38521.5
1451.86	38249.3
1450.21	38449.9
1448.56	38108.2
1446.91	37949.8
1445.26	37381.3
1443.61	37531.9
1441.95	37248.2
1440.3	37528.9
1438.65	37791.2
1437	37923.5
1435.34	37720
1433.69	37261.2
1432.03	36885.8
1430.38	36625.3
1428.72	36586.9
1427.07	36572.8
1425.41	36711.1
1423.75	37293.1
1422.1	37227.4
1420.44	37516.3
1418.78	37702.6
1417.13	37356.4
1415.47	37182.2
1413.81	36789.5
1412.15	36858.2
1410.49	35941.5
1408.83	35891.3
1407.17	35698
1405.51	35681.1
1403.85	36193.9
1402.19	36050.4
1400.53	36183.8
1398.87	36821.1
1397.2	36915.1
1395.54	36909.9
1393.88	36730.3
1392.21	36786.7
1390.55	36475
1388.89	36142.3
1387.22	36146.3
1385.56	36621.7
1383.89	36586.5
1382.23	37037.6
1380.56	36834.3
1378.89	37685.7
1377.23	37555.8
1375.56	38009.3
1373.89	37937.8
1372.22	37668.5
1370.56	38709.1
1368.89	38231.5
1367.22	38065.6
1365.55	37544.9
1363.88	37293.9
1362.21	36891.9
1360.54	36834.2
1358.87	36429.5
1357.2	36386.9
1355.53	36280
1353.85	36307.8
1352.18	36204
1350.51	36476.8
1348.84	36582.2
1347.16	36950.5
1345.49	36936.2
1343.81	37822.4
1342.14	38021.4
1340.46	38860.7
1338.79	39298.1
1337.11	40200.8
1335.44	40270.9
1333.76	40651
1332.08	40761.2
1330.41	40570.1
1328.73	40808.4
1327.05	41040.6
1325.37	40968.8
1323.69	40900
1322.02	40706.2
1320.34	41167.4
1318.66	41409.7
1316.98	40416.9
1315.29	40235.2
1313.61	40087.8
1311.93	39322
1310.25	39042.6
1308.57	38284.7
1306.89	37949.2
1305.2	37444.5
1303.52	37244.5
1301.84	36833.7
1300.15	36074.2
1298.47	36031.9
1296.78	35529.7
1295.1	35045.4
1293.41	35331.2
1291.73	35154.2
1290.04	34562.1
1288.35	33869.6
1286.67	33439.6
1284.98	32645.4
1283.29	32417.3
1281.6	32250
1279.91	32121.3
1278.23	31992.7
1276.54	31917.4
1274.85	31818.5
1273.16	31818.7
1271.47	31684.3
1269.77	31567.7
1268.08	31560.6
1266.39	31531.3
1264.7	31363.1
1263.01	31319.1
1261.31	31187.9
1259.62	31462.9
1257.93	31345
1256.23	31299.6
1254.54	31221.6
1252.84	31254.4
1251.15	31824
1249.45	31536.6
1247.76	31554.5
1246.06	31868.7
1244.37	32237.2
1242.67	32122.3
1240.97	32498
1239.27	32665.8
1237.57	32693.8
1235.88	32537.7
1234.18	32555.3
1232.48	32671.5
1230.78	32164
1229.08	32084.6
1227.38	31681.9
1225.68	31555.6
1223.98	31145.8
1222.27	30708.3
1220.57	30532.4
1218.87	30446.2
1217.17	30142.7
1215.46	30011
1213.76	29945.5
1212.06	30114.8
1210.35	29390.6
1208.65	29537.9
1206.94	29306.9
1205.24	28992.4
1203.53	29290.6
1201.82	29338.2
1200.12	29016.5
1198.41	29275
1196.7	28675.4
1194.99	28939.6
1193.29	28624.2
1191.58	28812.3
1189.87	28492.7
1188.16	28644.2
1186.45	28608.4
1184.74	28813.8
1183.03	28668.4
1181.32	28393
1179.61	28531.2
1177.89	28469.1
1176.18	28315.2
1174.47	28454.7
1172.76	28821.8
1171.04	28892.6
1169.33	28731.3
1167.62	28813.7
1165.9	28665.7
1164.19	28653.3
1162.47	28738.6
1160.76	28549.9
1159.04	28540.4
1157.32	28121.7
1155.61	28431.3
1153.89	27926.9
1152.17	27987.5
1150.45	27626
1148.73	27560
1147.02	27396.6
1145.3	27322
1143.58	27315.8
1141.86	27316.8
1140.14	27034.4
1138.42	26893.1
1136.69	26990.1
1134.97	26915.6
1133.25	27044.5
1131.53	27428.7
1129.81	27351.3
1128.08	27313.1
1126.36	26886.2
1124.64	26840.9
1122.91	26415.8
1121.19	26201
1119.46	26226.8
1117.74	26258.5
1116.01	26243.8
1114.28	26153.8
1112.56	26279.5
1110.83	26253.2
1109.1	26254.4
1107.37	26089.2
1105.65	25941.5
1103.92	25856
1102.19	25990.3
1100.46	25588.2
1098.73	25635.8
1097	25502.8
1095.27	25462.2
1093.54	25469.4
1091.8	25281.6
1090.07	25245.5
1088.34	25373.9
1086.61	25558.5
1084.87	25709.8
1083.14	25776
1081.41	25928.7
1079.67	25883.8
1077.94	25847.6
1076.2	25735
1074.47	25975.4
1072.73	26057.2
1071	26110.3
1069.26	26028
1067.52	26013.3
1065.78	26180
1064.05	26096.3
1062.31	26803.6
1060.57	26771.5
1058.83	26932.1
1057.09	26783.6
1055.35	26885.2
1053.61	26798.5
1051.87	26885.7
1050.13	27008.7
1048.39	27275.2
1046.65	27256
1044.9	27635.7
1043.16	27543.2
1041.42	27749.1
1039.67	27235.1
1037.93	27362.1
1036.19	26941.6
1034.44	26815
1032.7	26966.4
1030.95	26799.8
1029.2	26245.1
1027.46	26310.6
1025.71	26416.2
1023.96	26238.4
1022.22	25834.6
1020.47	26037.4
1018.72	25775.4
1016.97	25948.2
1015.22	25717.8
1013.47	25573.2
1011.72	25497.3
1009.97	25307.1
1008.22	25311.3
1006.47	25204
1004.72	25322.4
1002.97	24885.6
1001.21	24915.5
999.461	24678.6
997.708	24554.5
995.954	24417.7
994.2	24087.1
992.446	24243.9
990.691	24100.1
988.936	23939.3
987.18	23997.8
985.424	23939.5
983.667	23855.7
981.911	23861.5
980.153	23877.3
978.396	23725.3
976.637	23758.2
974.879	23741.3
973.12	23643.4
971.361	23713.2
969.601	23882.4
967.841	23632.6
966.08	23610
964.319	23588.9
962.558	23880.1
960.796	24145.5
959.034	24216.5
957.271	24044.9
955.508	23792.6
953.744	23758.7
951.981	23567.5
950.216	23387.7
948.452	23288.8
946.686	23066.7
944.921	22925.3
943.155	22815.2
941.389	22829.7
939.622	22576.8
937.855	22616.8
936.087	22713.4
934.319	22794.3
932.551	22847
930.782	22730
929.013	22849
927.243	22696.8
925.473	22692.9
923.703	22813.3
921.932	22909.6
920.16	23027
918.389	22925.7
916.617	22721.4
914.844	22844.5
913.071	22805.3
911.298	22285.4
909.524	22252
907.75	22160.9
905.975	22212
904.2	22301.2
902.425	22051
900.649	21950.1
898.873	21871.8
897.096	21935.6
895.319	22141.5
893.541	22119.5
891.764	22141
889.985	22003.7
888.206	22092.7
886.427	22176
884.648	21849.1
882.868	21873.5
881.087	21772.9
879.306	21729.9
877.525	21875
875.743	22015.8
873.961	21589.8
872.179	21562.3
870.396	21620.4
868.613	21566.2
866.829	21583.6
865.045	21644.4
863.26	21586.1
861.475	21490
859.69	21788.8
857.904	21859.3
856.117	21774.4
854.331	21742.7
852.544	21855.1
850.756	21817.8
848.968	21665.9
847.18	21677.6
845.391	21819.2
843.602	21622.7
841.812	21621.8
840.022	21521.8
838.232	21543.2
836.441	21366.5
834.649	20926
832.858	21034.1
831.066	21027.8
829.273	21080
827.48	20825.5
825.687	21045
823.893	20833.8
822.099	20713.3
820.304	20825.4
818.509	20748.1
816.713	20643
814.917	20773.2
813.121	20591.5
811.324	20493.5
809.527	20599.9
807.729	20485.2
805.931	20573.5
804.133	20445
802.334	20362.4
800.534	20388.1
798.735	20505.6
796.935	20421.6
795.134	20222.4
793.333	20543.8
791.531	20514
789.73	20536.9
787.927	20379.5
786.125	20574.4
784.321	20428.1
782.518	20315.2
780.714	20065.1
778.909	19938.5
777.105	19906.1
775.299	20128.5
773.494	20180.5
771.687	20105.2
769.881	19840.3
768.074	19890.9
766.266	20070.2
764.459	19809.6
762.65	19893.4
760.842	20011.8
759.033	19990.5
757.223	20101.8
755.413	20251.8
753.603	20173.8
751.792	20206.3
749.981	20198.8
748.169	20358.2
746.357	20636.2
744.544	20954.1
742.731	21473.2
740.918	22361.5
739.104	24481.5
737.29	27711.2
735.475	32386
733.66	37017.2
731.845	39356.2
730.029	38574.6
728.212	35064.1
726.395	30126.8
724.578	26240.2
722.761	23847.7
720.942	22209.9
719.124	21199.7
717.305	20420.9
715.485	20146.8
713.666	20177.7
711.845	20227.9
710.025	20092.6
708.204	20175.8
706.382	20180.6
704.56	19948
702.738	19675.8
700.915	19660.2
699.092	19319.6
697.268	19216.3
695.444	18822.6
693.619	18925
691.794	18979.4
689.969	18994.1
688.143	19212.8
686.316	19279.4
684.49	19352.8
682.663	19326.4
680.835	19505.1
679.007	19355.5
677.178	18876.5
675.35	18702.5
673.52	18609.2
671.69	18330.2
669.86	18196.1
668.03	18085.2
666.199	18030.4
664.367	18046.6
662.535	17826.7
660.703	17883.9
658.87	17874.2
657.037	17875.4
655.203	17831.7
653.369	17906.5
651.534	18075.3
649.699	17749.5
647.864	17636.3
646.028	17795.5
644.192	17593.9
642.355	17649.6
640.518	17729.8
638.68	17503.8
636.842	17482
635.004	17479.2
633.165	17477.8
631.326	17426.1
629.486	17646.1
627.646	17453.1
625.805	17514.2
623.964	17427.2
622.122	17508.6
620.28	17287.2
618.438	17156.9
616.595	17260
614.752	17215.2
612.908	16957.6
611.064	16807.2
609.219	16739.5
607.374	16690.8
605.529	16204.5
603.683	16403.8
601.837	16306.5
599.99	16229.5
598.143	16231.1
596.295	16158.2
594.447	16273.4
592.598	16254.7
590.749	16192.7
588.9	16057.7
587.05	16043.1
585.2	16014.9
583.349	16313.7
581.498	15866.9
579.646	16098
577.794	16113.1
575.942	15936.5
574.089	15935.4
572.235	15947.8
570.381	16300.1
568.527	16075.1
566.672	16018.7
564.817	16087.6
562.962	16023.2
561.106	15999.2
559.249	16064
557.392	15738.4
555.535	15901.6
553.677	15644.8
551.819	15693.6
549.96	15610.5
548.101	15450.8
546.241	15476.7
544.381	15294.2
542.521	15290.6
540.66	15234.5
538.799	15138.2
536.937	15009.7
535.075	15088.1
533.212	14911.3
531.349	14872.9
529.485	14830.4
527.621	14875.2
525.757	14768.4
523.892	14488.7
522.027	14449.1
520.161	14424.2
518.295	14380.6
516.428	14379.8
514.561	14112.6
512.693	14233.8
510.825	14130
508.957	14022.3
507.088	13953.4
505.219	13865.8
503.349	13902.6
501.479	13694.8
499.608	13763.7
497.737	13800.5
495.865	13644.9
493.993	13534.8
492.121	13398.1
490.248	13533.7
488.374	13497.1
486.501	13448.5
484.626	13364
482.752	13443.5
480.876	13298.9
479.001	13563.7
477.125	13317.9
475.248	13020.3
473.371	13284.9
471.494	13090
469.616	13073.6
467.738	12922.7
465.859	12862.4
463.98	12766.2
462.1	12811
460.22	12789.4
458.34	12952.5
456.459	12734.1
454.577	12809.5
452.695	12522.1
450.813	12553.7
448.93	12463
447.047	12345.9
445.163	12370.8
443.279	12260.4
441.395	12106.2
439.51	12167
437.624	12157.5
435.738	12190.4
433.852	12004.6
431.965	11993.7
430.078	12008.1
428.19	12018.5
426.302	11684.6
424.413	11832.7
422.524	11590.4
420.635	11584.9
418.745	11591.4
416.854	11468.3
414.964	11461.6
413.072	11501.2
411.18	11379.5
409.288	11436.2
407.396	11347.7
405.502	11236.7
403.609	11381.8
401.715	11092.7
399.82	10964.7
397.925	11125.7
396.03	10966.1
394.134	10970
392.238	10856.7
390.341	10892.3
388.444	10649.9
