2105.28	6.62272
2103.77	4.96704
2102.26	3742.71
2100.75	3953.76
2099.24	3954.59
2097.73	3950.45
2096.22	4085.25
2094.71	3927.3
2093.19	3918.21
2091.68	3970.28
2090.17	4000.85
2088.66	3945.48
2087.14	3952.91
2085.63	3966.95
2084.11	3990.88
2082.6	3930.62
2081.09	3934.74
2079.57	3983.42
2078.06	4005.68
2076.54	3859.69
2075.02	3942.99
2073.51	3945.45
2071.99	3959.46
2070.47	3892.71
2068.96	3959.45
2067.44	3887.78
2065.92	4015.43
2064.4	3919.08
2062.88	4000.57
2061.37	3889.45
2059.85	3911.67
2058.33	3942.11
2056.81	3954.44
2055.29	4042.42
2053.77	4044.86
2052.25	3910.85
2050.72	4000.43
2049.2	3953.58
2047.68	4016.82
2046.16	3935.49
2044.64	3926.45
2043.11	3909.21
2041.59	3962.56
2040.07	3892.79
2038.54	3887.05
2037.02	3873.11
2035.5	3875.58
2033.97	3894.44
2032.45	3880.5
2030.92	3941.97
2029.4	3862.48
2027.87	3868.22
2026.34	3900.17
2024.82	3909.18
2023.29	3875.61
2021.76	3950.09
2020.24	3932.9
2018.71	3907.52
2017.18	3888.7
2015.65	3958.22
2014.12	3939.4
2012.59	3914.04
2011.06	3854.37
2009.53	3796.36
2008	3842.94
2006.47	3856.84
2004.94	3888.69
2003.41	3814.39
2001.88	3906.64
2000.35	3827.47
1998.82	3828.3
1997.28	3825.86
1995.75	3869.09
1994.22	3925.35
1992.69	3846.26
1991.15	3865.01
1989.62	3950.58
1988.08	3909.01
1986.55	3877.23
1985.01	3884.56
1983.48	3830
1981.94	3873.15
1980.41	3828.38
1978.87	3970.78
1977.33	3934.15
1975.8	3902.41
1974.26	3901.59
1972.72	3809.71
1971.19	3890.19
1969.65	3864.99
1968.11	3880.42
1966.57	3894.22
1965.03	3826.8
1963.49	3999.76
1961.95	3826.81
1960.41	3827.62
1958.87	3901.47
1957.33	3868.19
1955.79	3856.02
1954.25	3882.78
1952.71	3888.44
1951.16	3856.82
1949.62	3909.49
1948.08	3885.97
1946.54	3958.06
1944.99	3924.82
1943.45	3838.16
1941.9	3919.93
1940.36	3922.33
1938.82	3987.86
1937.27	3893.17
1935.72	3923.08
1934.18	3915.78
1932.63	3859.97
1931.09	3951.3
1929.54	3908.44
1927.99	3870.44
1926.45	3913.25
1924.9	3931.8
1923.35	3905.13
1921.8	3936.6
1920.25	3821.14
1918.7	3880.05
1917.16	3879.23
1915.61	3917.13
1914.06	3940.49
1912.51	3925.14
1910.95	3900.12
1909.4	3865.44
1907.85	3843.67
1906.3	3865.42
1904.75	3843.65
1903.2	3765.53
1901.64	3843.63
1900.09	3809.01
1898.54	3780.84
1896.98	3884.63
1895.43	3862.89
1893.88	3928.02
1892.32	3870.9
1890.77	3889.37
1889.21	3939.99
1887.66	3850.75
1886.1	3891.71
1884.54	3853.94
1882.99	3893.27
1881.43	3890.84
1879.87	3938.17
1878.32	3935.73
1876.76	3877.12
1875.2	3836.19
1873.64	3921.99
1872.08	3937.19
1870.52	3881.84
1868.96	3802.46
1867.4	3780.82
1865.84	3871.35
1864.28	3931.4
1862.72	3920.96
1861.16	3860.87
1859.6	3890.47
1858.04	3944.06
1856.48	3840.8
1854.91	3868.78
1853.35	3848.76
1851.79	3979.08
1850.22	3903.08
1848.66	3935.82
1847.1	3823.1
1845.53	3883.01
1843.97	3808.69
1842.4	3940.45
1840.84	3981.13
1839.27	3894.07
1837.7	3880.47
1836.14	3884.43
1834.57	3851.68
1833	3882.77
1831.44	3767.11
1829.87	3866.76
1828.3	3907.38
1826.73	3890.61
1825.16	3885
1823.59	3887.35
1822.02	3873.78
1820.45	3858.62
1818.88	3862.57
1817.31	3880.85
1815.74	3728.83
1814.17	3855.32
1812.6	3824.27
1811.03	3861.62
1809.46	3949.84
1807.88	3845.66
1806.31	3878.22
1804.74	3910.76
1803.16	3986.18
1801.59	3929.73
1800.02	3893.95
1798.44	3893.12
1796.87	3957.37
1795.29	3915.26
1793.71	3977.89
1792.14	3878.68
1790.56	3858.82
1788.99	3900.8
1787.41	3942.77
1785.83	3892.79
1784.25	3980.7
1782.68	3981.43
1781.1	3937.81
1779.52	3872.03
1777.94	3891.78
1776.36	3944.77
1774.78	3953.42
1773.2	3946.24
1771.62	3935.9
1770.04	3957.2
1768.46	3994.3
1766.88	3955.5
1765.3	3972.04
1763.71	3877.95
1762.13	3994.03
1760.55	3948.94
1758.97	4022.32
1757.38	3936.19
1755.8	3959.03
1754.22	4021.3
1752.63	4014.13
1751.05	4002.22
1749.46	3944.58
1747.88	3934.27
1746.29	4045.36
1744.7	3984.59
1743.12	3966.4
1741.53	4031.72
1739.94	4098.58
1738.36	3962.26
1736.77	4062.18
1735.18	4064.45
1733.59	4006.92
1732	4035.95
1730.41	4063.39
1728.82	4046.79
1727.23	4113.53
1725.64	4059.19
1724.05	4099.19
1722.46	4104.59
1720.87	4105.27
1719.28	4121.67
1717.69	4218.14
1716.1	4057.08
1714.5	4173.94
1712.91	4149.5
1711.32	4158.01
1709.72	4100.64
1708.13	4231.5
1706.53	4235.29
1704.94	4187.34
1703.34	4354.15
1701.75	4243.51
1700.15	4300.56
1698.56	4172.76
1696.96	4247.03
1695.36	4297.78
1693.77	4193.53
1692.17	4319.39
1690.57	4280.9
1688.97	4325.34
1687.38	4291.56
1685.78	4314.09
1684.18	4311.59
1682.58	4413.81
1680.98	4292.54
1679.38	4377.53
1677.78	4404.7
1676.18	4406.87
1674.57	4416.84
1672.97	4484.56
1671.37	4438.33
1669.77	4465.46
1668.17	4469.17
1666.56	4561.77
1664.96	4462.55
1663.36	4567.59
1661.75	4563.48
1660.15	4596.77
1658.54	4605.12
1656.94	4594.78
1655.33	4673.2
1653.73	4658.17
1652.12	4817.48
1650.51	4838.22
1648.91	4975.64
1647.3	4843.89
1645.69	4897.27
1644.08	4919.53
1642.48	4892.03
1640.87	5015.3
1639.26	4981.58
1637.65	5135.85
1636.04	5162.69
1634.43	5101
1632.82	5231.86
1631.21	5146.9
1629.6	5240.44
1627.99	5310.67
1626.38	5380.86
1624.76	5379.69
1623.15	5462.24
1621.54	5597.46
1619.92	5560.6
1618.31	5568.68
1616.7	5593.8
1615.08	5716.48
1613.47	5760.14
1611.85	5724.83
1610.24	5695.72
1608.62	5852.31
1607.01	5817
1605.39	5678.07
1603.77	5851.57
1602.16	5793.09
1600.54	5784.1
1598.92	5883.28
1597.3	5959.25
1595.69	5961.04
1594.07	5931.94
1592.45	5828.73
1590.83	5918.54
1589.21	5891.01
1587.59	5905.15
1585.97	5823.64
1584.35	5756.04
1582.73	5787.16
1581.1	5850.65
1579.48	5931.06
1577.86	5898.94
1576.24	5836.02
1574.61	5847.07
1572.99	5905.85
1571.37	5921.49
1569.74	5927.89
1568.12	6095.88
1566.49	6060.69
1564.87	6051.67
1563.24	6047.27
1561.62	6027.49
1559.99	5913.94
1558.36	5838.87
1556.74	5971.28
1555.11	5880.86
1553.48	5732.12
1551.85	5807.64
1550.23	5729.61
1548.6	5736.02
1546.97	5696.4
1545.34	5796.41
1543.71	5733.78
1542.08	5753.99
1540.45	5669.93
1538.82	5555.25
1537.19	5604.6
1535.55	5571.19
1533.92	5510.22
1532.29	5486.04
1530.66	5477.17
1529.02	5514.24
1527.39	5528.33
1525.76	5591.38
1524.12	5558.03
1522.49	5491.03
1520.85	5460.77
1519.22	5517.66
1517.58	5527.15
1515.95	5513.7
1514.31	5500.26
1512.67	5596.81
1511.04	5607.8
1509.4	5594.35
1507.76	5669.44
1506.12	5613.24
1504.48	5459.42
1502.85	5449.07
1501.21	5437.19
1499.57	5440.56
1497.93	5314.35
1496.29	5319.28
1494.65	5344.01
1493.01	5356.54
1491.36	5314.23
1489.72	5311.53
1488.08	5219.01
1486.44	5242.21
1484.8	5160.4
1483.15	5166.86
1481.51	5232.65
1479.86	5076.37
1478.22	5371.73
1476.58	5171.41
1474.93	5322.24
1473.29	5302.83
1471.64	5379.13
1469.99	5268.59
1468.35	5375.23
1466.7	5326.98
1465.05	5406.24
1463.41	5276.06
1461.76	5233.93
1460.11	5363.21
1458.46	5427.23
1456.81	5430.57
1455.16	5335.39
1453.51	5208.43
1451.86	5281.51
1450.21	5298.52
1448.56	5265.54
1446.91	5362.79
1445.26	5181.46
1443.61	5268.09
1441.95	5235.14
1440.3	5165.91
1438.65	5145.1
1437	5233.17
1435.34	5188.17
1433.69	5138.65
1432.03	5012.09
1430.38	4980.76
1428.72	4972.1
1427.07	4971
1425.41	4974.42
1423.75	4925.01
1422.1	4872.61
1420.44	4930.36
1418.78	4838.77
1417.13	4784.91
1415.47	4804.95
1413.81	4717.96
1412.15	4894.74
1410.49	4789.69
1408.83	4808.2
1407.17	4891.46
1405.51	5004.8
1403.85	4984.12
1402.19	5002.57
1400.53	5154.93
1398.87	5170.33
1397.2	5011.26
1395.54	5183.06
1393.88	5156.34
1392.21	5117.62
1390.55	5057.87
1388.89	4957.59
1387.22	4953.48
1385.56	4856.27
1383.89	4873.2
1382.23	4914.14
1380.56	4810.99
1378.89	4908.94
1377.23	4870.34
1375.56	4963.73
1373.89	5060.07
1372.22	5004.98
1370.56	4894.46
1368.89	4926.32
1367.22	4947.69
1365.55	4996
1363.88	4825.69
1362.21	4915.93
1360.54	5036.05
1358.87	4934.67
1357.2	5066.7
1355.53	5013.22
1353.85	5143.68
1352.18	5099.17
1350.51	5105.5
1348.84	5289.64
1347.16	5300.41
1345.49	5484.42
1343.81	5520.52
1342.14	5780.54
1340.46	6021.04
1338.79	6264.42
1337.11	6464.42
1335.44	6559.92
1333.76	6856.69
1332.08	7028.09
1330.41	7044.4
1328.73	7145.64
1327.05	7291.54
1325.37	7331.61
1323.69	7248.05
1322.02	7210.69
1320.34	7043.83
1318.66	6963.37
1316.98	6558.59
1315.29	6384.56
1313.61	6102.04
1311.93	5901.42
1310.25	5745.49
1308.57	5650.57
1306.89	5567.57
1305.2	5404.39
1303.52	5355.65
1301.84	5211.89
1300.15	5118.68
1298.47	5104.16
1296.78	5141.59
1295.1	5020.27
1293.41	4959.81
1291.73	4887.51
1290.04	4824.14
1288.35	4791.93
1286.67	4808.63
1284.98	4724.58
1283.29	4668.71
1281.6	4645.44
1279.91	4722.86
1278.23	4618.18
1276.54	4600.85
1274.85	4576.14
1273.16	4588.42
1271.47	4602.17
1269.77	4595.22
1268.08	4570.53
1266.39	4536.98
1264.7	4485.72
1263.01	4410.84
1261.31	4400.98
1259.62	4537.3
1257.93	4502.32
1256.23	4516.06
1254.54	4414.71
1252.84	4478.61
1251.15	4561.66
1249.45	4539.99
1247.76	4584.66
1246.06	4627.83
1244.37	4541.32
1242.67	4593.32
1240.97	4615.85
1239.27	4595.66
1237.57	4635.84
1235.88	4506.74
1234.18	4517.48
1232.48	4595.9
1230.78	4512.49
1229.08	4505.59
1227.38	4397.24
1225.68	4509.42
1223.98	4462.84
1222.27	4428.03
1220.57	4368.28
1218.87	4467.14
1217.17	4234.16
1215.46	4337.41
1213.76	4224.89
1212.06	4226.87
1210.35	4186.3
1208.65	4148.69
1206.94	4253.3
1205.24	4161.46
1203.53	4100.42
1201.82	4196.19
1200.12	4105.88
1198.41	4192.81
1196.7	4114.26
1194.99	4054.77
1193.29	4125.55
1191.58	4028.05
1189.87	4076.86
1188.16	4043.76
1186.45	4111.56
1184.74	4071.15
1183.03	4165.22
1181.32	4054.68
1179.61	4012.86
1177.89	4036.77
1176.18	4092.79
1174.47	4072.88
1172.76	4047.14
1171.04	4043.3
1169.33	4100.72
1167.62	4121.67
1165.9	4084.27
1164.19	4055.64
1162.47	4028.48
1160.76	3957.61
1159.04	4115.5
1157.32	4044.65
1155.61	3978.2
1153.89	3846.26
1152.17	3918.16
1150.45	3834.32
1148.73	3929.46
1147.02	3813.65
1145.3	3872.4
1143.58	3883.14
1141.86	3815.39
1140.14	3836.32
1138.42	3771.51
1136.69	3912.99
1134.97	3801.73
1133.25	3844.42
1131.53	3794.19
1129.81	3826.69
1128.08	3846.13
1126.36	3888.76
1124.64	3851.61
1122.91	3886.97
1121.19	3822.3
1119.46	3928.66
1117.74	3859.67
1116.01	3742.9
1114.28	3776.8
1112.56	3752.77
1110.83	3746.11
1109.1	3775.64
1107.37	3728.48
1105.65	3746.43
1103.92	3680.49
1102.19	3770.73
1100.46	3706.26
1098.73	3753.1
1097	3707.45
1095.27	3648.81
1093.54	3708.63
1091.8	3706.33
1090.07	3766.11
1088.34	3697.41
1086.61	3674.92
1084.87	3692.82
1083.14	3660.24
1081.41	3644.98
1079.67	3651.35
1077.94	3640.42
1076.2	3653.99
1074.47	3599.85
1072.73	3548.61
1071	3601.07
1069.26	3582.96
1067.52	3572.06
1065.78	3549.66
1064.05	3567.54
1062.31	3588.29
1060.57	3532.82
1058.83	3579.45
1057.09	3495.26
1055.35	3642.45
1053.61	3591.33
1051.87	3589.07
1050.13	3586.8
1048.39	3564.44
1046.65	3593.76
1044.9	3562.79
1043.16	3649.48
1041.42	3605.61
1039.67	3584.7
1037.93	3569.54
1036.19	3583.04
1034.44	3532.06
1032.7	3521.22
1030.95	3494.62
1029.2	3691.42
1027.46	3596.08
1025.71	3566.62
1023.96	3541.47
1022.22	3542.08
1020.47	3597.04
1018.72	3587.63
1016.97	3586.8
1015.22	3520.22
1013.47	3625.15
1011.72	3614.31
1009.97	3600.61
1008.22	3652.61
1006.47	3574.68
1004.72	3578.13
1002.97	3607.26
1001.21	3575.04
999.461	3664.07
997.708	3660.37
995.954	3583.96
994.2	3561.75
992.446	3620.77
990.691	3598.56
988.936	3633.33
987.18	3625.37
985.424	3571.85
983.667	3586.68
981.911	3620
980.153	3536.64
978.396	3550.05
976.637	3613.21
974.879	3544.13
973.12	3561.78
971.361	3558.11
969.601	3520.35
967.841	3501.07
966.08	3579.77
964.319	3618.69
962.558	3630.62
960.796	3656.74
959.034	3753.77
957.271	3724.53
955.508	3780.39
953.744	3763.91
951.981	3682.25
950.216	3674.3
948.452	3579.95
946.686	3501.21
944.921	3462.17
943.155	3529.31
941.389	3374.22
939.622	3401.73
937.855	3424.99
936.087	3265.78
934.319	3402.18
932.551	3384.42
930.782	3346.88
929.013	3380.02
927.243	3322.72
925.473	3247.09
923.703	3315.52
921.932	3374.04
920.16	3284.33
918.389	3256.76
916.617	3229.19
914.844	3177.66
913.071	3248.84
911.298	3152.21
909.524	3193.76
907.75	3133.83
905.975	3183.81
904.2	3236.59
902.425	3182.33
900.649	3267.46
898.873	3320.18
897.096	3291.26
895.319	3282.05
893.541	3234.87
891.764	3326.91
889.985	3231.95
888.206	3255.08
886.427	3226.22
884.648	3240.92
882.868	3179.77
881.087	3163.58
879.306	3221.8
877.525	3194.38
875.743	3183.8
873.961	3111.51
872.179	3150.06
870.396	3124.08
868.613	3142.97
866.829	3196.9
865.045	3078.45
863.26	3122.55
861.475	3058.8
859.69	3142.09
857.904	3124.56
856.117	3143.42
854.331	3121.69
852.544	3105.57
850.756	3111.84
848.968	3154.45
847.18	3068.44
845.391	3120.83
843.602	3139.66
841.812	3094.22
840.022	3040.42
838.232	3095.56
836.441	3055.74
834.649	3073.17
832.858	3104.54
831.066	2999.19
829.273	3052.87
827.48	2997.78
825.687	2999.86
823.893	2922.5
822.099	3026.32
820.304	2955.96
818.509	2970.58
816.713	2989.38
814.917	3054.1
813.121	2997.71
811.324	2965
809.527	2914.23
807.729	3012.28
805.931	2936.5
804.133	2857.96
802.334	2960.13
800.534	2880.24
798.735	2879.56
796.935	2902.49
795.134	2896.25
793.333	2946.93
791.531	2864.36
789.73	2921.96
787.927	2944.85
786.125	2926.13
784.321	2907.41
782.518	2867.92
780.714	2863.08
778.909	2855.48
777.105	2900.52
775.299	2890.14
773.494	2895
771.687	2895.7
769.881	2836.89
768.074	2872.2
766.266	2868.75
764.459	2818.29
762.65	2759.56
760.842	2815.58
759.033	2866.05
757.223	2847.41
755.413	2808.06
753.603	2870.92
751.792	2910.28
749.981	2916.5
748.169	2925.47
746.357	2902.7
744.544	2999.95
742.731	3095.77
740.918	3129.5
739.104	3290.02
737.29	3615.83
735.475	4219.77
733.66	4954.26
731.845	5524.55
730.029	5676.06
728.212	5451.75
726.395	4798.22
724.578	3971.66
722.761	3508.6
720.942	3245.13
719.124	3053.28
717.305	2956.35
715.485	2925.42
713.666	2887.63
711.845	2899.31
710.025	2871.16
708.204	2838.91
706.382	2827.26
704.56	2790.91
702.738	2820.43
700.915	2737.48
699.092	2825.95
697.268	2763.6
695.444	2730.05
693.619	2782.84
691.794	2767.12
689.969	2830.83
688.143	2830.16
686.316	2792.53
684.49	2835.66
682.663	2837.72
680.835	2856.2
679.007	2869.2
677.178	2813.83
675.35	2845.97
673.52	2783.8
671.69	2750.35
669.86	2804.34
668.03	2862.39
666.199	2869.91
664.367	2813.26
662.535	2778.48
660.703	2878.78
658.87	2842.63
657.037	2851.51
655.203	2800.38
653.369	2877.41
651.534	2854.93
649.699	2893.76
647.864	2812.71
646.028	2790.26
644.192	2797.76
642.355	2786.21
640.518	2754.25
638.68	2708.7
636.842	2714.86
635.004	2748.21
633.165	2761.15
631.326	2700.69
629.486	2702.77
627.646	2676.32
625.805	2768.04
623.964	2785.03
622.122	2803.38
620.28	2745.71
618.438	2735.56
616.595	2691.5
614.752	2703.06
612.908	2633.27
611.064	2532.32
609.219	2595.42
607.374	2596.16
605.529	2605.03
603.683	2586.8
601.837	2527.96
599.99	2535.48
598.143	2519.99
596.295	2505.87
594.447	2480.92
592.598	2545.25
590.749	2485.15
588.9	2481.85
587.05	2469.1
585.2	2498.24
583.349	2501.7
581.498	2511.91
579.646	2451.9
577.794	2478.31
575.942	2489.87
574.089	2435.31
572.235	2450.92
570.381	2397.74
568.527	2406.61
566.672	2493.65
564.817	2468.8
562.962	2438.57
561.106	2371.99
559.249	2372.77
557.392	2401.83
555.535	2401.26
553.677	2330.71
551.819	2392.04
549.96	2345.74
548.101	2277.95
546.241	2327.15
544.381	2383.04
542.521	2328.73
540.66	2361.76
538.799	2338.36
536.937	2396.89
535.075	2450.02
533.212	2379.64
531.349	2357.6
529.485	2330.21
527.621	2352.46
525.757	2367.99
523.892	2438.47
522.027	2705.94
520.161	3009.46
518.295	3034.19
516.428	2674.54
514.561	2450.3
512.693	2275.69
510.825	2311.28
508.957	2197
507.088	2243.3
505.219	2217.35
503.349	2174.04
501.479	2129.41
499.608	2162.31
497.737	2108.35
495.865	2154.6
493.993	2140.73
492.121	2157.58
490.248	2146.39
488.374	2184.57
486.501	2133.35
484.626	2131.51
482.752	2091
480.876	2065.17
479.001	2116.66
477.125	2068.18
475.248	2061.03
473.371	2044.55
471.494	1977.48
469.616	2020.94
467.738	2085.68
465.859	2055.91
463.98	1987.57
462.1	2005.72
460.22	2005.24
458.34	1988.81
456.459	1909.91
454.577	1966.6
452.695	1964.8
450.813	1977.61
448.93	1958.55
447.047	1938.17
445.163	1885.95
443.279	1860.29
441.395	1910.25
439.51	1927.04
437.624	1890.78
435.738	1858.51
433.852	1907.1
431.965	1864.25
430.078	1866.45
428.19	1863.36
426.302	1837.76
424.413	1865.12
422.524	1858.06
420.635	1873.49
418.745	1865.11
416.854	1753.57
414.964	1829.84
413.072	1809.58
411.18	1839.54
409.288	1865.52
407.396	1867.72
405.502	1838.22
403.609	1810.06
401.715	1800.39
399.82	1790.72
397.925	1783.7
396.03	1705.45
394.134	1740.65
392.238	1721.77
390.341	1733.23
388.444	1740.72
