400	3787.6965
401.41592	3898.3201
402.83185	3806.3887
404.2478	3935.332
405.66373	3885.166
407.07965	3892.8838
408.49557	3898.2954
409.9115	3885.0444
411.32742	3915.8997
412.74338	3851.5872
414.1593	3832.3521
415.57523	3990.2422
416.99115	3932.1184
418.40707	3949.3682
419.823	3925.1387
421.23895	3892.0073
422.65488	3919.0938
424.0708	3923.8518
425.48672	3876.2227
426.90265	3910.3335
428.31857	3911.4087
429.73453	3867.1458
431.15045	3835.4817
432.56638	3858.5374
433.9823	3882.6748
435.39822	3886.9475
436.81415	3848.9819
438.2301	3869.8535
439.64603	3909.8186
441.06195	3854.4749
442.47787	3922.9434
443.8938	3916.7737
445.30972	3935.7759
446.72568	3884.5039
448.1416	3942.7097
449.55753	3909.1589
450.97345	3898.5664
452.38937	3926.1096
453.8053	3956.7043
455.22125	3946.6311
456.63718	3864.5159
458.0531	3914.4487
459.46902	3909.0112
460.88495	3956.9919
462.30087	3892.2524
463.71683	3878.8716
465.13275	3918.78
466.54868	3942.562
467.9646	3932.469
469.38052	3950.2778
470.79645	4029.1631
472.2124	4076.1646
473.62833	4008.2593
475.04425	3920.0366
476.46017	3915.3389
477.8761	3939.6487
479.29202	3956.5505
480.70798	3920.625
482.1239	3894.4788
483.53983	3928.8491
484.95575	3976.356
486.37167	3972.2959
487.7876	3949.4663
489.20355	3931.0671
490.61948	3864.6829
492.0354	3758.3979
493.45132	3883.7473
494.86725	3903.4578
496.28317	3888.9668
497.69913	3900.4128
499.11505	3878.178
500.53098	3844.282
501.9469	3857.2607
503.36282	3828.6362
504.77875	3852.7554
506.1947	3871.884
507.61063	3824.9116
509.02655	3841.2629
510.44247	3839.4353
511.8584	3832.5078
513.27435	3760.7715
514.69025	3761.8745
516.1062	3823.5864
517.52209	3804.5608
518.93805	3786.9358
520.354	3847.0051
521.7699	3862.0608
523.18585	3863.8884
524.60175	3866.571
526.0177	3883.1914
527.43365	3913.3022
528.84955	3880.5825
530.2655	3875.9724
531.6814	3899.365
533.09735	3904.5515
534.51324	3906.4761
535.9292	3883.3987
537.34515	3897.5386
538.76105	3854.5518
540.177	3923.1638
541.5929	4023.3811
543.00885	3961.7173
544.4248	3955.5376
545.8407	3955.8699
547.25665	3983.8025
548.67255	4047.6753
550.0885	4062.9348
551.50439	4029.6565
552.92035	4072.7458
554.3363	4026.4294
555.7522	3995.197
557.16815	4057.6782
558.58405	4044.7681
560	4020.6323
561.41595	4030.938
562.83185	4044.9087
564.2478	4027.2134
565.6637	3976.8857
567.07965	3951.1726
568.49561	3965.5781
569.9115	3920.7097
571.32745	3919.9231
572.74335	3946.1138
574.1593	3925.8459
575.5752	3909.8032
576.99115	3883.4133
578.4071	3882.2854
579.823	3859.6274
581.23895	3877.1248
582.65485	3895.5022
584.0708	3895.9172
585.48676	3899.9021
586.90265	3842.6375
588.3186	3860.4822
589.7345	3907.802
591.15045	3910.512
592.56635	3846.5947
593.9823	3851.4607
595.39825	3840.5759
596.81415	3867.3435
598.2301	3860.822
599.646	3869.6152
601.06195	3893.3806
602.47791	3889.9124
603.8938	3891.1455
605.30975	3891.6477
606.72565	3895.5449
608.1416	3907.4255
609.5575	3887.925
610.97345	3896.5203
612.3894	3889.0491
613.8053	3921.4636
615.22125	3900.4927
616.63715	3940.3396
618.0531	3955.553
619.46906	3949.3674
620.88495	3954.5159
622.3009	3922.3015
623.7168	3983.5615
625.13275	3992.4119
626.54865	4021.0042
627.9646	3967.2671
629.38055	3924.27
630.79645	3886.5286
632.2124	3954.6743
633.6283	3992.3892
635.04425	3931.6748
636.46021	3909.2686
637.8761	3942.0188
639.29205	3984.8083
640.70795	4015.7102
642.1239	3971.177
643.53979	3972.6021
644.95575	4006.9719
646.3717	3950.7188
647.7876	3975.6799
649.20355	3957.7302
650.61945	3970.9988
652.0354	3936.8328
653.45135	3914.2837
654.86725	3940.4951
656.2832	3963.2522
657.6991	3938.8511
659.11505	3923.1887
660.53094	3953.7856
661.9469	3951.7412
663.36285	3949.6628
664.77875	3968.6265
666.1947	4003.8901
667.6106	3973.1077
669.02655	3983.6453
670.4425	3966.7717
671.8584	3989.6943
673.27435	3989.5654
674.69025	3973.1177
676.1062	3984.884
677.52209	4001.2424
678.93805	4001.7395
680.354	4004.6357
681.7699	3997.865
683.18585	4004.157
684.60175	4046.1143
686.0177	4061.177
687.43365	3962.3679
688.84955	4032.0198
690.2655	4045.1416
691.6814	4039.1414
693.09735	3990.0422
694.51324	3983.7415
695.9292	4024.9431
697.34515	4025.9185
698.76105	4041.6377
700.177	4067.5193
701.5929	4036.3469
703.00885	4092.7668
704.4248	4048.5381
705.8407	4050.0327
707.25665	4007.166
708.67255	4130.6016
710.0885	4068.5825
711.50439	4053.604
712.92035	4033.1743
714.3363	4077.7856
715.7522	4088.7507
717.16815	4137.377
718.58405	4170.4341
720	4177.0005
721.41595	4215.6704
722.83185	4291.6245
724.2478	4424.9189
725.6637	4547.9756
727.07965	4718.4746
728.49561	5010.6196
729.9115	5193.3442
731.32745	5337.936
732.74335	5357.1855
734.1593	5216.1001
735.5752	5021.1426
736.99115	4730.0522
738.4071	4499.6436
739.823	4387.2305
741.23895	4321.4873
742.65485	4255.6865
744.0708	4199.2612
745.48676	4147.2051
746.90265	4115.4302
748.3186	4174.0791
749.7345	4145.2095
751.15045	4124.1157
752.56635	4097.7534
753.9823	4100.4575
755.39825	4156.6943
756.81415	4164.54
758.2301	4135.0146
759.646	4170.0752
761.06195	4172.8374
762.47791	4156.4229
763.8938	4127.4512
765.30975	4137.3608
766.72565	4143.9629
768.1416	4090.9783
769.5575	4082.1848
770.97345	4074.7681
772.3894	4036.9568
773.8053	4108.3931
775.22125	4078.5239
776.63715	4071.8767
778.0531	4131.5464
779.46906	4148.8535
780.88495	4131.0146
782.3009	4054.3313
783.7168	4049.8784
785.13275	4104.7861
786.54865	4105.0493
787.9646	4085.7927
789.38055	4086.74
790.79645	4082.9827
792.2124	4101.0259
793.6283	4140.4058
795.04425	4120.8169
796.46021	4106.6978
797.8761	4109.627
799.29205	4161.5654
800.70795	4167.9683
802.1239	4197.2075
803.53979	4119.3452
804.95575	4176.2573
806.3717	4164.5308
807.7876	4130.812
809.20355	4178.1294
810.61945	4186.5898
812.0354	4194.1479
813.45135	4179.9229
814.86725	4116.5737
816.2832	4077.6597
817.6991	4086.6248
819.11505	4080.2695
820.53094	4091.1299
821.9469	4160.1392
823.36285	4134.1797
824.77875	4165.9053
826.1947	4121.8369
827.6106	4119.5718
829.02655	4147.9365
830.4425	4109.4531
831.8584	4118.7759
833.27435	4140.2847
834.69025	4127.9414
836.1062	4133.3354
837.52209	4157.4224
838.93805	4108.272
840.354	4143.4429
841.7699	4141.7563
843.18585	4125.0259
844.60175	4145.4609
846.0177	4128.1606
847.43365	4152.0483
848.84955	4130.854
850.2655	4160.3774
851.6814	4212.4395
853.09735	4117.833
854.51324	4115.21
855.9292	4103.7412
857.34515	4095.1213
858.76105	4137.2373
860.177	4151.2485
861.5929	4178.3403
863.00885	4100.333
864.4248	4120.499
865.8407	4144.1211
867.25665	4157.0996
868.67255	4138.271
870.0885	4079.5808
871.50439	4061.2813
872.92035	4067.0801
874.3363	4071.0464
875.7522	4109.0142
877.16815	4129.23
878.58405	4121.7661
880	4122.3213
881.41595	4168.4424
882.83185	4141.6177
884.2478	4199.2124
885.6637	4204.6147
887.07965	4246.6401
888.49561	4255.2769
889.9115	4195.7471
891.32745	4225.0591
892.74335	4256.8252
894.1593	4213.6924
895.5752	4145.3262
896.99115	4131.6533
898.4071	4205.9805
899.823	4226.0781
901.23895	4246.2061
902.65485	4208.2109
904.0708	4186.5249
905.48676	4242.0845
906.90265	4253.2646
908.3186	4267.231
909.7345	4301.5029
911.15045	4288.3472
912.56635	4302.3569
913.9823	4262.54
915.39825	4234.3379
916.81415	4244.7451
918.2301	4311.2188
919.646	4337.0479
921.06195	4362.8638
922.47791	4277.4858
923.8938	4282.2021
925.30975	4389.4268
926.72565	4435.8755
928.1416	4419.8296
929.5575	4397.0244
930.97345	4362.6025
932.3894	4411.8867
933.8053	4406.9341
935.22125	4360.2764
936.63715	4322.4629
938.0531	4287.8428
939.46906	4286.6328
940.88495	4292.4248
942.3009	4234.606
943.7168	4206.1152
945.13275	4286.7803
946.54865	4300.7603
947.9646	4240.8267
949.38055	4192.8472
950.79645	4262.6802
952.2124	4260.3901
953.6283	4337.7598
955.04425	4295.187
956.46021	4345.6934
957.8761	4369.7925
959.29205	4285.8975
960.70795	4335.7422
962.1239	4342.8135
963.53979	4298.4395
964.95575	4301.1802
966.3717	4289.2739
967.7876	4219.4565
969.20355	4262.3203
970.61945	4319.3735
972.0354	4336.8467
973.45135	4380.5088
974.86725	4375.874
976.2832	4371.1836
977.6991	4360.2041
979.11505	4319.7866
980.53094	4339.207
981.9469	4360.3008
983.36285	4328.6553
984.77875	4309.0039
986.1947	4312.0615
987.6106	4424.1714
989.02655	4444.6182
990.4425	4420.8936
991.8584	4387.873
993.27435	4411.5898
994.69025	4458.8755
996.1062	4355.3257
997.52209	4399.2319
998.93805	4429.9731
1000.354	4447.3789
1001.7699	4433.2729
1003.1859	4448.1973
1004.6017	4433.4507
1006.0177	4415.938
1007.4337	4400.9141
1008.8495	4387.9214
1010.2655	4423.9312
1011.6814	4460.5508
1013.0974	4446.3276
1014.5132	4432.3105
1015.9292	4455.0229
1017.3452	4364.8472
1018.761	4373.0181
1020.177	4430.9468
1021.5929	4465.4521
1023.0089	4413.5313
1024.4248	4376.0654
1025.8407	4421.6362
1027.2566	4433.2188
1028.6726	4400.2207
1030.0885	4391.9268
1031.5044	4417.9971
1032.9204	4392.1758
1034.3363	4441.1377
1035.7522	4418.7275
1037.1681	4412.8687
1038.5841	4448.3745
1040	4425.7451
1041.4159	4444.5083
1042.8319	4375.0615
1044.2478	4445.8213
1045.6637	4437.6416
1047.0796	4379.585
1048.4956	4427.23
1049.9115	4412.75
1051.3274	4407.8208
1052.7434	4421.2925
1054.1593	4410.3286
1055.5752	4429.9756
1056.9912	4420.7881
1058.4071	4431.812
1059.823	4377.1172
1061.2389	4529.4438
1062.6549	4478.3618
1064.0708	4536.0293
1065.4867	4509.2158
1066.9027	4460.1934
1068.3186	4421.606
1069.7345	4436.1787
1071.1504	4496.2739
1072.5664	4489.3237
1073.9823	4502.6489
1075.3982	4503.4116
1076.8142	4492.2534
1078.2301	4478.1787
1079.646	4460.0981
1081.0619	4461.0835
1082.4779	4487.4019
1083.8938	4486.168
1085.3097	4455.6909
1086.7257	4463.8047
1088.1416	4478.3325
1089.5575	4492.2646
1090.9735	4522.1172
1092.3894	4525.5342
1093.8053	4535.2466
1095.2212	4506.2261
1096.6372	4520.8276
1098.0531	4581.2188
1099.469	4585.7559
1100.885	4569.0811
1102.3009	4596.4849
1103.7168	4568.5098
1105.1327	4493.6001
1106.5487	4540.6357
1107.9646	4618.7046
1109.3805	4548.1787
1110.7965	4492.8271
1112.2124	4577.6191
1113.6283	4597.2817
1115.0442	4621.7354
1116.4602	4460.9282
1117.8761	4611.2422
1119.292	4657.4673
1120.708	4614.5752
1122.1239	4625.4927
1123.5398	4562.4175
1124.9558	4631.6816
1126.3717	4697.7578
1127.7876	4783.6914
1129.2035	4782.2671
1130.6195	4740.3389
1132.0354	4694.1187
1133.4513	4646.7861
1134.8673	4652.2666
1136.2832	4631.9688
1137.6991	4628.6333
1139.115	4665.6406
1140.531	4561.4321
1141.9469	4619.3164
1143.3628	4604.4419
1144.7788	4583.6528
1146.1947	4659.8154
1147.6106	4600.9194
1149.0265	4536.9092
1150.4425	4550.2417
1151.8584	4588.4443
1153.2743	4580.2832
1154.6903	4613.5313
1156.1062	4650.9634
1157.5221	4635.0991
1158.9381	4638.1074
1160.354	4655.5049
1161.7699	4660.0928
1163.1858	4616.2588
1164.6018	4600.3154
1166.0177	4632.9385
1167.4336	4695.4224
1168.8496	4703.9946
1170.2655	4731.1279
1171.6814	4786.2056
1173.0973	4771.0938
1174.5133	4717.2651
1175.9292	4701.731
1177.3451	4708.915
1178.7611	4748.8462
1180.177	4753.0269
1181.5929	4751.7695
1183.0088	4760.7593
1184.4248	4748.6992
1185.8407	4753.041
1187.2566	4775.5918
1188.6726	4770.9165
1190.0885	4762.1167
1191.5044	4739.6016
1192.9204	4753.6133
1194.3363	4761.2358
1195.7522	4733.2896
1197.1681	4756.1821
1198.5841	4732.4814
1200	4742.645
1201.4159	4801.2344
1202.8319	4801.5586
1204.2478	4772.5464
1205.6637	4789.9058
1207.0796	4826.2217
1208.4956	4825.6675
1209.9115	4816.5645
1211.3274	4817.5161
1212.7434	4823.478
1214.1593	4825.853
1215.5752	4866.7173
1216.9912	4889.1689
1218.4071	4912.2725
1219.823	4940.1274
1221.2389	4904.2998
1222.6549	4886.0215
1224.0708	4928.7446
1225.4867	4947.6367
1226.9027	4961.959
1228.3186	4920.7046
1229.7345	4921.8115
1231.1504	4934.0659
1232.5664	4898.3784
1233.9823	4947.1226
1235.3982	4972.8003
1236.8142	4955.0142
1238.2301	4940.792
1239.646	4954.0728
1241.0619	4955.6943
1242.4779	4896.1753
1243.8938	4871.6421
1245.3097	4949.0112
1246.7257	4950.8584
1248.1416	4921.7358
1249.5575	4908.7427
1250.9735	4915.1563
1252.3894	4878.2085
1253.8053	4881.2896
1255.2212	4889.1187
1256.6372	4934.5684
1258.0531	4927.4995
1259.469	4877.1343
1260.885	4895.0596
1262.3009	4942.3965
1263.7168	4924.8525
1265.1327	4856.9229
1266.5487	4806.8159
1267.9646	4870.4766
1269.3805	4923.9961
1270.7965	4913.4688
1272.2124	4941.9922
1273.6283	4926.627
1275.0442	4916.3765
1276.4602	4876.5708
1277.8761	4837.0684
1279.292	4922.6011
1280.708	4950.0771
1282.1239	4929.6348
1283.5398	4892.6079
1284.9558	4906.9033
1286.3717	4975.4805
1287.7876	4963.6724
1289.2035	4928.0425
1290.6195	4971.9883
1292.0354	5050.1777
1293.4513	5075.437
1294.8673	5074.4204
1296.2832	5083.7891
1297.6991	5120
1299.115	5096.5161
1300.531	5118.0078
1301.9469	5169.5596
1303.3628	5165.6641
1304.7788	5153.396
1306.1947	5176.2119
1307.6106	5182.085
1309.0265	5221.9063
1310.4425	5247.7227
1311.8584	5259.2524
1313.2743	5292.8887
1314.6903	5385.2178
1316.1062	5420.085
1317.5221	5461.2095
1318.9381	5467.1865
1320.354	5502.7603
1321.7699	5553.3662
1323.1858	5529.397
1324.6018	5541.4111
1326.0177	5501.5967
1327.4336	5497.5806
1328.8496	5430.3184
1330.2655	5479.4316
1331.6814	5499.1401
1333.0973	5490.0322
1334.5133	5470.5352
1335.9292	5430.4028
1337.3451	5442.1602
1338.7611	5468.7832
1340.177	5355.3726
1341.5929	5324.6699
1343.0088	5309.5664
1344.4248	5272.8047
1345.8407	5262.3711
1347.2566	5258.3818
1348.6726	5281.7046
1350.0885	5225.8159
1351.5044	5232.686
1352.9204	5244.9561
1354.3363	5204.2656
1355.7522	5194.4727
1357.1681	5226.0903
1358.5841	5227.1787
1360	5196.1787
1361.4159	5279.25
1362.8319	5207.1255
1364.2478	5265.1226
1365.6637	5252.4194
1367.0796	5296.5898
1368.4956	5278.8237
1369.9115	5257.9844
1371.3274	5254.8994
1372.7434	5240.8828
1374.1593	5257.3174
1375.5752	5200.4912
1376.9912	5220.6729
1378.4071	5252.9863
1379.823	5266.0952
1381.2389	5294.0278
1382.6549	5297.7114
1384.0708	5262.3042
1385.4867	5333.729
1386.9027	5292.166
1388.3186	5273.1948
1389.7345	5324.186
1391.1504	5361.8286
1392.5664	5375.9844
1393.9823	5385.4502
1395.3982	5363.5786
1396.8142	5434.4756
1398.2301	5461.2476
1399.646	5417.582
1401.0619	5495.5752
1402.4779	5455.8589
1403.8938	5464.1406
1405.3097	5441.7158
1406.7257	5417.8594
1408.1416	5359.4165
1409.5575	5366.9971
1410.9735	5317.0054
1412.3894	5352.2041
1413.8053	5355.0103
1415.2212	5330.1846
1416.6372	5287.418
1418.0531	5284.332
1419.469	5251.0576
1420.885	5243.3091
1422.3009	5283.3735
1423.7168	5240.7407
1425.1327	5232.7285
1426.5487	5266.2725
1427.9646	5273.373
1429.3805	5285.3276
1430.7965	5298.957
1432.2124	5302.6489
1433.6283	5295.1123
1435.0442	5294.3286
1436.4602	5369.209
1437.8761	5391.9272
1439.292	5385.7339
1440.708	5443.1704
1442.1239	5410.937
1443.5398	5366.7456
1444.9558	5361.4067
1446.3717	5354.2495
1447.7876	5346.4009
1449.2035	5360.189
1450.6195	5360.6431
1452.0354	5352.8809
1453.4513	5385.353
1454.8673	5364.5039
1456.2832	5348.0405
1457.6991	5363.7588
1459.115	5345.8364
1460.531	5351.0674
1461.9469	5355.1548
1463.3628	5318.5713
1464.7788	5297.2563
1466.1947	5331.5664
1467.6106	5336.23
1469.0265	5267.1958
1470.4425	5301.6074
1471.8584	5287.0234
1473.2743	5221.2461
1474.6903	5278.7793
1476.1062	5244.0942
1477.5221	5185.7773
1478.9381	5229.3936
1480.354	5148.7114
1481.7699	5196.0977
1483.1858	5242.4688
1484.6018	5211.5645
1486.0177	5180.542
1487.4336	5182.4165
1488.8496	5178.1401
1490.2655	5186.3784
1491.6814	5180.4111
1493.0973	5192.9258
1494.5133	5224.5801
1495.9292	5176.623
1497.3451	5142.5366
1498.7611	5104.2461
1500.177	5109.689
1501.5929	5104.0078
1503.0088	5089.4297
1504.4248	5162.1162
1505.8407	5121.6597
1507.2566	5127.7959
1508.6726	5133.4268
1510.0885	5178.7231
1511.5044	5124.3237
1512.9204	5105.8169
1514.3363	5183.854
1515.7522	5175.5117
1517.1681	5220.4014
1518.5841	5181.5078
1520	5176.0649
1521.4159	5159.3994
1522.8319	5144.7212
1524.2478	5197.0146
1525.6637	5185.1787
1527.0796	5181.8491
1528.4956	5178.8779
1529.9115	5216.853
1531.3274	5188.4927
1532.7434	5201.1333
1534.1593	5228.2388
1535.5752	5227.2983
1536.9912	5241.8828
1538.4071	5263.853
1539.823	5282.4443
1541.2389	5290.9927
1542.6549	5310.6958
1544.0708	5289.5747
1545.4867	5314.1196
1546.9027	5306.4795
1548.3186	5343.6108
1549.7345	5352.1973
1551.1504	5326.8306
1552.5664	5393.6694
1553.9823	5419.5864
1555.3982	5388.29
1556.8142	5396.8413
1558.2301	5455.624
1559.646	5463.4619
1561.0619	5431.4868
1562.4779	5408.7085
1563.8938	5400.9385
1565.3097	5416.5127
1566.7257	5425.2788
1568.1416	5460.0654
1569.5575	5459.3208
1570.9735	5433.2456
1572.3894	5433.8403
1573.8053	5432.23
1575.2212	5432.6362
1576.6372	5451.6313
1578.0531	5456.7261
1579.469	5425.9819
1580.885	5454.9756
1582.3009	5496.0747
1583.7168	5452.4932
1585.1327	5453.0825
1586.5487	5504.7031
1587.9646	5482.1641
1589.3805	5482.9131
1590.7965	5437.2085
1592.2124	5454.1191
1593.6283	5518.7515
1595.0442	5500.9014
1596.4602	5467.3691
1597.8761	5454.0137
1599.292	5533.9736
1600.708	5515.9424
1602.1239	5532.0488
1603.5398	5511.1851
1604.9558	5469.8115
1606.3717	5550.8579
1607.7876	5586.4907
1609.2035	5574.2754
1610.6195	5601.7803
1612.0354	5547.0557
1613.4513	5548.4502
1614.8673	5551.3833
1616.2832	5626.8657
1617.6991	5612.3564
1619.115	5634.0884
1620.531	5653.4556
1621.9469	5618.6318
1623.3628	5632.2368
1624.7788	5568.3872
1626.1947	5585.2524
1627.6106	5592.2344
1629.0265	5552.1206
1630.4425	5601.8364
1631.8584	5587.9087
1633.2743	5592.8979
1634.6903	5625.145
1636.1062	5614.939
1637.5221	5595.4014
1638.9381	5530.8408
1640.354	5536.9282
1641.7699	5543.1123
1643.1858	5564.895
1644.6018	5566.3687
1646.0177	5553.8208
1647.4336	5540.6543
1648.8496	5522.3882
1650.2655	5560.1006
1651.6814	5527.1362
1653.0973	5494.7505
1654.5133	5470.6006
1655.9292	5461.0459
1657.3451	5434.6455
1658.7611	5429.8945
1660.177	5451.9834
1661.5929	5435.6689
1663.0088	5381.1021
1664.4248	5383.3413
1665.8407	5375.5825
1667.2566	5341.9575
1668.6726	5307.8257
1670.0885	5323.0649
1671.5044	5306.2588
1672.9204	5237.4951
1674.3363	5261.8647
1675.7522	5255.0371
1677.1681	5230.2661
1678.5841	5250.6616
1680	5224.9277
1681.4159	5230.5015
1682.8319	5159.0073
1684.2478	5207.3853
1685.6637	5204.2124
1687.0796	5133.8267
1688.4956	5139.7109
1689.9115	5146.9287
1691.3274	5099.8242
1692.7434	5088.3271
1694.1593	5089.5303
1695.5752	5083.7363
1696.9912	5077.2056
1698.4071	5111.6909
1699.823	4990.6763
1701.2389	4988.6582
1702.6549	5016.5615
1704.0708	4890.1245
1705.4867	4953.5981
1706.9027	4995.3789
1708.3186	4963.8408
1709.7345	5008.5669
1711.1504	4966.1343
1712.5664	4928.9204
1713.9823	4962.4619
1715.3982	4957.5938
1716.8142	4917.9678
1718.2301	4898.4385
1719.646	4933.7749
1721.0619	4905.418
1722.4779	4865.269
1723.8938	4933.3667
1725.3097	4844.1929
1726.7257	4898.2271
1728.1416	4888.4541
1729.5575	4853.6865
1730.9735	4833.7324
1732.3894	4895.25
1733.8053	4855.6597
1735.2212	4831.792
1736.6372	4826.5127
1738.0531	4840.6177
1739.469	4801.2778
1740.885	4804.6709
1742.3009	4801.0894
1743.7168	4792.981
1745.1327	4787.3145
1746.5487	4785.1177
1747.9646	4731.5767
1749.3805	4716.1782
1750.7965	4783.1265
1752.2124	4771.3647
1753.6283	4787.6431
1755.0442	4764.6304
1756.4602	4751.0117
1757.8761	4752.3867
1759.292	4728.1812
1760.708	4764.499
1762.1239	4742.2642
1763.5398	4726.772
1764.9558	4732.228
1766.3717	4699.9814
1767.7876	4707.126
1769.2035	4763.2178
1770.6195	4740.5547
1772.0354	4717.7183
1773.4513	4701.2393
1774.8673	4698.6768
1776.2832	4727.1338
1777.6991	4723.7769
1779.115	4718.9727
1780.531	4737.064
1781.9469	4722.2944
1783.3628	4702.6792
1784.7788	4695.3325
1786.1947	4741.1406
1787.6106	4737.4165
1789.0265	4721.0806
1790.4425	4652.499
1791.8584	4714.3228
1793.2743	4675.8945
1794.6903	4694.312
1796.1062	4708.2822
1797.5221	4696.8599
1798.9381	4673.1328
1800.354	4672.541
1801.7699	4658.1045
1803.1858	4666.5649
1804.6018	4716.3188
1806.0177	4666.0122
1807.4336	4687.3101
1808.8496	4663.6694
1810.2655	4592.521
1811.6814	4684.771
1813.0973	4638.0947
1814.5133	4644.5454
1815.9292	4658.6729
1817.3451	4645.8491
1818.7611	4589.0728
1820.177	4600.498
1821.5929	4637.1582
1823.0088	4670.7183
1824.4248	4630.0576
1825.8407	4628.0767
1827.2566	4614.3325
1828.6726	4646.4463
1830.0885	4623.126
1831.5044	4590.8467
1832.9204	4560.2881
1834.3363	4609.3428
1835.7522	4649.0166
1837.1681	4614.5146
1838.5841	4631.1904
1840	4606.2939
1841.4159	4667.792
1842.8319	4616.791
1844.2478	4624.8726
1845.6637	4623.1289
1847.0796	4657.9385
1848.4956	4615.2251
1849.9115	4614.6401
1851.3274	4686.4868
1852.7434	4675.3145
1854.1593	4662.4468
1855.5752	4633.3594
1856.9912	4622.4946
1858.4071	4594.5884
1859.823	4643.105
1861.2389	4643.6279
1862.6549	4695.7651
1864.0708	4585.9956
1865.4867	4622.0674
1866.9027	4631.7979
1868.3186	4675.4116
1869.7345	4695.334
1871.1504	4708.0273
1872.5664	4656.8457
1873.9823	4662.2051
1875.3982	4713.7549
1876.8142	4690.6113
1878.2301	4660.9165
1879.646	4626.3462
1881.0619	4569.3369
1882.4779	4649.771
1883.8938	4686.9365
1885.3097	4650.1973
1886.7257	4632.2832
1888.1416	4679.4536
1889.5575	4661.7188
1890.9735	4659.3857
1892.3894	4702.4839
1893.8053	4626.6543
1895.2212	4633.3462
1896.6372	4626.562
1898.0531	4642.4849
1899.469	4632.6982
1900.885	4682.9531
1902.3009	4686.4248
1903.7168	4714.8037
1905.1327	4682.4219
1906.5487	4682.4946
1907.9646	4724.2007
1909.3805	4694.5132
1910.7965	4711.3721
1912.2124	4675.2539
1913.6283	4653.9155
1915.0442	4662.5762
1916.4602	4708.7183
1917.8761	4683.7964
1919.292	4625.3276
1920.708	4656.2554
1922.1239	4623.4482
1923.5398	4677.3071
1924.9558	4666.9985
1926.3717	4669.1436
1927.7876	4682.7822
1929.2035	4685.8335
1930.6195	4700.0889
1932.0354	4674.6489
1933.4513	4739.4502
1934.8673	4692.7437
1936.2832	4615.2368
1937.6991	4616.4893
1939.115	4643.1465
1940.531	4641.1763
1941.9469	4616.8691
1943.3628	4626.3579
1944.7788	4631.665
1946.1947	4711.0435
1947.6106	4685.855
1949.0265	4671.2163
1950.4425	4648.5654
1951.8584	4702.5488
1953.2743	4691.3496
1954.6903	4671.3726
1956.1062	4679.4121
1957.5221	4655.4707
1958.9381	4700.3696
1960.354	4610.1055
1961.7699	4654.9966
1963.1858	4631.0747
1964.6018	4581.4321
1966.0177	4599.4385
1967.4336	4627.1982
1968.8496	4549.4175
1970.2655	4561.5942
1971.6814	4626.272
1973.0973	4605.0723
1974.5133	4599.5454
1975.9292	4594.9541
1977.3451	4586.041
1978.7611	4623.7046
1980.177	4637.6216
1981.5929	4617.7471
1983.0088	4649.4536
1984.4248	4677.3477
1985.8407	4622.979
1987.2566	4635.2114
1988.6726	4684.0127
1990.0885	4651.5386
1991.5044	4665.1147
1992.9204	4668.0552
1994.3363	4666.9609
1995.7522	4652.9731
1997.1681	4711.5947
1998.5841	4616.0859
2000	4662.7939
