400	8383.4639
400.90961	8370.918
401.81921	8389.7891
402.72882	8388.2344
403.63843	8398.8496
404.54803	8407.0293
405.45764	8400.2432
406.36725	8378.3164
407.27686	8307.6182
408.18646	8268.9697
409.09607	8329.2959
410.00568	8297.9619
410.91528	8248.6396
411.82489	8235.3115
412.7345	8188.3979
413.6441	8122.123
414.55371	8160.0684
415.46332	8182.6143
416.37292	8128.9805
417.28253	8086.7754
418.19217	8094.4331
419.10178	8078.9565
420.01138	8017.4585
420.92099	8062.6157
421.8306	8018.2729
422.7402	7992.7578
423.64981	7944.8252
424.55942	7928.8857
425.46902	8047.3604
426.37863	7968.3398
427.28824	7892.7119
428.19785	7928.7563
429.10745	7968.5942
430.01706	7975.7988
430.92667	7930.644
431.83627	7853.3862
432.74588	7906.8979
433.65549	7915.3389
434.56509	7895.9194
435.4747	7916.5771
436.38431	7951.5039
437.29391	7978.312
438.20352	7999.855
439.11313	8011.2617
440.02274	7933.0186
440.93234	7940.585
441.84195	7911.2437
442.75156	7850.2935
443.66116	7787.1162
444.57077	7736.0933
445.48038	7689.8496
446.38998	7675.7744
447.29959	7681.2954
448.2092	7627.7783
449.1188	7625.8872
450.02841	7655.4854
450.93802	7634.7441
451.84763	7553.75
452.75726	7543.9648
453.66687	7534.4609
454.57648	7515.5688
455.48608	7533.4741
456.39569	7520.2163
457.3053	7473.4355
458.2149	7483.2231
459.12451	7512.1284
460.03412	7502.6348
460.94373	7454.8911
461.85333	7451.8442
462.76294	7458.5664
463.67255	7440.6245
464.58215	7432.0557
465.49176	7527.2646
466.40137	7544.5708
467.31097	7559.7827
468.22058	7578.6953
469.13019	7577.5249
470.03979	7553.4126
470.9494	7511.4575
471.85901	7448.0449
472.76862	7358.5254
473.67822	7401.084
474.58783	7273.7949
475.49744	7297.9048
476.40704	7334.2354
477.31665	7279.0137
478.22626	7214.9644
479.13586	7218.4038
480.04547	7272.4419
480.95508	7290.5801
481.86469	7249.2036
482.77429	7217.4351
483.6839	7217.7158
484.59351	7212.9136
485.50311	7172.0967
486.41272	7229.6763
487.32236	7170.877
488.23196	7102.4033
489.14157	7129.7686
490.05118	7144.9106
490.96078	7126.0283
491.87039	7115.8335
492.78	7051.9136
493.68961	7090.7295
494.59921	7136.5605
495.50882	7126.5254
496.41843	7090.2236
497.32803	7115.0063
498.23764	7135.5747
499.14725	7033.3491
500.05685	7084.1016
500.96646	7070.7354
501.87607	7024.0977
502.78568	7018.0347
503.69528	7017.3799
504.60489	7016.0117
505.5145	7002.2837
506.4241	6955.6489
507.33371	7029.7012
508.24332	6991.4678
509.15292	7007.1421
510.06253	6970.1982
510.97214	6973.856
511.88174	7007.3184
512.79138	7007.8364
513.70099	7016.0405
514.6106	7007.771
515.5202	6952.6689
516.42981	7076.355
517.33942	7107.2012
518.24902	7104.8555
519.15863	7138.3472
520.06824	7177.7783
520.97784	7180.6938
521.88745	7088.1812
522.79706	7130.1636
523.70667	7140.5952
524.61627	7058.105
525.52588	7053.8203
526.43549	7111.6953
527.34509	7082.8101
528.2547	7047.5674
529.16431	7057.9253
530.07391	7072.2886
530.98352	7091.1938
531.89313	7125.2397
532.80273	7102.0112
533.71234	7088.2212
534.62195	7168.6187
535.53156	7185.8296
536.44116	7282.48
537.35077	7300.7803
538.26038	7391.6333
539.16998	7384.3125
540.07959	7370.0093
540.9892	7391.9443
541.8988	7394.082
542.80841	7387.793
543.71802	7425.8438
544.62762	7451.1548
545.53723	7466.959
546.44684	7462.1255
547.35645	7469.4712
548.26605	7473.1294
549.17566	7461.1968
550.08527	7488.5142
550.99487	7508.2832
551.90448	7467.6885
552.81409	7450.7896
553.72369	7388.6274
554.6333	7374.0645
555.54291	7407.6343
556.45251	7441.5151
557.36212	7457.7349
558.27173	7366.2197
559.18134	7370.7837
560.09094	7340.8667
561.00055	7366.0029
561.91016	7371.1274
562.81976	7317.7358
563.72937	7274.75
564.63898	7302.1035
565.54858	7260.6919
566.45819	7251.1646
567.3678	7166.0918
568.2774	7164.8779
569.18701	7202.811
570.09662	7175.6763
571.00623	7086.9443
571.91583	7023.3232
572.82544	7008.4473
573.73505	6925.6963
574.64471	6904.584
575.55432	6964.5308
576.46393	6913.1499
577.37354	6909.8193
578.28314	6946.7817
579.19275	6949.3813
580.10236	6931.1392
581.01196	6898.9941
581.92157	6920.6484
582.83118	6835.6807
583.74078	6819.6929
584.65039	6811.0928
585.56	6763.8384
586.4696	6710.6021
587.37921	6718.561
588.28882	6784.1108
589.19843	6745.8125
590.10803	6745.0933
591.01764	6756.6641
591.92725	6778.4331
592.83685	6783.7095
593.74646	6791.6548
594.65607	6798.5171
595.56567	6783.3569
596.47528	6782.4497
597.38489	6777.6143
598.29449	6795.0337
599.2041	6758.0957
600.11371	6803.1899
601.02332	6759.4492
601.93292	6747.2617
602.84253	6806.0352
603.75214	6785.791
604.66174	6904.312
605.57135	6805.3169
606.48096	6872.1528
607.39056	6844.7476
608.30017	6935.5767
609.20978	6983.1938
610.11938	6991.6875
611.02899	7035.063
611.9386	7072.4116
612.84821	7159.1538
613.75781	7194.5718
614.66742	7280.5474
615.57703	7350.8394
616.48663	7415.7676
617.39624	7509.4141
618.30585	7611.5054
619.21545	7691.9165
620.12506	7759.2324
621.03467	7824.833
621.94427	8004.0586
622.85388	8006.6089
623.76349	8041.7744
624.6731	8150.979
625.5827	8198.3359
626.49231	8184.5332
627.40192	8186.2544
628.31152	8197.9531
629.22113	8159.5806
630.13074	8103.7271
631.04034	8063.4258
631.94995	7958.3491
632.85956	7887.0474
633.76917	7795.0127
634.67877	7673.1665
635.58838	7575.6606
636.49799	7516.5796
637.40759	7415.9214
638.3172	7330.7183
639.22681	7327.4492
640.13641	7270.5947
641.04602	7235.7827
641.95563	7204.0786
642.86523	7158.4502
643.7749	7126.0693
644.68451	7120.1265
645.59412	7093.9243
646.50372	7070.3477
647.41333	7105.3677
648.32294	7084.1997
649.23254	7027.6724
650.14215	7000.9756
651.05176	6984.5249
651.96136	6989.8032
652.87097	6991.9087
653.78058	6938.8853
654.69019	6938.9287
655.59979	6921.9414
656.5094	6880.1294
657.41901	6865.2021
658.32861	6875.8921
659.23822	6897.2813
660.14783	6910.8203
661.05743	6892.8135
661.96704	6874.5317
662.87665	6921.1528
663.78625	6892.5693
664.69586	6897.3916
665.60547	6936.8398
666.51508	6925.0659
667.42468	6905.9409
668.33429	6902.1045
669.2439	6910.9902
670.1535	6887.458
671.06311	6827.3403
671.97272	6841.2905
672.88232	6875.5327
673.79193	6931.4058
674.70154	6875.6382
675.61115	6894.5811
676.52075	6912.0796
677.43036	6913.6235
678.33997	6893.6284
679.24957	6888.0786
680.15918	6935.3242
681.06879	6952.2148
681.97839	6942.959
682.888	6919.543
683.79761	6890.7119
684.70721	6839.1187
685.61682	6843.228
686.52643	6812.2593
687.43604	6768.7607
688.34564	6723.2539
689.25525	6624.418
690.16486	6583.7002
691.07446	6556.0903
691.98407	6498.2354
692.89368	6465.5659
693.80328	6488.918
694.71289	6429.2764
695.6225	6429.7827
696.5321	6459.7646
697.44171	6433.3374
698.35132	6409.1084
699.26093	6456.9185
700.17053	6509.9351
701.08014	6507.6909
701.98975	6537.063
702.89935	6463.6387
703.80896	6469.5806
704.71857	6469.1758
705.62817	6475.6265
706.53778	6503.7314
707.44739	6511.9946
708.35699	6516.4629
709.2666	6568.9316
710.17621	6560.9536
711.08582	6643.1318
711.99542	6625.6509
712.90503	6644.4438
713.8147	6692.7529
714.7243	6727.4336
715.63391	6753.1299
716.54352	6833.0947
717.45313	6964.2813
718.36273	7006.1924
719.27234	7047.8877
720.18195	7173.5688
721.09155	7288.3496
722.00116	7456.2227
722.91077	7714.186
723.82037	7939.5801
724.72998	8180.9531
725.63959	8496.7617
726.54919	8893.6006
727.4588	9410.0273
728.36841	10085.077
729.27802	11005.287
730.18762	11901.08
731.09723	13031.688
732.00684	14204.645
732.91644	15452.796
733.82605	16632.881
734.73566	17605.973
735.64526	18306.508
736.55487	18646.945
737.46448	18503.619
738.37408	17895.568
739.28369	16920.439
740.1933	15717.323
741.10291	14348.425
742.01251	13006.638
742.92212	11832.962
743.83173	10853.288
744.74133	10026.382
745.65094	9337.6787
746.56055	8803.5723
747.47015	8422.627
748.37976	8156.7549
749.28937	7861.4009
750.19897	7637.4897
751.10858	7511.6357
752.01819	7365.0151
752.9278	7194.3604
753.8374	7077.1704
754.74701	7023.0127
755.65662	6991.8037
756.56622	6933.4478
757.47583	6848.6943
758.38544	6806.0298
759.29504	6742.8589
760.20465	6706.0347
761.11426	6651.2773
762.02386	6531.3701
762.93347	6509.292
763.84308	6464.3369
764.75269	6451.8936
765.66229	6456.1416
766.5719	6454.1304
767.48151	6429.6099
768.39111	6365.9546
769.30072	6428.3408
770.21033	6399.6504
771.11993	6522.9922
772.02954	6522.7065
772.93915	6458.2588
773.84875	6349.9741
774.75836	6314.2563
775.66797	6341.5454
776.57758	6377.7314
777.48718	6368.4805
778.39679	6295.9375
779.3064	6242.6934
780.216	6298.9946
781.12561	6260.5903
782.03522	6304.9146
782.94489	6324.8525
783.85449	6273.7251
784.7641	6303.6704
785.67371	6290.2861
786.58331	6242.3672
787.49292	6236.3013
788.40253	6270.4917
789.31213	6259.1714
790.22174	6183.7959
791.13135	6199.394
792.04095	6209.123
792.95056	6165.4507
793.86017	6058.4849
794.76978	6074.7563
795.67938	6097.354
796.58899	6089.3809
797.4986	6083.6104
798.4082	6103.6929
799.31781	6103.6382
800.22742	6096.3716
801.13702	6123.9453
802.04663	6079.2402
802.95624	6146.9565
803.86584	6103.4502
804.77545	6051.1357
805.68506	6099.1729
806.59467	6178.771
807.50427	6109.1514
808.41388	6018.646
809.32349	6036.0347
810.23309	6059.291
811.1427	6052.5044
812.05231	6051.2319
812.96191	5997.2051
813.87152	6046.5059
814.78113	6108.4741
815.69073	6057.73
816.60034	6137.5464
817.50995	6192.8589
818.41956	6147.9326
819.32916	6183.5459
820.23877	6199.3306
821.14838	6169.6538
822.05798	6170.0132
822.96759	6202.627
823.8772	6210.8525
824.7868	6200.1558
825.69641	6192.4263
826.60602	6219.9106
827.51563	6210.4546
828.42523	6190.5752
829.33484	6246.0039
830.24445	6275.2861
831.15405	6270.7544
832.06366	6280.4424
832.97327	6228.0566
833.88287	6209.1279
834.79248	6237.0659
835.70209	6212.605
836.61169	6177.563
837.5213	6193.2759
838.43091	6183.6025
839.34052	6143.0596
840.25012	6106.5581
841.15973	6106.1577
842.06934	6125.4419
842.97894	6135.9492
843.88855	6137.3955
844.79816	6152.418
845.70776	6115.166
846.61737	6086.4946
847.52698	6099.9702
848.43658	6096.2954
849.34619	6078.9917
850.2558	6081.4331
851.16541	6172.9419
852.07501	6140.1328
852.98468	6108.2363
853.89429	6102.3901
854.80389	6110.9106
855.7135	6106.9951
856.62311	6063.563
857.53271	6094.272
858.44232	6115.8525
859.35193	6098.1309
860.26154	6096.0205
861.17114	6112.6494
862.08075	6112.0195
862.99036	6079.0742
863.89996	6011.8438
864.80957	6017.2832
865.71918	6029.5781
866.62878	6044.3442
867.53839	5969.814
868.448	5994.3057
869.3576	5983.0103
870.26721	6009.5503
871.17682	5999.3027
872.08643	5972.5298
872.99603	5987.7285
873.90564	6017.3584
874.81525	6021.2168
875.72485	6014.3418
876.63446	6002.1885
877.54407	6008.9858
878.45367	6064.6841
879.36328	5994.2349
880.27289	6011.5454
881.1825	6035.3862
882.0921	5982.4678
883.00171	5933.77
883.91132	5988.6392
884.82092	5956.7407
885.73053	5945.9253
886.64014	5986.7383
887.54974	5977.104
888.45935	5968.6528
889.36896	6005.1528
890.27856	5964.9727
891.18817	5955.5933
892.09778	5918.4194
893.00739	5874.4692
893.91699	5919.606
894.8266	5853.1602
895.73621	5896.7959
896.64581	5869.7583
897.55542	5854.2305
898.46503	5905.4136
899.37463	5878.8115
900.28424	5892.4614
901.19385	5936.353
902.10345	5939.7246
903.01306	5922.1392
903.92267	5893.8232
904.83228	5872.9688
905.74188	5797.6157
906.65149	5822.2217
907.5611	5833.855
908.4707	5897.3062
909.38031	5887.6934
910.28992	5894.791
911.19952	5954.8135
912.10913	5930.9517
913.01874	5948.6226
913.92834	6003.0679
914.83795	6000.9673
915.74756	5983.2075
916.65717	5980.4648
917.56677	5996.8438
918.47638	6016.6191
919.38599	6003.3066
920.29559	6020.1953
921.2052	6019.0801
922.11487	5995.9263
923.02448	6059.1377
923.93408	6103.9355
924.84369	6068.5562
925.7533	6082.7241
926.6629	6082.7944
927.57251	6040.1733
928.48212	6076.6899
929.39172	6150.9897
930.30133	6130.2856
931.21094	6120.9248
932.12054	6127.855
933.03015	6120.1689
933.93976	6134.2949
934.84937	6145.6509
935.75897	6132.0898
936.66858	6119.1777
937.57819	6170.5669
938.48779	6115.2378
939.3974	6128.543
940.30701	6198.8325
941.21661	6128.7598
942.12622	6118.5601
943.03583	6118.2456
943.94543	6158.6646
944.85504	6178.229
945.76465	6185.0444
946.67426	6218.416
947.58386	6226.123
948.49347	6208.6616
949.40308	6221.731
950.31268	6270.4238
951.22229	6323.894
952.1319	6408.3418
953.0415	6524.437
953.95111	6534.0571
954.86072	6583.4399
955.77032	6740.7607
956.67993	6857.1133
957.58954	6884.3223
958.49915	7013.0205
959.40875	7109.4189
960.31836	7144.1367
961.22797	7316.5996
962.13757	7373.2285
963.04718	7429.4438
963.95679	7484.9126
964.86639	7526.5688
965.776	7557.1069
966.68561	7544.7358
967.59521	7490.3804
968.50482	7461.3975
969.41443	7433.8716
970.32404	7316.7441
971.23364	7179.6914
972.14325	7057.4033
973.05286	6955.8936
973.96246	6895.6621
974.87207	6801.3262
975.78168	6766.5381
976.69128	6695.7627
977.60089	6534.1592
978.5105	6475.5923
979.4201	6456.6733
980.32971	6327.0635
981.23932	6295.8809
982.14893	6322.7241
983.05853	6261.5522
983.96814	6251.6094
984.87775	6196.7651
985.78735	6180.7563
986.69696	6222.6294
987.60657	6209.5591
988.51617	6207.8018
989.42578	6228.2769
990.33539	6245.332
991.245	6263.3203
992.15466	6271.4727
993.06427	6243.0391
993.97388	6273.1846
994.88348	6326.5078
995.79309	6341.6606
996.7027	6374.0493
997.6123	6340.2046
998.52191	6390.5625
999.43152	6460.7588
1000.3411	6530.2344
1001.2507	6563.5498
1002.1603	6545.2017
1003.0699	6487.2876
1003.9796	6429.5234
1004.8892	6368.0093
1005.7988	6300.2065
1006.7084	6261.0498
1007.618	6270.2988
1008.5276	6265.2617
1009.4372	6236.1011
1010.3468	6227.3398
1011.2564	6188.9731
1012.166	6179.2554
1013.0756	6215.9536
1013.9852	6282.6191
1014.8948	6252.1025
1015.8044	6261.062
1016.7141	6177.0381
1017.6237	6228.2715
1018.5333	6329.3647
1019.4429	6241.5708
1020.3525	6239.7651
1021.2621	6217.0166
1022.1717	6299.7197
1023.0813	6287.3809
1023.9909	6321.811
1024.9005	6309.5127
1025.8101	6286.7368
1026.7197	6261.3374
1027.6294	6224.7363
1028.5389	6202.2002
1029.4486	6187.2227
1030.3582	6120.3154
1031.2678	6076.3203
1032.1774	6064.8833
1033.087	6004.1929
1033.9966	5957.5601
1034.9063	5910.1035
1035.8158	5917.7656
1036.7255	5853.5117
1037.635	5807.7192
1038.5447	5792.8481
1039.4542	5748.0381
1040.3639	5764.9937
1041.2734	5673.834
1042.1831	5716.8008
1043.0927	5686.2373
1044.0023	5691.0303
1044.9119	5710.3062
1045.8215	5640.853
1046.7311	5668.4424
1047.6407	5661.6812
1048.5503	5659.2822
1049.46	5616.4468
1050.3695	5619.4365
1051.2792	5594.6162
1052.1887	5584.9424
1053.0984	5589.75
1054.0079	5612.9482
1054.9176	5622.9712
1055.8271	5609.7964
1056.7368	5631.6465
1057.6464	5644.1831
1058.556	5619.5376
1059.4656	5611.4487
1060.3752	5618.4756
1061.2848	5670.5522
1062.1945	5700.7061
1063.104	5689.042
1064.0137	5718.3003
1064.9232	5676.0103
1065.8329	5748.1069
1066.7424	5747.5542
1067.6521	5753.522
1068.5616	5796.1392
1069.4713	5810.5552
1070.3809	5862.3525
1071.2905	5818.7036
1072.2001	5789.7979
1073.1097	5868.77
1074.0193	5900.9521
1074.929	5827.8774
1075.8385	5888.2188
1076.7482	5857.7236
1077.6577	5888.0649
1078.5674	5805.8345
1079.4769	5779.5024
1080.3866	5768.5425
1081.2961	5739.1006
1082.2058	5718.6606
1083.1154	5717.2432
1084.025	5652.3794
1084.9346	5618.1221
1085.8442	5618.0869
1086.7538	5617.1182
1087.6635	5591.5244
1088.573	5547.2002
1089.4827	5539.0742
1090.3922	5534.2095
1091.3019	5528.1821
1092.2114	5548.7544
1093.1211	5548.6338
1094.0306	5549.293
1094.9403	5556.8369
1095.85	5582.1094
1096.7595	5581.2861
1097.6692	5633.7622
1098.5787	5688.4683
1099.4884	5741.8921
1100.3979	5827.3442
1101.3076	5950.6045
1102.2172	6015.9614
1103.1268	6089.8442
1104.0364	6055.3247
1104.946	6006.4883
1105.8556	6026.3931
1106.7653	5935.4727
1107.6748	5824.4839
1108.5845	5732.6138
1109.494	5689.4028
1110.4037	5630.6582
1111.3132	5624.3555
1112.2229	5648.6147
1113.1324	5593.6499
1114.0421	5606.0366
1114.9517	5612.6851
1115.8613	5617.584
1116.7709	5627.0972
1117.6805	5612.1621
1118.5901	5620.1924
1119.4998	5654.6909
1120.4093	5611.5425
1121.319	5622.3926
1122.2285	5668.5278
1123.1382	5722.3843
1124.0477	5723.0928
1124.9574	5748.541
1125.8669	5740.8018
1126.7766	5781.2642
1127.6862	5815.6768
1128.5958	5794.3101
1129.5054	5838.6401
1130.415	5872.979
1131.3246	5902.6431
1132.2343	5948.9429
1133.1438	5963.207
1134.0535	5992.2363
1134.963	5971.3999
1135.8727	5940.1475
1136.7822	5941.707
1137.6919	5924.5474
1138.6014	5904.3667
1139.5111	5855.3848
1140.4207	5865.0132
1141.3303	5769.4194
1142.2399	5740.1479
1143.1495	5711.8521
1144.0591	5696.4668
1144.9688	5728.0151
1145.8783	5785.1138
1146.788	5734.8701
1147.6975	5658.7788
1148.6072	5600.5977
1149.5167	5630.1143
1150.4264	5567.8252
1151.3359	5660.9761
1152.2456	5699.5122
1153.1552	5684.9609
1154.0648	5709.8438
1154.9744	5668.165
1155.884	5707.6064
1156.7936	5750.1958
1157.7032	5817.0171
1158.6128	5839.3374
1159.5225	5924.6152
1160.432	5937.6577
1161.3417	5990.728
1162.2512	5997.5513
1163.1609	5997.6685
1164.0704	6018.1299
1164.9801	6013.123
1165.8898	6027.6743
1166.7993	5974.5537
1167.709	6011.3149
1168.6185	5988.5308
1169.5282	6026.7622
1170.4377	6024.4199
1171.3474	6092.6411
1172.257	6093.3501
1173.1666	6114.1157
1174.0762	6160.4307
1174.9858	6161.0962
1175.8954	6256.4893
1176.8051	6236.7959
1177.7146	6224.0884
1178.6243	6235.582
1179.5338	6244.6338
1180.4435	6247.1138
1181.353	6253.6294
1182.2627	6251.9365
1183.1722	6316.3877
1184.0819	6291.438
1184.9915	6297.2085
1185.9011	6313.5527
1186.8107	6325.623
1187.7203	6316.2852
1188.6299	6305.04
1189.5396	6321.5854
1190.4491	6346.5938
1191.3588	6278.7285
1192.2683	6262.7007
1193.178	6229.188
1194.0875	6207.2124
1194.9972	6153.7324
1195.9067	6181.0366
1196.8164	6095.0557
1197.726	6067.1514
1198.6356	6070.9121
1199.5452	6047.2007
1200.4548	5991.0972
1201.3644	5982.0283
1202.274	5991.3008
1203.1836	5992.5571
1204.0933	5957.5786
1205.0028	5953.2979
1205.9125	5948.7832
1206.822	5931.9063
1207.7317	5892.8335
1208.6412	5920.27
1209.5509	5893.1011
1210.4604	5872.5537
1211.3701	5879.0449
1212.2797	5883.1128
1213.1893	5930.2354
1214.0989	5941.5557
1215.0085	5962.7271
1215.9181	5948.4912
1216.8278	5965.3584
1217.7373	5940.8667
1218.647	5963.9624
1219.5565	6049.7163
1220.4662	6080.2261
1221.3757	6093.7295
1222.2854	6135.5474
1223.1949	6194.4966
1224.1046	6219.4624
1225.0142	6267.3877
1225.9238	6287.4341
1226.8334	6320.2007
1227.743	6295.0254
1228.6526	6358.3145
1229.5623	6338.8862
1230.4718	6390.8154
1231.3815	6406.5674
1232.291	6353.4277
1233.2007	6346.2202
1234.1102	6361.6563
1235.0199	6293.4268
1235.9296	6299.9678
1236.8391	6317.2769
1237.7488	6282.4106
1238.6583	6233.0132
1239.568	6208.4688
1240.4775	6222.7109
1241.3872	6236.6719
1242.2968	6221.1523
1243.2064	6185.2163
1244.116	6180.4321
1245.0256	6155.25
1245.9352	6172.5894
1246.8448	6139.5142
1247.7544	6038.3638
1248.6641	6079.8213
1249.5736	6020.4199
1250.4833	5977.7808
1251.3928	5922.6934
1252.3025	5870.7222
1253.212	5897.3135
1254.1217	5867.335
1255.0313	5873.9199
1255.9409	5869.4546
1256.8505	5858.1138
1257.7601	5889.9556
1258.6697	5934.645
1259.5793	5959.3564
1260.4889	5964.1709
1261.3986	5988.7358
1262.3081	6026.8154
1263.2178	6046.9932
1264.1273	6070.5068
1265.037	6140.1113
1265.9465	6222.2632
1266.8562	6316.793
1267.7657	6402.5869
1268.6754	6508.7671
1269.585	6608.8447
1270.4946	6701.6616
1271.4042	6748.8882
1272.3138	6850.7441
1273.2234	6890.8906
1274.1331	6869.3081
1275.0426	6794.0151
1275.9523	6753.6826
1276.8618	6664.4351
1277.7715	6615.6177
1278.681	6563.981
1279.5907	6519.0635
1280.5002	6443.4917
1281.4099	6370.8516
1282.3195	6354.2422
1283.2291	6344.0303
1284.1387	6308.2661
1285.0483	6274.6401
1285.9579	6313.3564
1286.8676	6297.5229
1287.7771	6350.6128
1288.6868	6330.2988
1289.5963	6374.7593
1290.506	6453.5391
1291.4155	6472.6772
1292.3252	6496.6299
1293.2347	6526.6514
1294.1444	6563.667
1295.054	6589.3955
1295.9636	6590.8452
1296.8732	6648.1602
1297.7828	6706.2939
1298.6924	6674.126
1299.6021	6728.3486
1300.5116	6767.9478
1301.4213	6761.2935
1302.3308	6780.5332
1303.2405	6759.5186
1304.15	6769.7046
1305.0597	6802.3481
1305.9694	6761.457
1306.8789	6797.3501
1307.7886	6855.6221
1308.6981	6890.1938
1309.6078	6890.6416
1310.5173	6868.4106
1311.427	6898.999
1312.3365	6947.4702
1313.2462	6961.3389
1314.1558	6937.2637
1315.0654	6944.3413
1315.975	6984.7563
1316.8846	6987.8643
1317.7942	6978.9043
1318.7039	7015.2944
1319.6134	7006.2803
1320.5231	7007.4658
1321.4326	7002.4956
1322.3423	6995.6182
1323.2518	7025.5107
1324.1615	6935.4092
1325.071	6950.4854
1325.9807	6932.2559
1326.8903	6994.8818
1327.7999	7069.5303
1328.7095	7089.1963
1329.6191	7173.6221
1330.5287	7286.7925
1331.4384	7308.8086
1332.3479	7369.2925
1333.2576	7484.0806
1334.1671	7581.1318
1335.0768	7665.5249
1335.9863	7715.1182
1336.896	7785.7734
1337.8055	7830.1689
1338.7152	7864.9341
1339.6248	7844.7983
1340.5344	7831.0005
1341.444	7815.0767
1342.3536	7809.5708
1343.2632	7818.2827
1344.1729	7736.2554
1345.0824	7677.541
1345.9921	7648.3667
1346.9016	7581.9702
1347.8113	7493.0034
1348.7208	7417.7637
1349.6305	7342.9272
1350.54	7277.9458
1351.4497	7178.9199
1352.3593	7066.772
1353.2689	6971.9663
1354.1785	6898.2988
1355.0881	6838.498
1355.9977	6730.6904
1356.9073	6642.6675
1357.8169	6544.4355
1358.7266	6468.6289
1359.6361	6505.229
1360.5458	6484.6963
1361.4553	6527.3657
1362.365	6514.583
1363.2745	6509.7974
1364.1842	6536.6294
1365.0938	6597.3276
1366.0034	6644.9712
1366.913	6596.6216
1367.8226	6699.751
1368.7322	6762.5386
1369.6418	6827.7046
1370.5514	6733.2319
1371.4611	6805.4492
1372.3706	6906.4795
1373.2803	7064.1025
1374.1899	7053.4609
1375.0995	7117.2397
1376.0092	7152.5381
1376.9187	7161.7549
1377.8284	7116.7764
1378.7379	7110.0122
1379.6476	7059.9233
1380.5571	6985.3096
1381.4668	6932.2832
1382.3763	6919.1899
1383.286	6823.4717
1384.1956	6692.0391
1385.1052	6606.688
1386.0148	6519.5083
1386.9244	6440.2646
1387.834	6381.3008
1388.7437	6330.3984
1389.6532	6272.7852
1390.5629	6239.0737
1391.4724	6260.9976
1392.3821	6257.73
1393.2916	6251.8691
1394.2013	6351.9922
1395.1108	6382.4717
1396.0205	6400.3418
1396.9301	6500.2607
1397.8397	6626.9907
1398.7493	6635.7441
1399.6589	6603.6211
1400.5685	6642.7896
1401.4781	6539.4575
1402.3877	6464.5527
1403.2974	6454.7402
1404.2069	6227.728
1405.1166	6167.3174
1406.0261	6048.293
1406.9358	5947.0586
1407.8453	5849.4961
1408.755	5783.834
1409.6646	5636.6563
1410.5742	5625.355
1411.4838	5536.1602
1412.3934	5487.1777
1413.303	5417.1479
1414.2126	5348.0342
1415.1222	5295.6978
1416.0319	5262.2515
1416.9414	5233.9321
1417.8511	5212.3057
1418.7606	5225.4907
1419.6703	5207.7578
1420.5798	5194.7275
1421.4895	5190.6382
1422.399	5225.2227
1423.3087	5224.1904
1424.2183	5253.793
1425.1279	5281.4243
1426.0375	5353.8447
1426.9471	5423.8784
1427.8567	5442.8003
1428.7664	5468.0146
1429.6759	5537.0029
1430.5856	5501.4751
1431.4951	5599.7534
1432.4048	5655.1621
1433.3143	5693.6533
1434.224	5708.4668
1435.1335	5757.4038
1436.0432	5791.6431
1436.9528	5832.103
1437.8624	5838.9185
1438.772	5852.2642
1439.6816	5880.6577
1440.5912	5948.2773
1441.5009	5989.9272
1442.4104	6063.7876
1443.3201	6104.6797
1444.2297	6153.6763
1445.1393	6249.4971
1446.049	6332.9336
1446.9585	6383.6689
1447.8682	6396.3145
1448.7777	6460.8896
1449.6874	6552.2783
1450.5969	6619.1201
1451.5066	6588.7847
1452.4161	6686.3999
1453.3258	6717.4844
1454.2354	6748.2393
1455.145	6761.3726
1456.0546	6693.2466
1456.9642	6631.4688
1457.8738	6610.7964
1458.7834	6542.3662
1459.693	6449.438
1460.6027	6439.2173
1461.5122	6379.0044
1462.4219	6314.8896
1463.3314	6230.1875
1464.2411	6193.0146
1465.1506	6188.0967
1466.0603	6126.5391
1466.9698	6048.6694
1467.8795	5984.2603
1468.7891	5942.0161
1469.6987	5870.2617
1470.6083	5911.4146
1471.5179	5863.1797
1472.4275	5773.3481
1473.3372	5729.9126
1474.2467	5721.9492
1475.1564	5686.9829
1476.0659	5628.8252
1476.9756	5594.8276
1477.8851	5675.5967
1478.7948	5569.0093
1479.7043	5690.3154
1480.614	5712.3872
1481.5236	5667.0137
1482.4332	5636.8735
1483.3428	5565.2646
1484.2524	5518.5664
1485.162	5510.5815
1486.0717	5487.8115
1486.9812	5419.124
1487.8909	5389.3525
1488.8004	5441.2056
1489.7101	5497.9668
1490.6196	5504.498
1491.5293	5541.8457
1492.4388	5588.606
1493.3485	5608.2803
1494.2581	5706.5093
1495.1677	5752.1167
1496.0773	5897.7344
1496.9869	5887.0527
1497.8965	5898.7681
1498.8062	5888.6743
1499.7157	5832.8696
1500.6254	5871.3467
1501.5349	5844.4634
1502.4446	5803.752
1503.3541	5763.8501
1504.2638	5701.8901
1505.1733	5641.7358
1506.083	5611.2051
1506.9926	5625.1333
1507.9022	5591.7568
1508.8118	5622.7573
1509.7214	5621.604
1510.631	5772.7222
1511.5406	5695.6187
1512.4502	5757.4707
1513.3599	5813.7158
1514.2695	5838.5366
1515.1791	5853.4492
1516.0887	5860.9702
1516.9983	5989.7402
1517.908	5990.2754
1518.8175	6042.4829
1519.7272	6034.1235
1520.6367	6026.7124
1521.5464	5998.1748
1522.4559	5951.7236
1523.3656	5960.0186
1524.2751	5952.1816
1525.1848	5859.7832
1526.0944	5835.5273
1527.004	5847.7153
1527.9136	5875.6465
1528.8232	5832.7393
1529.7328	5879.9229
1530.6425	5868.8896
1531.552	5909.6836
1532.4617	5920.0146
1533.3712	5972.9214
1534.2809	6007.9077
1535.1904	6046.3428
1536.1001	6041.2432
1537.0096	6045.189
1537.9193	6016.208
1538.8289	6036.5884
1539.7385	6043.3247
1540.6481	6029.0698
1541.5577	6029.4731
1542.4673	6054.481
1543.377	6064.0688
1544.2865	6074.3633
1545.1962	6075.4194
1546.1057	6087.022
1547.0154	6130.8853
1547.9249	6132.8218
1548.8346	6162.2446
1549.7441	6088.7075
1550.6538	6093.0005
1551.5634	6050.8403
1552.473	5999.3779
1553.3826	5954.5791
1554.2922	5880.2803
1555.2018	5837.9683
1556.1115	5783.2046
1557.021	5759.2588
1557.9307	5726.9297
1558.8402	5738.8691
1559.7499	5685.501
1560.6594	5710.8174
1561.5691	5730.5566
1562.4786	5751.7207
1563.3883	5789.4604
1564.2979	5795.0757
1565.2075	5782.1895
1566.1171	5754.1733
1567.0267	5732.3779
1567.9363	5687.1167
1568.8459	5686.6821
1569.7555	5720.6953
1570.6652	5680.9873
1571.5747	5693.3896
1572.4844	5744.0762
1573.3939	5671.3677
1574.3036	5701.5488
1575.2131	5657.8486
1576.1228	5655.6909
1577.0323	5753.3325
1577.942	5829.1655
1578.8516	5827.8726
1579.7612	5859.3091
1580.6708	5901.0288
1581.5804	5925.4463
1582.49	5917.1265
1583.3997	5906.6548
1584.3093	5845.0767
1585.2189	5823.8071
1586.1285	5743.123
1587.0381	5776.9741
1587.9478	5653.4419
1588.8573	5570.3711
1589.767	5532.0371
1590.6765	5518.0771
1591.5862	5474.8169
1592.4957	5397.2861
1593.4054	5356.106
1594.3149	5331.5356
1595.2246	5272.999
1596.1342	5222.2813
1597.0438	5155.9155
1597.9534	5209.7051
1598.863	5150.8789
1599.7726	5185.2207
1600.6823	5079.9282
1601.5918	5144.4502
1602.5015	5072.4307
1603.411	5104.0264
1604.3207	5068.6675
1605.2302	5002.2988
1606.1399	4980.3911
1607.0494	4951.6631
1607.9591	4971.0254
1608.8687	4923.9307
1609.7783	4890.1567
1610.6879	4883.5762
1611.5975	4892.8999
1612.5071	4811.8887
1613.4167	4823.8579
1614.3263	4720.0674
1615.236	4724.0435
1616.1455	4697.3423
1617.0552	4657.0659
1617.9647	4639.0396
1618.8744	4576.8521
1619.7839	4532.6826
1620.6936	4500.1689
1621.6031	4507.0825
1622.5128	4501.8013
1623.4224	4453.9106
1624.332	4457.9814
1625.2416	4437.2568
1626.1512	4443.373
1627.0608	4463.0688
1627.9705	4425.5298
1628.88	4386.2891
1629.7897	4404.8867
1630.6992	4395.6084
1631.6089	4394.8589
1632.5184	4366.8555
1633.4281	4307.7583
1634.3376	4257.5166
1635.2473	4224.0083
1636.1569	4134.2988
1637.0665	4175.4204
1637.9761	4144.4995
1638.8857	4101.4258
1639.7953	4079.0876
1640.705	4056.5586
1641.6145	4030.7515
1642.5242	3984.1335
1643.4337	3965.7703
1644.3434	3943.3271
1645.2529	3921.5156
1646.1626	3831.3718
1647.0721	3800.6445
1647.9818	3728.2285
1648.8914	3728.8755
1649.801	3713.7983
1650.7106	3671.3293
1651.6202	3630.8818
1652.5299	3565.5205
1653.4395	3537.5781
1654.3491	3460.5247
1655.2587	3398.238
1656.1683	3438.6174
1657.0779	3391.1055
1657.9875	3385.4036
1658.8971	3352.1953
1659.8068	3337.0317
1660.7163	3325.7546
1661.626	3262.5857
1662.5355	3249.4373
1663.4452	3224.3806
1664.3547	3183.7224
1665.2644	3223.4758
1666.174	3201.397
1667.0836	3197.8196
1667.9932	3174.5408
1668.9028	3193.1792
1669.8124	3171.6794
1670.722	3107.0713
1671.6316	3101.7532
1672.5413	3115.7422
1673.4508	3097.605
1674.3605	3087.8682
1675.27	3129.0344
1676.1797	3098.4944
1677.0892	3118.8142
1677.9989	3072.6028
1678.9084	3087.1516
1679.8181	3080.6843
1680.7277	3037.3081
1681.6373	3033.0183
1682.5469	3044.5957
1683.4565	3044.2834
1684.3661	3032.2214
1685.2758	3004.5977
1686.1853	2999.3499
1687.095	2964.8162
1688.0045	2984.1963
1688.9142	2976.5894
1689.8237	2980.7698
1690.7334	2941.4985
1691.6429	2960.5181
1692.5526	2949.8508
1693.4622	2907.9697
1694.3718	2905.2676
1695.2814	2865.634
1696.191	2885.0129
1697.1006	2891.6714
1698.0103	2896.5205
1698.9198	2870.2827
1699.8295	2874.7034
1700.739	2847.8118
1701.6487	2821.9543
1702.5582	2842.0015
1703.4679	2845.9395
1704.3774	2872.259
1705.2871	2862.5759
1706.1967	2824.4124
1707.1063	2791.8284
1708.0159	2789.01
1708.9255	2789.3159
1709.8351	2777.3843
1710.7448	2797.1921
1711.6543	2763.1299
1712.564	2759.2458
1713.4735	2746.0637
1714.3832	2742.3069
1715.2927	2711.3948
1716.2024	2766.0078
1717.1119	2735.3423
1718.0216	2695.1143
1718.9312	2722.96
1719.8408	2698.9639
1720.7504	2710.3074
1721.66	2704.9187
1722.5697	2704.0266
1723.4792	2672.2002
1724.3889	2665.3542
1725.2985	2675.1763
1726.2081	2657.1372
1727.1177	2663.113
1728.0273	2676.1047
1728.9369	2640.3311
1729.8466	2602.9207
1730.7561	2640.6501
1731.6658	2610.2295
1732.5753	2630.0791
1733.485	2612.7607
1734.3945	2621.7639
1735.3042	2562.0134
1736.2137	2563.3804
1737.1234	2585.1372
1738.033	2588.3196
1738.9426	2551.8848
1739.8522	2551.3748
1740.7618	2542.4236
1741.6714	2578.2813
1742.5811	2579.3533
1743.4906	2549.1931
1744.4003	2553.7915
1745.3098	2552.7136
1746.2195	2509.4902
1747.129	2503.6211
1748.0387	2542.8264
1748.9482	2496.6931
1749.8579	2474.0784
1750.7675	2502.656
1751.6771	2502.6152
1752.5867	2499.8037
1753.4963	2490.2949
1754.4059	2460.3379
1755.3156	2452.6111
1756.2251	2446.3589
1757.1348	2470.2095
1758.0443	2430.2358
1758.954	2447.3118
1759.8635	2481.8401
1760.7732	2453.564
1761.6827	2440.207
1762.5924	2427.1655
1763.502	2431.4336
1764.4116	2396.9558
1765.3212	2351.1516
1766.2308	2377.4717
1767.1404	2372.8452
1768.05	2365.4495
1768.9596	2353.1733
1769.8693	2347.198
1770.7788	2377.4583
1771.6885	2368.8345
1772.598	2330.6711
1773.5077	2352.9136
1774.4172	2363.969
1775.3269	2413.0811
1776.2365	2364.1973
1777.1461	2367.104
1778.0557	2367.7734
1778.9653	2380.5967
1779.8749	2380.7581
1780.7845	2379.7683
1781.6941	2371.1692
1782.6038	2414.6611
1783.5133	2346.2991
1784.423	2347.6345
1785.3325	2363.4497
1786.2422	2330.2986
1787.1517	2349.9285
1788.0614	2340.9656
1788.9709	2327.4448
1789.8806	2326.2971
1790.7902	2373.1704
1791.6998	2365.4563
1792.6095	2325.929
1793.519	2308.9683
1794.4287	2287.9653
1795.3383	2307.8015
1796.2479	2294.7302
1797.1575	2304.5193
1798.0671	2311.1479
1798.9767	2294.9707
1799.8864	2296.4536
1800.7959	2273.0251
1801.7056	2260.6738
1802.6151	2249.9834
1803.5248	2232.7346
1804.4343	2247.6418
1805.344	2225.585
1806.2535	2202.6577
1807.1632	2241.335
1808.0728	2219.6907
1808.9824	2204.5845
1809.892	2208.657
1810.8016	2208.3257
1811.7112	2216.7012
1812.6208	2186.1477
1813.5304	2266.2732
1814.4401	2226.5171
1815.3496	2190.5781
1816.2593	2193.3311
1817.1688	2203.3501
1818.0785	2204.8281
1818.988	2214.6919
1819.8977	2219.3572
1820.8073	2227.9009
1821.7169	2214.4272
1822.6265	2205.2151
1823.5361	2184.9392
1824.4457	2163.7935
1825.3553	2192.4705
1826.2649	2213.967
1827.1746	2224.5022
1828.0841	2202.407
1828.9938	2161.9167
1829.9033	2157.4307
1830.813	2141.9688
1831.7225	2129.8159
1832.6322	2163.2322
1833.5417	2185.8228
1834.4514	2158.2253
1835.361	2156.8696
1836.2706	2173.4202
1837.1802	2181.0791
1838.0898	2178.7993
1838.9994	2205.0901
1839.9091	2216.8452
1840.8186	2169.7163
1841.7283	2175.6267
1842.6378	2162.0574
1843.5475	2146.6133
1844.457	2133.6782
1845.3667	2140.2327
1846.2762	2136.8174
1847.1859	2121.9729
1848.0955	2084.574
1849.0051	2135.4646
1849.9147	2106.8013
1850.8243	2096.3
1851.7339	2099.394
1852.6436	2081.6858
1853.5531	2097.0815
1854.4628	2070.9021
1855.3723	2083.3442
1856.282	2084.1482
1857.1915	2045.6041
1858.1012	2049.9099
1859.0107	2064.4316
1859.9204	2040.2039
1860.83	2057.2976
1861.7396	2057.457
1862.6493	2061.7424
1863.5588	2088.3838
1864.4685	2087.7046
1865.3781	2077.5115
1866.2877	2059.9724
1867.1973	2070.0591
1868.1069	2071.3137
1869.0165	2085.5718
1869.9261	2042.9985
1870.8357	2037.3225
1871.7454	2026.0718
1872.6549	2033.3092
1873.5646	2053.5405
1874.4741	2070.9939
1875.3838	2043.4067
1876.2933	2066.7192
1877.203	2058.4558
1878.1125	2059.1648
1879.0222	2052.5618
1879.9318	2045.5015
1880.8414	2009.0171
1881.751	2028.8735
1882.6606	2033.1599
1883.5702	2028.6907
1884.4799	2046.1105
1885.3894	2054.7183
1886.2991	2068.8599
1887.2086	2065.1282
1888.1183	2030.7084
1889.0278	2031.8932
1889.9375	2040.2524
1890.847	2052.9233
1891.7567	2030.0454
1892.6663	2024.3545
1893.5759	2030.4799
1894.4855	1989.7551
1895.3951	2009.6176
1896.3047	2030.2494
1897.2144	2037.2781
1898.1239	2022.9785
1899.0336	1990.6516
1899.9431	2020.0352
1900.8528	2047.8951
1901.7623	2023.6294
1902.672	2011.2057
1903.5815	1985.1711
1904.4912	1994.2003
1905.4008	1985.3101
1906.3104	2002.8582
1907.22	1972.6788
1908.1296	1986.2048
1909.0392	1968.9301
1909.9489	1968.2568
1910.8584	2005.8528
1911.7681	1952.7294
1912.6776	1952.4135
1913.5873	1939.0883
1914.4968	1940.4612
1915.4065	1961.8816
1916.316	1948.8141
1917.2257	1927.6766
1918.1353	1904.0536
1919.0449	1924.7397
1919.9545	1910.8578
1920.8641	1929.4233
1921.7737	1937.9762
1922.6833	1942.9257
1923.5929	1972.7365
1924.5026	1942.1117
1925.4121	1940.1334
1926.3218	1945.4485
1927.2313	1952.426
1928.141	1942.0824
1929.0505	1944.2792
1929.9602	1937.3408
1930.8699	1882.421
1931.7794	1937.7424
1932.6891	1922.92
1933.5986	1942.1782
1934.5083	1922.0608
1935.4178	1911.5466
1936.3275	1896.3546
1937.2371	1875.2555
1938.1467	1894.7192
1939.0563	1907.5369
1939.9659	1897.468
1940.8755	1865.0394
1941.7852	1863.812
1942.6947	1848.141
1943.6044	1871.7188
1944.5139	1864.5131
1945.4236	1876.8624
1946.3331	1852.0753
1947.2428	1866.8904
1948.1523	1873.9574
1949.062	1877.1841
1949.9716	1873.8785
1950.8812	1897.4011
1951.7908	1898.0273
1952.7004	1886.1285
1953.61	1896.9485
1954.5197	1881.9073
1955.4292	1851.129
1956.3389	1851.1681
1957.2484	1832.5732
1958.1581	1850.3789
1959.0676	1817.1871
1959.9773	1809.7089
1960.8868	1787.0037
1961.7965	1801.9452
1962.7061	1844.0441
1963.6157	1855.6731
1964.5253	1846.8132
1965.4349	1830.5135
1966.3445	1862.6012
1967.2542	1874.7725
1968.1637	1839.8174
1969.0734	1826.4071
1969.9829	1810.2332
1970.8926	1777.8878
1971.8021	1767.6252
1972.7118	1791.0341
1973.6213	1797.3864
1974.531	1806.9949
1975.4406	1809.9004
1976.3502	1821.6855
1977.2598	1823.2236
1978.1694	1805.7587
1979.079	1826.9648
1979.9886	1807.4578
1980.8982	1805.3318
1981.8079	1805.4459
1982.7174	1796.0392
1983.6271	1778.579
1984.5366	1781.6492
1985.4463	1758.6304
1986.3558	1744.0862
1987.2655	1747.2875
1988.175	1748.2125
1989.0847	1740.6036
1989.9943	1727.1631
1990.9039	1738.9448
1991.8135	1766.8907
1992.7231	1750.1106
1993.6327	1779.1935
1994.5424	1789.569
1995.4519	1779.3876
1996.3616	1782.6007
1997.2711	1755.0641
1998.1808	1757.3733
1999.0903	1740.7688
2000	1723.0808
