400	6938.1382
400.90961	6960.5303
401.81921	6933.0879
402.72882	6993.5684
403.63843	7016.4424
404.54803	7019.9717
405.45764	7033.144
406.36725	7034.1221
407.27686	6984.1851
408.18646	6899.5801
409.09607	6832.1709
410.00568	6765.915
410.91528	6700.6392
411.82489	6638.2788
412.7345	6575.4868
413.6441	6509.7715
414.55371	6496.1953
415.46332	6436.5547
416.37292	6412.2749
417.28253	6420.8076
418.19217	6414.186
419.10178	6362.0278
420.01138	6338.9941
420.92099	6293.8945
421.8306	6299.4092
422.7402	6304.3955
423.64981	6301.1582
424.55942	6292.6519
425.46902	6279.0835
426.37863	6280.6685
427.28824	6291.0464
428.19785	6229.748
429.10745	6218.7183
430.01706	6235.2183
430.92667	6227.8096
431.83627	6195.5542
432.74588	6215.1104
433.65549	6207.0771
434.56509	6167.7598
435.4747	6203.083
436.38431	6228.8765
437.29391	6237.4897
438.20352	6266.2803
439.11313	6190.9688
440.02274	6175.4604
440.93234	6203.8604
441.84195	6158.8169
442.75156	6113.3838
443.66116	6094.8525
444.57077	6079.2593
445.48038	6069.8623
446.38998	6084.5112
447.29959	6114.3394
448.2092	6074.1143
449.1188	6056.1479
450.02841	6058.729
450.93802	6058.1689
451.84763	6077.0361
452.75726	5992.4263
453.66687	6018.9512
454.57648	6006.9775
455.48608	5992.4624
456.39569	6002.3916
457.3053	6015.3721
458.2149	6005.1294
459.12451	6073.1797
460.03412	6067.2563
460.94373	6077.585
461.85333	6068.6611
462.76294	6058.1421
463.67255	6067.439
464.58215	6086.064
465.49176	6062.7598
466.40137	6014.896
467.31097	5950.5044
468.22058	5930.7227
469.13019	5920.2441
470.03979	5909.7529
470.9494	5918.8262
471.85901	5947.1406
472.76862	5863.4399
473.67822	5933.7632
474.58783	5909.5791
475.49744	5944.3247
476.40704	5940.8906
477.31665	5901.3208
478.22626	5909.9888
479.13586	5853.3262
480.04547	5893.5391
480.95508	5917.3286
481.86469	5865.3818
482.77429	5853.1328
483.6839	5888.7871
484.59351	5897.2461
485.50311	5840.2617
486.41272	5864.8262
487.32236	5873.7334
488.23196	5825.4614
489.14157	5775.1226
490.05118	5753.2368
490.96078	5762.7339
491.87039	5779.5264
492.78	5764.2373
493.68961	5733.4043
494.59921	5751.6665
495.50882	5733.3052
496.41843	5703.7993
497.32803	5685.8882
498.23764	5688.3965
499.14725	5681.4702
500.05685	5563.0322
500.96646	5634.4492
501.87607	5710.1768
502.78568	5678.999
503.69528	5644.0659
504.60489	5634.0654
505.5145	5625.7495
506.4241	5625.5083
507.33371	5646.7036
508.24332	5615.9395
509.15292	5661.3481
510.06253	5645.334
510.97214	5644.96
511.88174	5668.4302
512.79138	5673.5054
513.70099	5684.4521
514.6106	5660.3037
515.5202	5597.6489
516.42981	5635.1362
517.33942	5678.2964
518.24902	5694.7686
519.15863	5744.894
520.06824	5833.2456
520.97784	5794.394
521.88745	5819.2905
522.79706	5780.083
523.70667	5725.0571
524.61627	5749.293
525.52588	5771.7778
526.43549	5744.0176
527.34509	5706.4248
528.2547	5695.8252
529.16431	5751.3203
530.07391	5770.8936
530.98352	5729.2861
531.89313	5671.5859
532.80273	5641.0073
533.71234	5643.7593
534.62195	5649.0283
535.53156	5624.1914
536.44116	5620.5303
537.35077	5618.6567
538.26038	5650.0859
539.16998	5649.6304
540.07959	5666.4502
540.9892	5710.5259
541.8988	5714.3389
542.80841	5635.7222
543.71802	5655.2012
544.62762	5673.5542
545.53723	5628.8828
546.44684	5630.792
547.35645	5656.8931
548.26605	5661.0288
549.17566	5637.9028
550.08527	5616.686
550.99487	5595.2104
551.90448	5631.2202
552.81409	5621.2349
553.72369	5651.7417
554.6333	5685.1216
555.54291	5675.1855
556.45251	5633.0981
557.36212	5618.771
558.27173	5652.0332
559.18134	5597.6221
560.09094	5584.2832
561.00055	5598.9712
561.91016	5583.626
562.81976	5533.7544
563.72937	5520.9438
564.63898	5576.7817
565.54858	5546.4229
566.45819	5588.021
567.3678	5587.0967
568.2774	5498.4697
569.18701	5498.6006
570.09662	5529.5767
571.00623	5524.6821
571.91583	5513.0361
572.82544	5543.0586
573.73505	5545.0088
574.64471	5505.771
575.55432	5475.2461
576.46393	5442.187
577.37354	5464.6572
578.28314	5478.6499
579.19275	5459.7207
580.10236	5470.1577
581.01196	5434.0762
581.92157	5458.1143
582.83118	5461.7646
583.74078	5429.9233
584.65039	5442.4165
585.56	5426.2939
586.4696	5402.6089
587.37921	5428.3931
588.28882	5438.2529
589.19843	5449.5186
590.10803	5461.6367
591.01764	5519.9351
591.92725	5505.979
592.83685	5528.3374
593.74646	5595.5591
594.65607	5656.7388
595.56567	5687.6006
596.47528	5696.5879
597.38489	5670.2065
598.29449	5638.6484
599.2041	5641.1216
600.11371	5608.7725
601.02332	5544.3984
601.93292	5506.3213
602.84253	5511.9175
603.75214	5520.8345
604.66174	5525.7759
605.57135	5408.0498
606.48096	5459.3423
607.39056	5439.1323
608.30017	5454.8135
609.20978	5502.1255
610.11938	5556.2749
611.02899	5593.3403
611.9386	5605.3574
612.84821	5651.103
613.75781	5599.0239
614.66742	5589.5391
615.57703	5600.3423
616.48663	5599.7871
617.39624	5602.5596
618.30585	5641.1094
619.21545	5710.3423
620.12506	5771.1284
621.03467	5827.7524
621.94427	5801.02
622.85388	5840.5283
623.76349	5828.5869
624.6731	5809.0713
625.5827	5807.8081
626.49231	5783.8105
627.40192	5734.4004
628.31152	5717.2827
629.22113	5702.9512
630.13074	5692.3203
631.04034	5617.7271
631.94995	5637.9121
632.85956	5638.8301
633.76917	5658.9961
634.67877	5662.708
635.58838	5665.647
636.49799	5719.9873
637.40759	5705.2168
638.3172	5661.0874
639.22681	5687.3462
640.13641	5690.9463
641.04602	5676.1016
641.95563	5635.457
642.86523	5646.9038
643.7749	5666.5776
644.68451	5633.7363
645.59412	5662.1343
646.50372	5683.9492
647.41333	5664.5278
648.32294	5671.4976
649.23254	5703.6997
650.14215	5699.1929
651.05176	5649.0742
651.96136	5628.7651
652.87097	5636.1348
653.78058	5590.7461
654.69019	5578.7583
655.59979	5490.2227
656.5094	5543.7261
657.41901	5534.2183
658.32861	5503.0078
659.23822	5474.2324
660.14783	5457.1133
661.05743	5461.5967
661.96704	5472.3013
662.87665	5449.709
663.78625	5441.9487
664.69586	5435.5283
665.60547	5471.9248
666.51508	5480.8555
667.42468	5446.731
668.33429	5455.1294
669.2439	5480.5615
670.1535	5464.6797
671.06311	5440.5952
671.97272	5473.3062
672.88232	5443.7993
673.79193	5470.0444
674.70154	5391.7305
675.61115	5364.1563
676.52075	5368.0684
677.43036	5373.6582
678.33997	5351.0576
679.24957	5324.7705
680.15918	5329.5518
681.06879	5298.8384
681.97839	5273.4092
682.888	5294.5957
683.79761	5247.6968
684.70721	5233.5249
685.61682	5226.5859
686.52643	5263.3447
687.43604	5291.8784
688.34564	5289.5952
689.25525	5290.3159
690.16486	5222.4878
691.07446	5211.896
691.98407	5197.5176
692.89368	5196.543
693.80328	5202.3828
694.71289	5162.3398
695.6225	5147.4531
696.5321	5112.8252
697.44171	5080.4165
698.35132	5129.6372
699.26093	5145.9814
700.17053	5153.7739
701.08014	5162.9995
701.98975	5204.6992
702.89935	5206.8208
703.80896	5185.3433
704.71857	5204.8184
705.62817	5216.8232
706.53778	5181.1191
707.44739	5150.1123
708.35699	5176.3247
709.2666	5198.7402
710.17621	5221.853
711.08582	5195.7139
711.99542	5192.0371
712.90503	5178.6074
713.8147	5193.3501
714.7243	5226.3647
715.63391	5246.5352
716.54352	5252.6001
717.45313	5250.3916
718.36273	5220.8247
719.27234	5260.2192
720.18195	5264.3394
721.09155	5292.207
722.00116	5302.2925
722.91077	5327.1816
723.82037	5349.644
724.72998	5396.2803
725.63959	5430.4824
726.54919	5453.938
727.4588	5538.228
728.36841	5579.6704
729.27802	5739.2271
730.18762	5821.1865
731.09723	5889.1016
732.00684	6014.0186
732.91644	6138.582
733.82605	6221.5454
734.73566	6305.2998
735.64526	6347.6992
736.55487	6289.6641
737.46448	6198.9287
738.37408	6098.4893
739.28369	5991.4785
740.1933	5863.4814
741.10291	5760.5415
742.01251	5612.5869
742.92212	5512.8398
743.83173	5438.0405
744.74133	5392.541
745.65094	5352.7271
746.56055	5296.561
747.47015	5271.5703
748.37976	5288.3706
749.28937	5289.4849
750.19897	5289.5391
751.10858	5251.0298
752.01819	5209.9316
752.9278	5217.2393
753.8374	5205.124
754.74701	5205.4795
755.65662	5213.0835
756.56622	5198.8237
757.47583	5188.8462
758.38544	5187.605
759.29504	5157.8291
760.20465	5188.4585
761.11426	5128.1045
762.02386	5124.7676
762.93347	5114.647
763.84308	5102.3022
764.75269	5099.6309
765.66229	5131.8394
766.5719	5142.1396
767.48151	5101.7866
768.39111	5096.5874
769.30072	5083.646
770.21033	5104.8853
771.11993	5072.9595
772.02954	5018.8916
772.93915	5062.0449
773.84875	5040.5474
774.75836	5035.9121
775.66797	5057.4155
776.57758	5043.2949
777.48718	5026.6685
778.39679	5051.4507
779.3064	5044.5005
780.216	5056.1196
781.12561	5014.4243
782.03522	5066.3408
782.94489	5075.4634
783.85449	5038.9565
784.7641	5021.2046
785.67371	5020.1191
786.58331	5033.7759
787.49292	5051.3159
788.40253	5060.0454
789.31213	5064.5474
790.22174	5053.1143
791.13135	4980.1333
792.04095	5004.0562
792.95056	4964.4033
793.86017	4996.459
794.76978	5030.6128
795.67938	5064.209
796.58899	5017.271
797.4986	5009.3174
798.4082	5012.9595
799.31781	5016.417
800.22742	5059.1245
801.13702	5088.7886
802.04663	5092.5547
802.95624	5113.79
803.86584	5084.5278
804.77545	5122.7466
805.68506	5146.0454
806.59467	5102.5381
807.50427	5107.2173
808.41388	5105.4399
809.32349	5117.0581
810.23309	5142.313
811.1427	5149.2798
812.05231	5147.7236
812.96191	5160.792
813.87152	5151.104
814.78113	5100.9277
815.69073	5164.0103
816.60034	5170.5776
817.50995	5199.9326
818.41956	5221.6509
819.32916	5239.0967
820.23877	5265.4272
821.14838	5282.4316
822.05798	5310.0537
822.96759	5326.083
823.8772	5296.5015
824.7868	5276.9985
825.69641	5270.8345
826.60602	5229.3999
827.51563	5235.1084
828.42523	5249.2773
829.33484	5237.4043
830.24445	5249.7739
831.15405	5225.5386
832.06366	5254.231
832.97327	5255.4248
833.88287	5258.9185
834.79248	5285.0757
835.70209	5273.4126
836.61169	5228.8745
837.5213	5210.6045
838.43091	5264.4238
839.34052	5309.8169
840.25012	5364.27
841.15973	5280.6519
842.06934	5298.7671
842.97894	5285.7852
843.88855	5258.8022
844.79816	5287.1279
845.70776	5276.8203
846.61737	5264.2466
847.52698	5297.9712
848.43658	5323.2368
849.34619	5323.1279
850.2558	5315.4087
851.16541	5347.0889
852.07501	5362.8892
852.98468	5387.9204
853.89429	5406.8755
854.80389	5395.9414
855.7135	5445.4863
856.62311	5418.4624
857.53271	5403.7744
858.44232	5386.4604
859.35193	5342.4385
860.26154	5290.4546
861.17114	5284.1094
862.08075	5326.7632
862.99036	5304.9492
863.89996	5249.9619
864.80957	5197.2607
865.71918	5259.9194
866.62878	5232.7324
867.53839	5256.1133
868.448	5206.4146
869.3576	5243.1045
870.26721	5268.4351
871.17682	5260.4331
872.08643	5260.332
872.99603	5282.6831
873.90564	5303.8228
874.81525	5328.4688
875.72485	5352.7339
876.63446	5303.8862
877.54407	5275.4912
878.45367	5310.6406
879.36328	5324.249
880.27289	5346.9419
881.1825	5349.1504
882.0921	5405.6167
883.00171	5407.0024
883.91132	5419.7207
884.82092	5440.8179
885.73053	5429.5234
886.64014	5417.6509
887.54974	5425.7861
888.45935	5435.4951
889.36896	5419.9917
890.27856	5363.8887
891.18817	5362.5801
892.09778	5365.1421
893.00739	5350.874
893.91699	5314.8452
894.8266	5329.5591
895.73621	5314.3394
896.64581	5247.269
897.55542	5226.9023
898.46503	5234.8921
899.37463	5166.2788
900.28424	5134.9805
901.19385	5121.4854
902.10345	5096.4756
903.01306	5087.9082
903.92267	5052.4795
904.83228	5024.4976
905.74188	5019.479
906.65149	5044.7114
907.5611	5010.6665
908.4707	5047.8877
909.38031	5029.8013
910.28992	5096.5308
911.19952	5060.2773
912.10913	5054.1768
913.01874	5081.9951
913.92834	5093.8022
914.83795	5097.0024
915.74756	5062.833
916.65717	5043.8643
917.56677	5062.0806
918.47638	5068.4102
919.38599	5071.2637
920.29559	5077.5903
921.2052	5143.0342
922.11487	5152.3999
923.02448	5166.5986
923.93408	5138.8394
924.84369	5205.9004
925.7533	5199.3438
926.6629	5139.5884
927.57251	5145.1313
928.48212	5124.9951
929.39172	5127.1421
930.30133	5094.4658
931.21094	5071.7202
932.12054	5075.6372
933.03015	5042.9692
933.93976	5002.4126
934.84937	5002.771
935.75897	4997.1938
936.66858	5014.981
937.57819	5011.3403
938.48779	4992.1284
939.3974	5044.7588
940.30701	5009.6763
941.21661	5066.8867
942.12622	5045.7466
943.03583	5054.769
943.94543	5053.9688
944.85504	5040.1387
945.76465	5052.8345
946.67426	5061.2915
947.58386	5046.9658
948.49347	5050.1846
949.40308	5044.981
950.31268	5020.2661
951.22229	5014.4287
952.1319	5009.5977
953.0415	5004.9927
953.95111	5013.7583
954.86072	5028.6685
955.77032	5047.9536
956.67993	5000.647
957.58954	5011.9609
958.49915	5040.3496
959.40875	5022.7183
960.31836	5046.2451
961.22797	5054.3047
962.13757	5061.5801
963.04718	5041.4204
963.95679	5061.8838
964.86639	5061.5776
965.776	5042.9863
966.68561	5006.1733
967.59521	4984.4673
968.50482	5008.0239
969.41443	5004.8105
970.32404	4962.6226
971.23364	4953.7617
972.14325	4941.3638
973.05286	4897.4087
973.96246	4889.6069
974.87207	4943.5659
975.78168	4903.6074
976.69128	4890.2251
977.60089	4935.4521
978.5105	4897.8623
979.4201	4893.688
980.32971	4912.6655
981.23932	4889.2427
982.14893	4860.7148
983.05853	4801.4922
983.96814	4786.689
984.87775	4768.9478
985.78735	4732.3101
986.69696	4718.1665
987.60657	4728.3247
988.51617	4745.6538
989.42578	4737.4951
990.33539	4706.9229
991.245	4704.48
992.15466	4737.4336
993.06427	4726.5718
993.97388	4711.4595
994.88348	4734.9702
995.79309	4755.3374
996.7027	4712.3384
997.6123	4806.2148
998.52191	4777.4634
999.43152	4836.5635
1000.3411	4847.0796
1001.2507	4825.7217
1002.1603	4838.6157
1003.0699	4819.7314
1003.9796	4778.2969
1004.8892	4739.2852
1005.7988	4733.4233
1006.7084	4708.0977
1007.618	4683.103
1008.5276	4702.9624
1009.4372	4706.8818
1010.3468	4686.5415
1011.2564	4701.3545
1012.166	4751.8232
1013.0756	4720.6987
1013.9852	4717.8389
1014.8948	4711.1797
1015.8044	4709.0283
1016.7141	4748.3672
1017.6237	4768.8286
1018.5333	4737.2803
1019.4429	4804.9219
1020.3525	4791.3804
1021.2621	4731.5952
1022.1717	4738.6479
1023.0813	4754.854
1023.9909	4773.644
1024.9005	4718.856
1025.8101	4741.5371
1026.7197	4720.8716
1027.6294	4712.9951
1028.5389	4712.4214
1029.4486	4720.8423
1030.3582	4712.5239
1031.2678	4720.0947
1032.1774	4743.8394
1033.087	4681.2749
1033.9966	4632.209
1034.9063	4655.0093
1035.8158	4683.9658
1036.7255	4639.8975
1037.635	4679.0425
1038.5447	4709.9824
1039.4542	4695.0566
1040.3639	4678.0352
1041.2734	4687.4897
1042.1831	4639.6025
1043.0927	4703.207
1044.0023	4638.5386
1044.9119	4633.2495
1045.8215	4610.2241
1046.7311	4614.7612
1047.6407	4609.4058
1048.5503	4592.9897
1049.46	4520.6553
1050.3695	4559.8145
1051.2792	4555.5698
1052.1887	4536.6494
1053.0984	4548.375
1054.0079	4544.2988
1054.9176	4538.0562
1055.8271	4549.5459
1056.7368	4542.6597
1057.6464	4560.3984
1058.556	4568.7563
1059.4656	4510.604
1060.3752	4493.1182
1061.2848	4478.5283
1062.1945	4460.8232
1063.104	4496.0923
1064.0137	4503.1558
1064.9232	4550.752
1065.8329	4553.5771
1066.7424	4556.5195
1067.6521	4528.6147
1068.5616	4532.2373
1069.4713	4525.9297
1070.3809	4497.0317
1071.2905	4495.6294
1072.2001	4493.2964
1073.1097	4465.9365
1074.0193	4440.665
1074.929	4454.2178
1075.8385	4453.1963
1076.7482	4451.4561
1077.6577	4417.0684
1078.5674	4416.9722
1079.4769	4403.4614
1080.3866	4361.7715
1081.2961	4358.7964
1082.2058	4348.9253
1083.1154	4345.7837
1084.025	4335.9648
1084.9346	4306.7324
1085.8442	4305.6982
1086.7538	4337.3164
1087.6635	4347.0132
1088.573	4350.7358
1089.4827	4358.8594
1090.3922	4353.7637
1091.3019	4345.3853
1092.2114	4341.2886
1093.1211	4357.4717
1094.0306	4375.1821
1094.9403	4415.3042
1095.85	4411.7798
1096.7595	4385.5977
1097.6692	4403.291
1098.5787	4436.8789
1099.4884	4423.5967
1100.3979	4453.9629
1101.3076	4400.1821
1102.2172	4398.3184
1103.1268	4344.1431
1104.0364	4320.2378
1104.946	4431.1489
1105.8556	4357.1719
1106.7653	4392.2046
1107.6748	4380.1738
1108.5845	4368.6714
1109.494	4355.7329
1110.4037	4336.7241
1111.3132	4376.0747
1112.2229	4409.2319
1113.1324	4373.7354
1114.0421	4391.8721
1114.9517	4375.4209
1115.8613	4386.834
1116.7709	4437.2041
1117.6805	4421.1074
1118.5901	4441.2388
1119.4998	4445.0547
1120.4093	4448.1289
1121.319	4460.166
1122.2285	4461.522
1123.1382	4457.7896
1124.0477	4466.0039
1124.9574	4456.3823
1125.8669	4461.1904
1126.7766	4431.1816
1127.6862	4398.2397
1128.5958	4391.7095
1129.5054	4421.981
1130.415	4432.6787
1131.3246	4418.9487
1132.2343	4417.8228
1133.1438	4400.8623
1134.0535	4384.1772
1134.963	4375.0244
1135.8727	4363.5752
1136.7822	4350.5991
1137.6919	4358.3369
1138.6014	4336.7407
1139.5111	4337.5518
1140.4207	4353.9561
1141.3303	4353.9526
1142.2399	4380.7266
1143.1495	4361.9722
1144.0591	4372.0229
1144.9688	4408.4937
1145.8783	4429.3125
1146.788	4469.5415
1147.6975	4415.8325
1148.6072	4439.1304
1149.5167	4452.4736
1150.4264	4481.0557
1151.3359	4493.3687
1152.2456	4492.9702
1153.1552	4457.687
1154.0648	4520.5142
1154.9744	4503.019
1155.884	4495.2158
1156.7936	4520.8013
1157.7032	4526.6274
1158.6128	4525.6553
1159.5225	4606.7671
1160.432	4553.125
1161.3417	4571.4463
1162.2512	4576.2397
1163.1609	4579.356
1164.0704	4548.5469
1164.9801	4508.9087
1165.8898	4461.377
1166.7993	4488.1646
1167.709	4506.2554
1168.6185	4404.5005
1169.5282	4472.3115
1170.4377	4535.7524
1171.3474	4545.46
1172.257	4592.334
1173.1666	4699.8379
1174.0762	4706.8716
1174.9858	4663.2378
1175.8954	4715.6855
1176.8051	4753.0869
1177.7146	4792.229
1178.6243	4823.8901
1179.5338	4821.4492
1180.4435	4808.6382
1181.353	4862.0122
1182.2627	4830.8511
1183.1722	4814.8125
1184.0819	4841.5132
1184.9915	4855.0063
1185.9011	4850.0957
1186.8107	4811.3242
1187.7203	4787.1602
1188.6299	4755.5693
1189.5396	4736.311
1190.4491	4763.9102
1191.3588	4707.605
1192.2683	4661.3687
1193.178	4633.4346
1194.0875	4703.6138
1194.9972	4631.8477
1195.9067	4640.2114
1196.8164	4643.356
1197.726	4645.8037
1198.6356	4701.8604
1199.5452	4694.7603
1200.4548	4663.7158
1201.3644	4666.707
1202.274	4677.5244
1203.1836	4680.8213
1204.0933	4715.6187
1205.0028	4690.5342
1205.9125	4662.0542
1206.822	4665.0552
1207.7317	4663.499
1208.6412	4653.4282
1209.5509	4570.894
1210.4604	4595.4668
1211.3701	4605.1724
1212.2797	4518.5957
1213.1893	4483.7886
1214.0989	4503.8916
1215.0085	4477.2192
1215.9181	4448.2666
1216.8278	4396.1963
1217.7373	4428.1489
1218.647	4420.1196
1219.5565	4400.8716
1220.4662	4414.0215
1221.3757	4454.7598
1222.2854	4438.2803
1223.1949	4463.0908
1224.1046	4482.5269
1225.0142	4448.3149
1225.9238	4402.5186
1226.8334	4417.8574
1227.743	4431.1348
1228.6526	4359.8369
1229.5623	4371.1719
1230.4718	4345.9321
1231.3815	4303.9771
1232.291	4306.0122
1233.2007	4332.3667
1234.1102	4301.9536
1235.0199	4339.5303
1235.9296	4324.916
1236.8391	4312.2202
1237.7488	4320.7173
1238.6583	4305.2563
1239.568	4287.1294
1240.4775	4318.3447
1241.3872	4343.0947
1242.2968	4335.9961
1243.2064	4341.7568
1244.116	4325.4746
1245.0256	4370.5679
1245.9352	4331.5435
1246.8448	4336.6484
1247.7544	4332.7886
1248.6641	4303.5498
1249.5736	4282.8389
1250.4833	4293.7607
1251.3928	4324.7031
1252.3025	4308.8623
1253.212	4259.4473
1254.1217	4254.2314
1255.0313	4282.644
1255.9409	4289.0171
1256.8505	4273.7524
1257.7601	4309.416
1258.6697	4326.2925
1259.5793	4297.3965
1260.4889	4269.6729
1261.3986	4264.5444
1262.3081	4236.7813
1263.2178	4265.415
1264.1273	4215.998
1265.037	4275.0166
1265.9465	4245.0562
1266.8562	4229.9653
1267.7657	4243.7837
1268.6754	4247.9834
1269.585	4272.5742
1270.4946	4280.4033
1271.4042	4299.8257
1272.3138	4333.9692
1273.2234	4330.438
1274.1331	4306.3989
1275.0426	4291.9355
1275.9523	4307.3804
1276.8618	4302.0654
1277.7715	4298.3677
1278.681	4255.5332
1279.5907	4248.1484
1280.5002	4239.9302
1281.4099	4243.1538
1282.3195	4255.0063
1283.2291	4236.7671
1284.1387	4247.5962
1285.0483	4277.9609
1285.9579	4274.3076
1286.8676	4272.9517
1287.7771	4252.4971
1288.6868	4267.3311
1289.5963	4275.8599
1290.506	4278.6758
1291.4155	4283.3521
1292.3252	4302.7915
1293.2347	4292.8052
1294.1444	4282.6826
1295.054	4288.6182
1295.9636	4252.9297
1296.8732	4263.3711
1297.7828	4257.7275
1298.6924	4237.4785
1299.6021	4259.2651
1300.5116	4258.7959
1301.4213	4297.4731
1302.3308	4268.2402
1303.2405	4269.0469
1304.15	4279.8784
1305.0597	4310.1304
1305.9694	4300.397
1306.8789	4303.8936
1307.7886	4304.4565
1308.6981	4318.5049
1309.6078	4294.5537
1310.5173	4259.2041
1311.427	4249.8154
1312.3365	4257.1147
1313.2462	4267.5801
1314.1558	4230.4224
1315.0654	4237.9355
1315.975	4254.2373
1316.8846	4253.6138
1317.7942	4257.2002
1318.7039	4222.9907
1319.6134	4245.4224
1320.5231	4203.8979
1321.4326	4188.3325
1322.3423	4179.5332
1323.2518	4208.9834
1324.1615	4145.7441
1325.071	4140.9966
1325.9807	4126.5806
1326.8903	4085.4812
1327.7999	4093.0359
1328.7095	4084.7339
1329.6191	4067.6672
1330.5287	4021.8428
1331.4384	4019.3669
1332.3479	4028.5293
1333.2576	4035.918
1334.1671	4044.9275
1335.0768	4024.9614
1335.9863	4037.125
1336.896	4019.3198
1337.8055	4014.5459
1338.7152	4031.2119
1339.6248	4032.5964
1340.5344	4037.241
1341.444	4011.8928
1342.3536	3977.8906
1343.2632	4021.949
1344.1729	4019.4421
1345.0824	4009.262
1345.9921	3992.835
1346.9016	3980.1682
1347.8113	3994.2554
1348.7208	3980.6021
1349.6305	3979.304
1350.54	3973.4387
1351.4497	3946.3645
1352.3593	3966.6082
1353.2689	3946.946
1354.1785	3962.6318
1355.0881	3923.8027
1355.9977	3937.4331
1356.9073	3950.0303
1357.8169	3900.2854
1358.7266	3922.1509
1359.6361	3920.9177
1360.5458	3931.0117
1361.4553	3997.1348
1362.365	3918.5959
1363.2745	3933.0493
1364.1842	3891.2944
1365.0938	3957.5935
1366.0034	3969.3977
1366.913	3943.8379
1367.8226	3928.8162
1368.7322	3938.811
1369.6418	3977.8271
1370.5514	3961.1733
1371.4611	3938.7417
1372.3706	3939.1013
1373.2803	3935.3132
1374.1899	3912.0049
1375.0995	3917.2583
1376.0092	3912.1448
1376.9187	3872.0022
1377.8284	3859.2646
1378.7379	3886.2292
1379.6476	3914.4036
1380.5571	3883.6294
1381.4668	3864.4063
1382.3763	3881.9475
1383.286	3844.1892
1384.1956	3859.8975
1385.1052	3883.6782
1386.0148	3847.9724
1386.9244	3810.9375
1387.834	3797.7324
1388.7437	3778.447
1389.6532	3724.0776
1390.5629	3746.4114
1391.4724	3741.3108
1392.3821	3772.5359
1393.2916	3785.0295
1394.2013	3780.9863
1395.1108	3761.4053
1396.0205	3772.2996
1396.9301	3780.8035
1397.8397	3831.8489
1398.7493	3823.0273
1399.6589	3848.1213
1400.5685	3850.9458
1401.4781	3872.9751
1402.3877	3941.1755
1403.2974	3900.1377
1404.2069	3881.7771
1405.1166	3956.8643
1406.0261	3987.4822
1406.9358	4045.4043
1407.8453	4083.0579
1408.755	4163.0249
1409.6646	4175.1372
1410.5742	4184.6743
1411.4838	4157.9326
1412.3934	4136.7534
1413.303	4110.3193
1414.2126	4082.3992
1415.1222	4055.7903
1416.0319	4060.9138
1416.9414	4054.0042
1417.8511	4069.0718
1418.7606	4085.1541
1419.6703	4097.9902
1420.5798	4086.8018
1421.4895	4110.8843
1422.399	4134.7759
1423.3087	4136.9385
1424.2183	4143.4473
1425.1279	4145.8135
1426.0375	4140.2876
1426.9471	4062.9856
1427.8567	4098.0962
1428.7664	4090.4956
1429.6759	4115.0068
1430.5856	4134.1938
1431.4951	4157.874
1432.4048	4137.9326
1433.3143	4136.2935
1434.224	4092.2014
1435.1335	4081.9624
1436.0432	4106.8965
1436.9528	4096.3423
1437.8624	4062.3618
1438.772	4068.0999
1439.6816	4027.5227
1440.5912	4021.2661
1441.5009	4042.4253
1442.4104	4029.374
1443.3201	3967.7561
1444.2297	3965.5898
1445.1393	3987.5356
1446.049	3975.9851
1446.9585	3964.8198
1447.8682	3984.7126
1448.7777	3956.0571
1449.6874	3946.2346
1450.5969	3922.9082
1451.5066	3920.4155
1452.4161	3872.6406
1453.3258	3861.8613
1454.2354	3845.4058
1455.145	3829.6028
1456.0546	3848.8887
1456.9642	3835.45
1457.8738	3848.7825
1458.7834	3844.4731
1459.693	3795.4382
1460.6027	3789.5471
1461.5122	3757.5789
1462.4219	3718.5828
1463.3314	3663.9482
1464.2411	3610.845
1465.1506	3619.198
1466.0603	3634.1023
1466.9698	3637.9888
1467.8795	3625.9575
1468.7891	3606.1716
1469.6987	3553.0286
1470.6083	3505.6394
1471.5179	3546.2029
1472.4275	3542.1777
1473.3372	3533.0393
1474.2467	3549.4822
1475.1564	3505.6128
1476.0659	3536.7007
1476.9756	3486.7771
1477.8851	3496.7461
1478.7948	3499.0046
1479.7043	3570.7422
1480.614	3585.061
1481.5236	3584.5901
1482.4332	3605.457
1483.3428	3581.1934
1484.2524	3576.8501
1485.162	3605.5771
1486.0717	3596.365
1486.9812	3634.2896
1487.8909	3626.051
1488.8004	3673.8018
1489.7101	3712.8374
1490.6196	3746.6958
1491.5293	3760.4575
1492.4388	3734.0088
1493.3485	3755.5933
1494.2581	3753.9768
1495.1677	3750.6257
1496.0773	3712.177
1496.9869	3741.9448
1497.8965	3754.9968
1498.8062	3738.0576
1499.7157	3765.3982
1500.6254	3712.3523
1501.5349	3725.1155
1502.4446	3728.5837
1503.3541	3699.2122
1504.2638	3676.281
1505.1733	3685.4561
1506.083	3693.5015
1506.9926	3695.6238
1507.9022	3652.6401
1508.8118	3700.7554
1509.7214	3740.2324
1510.631	3752.564
1511.5406	3726.5664
1512.4502	3765.3557
1513.3599	3753.3381
1514.2695	3750.2288
1515.1791	3765.7834
1516.0887	3823.1013
1516.9983	3818.5552
1517.908	3848.8186
1518.8175	3873.2031
1519.7272	3887.0659
1520.6367	3870.687
1521.5464	3892.4558
1522.4559	3900.8706
1523.3656	3908.8037
1524.2751	3929.345
1525.1848	3927.9675
1526.0944	3916.3635
1527.004	3928.6052
1527.9136	3944.1985
1528.8232	3940.4558
1529.7328	3923.4895
1530.6425	3884.0007
1531.552	3951.8931
1532.4617	3910.6199
1533.3712	3909.5281
1534.2809	3959.2803
1535.1904	3946.1882
1536.1001	3945.4163
1537.0096	3925.7717
1537.9193	3903.4358
1538.8289	3892.9578
1539.7385	3898.3633
1540.6481	3912.6758
1541.5577	3873.4839
1542.4673	3926.9333
1543.377	3874.396
1544.2865	3912.2954
1545.1962	3930.2122
1546.1057	3932.3152
1547.0154	3913.4429
1547.9249	3910.6438
1548.8346	3947.0371
1549.7441	3955.2732
1550.6538	3983.4058
1551.5634	3970.0798
1552.473	3963.1643
1553.3826	3968.8037
1554.2922	3965.9126
1555.2018	3982.8237
1556.1115	3941.0964
1557.021	3959.426
1557.9307	3969.0164
1558.8402	3966.3354
1559.7499	3976.4744
1560.6594	3980.0085
1561.5691	3953.5994
1562.4786	3987.8584
1563.3883	3980.0098
1564.2979	3995.783
1565.2075	3968.1326
1566.1171	3955.8352
1567.0267	3914.6338
1567.9363	3874.1289
1568.8459	3907.2764
1569.7555	3897.9946
1570.6652	3852.7708
1571.5747	3835.8547
1572.4844	3837.2788
1573.3939	3882.9236
1574.3036	3882.7561
1575.2131	3886.4082
1576.1228	3944.5022
1577.0323	3951.1501
1577.942	3980.2175
1578.8516	3996.9338
1579.7612	3979.7903
1580.6708	3955.2004
1581.5804	3982.6455
1582.49	3967.998
1583.3997	3916.489
1584.3093	3896.5327
1585.2189	3946.0254
1586.1285	3860.2725
1587.0381	3893.1643
1587.9478	3860.0945
1588.8573	3851.8318
1589.767	3854.6877
1590.6765	3869.114
1591.5862	3862.0535
1592.4957	3855.4292
1593.4054	3888.3164
1594.3149	3890.1226
1595.2246	3886.6272
1596.1342	3872.9631
1597.0438	3883.8535
1597.9534	3840.4783
1598.863	3933.9077
1599.7726	3889.9539
1600.6823	3875.5525
1601.5918	3884.8567
1602.5015	3859.5784
1603.411	3819.5388
1604.3207	3756.8218
1605.2302	3719.0364
1606.1399	3677.1504
1607.0494	3674.5852
1607.9591	3643.116
1608.8687	3606.0769
1609.7783	3569.1685
1610.6879	3559.7434
1611.5975	3501.1211
1612.5071	3420.9021
1613.4167	3369.2439
1614.3263	3371.5085
1615.236	3324.8357
1616.1455	3272.2212
1617.0552	3251.0415
1617.9647	3238.5237
1618.8744	3178.0488
1619.7839	3126.0669
1620.6936	3130.7322
1621.6031	3070.2126
1622.5128	3060.5752
1623.4224	3001.7959
1624.332	3010.7908
1625.2416	3006.2327
1626.1512	2972.481
1627.0608	2977.0422
1627.9705	2960.4026
1628.88	2933.5637
1629.7897	2936.801
1630.6992	2957.7173
1631.6089	2905.3303
1632.5184	2928.6235
1633.4281	2917.092
1634.3376	2858.585
1635.2473	2868.5857
1636.1569	2851.7593
1637.0665	2849.6738
1637.9761	2849.8491
1638.8857	2843.876
1639.7953	2848.5115
1640.705	2840.5393
1641.6145	2807.8755
1642.5242	2822.3328
1643.4337	2794.2708
1644.3434	2736.3242
1645.2529	2726.856
1646.1626	2728.269
1647.0721	2709.4417
1647.9818	2684.3442
1648.8914	2644.4722
1649.801	2622.1289
1650.7106	2625.0549
1651.6202	2630.561
1652.5299	2610.8889
1653.4395	2539.3447
1654.3491	2520.7351
1655.2587	2521.321
1656.1683	2509.3252
1657.0779	2566.5413
1657.9875	2501.2026
1658.8971	2464.3462
1659.8068	2454.4519
1660.7163	2466.9199
1661.626	2435.2678
1662.5355	2425.2405
1663.4452	2428.989
1664.3547	2426.9861
1665.2644	2386.4272
1666.174	2360.9958
1667.0836	2348.7451
1667.9932	2354.1191
1668.9028	2365.5911
1669.8124	2312.083
1670.722	2346.2275
1671.6316	2352.5437
1672.5413	2339.137
1673.4508	2295.8289
1674.3605	2280.9839
1675.27	2303.1382
1676.1797	2309.4446
1677.0892	2290.4409
1677.9989	2292.4204
1678.9084	2266.5078
1679.8181	2285.5186
1680.7277	2283.8181
1681.6373	2255.176
1682.5469	2261.1733
1683.4565	2262.4194
1684.3661	2245.4282
1685.2758	2241.8972
1686.1853	2268.9409
1687.095	2244.2754
1688.0045	2211.2708
1688.9142	2251.5149
1689.8237	2216.0571
1690.7334	2221.7695
1691.6429	2184.4585
1692.5526	2193.1245
1693.4622	2214.2231
1694.3718	2184.1255
1695.2814	2169.8394
1696.191	2167.2383
1697.1006	2194.0313
1698.0103	2198.8477
1698.9198	2154.5378
1699.8295	2166.3232
1700.739	2166.3784
1701.6487	2136.3076
1702.5582	2136.8513
1703.4679	2144.3137
1704.3774	2132.6941
1705.2871	2146.6975
1706.1967	2149.5979
1707.1063	2093.0916
1708.0159	2141.8508
1708.9255	2131.6033
1709.8351	2126.8743
1710.7448	2115.3469
1711.6543	2112.6514
1712.564	2090.7253
1713.4735	2099.8865
1714.3832	2075.999
1715.2927	2092.7959
1716.2024	2114.4912
1717.1119	2079.6855
1718.0216	2061.3345
1718.9312	2074.0181
1719.8408	2054.7095
1720.7504	2048.9221
1721.66	2059.241
1722.5697	2048.0083
1723.4792	2057.8518
1724.3889	2036.8718
1725.2985	2024.6914
1726.2081	2049.3469
1727.1177	2016.6702
1728.0273	2003.3607
1728.9369	2010.1538
1729.8466	2010.4333
1730.7561	2019.9011
1731.6658	2020.9299
1732.5753	2010.5028
1733.485	2021.2582
1734.3945	1998.2341
1735.3042	1973.8733
1736.2137	1997.8981
1737.1234	1980.702
1738.033	1987.7859
1738.9426	1980.2723
1739.8522	1956.0715
1740.7618	1929.3357
1741.6714	1953.2332
1742.5811	1938.8118
1743.4906	1925.0181
1744.4003	1935.2938
1745.3098	1945.5334
1746.2195	1953.5103
1747.129	1940.3331
1748.0387	1919.8553
1748.9482	1917.8475
1749.8579	1893.0898
1750.7675	1898.399
1751.6771	1886.5215
1752.5867	1899.8002
1753.4963	1875.551
1754.4059	1876.5106
1755.3156	1873.754
1756.2251	1871.4696
1757.1348	1865.1627
1758.0443	1873.698
1758.954	1872.7671
1759.8635	1855.5435
1760.7732	1871.5702
1761.6827	1862.1479
1762.5924	1844.5518
1763.502	1843.8069
1764.4116	1838.413
1765.3212	1836.5272
1766.2308	1806.3604
1767.1404	1821.3438
1768.05	1807.2064
1768.9596	1834.4207
1769.8693	1806.896
1770.7788	1822.1299
1771.6885	1807.2479
1772.598	1780.8832
1773.5077	1810.7314
1774.4172	1820.1752
1775.3269	1821.7527
1776.2365	1845.3074
1777.1461	1802.087
1778.0557	1810.7219
1778.9653	1806.5657
1779.8749	1815.3898
1780.7845	1801.5192
1781.6941	1834.1779
1782.6038	1826.6121
1783.5133	1797.2264
1784.423	1798.5785
1785.3325	1791.0865
1786.2422	1792.4501
1787.1517	1810.4813
1788.0614	1777.0239
1788.9709	1794.3745
1789.8806	1794.3489
1790.7902	1756.9197
1791.6998	1765.0616
1792.6095	1773.8888
1793.519	1756.6917
1794.4287	1768.9194
1795.3383	1770.9105
1796.2479	1786.7747
1797.1575	1763.8083
1798.0671	1773.1235
1798.9767	1728.9816
1799.8864	1742.2441
1800.7959	1750.7943
1801.7056	1735.7977
1802.6151	1710.5781
1803.5248	1731.8257
1804.4343	1675.8789
1805.344	1718.9531
1806.2535	1710.0575
1807.1632	1718.4452
1808.0728	1728.0292
1808.9824	1714.7307
1809.892	1668.7917
1810.8016	1685.5914
1811.7112	1688.1904
1812.6208	1692.015
1813.5304	1696.324
1814.4401	1704.0217
1815.3496	1707.5948
1816.2593	1720.186
1817.1688	1683.2469
1818.0785	1683.9685
1818.988	1702.0598
1819.8977	1717.407
1820.8073	1700.6215
1821.7169	1696.5974
1822.6265	1694.7919
1823.5361	1691.2244
1824.4457	1697.3929
1825.3553	1686.1859
1826.2649	1692.4749
1827.1746	1719.0612
1828.0841	1675.6147
1828.9938	1645.7914
1829.9033	1635.6252
1830.813	1612.1427
1831.7225	1621.8767
1832.6322	1651.3878
1833.5417	1666.3969
1834.4514	1671.6082
1835.361	1632.0481
1836.2706	1647.6105
1837.1802	1641.8418
1838.0898	1628.9275
1838.9994	1655.6584
1839.9091	1679.4646
1840.8186	1685.0071
1841.7283	1631.3058
1842.6378	1624.3293
1843.5475	1643.8359
1844.457	1625.5659
1845.3667	1623.7783
1846.2762	1670.5217
1847.1859	1639.7089
1848.0955	1646.0039
1849.0051	1607.4795
1849.9147	1611.1908
1850.8243	1604.7594
1851.7339	1600.9778
1852.6436	1610.4945
1853.5531	1604.1467
1854.4628	1597.1061
1855.3723	1614.496
1856.282	1588.4393
1857.1915	1583.9071
1858.1012	1592.8086
1859.0107	1587.7681
1859.9204	1559.1045
1860.83	1577.0071
1861.7396	1602.5299
1862.6493	1587.5363
1863.5588	1596.0559
1864.4685	1592.8644
1865.3781	1581.0586
1866.2877	1580.0575
1867.1973	1575.3387
1868.1069	1554.7174
1869.0165	1553.2607
1869.9261	1571.8541
1870.8357	1560.3477
1871.7454	1548.9808
1872.6549	1552.6971
1873.5646	1567.7083
1874.4741	1564.7003
1875.3838	1599.27
1876.2933	1565.6277
1877.203	1577.0938
1878.1125	1580.9723
1879.0222	1571.1495
1879.9318	1580.9486
1880.8414	1571.3755
1881.751	1563.465
1882.6606	1527.3357
1883.5702	1542.7218
1884.4799	1551.8826
1885.3894	1565.7368
1886.2991	1574.9241
1887.2086	1570.6078
1888.1183	1553.0459
1889.0278	1558.792
1889.9375	1558.4248
1890.847	1561.2673
1891.7567	1543.064
1892.6663	1561.4758
1893.5759	1534.1359
1894.4855	1555.3092
1895.3951	1566.4799
1896.3047	1539.4054
1897.2144	1545.9089
1898.1239	1534.9757
1899.0336	1539.9752
1899.9431	1549.3125
1900.8528	1537.4846
1901.7623	1522.4369
1902.672	1520.1913
1903.5815	1511.6139
1904.4912	1519.4017
1905.4008	1501.0652
1906.3104	1491.389
1907.22	1515.5988
1908.1296	1512.108
1909.0392	1508.4175
1909.9489	1511.7084
1910.8584	1517.0759
1911.7681	1499.4417
1912.6776	1507.234
1913.5873	1484.3009
1914.4968	1474.7468
1915.4065	1475.5876
1916.316	1469.3386
1917.2257	1465.5674
1918.1353	1504.1807
1919.0449	1438.6882
1919.9545	1430.2931
1920.8641	1451.4178
1921.7737	1457.5891
1922.6833	1464.0618
1923.5929	1459.8896
1924.5026	1464.9813
1925.4121	1474.5369
1926.3218	1478.5283
1927.2313	1482.8651
1928.141	1475.8521
1929.0505	1483.9421
1929.9602	1465.9888
1930.8699	1478.1947
1931.7794	1451.9961
1932.6891	1455.7627
1933.5986	1446.8005
1934.5083	1444.8513
1935.4178	1444.6451
1936.3275	1389.5476
1937.2371	1444.9546
1938.1467	1439.0419
1939.0563	1415.2065
1939.9659	1431.3148
1940.8755	1431.4692
1941.7852	1416.7726
1942.6947	1409.7863
1943.6044	1408.6758
1944.5139	1417.5375
1945.4236	1426.1714
1946.3331	1419.3286
1947.2428	1427.0874
1948.1523	1440.1421
1949.062	1426.4769
1949.9716	1396.7351
1950.8812	1447.8435
1951.7908	1446.5638
1952.7004	1421.8429
1953.61	1416.1224
1954.5197	1430.0977
1955.4292	1412.776
1956.3389	1406.4288
1957.2484	1404.4523
1958.1581	1394.0186
1959.0676	1380.4225
1959.9773	1372.656
1960.8868	1376.153
1961.7965	1379.3119
1962.7061	1380.3801
1963.6157	1389.3634
1964.5253	1389.3201
1965.4349	1403.9888
1966.3445	1381.2887
1967.2542	1374.6708
1968.1637	1376.8273
1969.0734	1371.8876
1969.9829	1368.3059
1970.8926	1348.0515
1971.8021	1353.1405
1972.7118	1378.6016
1973.6213	1354.1
1974.531	1335.3704
1975.4406	1356.7251
1976.3502	1367.8477
1977.2598	1376.7938
1978.1694	1386.0527
1979.079	1363.7649
1979.9886	1353.969
1980.8982	1350.5846
1981.8079	1334.1022
1982.7174	1348.4185
1983.6271	1337.2806
1984.5366	1328.1907
1985.4463	1318.3186
1986.3558	1319.5657
1987.2655	1332.5602
1988.175	1310.8905
1989.0847	1317.1897
1989.9943	1326.1807
1990.9039	1307.3025
1991.8135	1303.4891
1992.7231	1321.3809
1993.6327	1319.5728
1994.5424	1336.54
1995.4519	1340.075
1996.3616	1352.3359
1997.2711	1321.145
1998.1808	1325.5953
1999.0903	1295.5624
2000	1299.1724
