400	3298.7087
401.41592	3308.6021
402.83185	3391.8303
404.2478	3308.0632
405.66373	3331.105
407.07965	3348.9927
408.49557	3343.417
409.9115	3335.1279
411.32742	3326.8345
412.74338	3342.4138
414.1593	3303.5486
415.57523	3348.646
416.99115	3335.1714
418.40707	3358.613
419.823	3324.6685
421.23895	3275.4197
422.65488	3318.2671
424.0708	3370.8364
425.48672	3347.3201
426.90265	3363.8789
428.31857	3397.0906
429.73453	3272.4302
431.15045	3369.2773
432.56638	3321.3167
433.9823	3344.491
435.39822	3360.6313
436.81415	3321.4006
438.2301	3327.1497
439.64603	3352.7773
441.06195	3300.1304
442.47787	3359.4727
443.8938	3320.8479
445.30972	3267.4604
446.72568	3306.3562
448.1416	3340.3362
449.55753	3332.5911
450.97345	3364.5291
452.38937	3358.0964
453.8053	3307.1685
455.22125	3319.4785
456.63718	3368.6753
458.0531	3297.9392
459.46902	3307.002
460.88495	3296.1658
462.30087	3316.9211
463.71683	3288.2825
465.13275	3303.793
466.54868	3373.2505
467.9646	3371.0527
469.38052	3314.5359
470.79645	3338.5576
472.2124	3385.3186
473.62833	3386.9094
475.04425	3320.5522
476.46017	3328.7776
477.8761	3310.9377
479.29202	3275.7764
480.70798	3244.0564
482.1239	3296.6179
483.53983	3318.5903
484.95575	3274.7842
486.37167	3263.177
487.7876	3198.613
489.20355	3229.8452
490.61948	3321.6921
492.0354	3300.9727
493.45132	3312.3691
494.86725	3269.3455
496.28317	3285.8608
497.69913	3305.3779
499.11505	3290.7363
500.53098	3242.8638
501.9469	3186.6726
503.36282	3198.3943
504.77875	3208.949
506.1947	3251.761
507.61063	3164.1826
509.02655	3194.2759
510.44247	3236.573
511.8584	3227.8433
513.27435	3188.8828
514.69025	3172.6147
516.1062	3185.0891
517.52209	3175.738
518.93805	3149.8899
520.354	3238.8049
521.7699	3295.5281
523.18585	3250.752
524.60175	3250.5918
526.0177	3216.3245
527.43365	3216.0005
528.84955	3296.4751
530.2655	3357.3806
531.6814	3351.0088
533.09735	3343.8833
534.51324	3389.1414
535.9292	3443.1519
537.34515	3450.531
538.76105	3417.3386
540.177	3441.7595
541.5929	3391.354
543.00885	3441.708
544.4248	3438.2937
545.8407	3412.5447
547.25665	3429.7195
548.67255	3464.6301
550.0885	3477.885
551.50439	3489.4839
552.92035	3514.3477
554.3363	3547.2415
555.7522	3501.0881
557.16815	3489.5239
558.58405	3523.7429
560	3468.9949
561.41595	3462.7986
562.83185	3491.1582
564.2478	3507.4485
565.6637	3515.3018
567.07965	3509.3457
568.49561	3473.5156
569.9115	3448.2375
571.32745	3404.6787
572.74335	3385.4836
574.1593	3306.1592
575.5752	3308.8694
576.99115	3336.2795
578.4071	3308.3279
579.823	3324.959
581.23895	3303.3257
582.65485	3274.2993
584.0708	3276.9263
585.48676	3265.1682
586.90265	3270.3618
588.3186	3248.5308
589.7345	3329.844
591.15045	3194.2087
592.56635	3163.2156
593.9823	3146.729
595.39825	3177.7192
596.81415	3211.5933
598.2301	3196.958
599.646	3204.7649
601.06195	3267.2683
602.47791	3284.6606
603.8938	3214.6917
605.30975	3199.4524
606.72565	3244.8479
608.1416	3252.3694
609.5575	3273.3164
610.97345	3255.7036
612.3894	3234.429
613.8053	3361.7212
615.22125	3344.3706
616.63715	3327.9624
618.0531	3352.4807
619.46906	3349.198
620.88495	3395.875
622.3009	3484.8953
623.7168	3411.5923
625.13275	3492.6016
626.54865	3464.1438
627.9646	3611.0171
629.38055	3480.0381
630.79645	3525.728
632.2124	3501.8315
633.6283	3515.6504
635.04425	3471.5723
636.46021	3467.9897
637.8761	3480.0718
639.29205	3473.5278
640.70795	3508.4165
642.1239	3501.4644
643.53979	3479.0762
644.95575	3506.511
646.3717	3441.4827
647.7876	3413.3914
649.20355	3496.061
650.61945	3437.3445
652.0354	3413.8582
653.45135	3395.4353
654.86725	3401.2283
656.2832	3422.0103
657.6991	3417.9924
659.11505	3403.8501
660.53094	3394.7551
661.9469	3357.9575
663.36285	3364.3706
664.77875	3324.5281
666.1947	3334.4656
667.6106	3358.3391
669.02655	3376.1714
670.4425	3407.739
671.8584	3366.3586
673.27435	3448.8796
674.69025	3516.4038
676.1062	3585.5405
677.52209	3662.4312
678.93805	3727.2437
680.354	3813.5933
681.7699	3882.0198
683.18585	3956.0002
684.60175	3876.679
686.0177	3793.5691
687.43365	3803.4998
688.84955	3712.7373
690.2655	3664.3127
691.6814	3569.9358
693.09735	3543.1467
694.51324	3484.4209
695.9292	3467.0129
697.34515	3451.2007
698.76105	3440.8181
700.177	3444.4692
701.5929	3377.8013
703.00885	3348.3477
704.4248	3398.3801
705.8407	3406.28
707.25665	3375.6116
708.67255	3323.8809
710.0885	3389.7512
711.50439	3404.4827
712.92035	3495.9058
714.3363	3509.0122
715.7522	3535.3467
717.16815	3626.4321
718.58405	3728.4272
720	3890.0447
721.41595	4204.3057
722.83185	4658.1069
724.2478	5270.8984
725.6637	6184.104
727.07965	7350.7856
728.49561	8563.5723
729.9115	9987.9941
731.32745	10840.052
732.74335	10839.26
734.1593	10289.395
735.5752	9045.4688
736.99115	7621.5298
738.4071	6236.4644
739.823	5264.1113
741.23895	4601.6318
742.65485	4126.5239
744.0708	3874.865
745.48676	3723.9988
746.90265	3638.0876
748.3186	3499.3723
749.7345	3438.5037
751.15045	3387.5513
752.56635	3436.1152
753.9823	3418.1055
755.39825	3404.3521
756.81415	3345.1672
758.2301	3325.2156
759.646	3296.9312
761.06195	3286.0671
762.47791	3270.5322
763.8938	3307.5271
765.30975	3325.45
766.72565	3277.6274
768.1416	3283.6436
769.5575	3309.2349
770.97345	3233.1543
772.3894	3252.1824
773.8053	3276.3323
775.22125	3228.0549
776.63715	3336.1079
778.0531	3255.644
779.46906	3238.1604
780.88495	3328.7322
782.3009	3315.4543
783.7168	3276.4829
785.13275	3370.4985
786.54865	3402.0374
787.9646	3408.9058
789.38055	3413.2224
790.79645	3383.5977
792.2124	3330.7781
793.6283	3268.2798
795.04425	3284.9031
796.46021	3289.5181
797.8761	3210.5249
799.29205	3237.7129
800.70795	3281.6299
802.1239	3269.0476
803.53979	3342.3325
804.95575	3343.8203
806.3717	3249.1328
807.7876	3296.7822
809.20355	3272.3711
810.61945	3279.0845
812.0354	3257.3264
813.45135	3250.2991
814.86725	3255.7012
816.2832	3260.3887
817.6991	3260.4941
819.11505	3241.8518
820.53094	3254.1113
821.9469	3247.2969
823.36285	3269.6218
824.77875	3281.4187
826.1947	3255.9734
827.6106	3260.8035
829.02655	3330.7256
830.4425	3233.7363
831.8584	3279.0046
833.27435	3201.6738
834.69025	3207.0737
836.1062	3238.105
837.52209	3248.6201
838.93805	3269.7693
840.354	3358.4395
841.7699	3400.5498
843.18585	3400.6782
844.60175	3423.5027
846.0177	3414.054
847.43365	3395.6782
848.84955	3420.8279
850.2655	3446.0356
851.6814	3443.0229
853.09735	3414.968
854.51324	3363.3774
855.9292	3289.7988
857.34515	3360.895
858.76105	3350.824
860.177	3293.5334
861.5929	3262.0588
863.00885	3285.73
864.4248	3380.6174
865.8407	3330.2549
867.25665	3267.1848
868.67255	3224.4033
870.0885	3276.146
871.50439	3316.2568
872.92035	3307.9885
874.3363	3295.0498
875.7522	3270.342
877.16815	3271.4724
878.58405	3231.668
880	3304.356
881.41595	3352.2737
882.83185	3321.8745
884.2478	3272.4436
885.6637	3304.3035
887.07965	3307.8254
888.49561	3407.417
889.9115	3345.0671
891.32745	3352.6248
892.74335	3325.9761
894.1593	3299.1975
895.5752	3348.6807
896.99115	3340.5212
898.4071	3337.1238
899.823	3307.2778
901.23895	3273.24
902.65485	3362.594
904.0708	3377.0696
905.48676	3323.3069
906.90265	3355.5569
908.3186	3373.9995
909.7345	3433.8804
911.15045	3419.1348
912.56635	3417.4473
913.9823	3452.73
915.39825	3516.0859
916.81415	3507.0437
918.2301	3581.6179
919.646	3521.4868
921.06195	3552.8687
922.47791	3608.5134
923.8938	3590.5981
925.30975	3610.8684
926.72565	3522.4019
928.1416	3479.4685
929.5575	3511.9014
930.97345	3512.3484
932.3894	3485.9067
933.8053	3487.9746
935.22125	3456.2844
936.63715	3486.8447
938.0531	3485.3416
939.46906	3416.6069
940.88495	3428.9019
942.3009	3457.4365
943.7168	3433.542
945.13275	3436.6558
946.54865	3455.4792
947.9646	3469.8496
949.38055	3438.9468
950.79645	3482.7424
952.2124	3547
953.6283	3598.9146
955.04425	3651.041
956.46021	3677.1094
957.8761	3671.9905
959.29205	3567.4453
960.70795	3612.333
962.1239	3657.2859
963.53979	3569.4451
964.95575	3537.7266
966.3717	3555.6675
967.7876	3558.8738
969.20355	3624.0251
970.61945	3725.499
972.0354	3722.0635
973.45135	3709.3728
974.86725	3599.0601
976.2832	3540.3333
977.6991	3553.3301
979.11505	3566.158
980.53094	3606.0029
981.9469	3589.0203
983.36285	3572.1282
984.77875	3607.2512
986.1947	3602.5156
987.6106	3594.6128
989.02655	3551.2693
990.4425	3569.594
991.8584	3628.1726
993.27435	3622.3772
994.69025	3669.4543
996.1062	3710.2444
997.52209	3777.6848
998.93805	3821.5083
1000.354	3770.7778
1001.7699	3812.5144
1003.1859	3794.0425
1004.6017	3810.7776
1006.0177	3979.1753
1007.4337	3992.1218
1008.8495	3953.8313
1010.2655	3971.1458
1011.6814	4029.9219
1013.0974	4059.4048
1014.5132	4096.8599
1015.9292	4138.5884
1017.3452	4158.6284
1018.761	4154.8354
1020.177	4133.7314
1021.5929	4166.584
1023.0089	4235.6323
1024.4248	4260.4438
1025.8407	4257.3877
1027.2566	4294.3096
1028.6726	4339.541
1030.0885	4379.9556
1031.5044	4458.9717
1032.9204	4477.1201
1034.3363	4500.0771
1035.7522	4591.6538
1037.1681	4674.6294
1038.5841	4756.4258
1040	4832.1182
1041.4159	4900.8687
1042.8319	4875.3203
1044.2478	4820.813
1045.6637	4792.9028
1047.0796	4720.4292
1048.4956	4590.0591
1049.9115	4551.77
1051.3274	4469.5317
1052.7434	4400.8784
1054.1593	4286.8237
1055.5752	4268.2559
1056.9912	4218.3545
1058.4071	4250.3667
1059.823	4196.4414
1061.2389	4193.5527
1062.6549	4118.0659
1064.0708	4102.6196
1065.4867	4056.6536
1066.9027	4048.54
1068.3186	4025.4478
1069.7345	3969.3506
1071.1504	3938.8672
1072.5664	3958.4895
1073.9823	3967.5981
1075.3982	4006.5737
1076.8142	4013.9365
1078.2301	3998.23
1079.646	3981.4226
1081.0619	3953.0923
1082.4779	3893.5466
1083.8938	3844.4504
1085.3097	3846.0051
1086.7257	3788.9788
1088.1416	3734.908
1089.5575	3740.762
1090.9735	3694.7063
1092.3894	3676.5984
1093.8053	3660.8801
1095.2212	3657.7021
1096.6372	3637.5735
1098.0531	3647.481
1099.469	3625.9299
1100.885	3676.6697
1102.3009	3744.2778
1103.7168	3763
1105.1327	3725.4331
1106.5487	3775.1953
1107.9646	3748.1975
1109.3805	3824.2971
1110.7965	3764.4021
1112.2124	3756.2205
1113.6283	3753.1582
1115.0442	3736.3015
1116.4602	3741.4395
1117.8761	3865.0012
1119.292	3797.4424
1120.708	3833.6003
1122.1239	3800.1616
1123.5398	3880.6121
1124.9558	3893.4028
1126.3717	3949.373
1127.7876	3942.4956
1129.2035	3999.8928
1130.6195	4001.5923
1132.0354	4005.7021
1133.4513	3968.2754
1134.8673	4051.761
1136.2832	4041.554
1137.6991	4035.4001
1139.115	4033.8232
1140.531	4055.752
1141.9469	4040.46
1143.3628	4017.2722
1144.7788	4013.2629
1146.1947	4041.2476
1147.6106	4064.9873
1149.0265	4033.2891
1150.4425	4022.7659
1151.8584	4075.7556
1153.2743	4096.1021
1154.6903	4054.417
1156.1062	4111.2773
1157.5221	4157.9214
1158.9381	4206.541
1160.354	4246.9136
1161.7699	4187.7456
1163.1858	4195.0068
1164.6018	4228.4917
1166.0177	4181.6914
1167.4336	4158.1099
1168.8496	4195.9736
1170.2655	4188.8867
1171.6814	4197.873
1173.0973	4153.5278
1174.5133	4141.2437
1175.9292	4097.3228
1177.3451	4114.3936
1178.7611	4162.5957
1180.177	4133.2441
1181.5929	4138.438
1183.0088	4200.2998
1184.4248	4203.1841
1185.8407	4195.0093
1187.2566	4231.9746
1188.6726	4240.377
1190.0885	4238.7588
1191.5044	4278.5518
1192.9204	4312.4849
1194.3363	4337.3242
1195.7522	4335.3569
1197.1681	4299.3257
1198.5841	4296.3608
1200	4292.9907
1201.4159	4311.9185
1202.8319	4282.5771
1204.2478	4253.144
1205.6637	4311.1875
1207.0796	4273.6709
1208.4956	4251.981
1209.9115	4278.3589
1211.3274	4275.21
1212.7434	4330.3979
1214.1593	4363.0933
1215.5752	4396.5391
1216.9912	4457.4883
1218.4071	4454.895
1219.823	4473.0859
1221.2389	4481.3589
1222.6549	4511.519
1224.0708	4513.2109
1225.4867	4557.4316
1226.9027	4691.0688
1228.3186	4719.3149
1229.7345	4729.6094
1231.1504	4822.4414
1232.5664	4913.7529
1233.9823	4936.0044
1235.3982	4946.4238
1236.8142	4978.207
1238.2301	5016.3857
1239.646	5120.6621
1241.0619	5053.999
1242.4779	4979.8281
1243.8938	4953.2305
1245.3097	4972.0972
1246.7257	4920.6001
1248.1416	4906.5454
1249.5575	4883.834
1250.9735	4771.7495
1252.3894	4725.2729
1253.8053	4726.4077
1255.2212	4654.9351
1256.6372	4635.269
1258.0531	4674.9531
1259.469	4633.9688
1260.885	4621.0913
1262.3009	4615.0039
1263.7168	4587.0073
1265.1327	4599.4209
1266.5487	4612.9038
1267.9646	4620.4058
1269.3805	4629.6084
1270.7965	4657.8184
1272.2124	4689.9214
1273.6283	4664.001
1275.0442	4677.8413
1276.4602	4668.2183
1277.8761	4637.8145
1279.292	4596.9722
1280.708	4569.9502
1282.1239	4550.8853
1283.5398	4574.9375
1284.9558	4587.4639
1286.3717	4606.9937
1287.7876	4632.168
1289.2035	4721.0547
1290.6195	4786.8872
1292.0354	4830.7725
1293.4513	4940.7524
1294.8673	5036.0034
1296.2832	5121.4692
1297.6991	5257.2207
1299.115	5335.9512
1300.531	5378.8398
1301.9469	5473.1357
1303.3628	5502.209
1304.7788	5570.1611
1306.1947	5714.3164
1307.6106	5869.5732
1309.0265	5968.894
1310.4425	5986.7896
1311.8584	6165.9414
1313.2743	6280.4717
1314.6903	6387.5244
1316.1062	6372.3438
1317.5221	6394.2192
1318.9381	6539.2646
1320.354	6586.7378
1321.7699	6587.3848
1323.1858	6604.877
1324.6018	6662.0098
1326.0177	6657.2822
1327.4336	6650.1221
1328.8496	6641.7822
1330.2655	6691.8433
1331.6814	6699.7378
1333.0973	6700.415
1334.5133	6696.6309
1335.9292	6717.4507
1337.3451	6682.9053
1338.7611	6523.9326
1340.177	6332.4326
1341.5929	6134.8301
1343.0088	6085.2813
1344.4248	5948.4131
1345.8407	5855.4434
1347.2566	5709.0503
1348.6726	5595.6729
1350.0885	5497.1719
1351.5044	5356.9912
1352.9204	5340.9014
1354.3363	5266.3511
1355.7522	5347.6465
1357.1681	5339.8213
1358.5841	5370.9229
1360	5356.5796
1361.4159	5343.2925
1362.8319	5395.1279
1364.2478	5395.5415
1365.6637	5508.3555
1367.0796	5638.9487
1368.4956	5701.3164
1369.9115	5804.873
1371.3274	5825.8931
1372.7434	5912.8765
1374.1593	5988.687
1375.5752	5927.728
1376.9912	5965.8867
1378.4071	5949.6631
1379.823	5891.4307
1381.2389	5827.7861
1382.6549	5734.165
1384.0708	5661.4063
1385.4867	5612.5776
1386.9027	5544.8384
1388.3186	5497.8062
1389.7345	5412.7925
1391.1504	5385.7085
1392.5664	5414.4297
1393.9823	5436.4463
1395.3982	5499.4443
1396.8142	5524.3667
1398.2301	5515.7778
1399.646	5542.8882
1401.0619	5500.9224
1402.4779	5510.126
1403.8938	5469.625
1405.3097	5471.458
1406.7257	5360.6221
1408.1416	5334.1328
1409.5575	5361.9502
1410.9735	5380.8252
1412.3894	5381.3335
1413.8053	5459.8306
1415.2212	5527.6919
1416.6372	5653.4902
1418.0531	5733.7939
1419.469	5755.9502
1420.885	5838.1279
1422.3009	5853.7275
1423.7168	5785.1528
1425.1327	5656.5298
1426.5487	5553.5713
1427.9646	5436.0234
1429.3805	5352.0332
1430.7965	5267.9692
1432.2124	5141.3574
1433.6283	5109.5684
1435.0442	5137.687
1436.4602	5164.3442
1437.8761	5207.2578
1439.292	5178.6558
1440.708	5172.4312
1442.1239	5147.6294
1443.5398	5170.3979
1444.9558	5222.5186
1446.3717	5198.6392
1447.7876	5177.1206
1449.2035	5235.5811
1450.6195	5320.0439
1452.0354	5365.3276
1453.4513	5390.7769
1454.8673	5390.5542
1456.2832	5397.269
1457.6991	5374.9902
1459.115	5389.9209
1460.531	5389.3208
1461.9469	5327.9082
1463.3628	5344.7759
1464.7788	5288.0508
1466.1947	5328.7378
1467.6106	5332.23
1469.0265	5300.2061
1470.4425	5284.3936
1471.8584	5331.8647
1473.2743	5308.541
1474.6903	5392.4883
1476.1062	5362.8091
1477.5221	5363.7827
1478.9381	5357.5537
1480.354	5345.3306
1481.7699	5322.6123
1483.1858	5260.6714
1484.6018	5171.8652
1486.0177	5095.4326
1487.4336	5056.5908
1488.8496	4962.5962
1490.2655	4887.103
1491.6814	4870.9834
1493.0973	4787.9844
1494.5133	4758.8799
1495.9292	4723.0156
1497.3451	4623.1279
1498.7611	4583.6382
1500.177	4554.7397
1501.5929	4532.7031
1503.0088	4515.5781
1504.4248	4506.0342
1505.8407	4482.1201
1507.2566	4482.2124
1508.6726	4445.2231
1510.0885	4458.5913
1511.5044	4457.3135
1512.9204	4462.1172
1514.3363	4482.2188
1515.7522	4466.082
1517.1681	4414.1694
1518.5841	4406.6841
1520	4454.1875
1521.4159	4439.0586
1522.8319	4424.1172
1524.2478	4402.7236
1525.6637	4410.3643
1527.0796	4416.5234
1528.4956	4436.6729
1529.9115	4493.4375
1531.3274	4487.5332
1532.7434	4496.5449
1534.1593	4524.7598
1535.5752	4539.4971
1536.9912	4552.6714
1538.4071	4578.7373
1539.823	4637.8599
1541.2389	4671.5625
1542.6549	4729.3486
1544.0708	4762.0332
1545.4867	4856.8511
1546.9027	4908.8745
1548.3186	4954.1733
1549.7345	4935.6162
1551.1504	4871.9707
1552.5664	4869.4385
1553.9823	4876.104
1555.3982	4845.3018
1556.8142	4870.082
1558.2301	4814.1133
1559.646	4776.7578
1561.0619	4754.4111
1562.4779	4734.0322
1563.8938	4754.0791
1565.3097	4775.4453
1566.7257	4813.186
1568.1416	4839.3633
1569.5575	4839.8315
1570.9735	4869.9165
1572.3894	4882.311
1573.8053	4911.9023
1575.2212	4890.8022
1576.6372	4920.1187
1578.0531	4913.3354
1579.469	4854.2817
1580.885	4887.6289
1582.3009	4897.0234
1583.7168	4854.0347
1585.1327	4841.0688
1586.5487	4863.0205
1587.9646	4858.0044
1589.3805	4858.2139
1590.7965	4785.0396
1592.2124	4787.9204
1593.6283	4814.7075
1595.0442	4838.6538
1596.4602	4836.9541
1597.8761	4839.2314
1599.292	4829.6372
1600.708	4863.415
1602.1239	4874.1016
1603.5398	4892.5537
1604.9558	4893.2749
1606.3717	4886.1792
1607.7876	4876.5864
1609.2035	4915.6118
1610.6195	4931.0415
1612.0354	4911.7798
1613.4513	4902.2744
1614.8673	4975.6055
1616.2832	4979.6802
1617.6991	4987.9995
1619.115	4998.9424
1620.531	5022.1733
1621.9469	5036.3691
1623.3628	4987.4048
1624.7788	4999.832
1626.1947	5040.561
1627.6106	5033.4717
1629.0265	5034.23
1630.4425	5013.8608
1631.8584	4994.5435
1633.2743	4941.6523
1634.6903	5009.915
1636.1062	5007.5811
1637.5221	5034.7783
1638.9381	5015.4429
1640.354	5012.3921
1641.7699	4942.2642
1643.1858	4951.0991
1644.6018	4938.2656
1646.0177	4940.0444
1647.4336	4902.3286
1648.8496	4897.7441
1650.2655	4924.4922
1651.6814	4868.9668
1653.0973	4855.6348
1654.5133	4816.4927
1655.9292	4820.9932
1657.3451	4813.8179
1658.7611	4801.4038
1660.177	4734.3848
1661.5929	4733.7764
1663.0088	4696.5239
1664.4248	4647.3169
1665.8407	4680.5439
1667.2566	4635.6821
1668.6726	4629.5776
1670.0885	4621.77
1671.5044	4570.249
1672.9204	4511.6099
1674.3363	4535.8452
1675.7522	4479.459
1677.1681	4464.5249
1678.5841	4471.1396
1680	4392.7051
1681.4159	4401.8018
1682.8319	4364.3286
1684.2478	4401.8662
1685.6637	4342.9785
1687.0796	4339.7163
1688.4956	4334.7534
1689.9115	4292.5752
1691.3274	4286.0137
1692.7434	4307.3984
1694.1593	4273.9531
1695.5752	4227.0054
1696.9912	4251.1313
1698.4071	4225.833
1699.823	4222.2163
1701.2389	4202.5552
1702.6549	4137.1177
1704.0708	4138.6499
1705.4867	4171.0444
1706.9027	4148.9209
1708.3186	4171.6953
1709.7345	4148.1694
1711.1504	4106.6265
1712.5664	4052.1206
1713.9823	4078.4155
1715.3982	4109.1602
1716.8142	4081.6702
1718.2301	4031.7334
1719.646	4031.0994
1721.0619	4081.4226
1722.4779	4054.9189
1723.8938	4062.2473
1725.3097	4086.7256
1726.7257	4056.2351
1728.1416	4055.2456
1729.5575	4025.1831
1730.9735	4054.0522
1732.3894	4007.6399
1733.8053	3966.6433
1735.2212	3977.885
1736.6372	4022.8958
1738.0531	4027.4141
1739.469	3994.5432
1740.885	3975.0242
1742.3009	3932.9966
1743.7168	3925.0273
1745.1327	3966.1956
1746.5487	4049.2522
1747.9646	3960.9849
1749.3805	3969.4375
1750.7965	3932.3987
1752.2124	3940.3755
1753.6283	3948.7898
1755.0442	3940.324
1756.4602	3917.6064
1757.8761	3898.7151
1759.292	3917.2185
1760.708	3938.386
1762.1239	3938.5071
1763.5398	3948.988
1764.9558	3904.9058
1766.3717	3921.6392
1767.7876	3970.7869
1769.2035	3914.0874
1770.6195	3919.4658
1772.0354	3944.7334
1773.4513	3935.583
1774.8673	3946.6487
1776.2832	3920.5535
1777.6991	3899.4397
1779.115	3878.1753
1780.531	3895.4377
1781.9469	3936.0107
1783.3628	3912.1545
1784.7788	3859.9077
1786.1947	3914.1917
1787.6106	3923.2795
1789.0265	3868.7002
1790.4425	3908.9712
1791.8584	3889.7788
1793.2743	3886.8008
1794.6903	3868.3264
1796.1062	3971.6602
1797.5221	3930.457
1798.9381	3896.6953
1800.354	3884.8896
1801.7699	3927.0061
1803.1858	3943.9707
1804.6018	3863.918
1806.0177	3928.9504
1807.4336	3865.073
1808.8496	3909.0696
1810.2655	3904.5471
1811.6814	3870.9331
1813.0973	3875.3992
1814.5133	3894.3938
1815.9292	3929.8672
1817.3451	3905.4995
1818.7611	3871.512
1820.177	3858.3228
1821.5929	3896.6433
1823.0088	3850.2344
1824.4248	3861.7139
1825.8407	3865.0945
1827.2566	3906.4187
1828.6726	3831.01
1830.0885	3836.9111
1831.5044	3849.8818
1832.9204	3930.28
1834.3363	3936.2651
1835.7522	3894.9126
1837.1681	3876.5618
1838.5841	3886.6973
1840	3919.679
1841.4159	3872.2117
1842.8319	3895.5103
1844.2478	3938.1069
1845.6637	3912.8347
1847.0796	3958.21
1848.4956	3912.8987
1849.9115	3877.4143
1851.3274	3899.2366
1852.7434	3952.0728
1854.1593	3931.5217
1855.5752	3939.6157
1856.9912	3906.7659
1858.4071	3884.2363
1859.823	3891.7412
1861.2389	3988.8062
1862.6549	3947.7759
1864.0708	3859.8936
1865.4867	3906.2412
1866.9027	3911.4194
1868.3186	3939.312
1869.7345	3950.4719
1871.1504	3937.0798
1872.5664	3949.4932
1873.9823	3954.0137
1875.3982	3954.0869
1876.8142	3942.177
1878.2301	3908.3486
1879.646	3988.4419
1881.0619	4003.2002
1882.4779	4023.3167
1883.8938	4007.3357
1885.3097	4037.5352
1886.7257	3989.1948
1888.1416	3928.7595
1889.5575	3953.8721
1890.9735	3914.4702
1892.3894	3984.5576
1893.8053	3982.7729
1895.2212	4034.634
1896.6372	3988.3567
1898.0531	4002.5991
1899.469	3969.3464
1900.885	3985.0134
1902.3009	4009.4238
1903.7168	3988.1926
1905.1327	4017.1289
1906.5487	4014.835
1907.9646	4008.0354
1909.3805	4010.4409
1910.7965	4016.3547
1912.2124	3999.9475
1913.6283	3997.7043
1915.0442	4007.6267
1916.4602	4031.4968
1917.8761	4050.1877
1919.292	4060.5386
1920.708	4078.2024
1922.1239	4042.9204
1923.5398	4075.3516
1924.9558	4028.3296
1926.3717	4039.9175
1927.7876	4067.6721
1929.2035	4082.5554
1930.6195	4083.9126
1932.0354	4021.1169
1933.4513	4024.7366
1934.8673	4017.1272
1936.2832	4036.7834
1937.6991	4049.2097
1939.115	4000.3091
1940.531	4042.6768
1941.9469	4084.012
1943.3628	4035.2744
1944.7788	4046.9011
1946.1947	4062.739
1947.6106	4033.5591
1949.0265	4061.9065
1950.4425	4128.5283
1951.8584	4096.3184
1953.2743	4059.3931
1954.6903	4035.8132
1956.1062	4132.5107
1957.5221	4107.9443
1958.9381	4094.4336
1960.354	4101.7036
1961.7699	4053.5
1963.1858	4126.9849
1964.6018	4132.7759
1966.0177	4104.7173
1967.4336	4047.0044
1968.8496	4053.374
1970.2655	3998.0776
1971.6814	4019.1445
1973.0973	4086.3123
1974.5133	4050.5015
1975.9292	4052.4177
1977.3451	4118.6006
1978.7611	4081.8689
1980.177	4134.3286
1981.5929	4144.7866
1983.0088	4132.0396
1984.4248	4076.6057
1985.8407	4130.54
1987.2566	4128.2729
1988.6726	4104.8682
1990.0885	4104.6973
1991.5044	4130.4941
1992.9204	4141.2056
1994.3363	4168.0571
1995.7522	4154.876
1997.1681	4212.5054
1998.5841	4144.1538
2000	4172.5859
