400	5940.9326
401.41592	5882.4731
402.83185	6049.9321
404.2478	6009.8174
405.66373	5975.0654
407.07965	6034.0161
408.49557	6057.5361
409.9115	6063.7388
411.32742	6122.8569
412.74338	6087.7744
414.1593	6000.4697
415.57523	6032.0376
416.99115	6092.395
418.40707	6116.5107
419.823	6128.457
421.23895	6164.5029
422.65488	6160.9487
424.0708	6120.8252
425.48672	6112.4858
426.90265	6135.0474
428.31857	6130.2505
429.73453	6123.0234
431.15045	6213.0527
432.56638	6284.1162
433.9823	6146.998
435.39822	6165.8071
436.81415	6190.2148
438.2301	6165.6748
439.64603	6188.998
441.06195	6210.7051
442.47787	6135.5283
443.8938	6141.9829
445.30972	6215.2773
446.72568	6205.606
448.1416	6204.5039
449.55753	6180.0273
450.97345	6244.6416
452.38937	6260.0532
453.8053	6189.1826
455.22125	6198.8032
456.63718	6271.1089
458.0531	6108.6753
459.46902	6144.9258
460.88495	6142.2861
462.30087	6193.9126
463.71683	6257.6841
465.13275	6271.7451
466.54868	6292.5161
467.9646	6358.4478
469.38052	6393.4663
470.79645	6391.4614
472.2124	6477.3916
473.62833	6338.3198
475.04425	6316.5039
476.46017	6285.8413
477.8761	6235.0884
479.29202	6265.2012
480.70798	6323.9868
482.1239	6369.2749
483.53983	6365.0576
484.95575	6340.0684
486.37167	6356.1938
487.7876	6375.6157
489.20355	6349.5
490.61948	6383.147
492.0354	6378.6812
493.45132	6272.7764
494.86725	6296.9185
496.28317	6331.5947
497.69913	6292.4336
499.11505	6254.8262
500.53098	6283.3696
501.9469	6335.1738
503.36282	6370.8687
504.77875	6391.2954
506.1947	6252.8398
507.61063	6295.4663
509.02655	6247.6597
510.44247	6241.106
511.8584	6289.8467
513.27435	6324.3076
514.69025	6322.6089
516.1062	6335.7568
517.52209	6344.0762
518.93805	6304.6904
520.354	6413.1489
521.7699	6335.8071
523.18585	6450.0317
524.60175	6393.5742
526.0177	6344.4487
527.43365	6421.1411
528.84955	6542.7861
530.2655	6586.8887
531.6814	6526.9053
533.09735	6507.4043
534.51324	6602.8213
535.9292	6629.7373
537.34515	6712.7148
538.76105	6676.3833
540.177	6768.1411
541.5929	6850.7661
543.00885	6792.7446
544.4248	6719.8286
545.8407	6761.8462
547.25665	6853.5796
548.67255	6892.0444
550.0885	6863.0688
551.50439	6852.8154
552.92035	6959.6616
554.3363	6986.7031
555.7522	6975.9053
557.16815	6976.0303
558.58405	6924.0898
560	6943.2573
561.41595	6929.791
562.83185	6984.6445
564.2478	6975.3066
565.6637	6934.3105
567.07965	6898.7783
568.49561	6805.6484
569.9115	6833.1411
571.32745	6599.7622
572.74335	6688.1968
574.1593	6672.7856
575.5752	6707.2808
576.99115	6671.8838
578.4071	6626.2808
579.823	6593.2329
581.23895	6585.8032
582.65485	6582.7012
584.0708	6619.2476
585.48676	6670.624
586.90265	6608.2202
588.3186	6629.0322
589.7345	6591.7627
591.15045	6629.7241
592.56635	6700.6128
593.9823	6694.9609
595.39825	6571.9326
596.81415	6651.8062
598.2301	6666.5269
599.646	6633.853
601.06195	6669.2656
602.47791	6690.4648
603.8938	6675.126
605.30975	6739.5728
606.72565	6727.229
608.1416	6760.2603
609.5575	6809.4385
610.97345	6844.5483
612.3894	6856.5488
613.8053	6906.9917
615.22125	6930.3242
616.63715	6945.5454
618.0531	6999.6353
619.46906	7070.0928
620.88495	7119.373
622.3009	7137.5259
623.7168	7121.127
625.13275	7153.5161
626.54865	7015.2324
627.9646	7146.894
629.38055	7255.2661
630.79645	7234.8003
632.2124	7128.9375
633.6283	7166.6968
635.04425	7121.7856
636.46021	7092.5703
637.8761	7167.1841
639.29205	7173.9424
640.70795	7095.8657
642.1239	7136.063
643.53979	7153.0264
644.95575	7206.0259
646.3717	7176.7256
647.7876	7176.0249
649.20355	7214.835
650.61945	7123.061
652.0354	7110.2256
653.45135	7153.7632
654.86725	7136.9004
656.2832	7084.894
657.6991	7053.4424
659.11505	7074.0815
660.53094	7102.936
661.9469	7027.5718
663.36285	7020.2773
664.77875	7081.0684
666.1947	7098.8506
667.6106	6986.5908
669.02655	7004.1846
670.4425	7065.4443
671.8584	7168.5933
673.27435	7118.061
674.69025	7093.7881
676.1062	7149.3682
677.52209	7216.9058
678.93805	7274.8589
680.354	7276.9961
681.7699	7254.7383
683.18585	7455.353
684.60175	7569.5073
686.0177	7566.6211
687.43365	7613.4414
688.84955	7520.3159
690.2655	7326.1362
691.6814	7435.2598
693.09735	7467.5728
694.51324	7435.1665
695.9292	7374.4497
697.34515	7335.6948
698.76105	7328.3306
700.177	7328.6611
701.5929	7295.4731
703.00885	7223.9658
704.4248	7386.7173
705.8407	7428.7065
707.25665	7440.6816
708.67255	7435.3149
710.0885	7396.1133
711.50439	7500.3896
712.92035	7614.856
714.3363	7646.105
715.7522	7713.979
717.16815	7833.1592
718.58405	7960.3032
720	8219.7598
721.41595	8643.8037
722.83185	9207.1973
724.2478	10084.892
725.6637	11201.108
727.07965	12719.291
728.49561	14510.204
729.9115	16289.48
731.32745	17335.025
732.74335	17902.123
734.1593	17270.5
735.5752	15789.082
736.99115	13772.875
738.4071	11916.623
739.823	10439.789
741.23895	9406.9873
742.65485	8791.126
744.0708	8447.4023
745.48676	8240.6836
746.90265	8031.9185
748.3186	7877.5059
749.7345	7869.8833
751.15045	7847.9224
752.56635	7646.1455
753.9823	7737.8599
755.39825	7770.5078
756.81415	7836.5195
758.2301	7747.7905
759.646	7731.0054
761.06195	7689.7539
762.47791	7757.8008
763.8938	7718.4268
765.30975	7673.4473
766.72565	7760.2505
768.1416	7772.0576
769.5575	7712.1406
770.97345	7646.6426
772.3894	7629.9531
773.8053	7613.8799
775.22125	7702.9253
776.63715	7744.6392
778.0531	7693.9595
779.46906	7645.0088
780.88495	7694.4644
782.3009	7781.6685
783.7168	7902.5029
785.13275	7834.2031
786.54865	7802.0449
787.9646	7907.8042
789.38055	7956.5635
790.79645	7922.9844
792.2124	7902.6104
793.6283	7839.0776
795.04425	7783.4282
796.46021	7857.209
797.8761	7789.9419
799.29205	7812.0181
800.70795	7852.5684
802.1239	7884.0127
803.53979	7950.5459
804.95575	7976.2573
806.3717	7890.6743
807.7876	7859.376
809.20355	7933.7271
810.61945	7955.2178
812.0354	7894.4619
813.45135	7922.8105
814.86725	8028.356
816.2832	8063.8184
817.6991	7995.3228
819.11505	7959.6006
820.53094	8023.396
821.9469	8000.5371
823.36285	8054.4014
824.77875	8162.1279
826.1947	7934.7578
827.6106	7931.2793
829.02655	8068.1958
830.4425	8021.7065
831.8584	8097.8081
833.27435	8050.3379
834.69025	8126.9146
836.1062	8162.9878
837.52209	8030.8452
838.93805	8058.2173
840.354	8138.4824
841.7699	8142.0068
843.18585	8154.9956
844.60175	8177.0342
846.0177	8185.3188
847.43365	8195.3438
848.84955	8165.6787
850.2655	8215.6895
851.6814	8259.4863
853.09735	8176.0234
854.51324	8109.646
855.9292	8179.3574
857.34515	8198.6729
858.76105	8160.7979
860.177	8281.1602
861.5929	8182.4727
863.00885	8117.8857
864.4248	8240.4365
865.8407	8179.1406
867.25665	8228.2031
868.67255	8234.1572
870.0885	8278.8398
871.50439	8308.4805
872.92035	8248.7129
874.3363	8269.8936
875.7522	8266.8564
877.16815	8192.3418
878.58405	8314.5908
880	8341.5459
881.41595	8450.6699
882.83185	8446.4434
884.2478	8519.8145
885.6637	8514.252
887.07965	8570.2832
888.49561	8464.873
889.9115	8540.8516
891.32745	8545.6045
892.74335	8573.4453
894.1593	8502.9336
895.5752	8559.1875
896.99115	8616.3799
898.4071	8539.1602
899.823	8578.334
901.23895	8605.3301
902.65485	8585.459
904.0708	8567.3838
905.48676	8632.0215
906.90265	8730.958
908.3186	8735.1299
909.7345	8783.2363
911.15045	8756.4727
912.56635	8828.2119
913.9823	8893.7666
915.39825	8842.0244
916.81415	8914.9922
918.2301	8951.8184
919.646	8975.0156
921.06195	9028.7158
922.47791	8991.1074
923.8938	9070.082
925.30975	9026.9199
926.72565	9022.3145
928.1416	9012.6787
929.5575	9001.7295
930.97345	8900.2305
932.3894	8878.4502
933.8053	8893.4258
935.22125	8907.5967
936.63715	8907.1143
938.0531	8848.3574
939.46906	8908.1211
940.88495	9005.5527
942.3009	8906.4756
943.7168	8859.7559
945.13275	8943.7773
946.54865	8953.3232
947.9646	8996.0195
949.38055	9038.6787
950.79645	9112.2998
952.2124	9167.9922
953.6283	9168.1445
955.04425	9215.834
956.46021	9363.9248
957.8761	9316.6377
959.29205	9203.7529
960.70795	9315.3008
962.1239	9402.04
963.53979	9245.79
964.95575	9151.5098
966.3717	9148.4307
967.7876	9124.0742
969.20355	9211.0791
970.61945	9114.0381
972.0354	9159.2578
973.45135	9276.3477
974.86725	9243.5479
976.2832	9250.3682
977.6991	9283.5391
979.11505	9237.832
980.53094	9247.2715
981.9469	9283.2402
983.36285	9270.4873
984.77875	9313.502
986.1947	9335.6006
987.6106	9308.8018
989.02655	9343.4658
990.4425	9368.8711
991.8584	9378.9805
993.27435	9432.1631
994.69025	9376.5166
996.1062	9554.4629
997.52209	9466.8662
998.93805	9554.6006
1000.354	9618.9229
1001.7699	9554.9102
1003.1859	9569.5107
1004.6017	9675.6504
1006.0177	9782.5947
1007.4337	9793.751
1008.8495	9795.6367
1010.2655	9774.1143
1011.6814	9878.043
1013.0974	9838.9756
1014.5132	9826.3193
1015.9292	9866.3594
1017.3452	9812.0283
1018.761	9785.4414
1020.177	9811.7588
1021.5929	9798.5059
1023.0089	9794.9395
1024.4248	9875.7314
1025.8407	9895.0986
1027.2566	9775.2725
1028.6726	9667.7158
1030.0885	9662.1582
1031.5044	9700.4365
1032.9204	9695.6445
1034.3363	9734.6094
1035.7522	9723.7734
1037.1681	9656.3857
1038.5841	9725.5645
1040	9614.7119
1041.4159	9714.1201
1042.8319	9775.6455
1044.2478	9719.9365
1045.6637	9753.8281
1047.0796	9733.6943
1048.4956	9674.4121
1049.9115	9582.6973
1051.3274	9641.5488
1052.7434	9596.4844
1054.1593	9598.3018
1055.5752	9586.7725
1056.9912	9481.6738
1058.4071	9622.0879
1059.823	9703.5537
1061.2389	9559.5615
1062.6549	9553.4512
1064.0708	9602.9434
1065.4867	9579.2266
1066.9027	9495.1543
1068.3186	9552.3164
1069.7345	9548.1768
1071.1504	9475.0596
1072.5664	9514.9531
1073.9823	9572.5234
1075.3982	9538.4063
1076.8142	9526.3887
1078.2301	9528.251
1079.646	9562.5234
1081.0619	9596.1289
1082.4779	9653.582
1083.8938	9648.9023
1085.3097	9600.9688
1086.7257	9639.79
1088.1416	9692.4268
1089.5575	9699.0977
1090.9735	9648.1641
1092.3894	9674.1396
1093.8053	9693.3379
1095.2212	9661.4775
1096.6372	9720.0029
1098.0531	9734.4902
1099.469	9748.877
1100.885	9644.5254
1102.3009	9872.375
1103.7168	9896.1729
1105.1327	9868.9219
1106.5487	9843.1514
1107.9646	9793.5352
1109.3805	9844.1143
1110.7965	10001.768
1112.2124	9996.2949
1113.6283	9953.2959
1115.0442	9945.9141
1116.4602	9969.5791
1117.8761	9989.0928
1119.292	10000.917
1120.708	10025.776
1122.1239	9977.501
1123.5398	10155.097
1124.9558	10162.07
1126.3717	10218.548
1127.7876	10271.28
1129.2035	10265.78
1130.6195	10303.42
1132.0354	10355.993
1133.4513	10327.247
1134.8673	10459.428
1136.2832	10366.796
1137.6991	10387.044
1139.115	10323.734
1140.531	10312.646
1141.9469	10269.218
1143.3628	10298.287
1144.7788	10369.047
1146.1947	10240.323
1147.6106	10231.958
1149.0265	10133.225
1150.4425	9985.1895
1151.8584	10077.299
1153.2743	9979.9531
1154.6903	10063.816
1156.1062	10103.332
1157.5221	10094.118
1158.9381	10184.482
1160.354	10169.028
1161.7699	10102.718
1163.1858	10019.408
1164.6018	10116.59
1166.0177	10165.483
1167.4336	10183.52
1168.8496	10158.334
1170.2655	10141.197
1171.6814	10132.528
1173.0973	10204.968
1174.5133	10211.116
1175.9292	10188.026
1177.3451	10220.696
1178.7611	10259.914
1180.177	10229.184
1181.5929	10206.897
1183.0088	10315.439
1184.4248	10275.172
1185.8407	10254.412
1187.2566	10337.619
1188.6726	10454.368
1190.0885	10417.124
1191.5044	10367.855
1192.9204	10440.424
1194.3363	10430.744
1195.7522	10417.271
1197.1681	10393.241
1198.5841	10481.669
1200	10557.017
1201.4159	10544.359
1202.8319	10521.258
1204.2478	10506.201
1205.6637	10521.438
1207.0796	10632.506
1208.4956	10722.768
1209.9115	10704.498
1211.3274	10682.729
1212.7434	10633.408
1214.1593	10608.351
1215.5752	10684.05
1216.9912	10681.256
1218.4071	10695.125
1219.823	10672.789
1221.2389	10731.087
1222.6549	10761.402
1224.0708	10891.935
1225.4867	10959.206
1226.9027	10862.625
1228.3186	10842.512
1229.7345	10897.617
1231.1504	10910.867
1232.5664	10978.094
1233.9823	11066.354
1235.3982	11131.016
1236.8142	11132.767
1238.2301	11026.354
1239.646	11006.706
1241.0619	10978.625
1242.4779	10988.112
1243.8938	11046.163
1245.3097	10970.998
1246.7257	11035.167
1248.1416	11132.816
1249.5575	10994.714
1250.9735	10929.384
1252.3894	10919.614
1253.8053	10897.35
1255.2212	10949.307
1256.6372	10853.874
1258.0531	10868.399
1259.469	10855.479
1260.885	10912.674
1262.3009	10991.272
1263.7168	11029.142
1265.1327	11045.976
1266.5487	11023.695
1267.9646	11125.037
1269.3805	11170.17
1270.7965	11120.515
1272.2124	11124.555
1273.6283	11188.202
1275.0442	11051.363
1276.4602	10988.904
1277.8761	11017.896
1279.292	10955.85
1280.708	10925.361
1282.1239	10884.908
1283.5398	10887.364
1284.9558	10946.224
1286.3717	11007.299
1287.7876	11038.818
1289.2035	11122.907
1290.6195	11094.085
1292.0354	11044.43
1293.4513	11221.085
1294.8673	11302.036
1296.2832	11350.588
1297.6991	11438.853
1299.115	11476.988
1300.531	11483.831
1301.9469	11590.147
1303.3628	11735.961
1304.7788	11867.491
1306.1947	12065.858
1307.6106	12284.18
1309.0265	12439.999
1310.4425	12654.362
1311.8584	12758.023
1313.2743	12833.415
1314.6903	13008.952
1316.1062	13182.885
1317.5221	13443.404
1318.9381	13616.988
1320.354	13828.969
1321.7699	13933.408
1323.1858	13871.509
1324.6018	13982.606
1326.0177	13994.807
1327.4336	13918.537
1328.8496	14012.405
1330.2655	13969.908
1331.6814	14084.762
1333.0973	14028.14
1334.5133	14044.219
1335.9292	13907.342
1337.3451	13805.881
1338.7611	13707.555
1340.177	13553.379
1341.5929	13328.604
1343.0088	12989.379
1344.4248	12751.655
1345.8407	12540.671
1347.2566	12254.578
1348.6726	12273.968
1350.0885	12036.669
1351.5044	11877.439
1352.9204	11904.2
1354.3363	11733.71
1355.7522	11656.188
1357.1681	11676.626
1358.5841	11710.626
1360	11768.172
1361.4159	11837.955
1362.8319	11788.104
1364.2478	11890.539
1365.6637	12007.949
1367.0796	12133.868
1368.4956	12106.18
1369.9115	12151.42
1371.3274	12230.54
1372.7434	12264.378
1374.1593	12316.646
1375.5752	12340.519
1376.9912	12366.339
1378.4071	12279.155
1379.823	12108.204
1381.2389	11963.615
1382.6549	11913.681
1384.0708	11853.036
1385.4867	11729.016
1386.9027	11672.679
1388.3186	11710.054
1389.7345	11640.887
1391.1504	11690.973
1392.5664	11783.92
1393.9823	11778.38
1395.3982	11960.378
1396.8142	11985.487
1398.2301	12054.704
1399.646	12150.522
1401.0619	12078.69
1402.4779	12047.672
1403.8938	12082.635
1405.3097	11910.146
1406.7257	11805.932
1408.1416	11650.193
1409.5575	11469.486
1410.9735	11462.334
1412.3894	11346.223
1413.8053	11305.942
1415.2212	11196.81
1416.6372	11275.78
1418.0531	11197.971
1419.469	11234.093
1420.885	11235.706
1422.3009	11293.408
1423.7168	11096.986
1425.1327	11169.631
1426.5487	11234.781
1427.9646	11191.064
1429.3805	11183.047
1430.7965	11216.213
1432.2124	11255.544
1433.6283	11293.127
1435.0442	11180.044
1436.4602	11196.103
1437.8761	11266.284
1439.292	11317.949
1440.708	11336.999
1442.1239	11372.908
1443.5398	11382.519
1444.9558	11358.148
1446.3717	11345.261
1447.7876	11448.381
1449.2035	11427.156
1450.6195	11398.472
1452.0354	11540.494
1453.4513	11618.877
1454.8673	11599.111
1456.2832	11650.521
1457.6991	11737.006
1459.115	11628.728
1460.531	11671.399
1461.9469	11629.546
1463.3628	11608.727
1464.7788	11495.304
1466.1947	11567.83
1467.6106	11352.535
1469.0265	11347.722
1470.4425	11401.337
1471.8584	11382.807
1473.2743	11275.816
1474.6903	11287.583
1476.1062	11168.348
1477.5221	11146.065
1478.9381	11100.655
1480.354	11121.712
1481.7699	11099.986
1483.1858	11083.323
1484.6018	10967.994
1486.0177	10983.986
1487.4336	11004.276
1488.8496	10981.916
1490.2655	11007.006
1491.6814	11010.072
1493.0973	10982.939
1494.5133	10925.809
1495.9292	10911.757
1497.3451	10934.489
1498.7611	10858.494
1500.177	10962.393
1501.5929	10871.353
1503.0088	10723.776
1504.4248	10750.392
1505.8407	10812.765
1507.2566	10781.602
1508.6726	10809.733
1510.0885	10796.092
1511.5044	10735.499
1512.9204	10844.073
1514.3363	10845.496
1515.7522	10852.339
1517.1681	10838.979
1518.5841	10804.177
1520	10733.356
1521.4159	10786.208
1522.8319	10778.993
1524.2478	10838.387
1525.6637	10738.63
1527.0796	10802.274
1528.4956	10817.308
1529.9115	10777.69
1531.3274	10813.189
1532.7434	10819.423
1534.1593	10837.497
1535.5752	10860.877
1536.9912	10874.365
1538.4071	10985.696
1539.823	11008.103
1541.2389	11086.152
1542.6549	11156.644
1544.0708	11130.923
1545.4867	11190.953
1546.9027	11230.805
1548.3186	11348.126
1549.7345	11264.377
1551.1504	11321.959
1552.5664	11316.98
1553.9823	11222.498
1555.3982	11210.984
1556.8142	11121.566
1558.2301	11101.814
1559.646	11145.158
1561.0619	11131.382
1562.4779	11022.712
1563.8938	10979.928
1565.3097	11019.01
1566.7257	11049.978
1568.1416	11081.534
1569.5575	11118.072
1570.9735	11119.644
1572.3894	11034.199
1573.8053	11053.696
1575.2212	11028.055
1576.6372	11081.708
1578.0531	11054.858
1579.469	11005.191
1580.885	10986.576
1582.3009	11086.08
1583.7168	11110.439
1585.1327	11028.714
1586.5487	10987.457
1587.9646	11032.29
1589.3805	11010.311
1590.7965	10973.369
1592.2124	10988.576
1593.6283	10943.126
1595.0442	10866.086
1596.4602	10821.396
1597.8761	10826.938
1599.292	10831.403
1600.708	10848.137
1602.1239	10928.456
1603.5398	10865.795
1604.9558	10887.202
1606.3717	10854.187
1607.7876	10869.034
1609.2035	10916.247
1610.6195	10877.551
1612.0354	10908.789
1613.4513	10931.208
1614.8673	10973.116
1616.2832	10914.609
1617.6991	10928.852
1619.115	10892.052
1620.531	10869.167
1621.9469	10926.805
1623.3628	10823.413
1624.7788	10955.355
1626.1947	10924.623
1627.6106	10974.661
1629.0265	10982.491
1630.4425	10987.345
1631.8584	11015.98
1633.2743	10895.319
1634.6903	10896.749
1636.1062	10901.303
1637.5221	10901.206
1638.9381	10938.609
1640.354	10859.739
1641.7699	10841.2
1643.1858	10842.694
1644.6018	10814.898
1646.0177	10803.694
1647.4336	10797.526
1648.8496	10727.803
1650.2655	10796.013
1651.6814	10722.061
1653.0973	10764.043
1654.5133	10692.638
1655.9292	10659.063
1657.3451	10627.21
1658.7611	10619.398
1660.177	10578.569
1661.5929	10578.305
1663.0088	10524.502
1664.4248	10484.68
1665.8407	10432.519
1667.2566	10470.497
1668.6726	10413.995
1670.0885	10364.313
1671.5044	10358.132
1672.9204	10302.752
1674.3363	10375.004
1675.7522	10305.793
1677.1681	10224.896
1678.5841	10250.036
1680	10216.012
1681.4159	10204.133
1682.8319	10241.584
1684.2478	10237.604
1685.6637	10161.738
1687.0796	10173.959
1688.4956	10161.434
1689.9115	10146.521
1691.3274	10115.046
1692.7434	10067.705
1694.1593	10005.101
1695.5752	10038.929
1696.9912	10021.237
1698.4071	10001.496
1699.823	9953.9775
1701.2389	9903.5361
1702.6549	9892.168
1704.0708	9888.3311
1705.4867	9884.3232
1706.9027	9911.3662
1708.3186	9822.2256
1709.7345	9905.167
1711.1504	9887.4355
1712.5664	9801.2451
1713.9823	9773.3135
1715.3982	9764.1396
1716.8142	9767.2324
1718.2301	9833.2148
1719.646	9737.1074
1721.0619	9724.7568
1722.4779	9711.0635
1723.8938	9834.9941
1725.3097	9776.8711
1726.7257	9806.7021
1728.1416	9733.7607
1729.5575	9687.7549
1730.9735	9654.0459
1732.3894	9701.7842
1733.8053	9654.4824
1735.2212	9622.6299
1736.6372	9642.2617
1738.0531	9612.4365
1739.469	9628.2139
1740.885	9697.7695
1742.3009	9690.8516
1743.7168	9625.1631
1745.1327	9574.6406
1746.5487	9584.6348
1747.9646	9614.8945
1749.3805	9579.7891
1750.7965	9621.5674
1752.2124	9538.0615
1753.6283	9529.7314
1755.0442	9566.2412
1756.4602	9548.5879
1757.8761	9535.6631
1759.292	9502.3564
1760.708	9502.4961
1762.1239	9519.8877
1763.5398	9543.9248
1764.9558	9560.2363
1766.3717	9533.3193
1767.7876	9592.1543
1769.2035	9445.4307
1770.6195	9549.4961
1772.0354	9539.9883
1773.4513	9466.5352
1774.8673	9454.8643
1776.2832	9456.6191
1777.6991	9482.9893
1779.115	9470.2158
1780.531	9449.6748
1781.9469	9483.7158
1783.3628	9503.792
1784.7788	9481.4863
1786.1947	9447.167
1787.6106	9413.708
1789.0265	9433.3203
1790.4425	9490.4492
1791.8584	9430.1377
1793.2743	9467.4482
1794.6903	9390.5596
1796.1062	9314.4141
1797.5221	9348.6553
1798.9381	9412.2412
1800.354	9361.7764
1801.7699	9318.374
1803.1858	9358.8965
1804.6018	9404.5186
1806.0177	9415.8643
1807.4336	9377.9746
1808.8496	9317.9824
1810.2655	9276.6494
1811.6814	9320.1543
1813.0973	9330.168
1814.5133	9301.6982
1815.9292	9294.5762
1817.3451	9350.1904
1818.7611	9354.7217
1820.177	9255.0596
1821.5929	9279.0176
1823.0088	9239.125
1824.4248	9203.8809
1825.8407	9270.5947
1827.2566	9283.0176
1828.6726	9070.0723
1830.0885	9176.6328
1831.5044	9257.4844
1832.9204	9186.1016
1834.3363	9184.6055
1835.7522	9228.8818
1837.1681	9226.626
1838.5841	9245.0742
1840	9210.8018
1841.4159	9116.8623
1842.8319	9224.0176
1844.2478	9169.5459
1845.6637	9197.9141
1847.0796	9149.4922
1848.4956	9160.2803
1849.9115	9164.332
1851.3274	9132.7129
1852.7434	9212.5625
1854.1593	9173.2334
1855.5752	9205.0605
1856.9912	9107.9873
1858.4071	9149.5186
1859.823	9188.7549
1861.2389	9178.7324
1862.6549	9218.0313
1864.0708	9136.7168
1865.4867	9164.5449
1866.9027	9096.001
1868.3186	9139.8232
1869.7345	9163.4492
1871.1504	9199.2285
1872.5664	9213.9512
1873.9823	9159.9717
1875.3982	9134.8564
1876.8142	9193.4648
1878.2301	9231.5195
1879.646	9217.7793
1881.0619	9074.9316
1882.4779	9208.9512
1883.8938	9195.5928
1885.3097	9122.6719
1886.7257	9138.6123
1888.1416	9225.751
1889.5575	9208.6211
1890.9735	9186.0488
1892.3894	9177.0205
1893.8053	9303.7861
1895.2212	9145.6777
1896.6372	9209.1211
1898.0531	9138.4736
1899.469	9201.9111
1900.885	9171.6387
1902.3009	9143.1104
1903.7168	9153.0732
1905.1327	9151.6572
1906.5487	9149.1094
1907.9646	9126.7686
1909.3805	9134.8057
1910.7965	9171.5449
1912.2124	9218.4951
1913.6283	9145.6641
1915.0442	9123.9092
1916.4602	9091.8887
1917.8761	9115.4512
1919.292	9099.7285
1920.708	9171.75
1922.1239	9103.0322
1923.5398	9108.8457
1924.9558	9057.5518
1926.3717	9146.3184
1927.7876	9012.1865
1929.2035	9107.6807
1930.6195	9076.167
1932.0354	9093.292
1933.4513	9010.1016
1934.8673	9042.6338
1936.2832	9068.2871
1937.6991	8916.165
1939.115	9059.791
1940.531	9112.8789
1941.9469	8940.4795
1943.3628	8932.6621
1944.7788	8912.0986
1946.1947	8977.3096
1947.6106	8903.5303
1949.0265	8982.7715
1950.4425	9001.1953
1951.8584	9005.9824
1953.2743	8965.6367
1954.6903	8993.958
1956.1062	8949.6113
1957.5221	9044.6465
1958.9381	9093.5088
1960.354	8952.4346
1961.7699	8868.4375
1963.1858	8888.9688
1964.6018	8912.6465
1966.0177	8862.959
1967.4336	8964.6367
1968.8496	8924.1299
1970.2655	8822.7207
1971.6814	8757.0762
1973.0973	8936.0801
1974.5133	8894.5947
1975.9292	8899.4668
1977.3451	8864.6924
1978.7611	8860.042
1980.177	8877.9668
1981.5929	8898.2959
1983.0088	8923.124
1984.4248	8920.7998
1985.8407	8992.9326
1987.2566	8911.9473
1988.6726	8891.3984
1990.0885	8885.5469
1991.5044	8829.1709
1992.9204	8861.8574
1994.3363	8922.6689
1995.7522	8890.3057
1997.1681	8933.1377
1998.5841	8958.3027
2000	8940.8262
