400	25539.957
400.90961	25466.396
401.81921	25474.568
402.72882	25303.625
403.63843	25206.783
404.54803	25138.016
405.45764	25055.385
406.36725	25008.805
407.27686	24927.531
408.18646	24834.988
409.09607	24676.354
410.00568	24569.127
410.91528	24471.412
411.82489	24365.375
412.7345	24302.627
413.6441	24209.482
414.55371	24200.813
415.46332	24248.521
416.37292	24281.783
417.28253	24282.111
418.19217	24232.906
419.10178	24133.969
420.01138	24136.83
420.92099	24120.664
421.8306	24005.504
422.7402	24054.176
423.64981	24053.115
424.55942	23925.346
425.46902	23883.889
426.37863	23899.063
427.28824	23568.924
428.19785	23543.486
429.10745	23560.535
430.01706	23525.434
430.92667	23405.555
431.83627	23209.6
432.74588	23071.439
433.65549	23183.422
434.56509	23069.688
435.4747	23069.195
436.38431	23042.764
437.29391	22964.797
438.20352	22955.719
439.11313	22947.148
440.02274	22865.205
440.93234	22881.559
441.84195	22865.783
442.75156	22899.82
443.66116	22922.961
444.57077	22867.611
445.48038	22888.021
446.38998	22778.496
447.29959	22621.102
448.2092	22537.029
449.1188	22560.527
450.02841	22529.633
450.93802	22391.131
451.84763	22358.877
452.75726	22326.934
453.66687	22285.502
454.57648	22310.295
455.48608	22270.791
456.39569	22235.945
457.3053	22264.803
458.2149	22303.219
459.12451	22305.291
460.03412	22317.961
460.94373	22358.965
461.85333	22345.09
462.76294	22449.877
463.67255	22501.594
464.58215	22331.434
465.49176	22421.633
466.40137	22419.326
467.31097	22246.182
468.22058	22272.535
469.13019	22298.52
470.03979	22268.533
470.9494	22232.754
471.85901	22186.242
472.76862	22002.613
473.67822	22179.082
474.58783	22044.111
475.49744	22067.521
476.40704	22056.9
477.31665	21943.84
478.22626	21895.102
479.13586	21846.27
480.04547	21828.35
480.95508	21687.291
481.86469	21625.531
482.77429	21674.637
483.6839	21724.936
484.59351	21663.4
485.50311	21527.477
486.41272	21616.402
487.32236	21449.803
488.23196	21348.471
489.14157	21307.027
490.05118	21312.588
490.96078	21286.406
491.87039	21179.111
492.78	21101.559
493.68961	21080.498
494.59921	21062.5
495.50882	20999.678
496.41843	20956.252
497.32803	20958.297
498.23764	20976.699
499.14725	20972.311
500.05685	20979.686
500.96646	21030.584
501.87607	20958.73
502.78568	20946.086
503.69528	20851.512
504.60489	20815.977
505.5145	20890.244
506.4241	20825.715
507.33371	20908.469
508.24332	20911.311
509.15292	21004.633
510.06253	20987.25
510.97214	20954.518
511.88174	20956.793
512.79138	20972.777
513.70099	21027.531
514.6106	21183.094
515.5202	21096.844
516.42981	21077.744
517.33942	21218.842
518.24902	21278.99
519.15863	21261.879
520.06824	21315.021
520.97784	21321.563
521.88745	21450.902
522.79706	21282.238
523.70667	21268.639
524.61627	21238.135
525.52588	21203.33
526.43549	21224.471
527.34509	21302.184
528.2547	21382.787
529.16431	21410.779
530.07391	21400.205
530.98352	21312.416
531.89313	21326.131
532.80273	21385.41
533.71234	21454.297
534.62195	21540.215
535.53156	21556.348
536.44116	21648.029
537.35077	21673.41
538.26038	21796.146
539.16998	21893.059
540.07959	21886.143
540.9892	21836.689
541.8988	21832.252
542.80841	21819.559
543.71802	21750.842
544.62762	21729.445
545.53723	21657.178
546.44684	21618.393
547.35645	21627.758
548.26605	21660.418
549.17566	21672.107
550.08527	21628.742
550.99487	21606.186
551.90448	21532.998
552.81409	21474.705
553.72369	21552.023
554.6333	21494.883
555.54291	21405.521
556.45251	21444.021
557.36212	21449.627
558.27173	21361.443
559.18134	21274.588
560.09094	21264.586
561.00055	21256.232
561.91016	21098.363
562.81976	20994.529
563.72937	21012.406
564.63898	20973.494
565.54858	20960.063
566.45819	20882.01
567.3678	20869.453
568.2774	20791.998
569.18701	20647.705
570.09662	20617.352
571.00623	20649.045
571.91583	20643.91
572.82544	20747.381
573.73505	20643.941
574.64471	20626.426
575.55432	20595.086
576.46393	20594.209
577.37354	20530.26
578.28314	20474.742
579.19275	20482.281
580.10236	20460.49
581.01196	20373.322
581.92157	20472.83
582.83118	20484.172
583.74078	20383.791
584.65039	20437.488
585.56	20482.512
586.4696	20499.24
587.37921	20546.004
588.28882	20459.594
589.19843	20318.043
590.10803	20384.357
591.01764	20427.195
591.92725	20453.828
592.83685	20548.369
593.74646	20589.451
594.65607	20562.768
595.56567	20568.553
596.47528	20529.416
597.38489	20629.459
598.29449	20571.773
599.2041	20570.453
600.11371	20681.439
601.02332	20714.885
601.93292	20693.006
602.84253	20718.412
603.75214	20764.105
604.66174	20746.428
605.57135	20765.322
606.48096	20774.613
607.39056	20636.746
608.30017	20732.35
609.20978	20848.111
610.11938	20892.229
611.02899	20916.039
611.9386	20958.057
612.84821	21183.076
613.75781	21188.088
614.66742	21293.711
615.57703	21529.639
616.48663	21636.563
617.39624	21715.984
618.30585	21808.693
619.21545	21855.18
620.12506	21855.09
621.03467	21881.096
621.94427	21935.945
622.85388	21788.25
623.76349	21767.547
624.6731	21679.691
625.5827	21653.328
626.49231	21596.463
627.40192	21496.439
628.31152	21497.854
629.22113	21289.547
630.13074	21192.49
631.04034	21210.064
631.94995	21284.588
632.85956	21238.576
633.76917	21133.596
634.67877	21057.178
635.58838	21101.844
636.49799	21229.559
637.40759	21139.605
638.3172	20973.803
639.22681	21105.715
640.13641	21062.67
641.04602	21164.514
641.95563	21185.453
642.86523	21172.166
643.7749	21159.572
644.68451	21120.717
645.59412	21136.164
646.50372	21023.746
647.41333	21074.957
648.32294	20960.584
649.23254	20987.451
650.14215	20886.348
651.05176	20803.412
651.96136	20785.516
652.87097	20752.688
653.78058	20721.412
654.69019	20759.512
655.59979	20804.869
656.5094	20652.697
657.41901	20671.086
658.32861	20653.674
659.23822	20634.465
660.14783	20650.098
661.05743	20703.082
661.96704	20706.564
662.87665	20599.109
663.78625	20789.568
664.69586	20642.623
665.60547	20721.559
666.51508	20689.234
667.42468	20583.273
668.33429	20604.834
669.2439	20648.121
670.1535	20603.404
671.06311	20597.959
671.97272	20678.521
672.88232	20409.619
673.79193	20516.699
674.70154	20427.363
675.61115	20492.227
676.52075	20482.111
677.43036	20487.809
678.33997	20517.414
679.24957	20517.832
680.15918	20555.877
681.06879	20678.145
681.97839	20563.865
682.888	20591.217
683.79761	20619.303
684.70721	20595.115
685.61682	20534.475
686.52643	20447.24
687.43604	20335.955
688.34564	20258.336
689.25525	20203.531
690.16486	20010.432
691.07446	20138.811
691.98407	20099.996
692.89368	20064.053
693.80328	19925.643
694.71289	19944.949
695.6225	19939.766
696.5321	19869.652
697.44171	19845.412
698.35132	19894.535
699.26093	19928.152
700.17053	19806.436
701.08014	19827.17
701.98975	19762.656
702.89935	19836.693
703.80896	19951.797
704.71857	20037.289
705.62817	20061.254
706.53778	20043.957
707.44739	20037.584
708.35699	20068.986
709.2666	20113.275
710.17621	20200.699
711.08582	20275.283
711.99542	20192.859
712.90503	20279.504
713.8147	20344.654
714.7243	20389.24
715.63391	20490.008
716.54352	20627.605
717.45313	20756.691
718.36273	20944.334
719.27234	21186.996
720.18195	21305.973
721.09155	21534.904
722.00116	21849.24
722.91077	22240.422
723.82037	22597.121
724.72998	23034.15
725.63959	23623.428
726.54919	24230.904
727.4588	24791.748
728.36841	25575.102
729.27802	26473.412
730.18762	27505.432
731.09723	28574.992
732.00684	29619.514
732.91644	30518.008
733.82605	31402.896
734.73566	31994.324
735.64526	32117.838
736.55487	31926.918
737.46448	31447.227
738.37408	30455.432
739.28369	29258.818
740.1933	28005.949
741.10291	26784.834
742.01251	25490.969
742.92212	24594.168
743.83173	23862.854
744.74133	23293.053
745.65094	22851.488
746.56055	22410.471
747.47015	22016.555
748.37976	21702.529
749.28937	21551.744
750.19897	21399.482
751.10858	21246.047
752.01819	21192.494
752.9278	20963.459
753.8374	20911.207
754.74701	20860.639
755.65662	20750.779
756.56622	20662.84
757.47583	20544.766
758.38544	20485.861
759.29504	20463.844
760.20465	20351.199
761.11426	20335.451
762.02386	20173.979
762.93347	20174.252
763.84308	20198.207
764.75269	20194.303
765.66229	20191.381
766.5719	20131.375
767.48151	20033.318
768.39111	20040.201
769.30072	19986.549
770.21033	19934.248
771.11993	19919.875
772.02954	19858.176
772.93915	19914.295
773.84875	19912.619
774.75836	19917.078
775.66797	19935.246
776.57758	19911.732
777.48718	19862.582
778.39679	19869.6
779.3064	19945.928
780.216	20015.598
781.12561	20009.031
782.03522	20067.072
782.94489	20143.035
783.85449	20041.803
784.7641	20016.111
785.67371	19895.229
786.58331	19892.236
787.49292	19895.396
788.40253	19813.217
789.31213	19766.334
790.22174	19662.262
791.13135	19536.111
792.04095	19507.627
792.95056	19565.824
793.86017	19436.281
794.76978	19385.943
795.67938	19526.676
796.58899	19645.611
797.4986	19646.818
798.4082	19657.092
799.31781	19667.264
800.22742	19654.998
801.13702	19721.48
802.04663	19741.777
802.95624	19776.529
803.86584	19764.398
804.77545	19782.457
805.68506	19813.912
806.59467	19919.459
807.50427	19862.084
808.41388	19829.98
809.32349	19853.564
810.23309	19943.93
811.1427	19962.396
812.05231	19874.438
812.96191	19914.695
813.87152	19847.869
814.78113	19843.422
815.69073	19826.449
816.60034	19956.645
817.50995	19940.334
818.41956	19947.344
819.32916	19883.582
820.23877	19936.371
821.14838	19962.377
822.05798	19986.85
822.96759	20023.801
823.8772	19931.365
824.7868	19841.219
825.69641	19958.949
826.60602	19835.762
827.51563	19938.865
828.42523	19844.762
829.33484	19960.029
830.24445	19981.035
831.15405	20079.715
832.06366	20139.25
832.97327	20097.102
833.88287	20105.742
834.79248	20175.65
835.70209	20155.65
836.61169	20121.227
837.5213	20219.613
838.43091	20052.609
839.34052	20119.721
840.25012	20159.563
841.15973	20288.879
842.06934	20331.377
842.97894	20198.223
843.88855	20234.729
844.79816	20256.545
845.70776	20250.303
846.61737	20255.66
847.52698	20290.563
848.43658	20279.135
849.34619	20151.969
850.2558	20149.051
851.16541	20188.059
852.07501	20208.619
852.98468	20207.945
853.89429	20064.793
854.80389	20031.793
855.7135	19947.912
856.62311	19912.861
857.53271	19922.555
858.44232	19857.293
859.35193	19822.422
860.26154	19847.059
861.17114	19823.057
862.08075	19753.664
862.99036	19689.283
863.89996	19712.771
864.80957	19747.623
865.71918	19780.143
866.62878	19778.322
867.53839	19798.1
868.448	19768.566
869.3576	19853.678
870.26721	19858.203
871.17682	19851.152
872.08643	19870.67
872.99603	19879.105
873.90564	19890.699
874.81525	19865.914
875.72485	19735.537
876.63446	19657.287
877.54407	19711.102
878.45367	19807.803
879.36328	19703.252
880.27289	19678.27
881.1825	19686.264
882.0921	19627.072
883.00171	19613.598
883.91132	19620.834
884.82092	19679.523
885.73053	19656.646
886.64014	19654.795
887.54974	19682.83
888.45935	19662.471
889.36896	19642.34
890.27856	19582.891
891.18817	19624.461
892.09778	19620.297
893.00739	19530.549
893.91699	19654.492
894.8266	19652.811
895.73621	19586.479
896.64581	19597.986
897.55542	19624.113
898.46503	19709.041
899.37463	19772.109
900.28424	19826.156
901.19385	19869.104
902.10345	19970.623
903.01306	20089.58
903.92267	20059.248
904.83228	20034.014
905.74188	20130.615
906.65149	20157.676
907.5611	20249.137
908.4707	20265.688
909.38031	20180.156
910.28992	20222.225
911.19952	20059.285
912.10913	20031.52
913.01874	19983.098
913.92834	19975.201
914.83795	19948.9
915.74756	19936.252
916.65717	19898.656
917.56677	19859.711
918.47638	19896.438
919.38599	19888.965
920.29559	19851.338
921.2052	19947.473
922.11487	19939.602
923.02448	19979.994
923.93408	19944.736
924.84369	19939.92
925.7533	19953.129
926.6629	20069.705
927.57251	20015.746
928.48212	20060.406
929.39172	20066.732
930.30133	20054.949
931.21094	20040.695
932.12054	20098.355
933.03015	20119.818
933.93976	20055.404
934.84937	20092.031
935.75897	20178.881
936.66858	20192.758
937.57819	20125.975
938.48779	20151.875
939.3974	20291.852
940.30701	20371.189
941.21661	20211.313
942.12622	20305.574
943.03583	20395.695
943.94543	20428.637
944.85504	20458.988
945.76465	20502.77
946.67426	20487.014
947.58386	20596.676
948.49347	20650.881
949.40308	20598.482
950.31268	20639.973
951.22229	20736.74
952.1319	20800.807
953.0415	20885.277
953.95111	20940.574
954.86072	21025.455
955.77032	21295.555
956.67993	21433.178
957.58954	21543.596
958.49915	21636.574
959.40875	21958.643
960.31836	22141.568
961.22797	22279.082
962.13757	22446.021
963.04718	22576.439
963.95679	22730.012
964.86639	22782.096
965.776	22777.666
966.68561	22769.17
967.59521	22752.863
968.50482	22658.676
969.41443	22388.369
970.32404	22088.176
971.23364	21909.496
972.14325	21645.73
973.05286	21426.209
973.96246	21399.73
974.87207	21296.064
975.78168	20906.346
976.69128	20757.771
977.60089	20609.658
978.5105	20556.539
979.4201	20479.035
980.32971	20378.438
981.23932	20271.352
982.14893	20423.852
983.05853	20350.201
983.96814	20392.961
984.87775	20438.537
985.78735	20416.137
986.69696	20477.646
987.60657	20532.004
988.51617	20557.004
989.42578	20600.223
990.33539	20618.49
991.245	20690.295
992.15466	20711.951
993.06427	20708.926
993.97388	20754.99
994.88348	20831.916
995.79309	20827.541
996.7027	20866.385
997.6123	21015.113
998.52191	21079.74
999.43152	21088.221
1000.3411	21179.287
1001.2507	21205.105
1002.1603	21195.033
1003.0699	20931.783
1003.9796	20751.422
1004.8892	20614.984
1005.7988	20510.221
1006.7084	20355.713
1007.618	20261.383
1008.5276	20231.406
1009.4372	20130.744
1010.3468	20131.609
1011.2564	20158.127
1012.166	20184.516
1013.0756	20082.625
1013.9852	20141.102
1014.8948	20014.314
1015.8044	19998.469
1016.7141	19907.459
1017.6237	19985.348
1018.5333	19935.281
1019.4429	19907.379
1020.3525	19912.324
1021.2621	19772.855
1022.1717	19834.146
1023.0813	19707.08
1023.9909	19741.662
1024.9005	19661.18
1025.8101	19519.691
1026.7197	19591.727
1027.6294	19620.908
1028.5389	19524.588
1029.4486	19439.795
1030.3582	19304.777
1031.2678	19190.889
1032.1774	19176.346
1033.087	19099.82
1033.9966	18999.162
1034.9063	18935.271
1035.8158	18826.619
1036.7255	18755.824
1037.635	18661.18
1038.5447	18598.115
1039.4542	18533.115
1040.3639	18365.486
1041.2734	18450.633
1042.1831	18354.145
1043.0927	18298.822
1044.0023	18288.662
1044.9119	18207.676
1045.8215	18288.344
1046.7311	18309.033
1047.6407	18336.328
1048.5503	18272.488
1049.46	18251.67
1050.3695	18213.727
1051.2792	18235.172
1052.1887	18202.477
1053.0984	18144.176
1054.0079	18252.238
1054.9176	18293.342
1055.8271	18211.73
1056.7368	18205.922
1057.6464	18283.605
1058.556	18314.813
1059.4656	18261.643
1060.3752	18296.307
1061.2848	18421.041
1062.1945	18398.982
1063.104	18343.992
1064.0137	18407.846
1064.9232	18430.541
1065.8329	18468.262
1066.7424	18385.971
1067.6521	18427.986
1068.5616	18401.563
1069.4713	18466.613
1070.3809	18626.701
1071.2905	18491.344
1072.2001	18476.686
1073.1097	18504.539
1074.0193	18523.338
1074.929	18507.924
1075.8385	18490.475
1076.7482	18526.068
1077.6577	18557.785
1078.5674	18448.609
1079.4769	18467.09
1080.3866	18341.078
1081.2961	18329.77
1082.2058	18282.213
1083.1154	18279.543
1084.025	18182.75
1084.9346	18100.395
1085.8442	18019.969
1086.7538	17990.49
1087.6635	17995.232
1088.573	18014.754
1089.4827	18039.391
1090.3922	18006.477
1091.3019	18020.42
1092.2114	18043.467
1093.1211	18016.092
1094.0306	18014.371
1094.9403	18042.379
1095.85	18036.939
1096.7595	17983.23
1097.6692	18055.447
1098.5787	18027.574
1099.4884	18044.211
1100.3979	18028.934
1101.3076	17960.926
1102.2172	17823.1
1103.1268	17885.926
1104.0364	18042.131
1104.946	17904.25
1105.8556	18037.783
1106.7653	18125.744
1107.6748	18274.398
1108.5845	18183.541
1109.494	18186.002
1110.4037	18184.479
1111.3132	18167.459
1112.2229	18260.775
1113.1324	18248.641
1114.0421	18270.225
1114.9517	18221.113
1115.8613	18260.232
1116.7709	18292.762
1117.6805	18256.52
1118.5901	18191.316
1119.4998	18229.689
1120.4093	18310.977
1121.319	18297.416
1122.2285	18286.426
1123.1382	18243.117
1124.0477	18247.305
1124.9574	18296.326
1125.8669	18397.803
1126.7766	18407.4
1127.6862	18400.285
1128.5958	18452.637
1129.5054	18582.023
1130.415	18659.5
1131.3246	18651.107
1132.2343	18671.41
1133.1438	18676.721
1134.0535	18737.504
1134.963	18850.162
1135.8727	18897.744
1136.7822	18903.41
1137.6919	18884.559
1138.6014	18837.127
1139.5111	18826.676
1140.4207	18905.732
1141.3303	18867.008
1142.2399	18910.813
1143.1495	18932.291
1144.0591	18935.551
1144.9688	19051.143
1145.8783	19054.281
1146.788	19044.795
1147.6975	18986.135
1148.6072	18909.451
1149.5167	18929.844
1150.4264	18831.922
1151.3359	18878.961
1152.2456	18845.656
1153.1552	18845.365
1154.0648	18796.668
1154.9744	18692.523
1155.884	18762.66
1156.7936	18689.848
1157.7032	18674.828
1158.6128	18740.982
1159.5225	18656.764
1160.432	18791.033
1161.3417	18755.439
1162.2512	18948.109
1163.1609	18926.871
1164.0704	18999.648
1164.9801	19024.508
1165.8898	19071.629
1166.7993	18968.582
1167.709	19008.316
1168.6185	19027.533
1169.5282	18962.074
1170.4377	19028.885
1171.3474	19192.262
1172.257	19121.238
1173.1666	19193.219
1174.0762	19275.084
1174.9858	19193.756
1175.8954	19418.926
1176.8051	19402.379
1177.7146	19424.314
1178.6243	19649.07
1179.5338	19609.578
1180.4435	19812.025
1181.353	19801.543
1182.2627	19773.148
1183.1722	19758.826
1184.0819	19790.355
1184.9915	19727.287
1185.9011	19561.971
1186.8107	19540.563
1187.7203	19609.959
1188.6299	19536.689
1189.5396	19500.504
1190.4491	19466.572
1191.3588	19512.102
1192.2683	19488.104
1193.178	19416.961
1194.0875	19402.309
1194.9972	19336.047
1195.9067	19259.256
1196.8164	19260.721
1197.726	19301.973
1198.6356	19401.238
1199.5452	19443.146
1200.4548	19383.496
1201.3644	19402.848
1202.274	19310.504
1203.1836	19306.654
1204.0933	19287.133
1205.0028	19241.561
1205.9125	19078.627
1206.822	18979.68
1207.7317	19011.602
1208.6412	19015.615
1209.5509	18888.172
1210.4604	18838.029
1211.3701	18768.795
1212.2797	18742.545
1213.1893	18786.773
1214.0989	18773.094
1215.0085	18750.494
1215.9181	18789.936
1216.8278	18808.924
1217.7373	18817.344
1218.647	18813.174
1219.5565	18923.566
1220.4662	18999.025
1221.3757	19004.533
1222.2854	19021.053
1223.1949	18967.842
1224.1046	19071.166
1225.0142	19198.203
1225.9238	19177.18
1226.8334	19216.273
1227.743	19290.156
1228.6526	19205.061
1229.5623	19329.662
1230.4718	19354.438
1231.3815	19308.125
1232.291	19307.441
1233.2007	19271.393
1234.1102	19260.516
1235.0199	19137.621
1235.9296	19192.797
1236.8391	19294.82
1237.7488	19211.996
1238.6583	19156.764
1239.568	19089.189
1240.4775	19144.025
1241.3872	19094.479
1242.2968	19165.047
1243.2064	19121.914
1244.116	19083.873
1245.0256	19038.227
1245.9352	19113.99
1246.8448	18991.135
1247.7544	19019.326
1248.6641	18924.063
1249.5736	18877.986
1250.4833	18888.012
1251.3928	18804.908
1252.3025	18693.072
1253.212	18551.357
1254.1217	18444.195
1255.0313	18421.299
1255.9409	18440.535
1256.8505	18553.771
1257.7601	18577.453
1258.6697	18588.363
1259.5793	18653.568
1260.4889	18545.205
1261.3986	18661.496
1262.3081	18711.898
1263.2178	18637.729
1264.1273	18586.588
1265.037	18745.615
1265.9465	18615.879
1266.8562	18697.41
1267.7657	18777.469
1268.6754	18829.998
1269.585	18977.676
1270.4946	18927.482
1271.4042	18930.398
1272.3138	19089.984
1273.2234	19211.988
1274.1331	19181.688
1275.0426	19061.803
1275.9523	19120.59
1276.8618	19117.104
1277.7715	19044.924
1278.681	19038.764
1279.5907	19033.986
1280.5002	18940.629
1281.4099	18968.273
1282.3195	18939.152
1283.2291	18951.91
1284.1387	19052.514
1285.0483	19160.699
1285.9579	19148.799
1286.8676	19103.814
1287.7771	19107.563
1288.6868	19235.406
1289.5963	19380.398
1290.506	19351.273
1291.4155	19482.107
1292.3252	19530.297
1293.2347	19573.16
1294.1444	19584.186
1295.054	19660.613
1295.9636	19699.227
1296.8732	19670.609
1297.7828	19715.84
1298.6924	19740.285
1299.6021	19796.104
1300.5116	19849.875
1301.4213	19978.508
1302.3308	20033.369
1303.2405	20111.883
1304.15	20221.043
1305.0597	20285.473
1305.9694	20327.793
1306.8789	20477.035
1307.7886	20589.35
1308.6981	20676.877
1309.6078	20661.432
1310.5173	20810.982
1311.427	20706.787
1312.3365	20712.461
1313.2462	20685.459
1314.1558	20664.309
1315.0654	20753.963
1315.975	20670.016
1316.8846	20645.764
1317.7942	20713.016
1318.7039	20769.055
1319.6134	20711.447
1320.5231	20689.424
1321.4326	20707.979
1322.3423	20594.938
1323.2518	20559.807
1324.1615	20530.301
1325.071	20578.756
1325.9807	20450.91
1326.8903	20373.33
1327.7999	20398.748
1328.7095	20395.838
1329.6191	20331.727
1330.5287	20269.541
1331.4384	20328.219
1332.3479	20302.771
1333.2576	20366.904
1334.1671	20409.775
1335.0768	20402.926
1335.9863	20343.463
1336.896	20361.711
1337.8055	20321.678
1338.7152	20211.646
1339.6248	20173.182
1340.5344	20090.732
1341.444	19990.375
1342.3536	19918.313
1343.2632	19875.322
1344.1729	19819.988
1345.0824	19702.209
1345.9921	19626.148
1346.9016	19537.445
1347.8113	19467.248
1348.7208	19338.414
1349.6305	19303.508
1350.54	19291.889
1351.4497	19196.961
1352.3593	19119.906
1353.2689	19049.693
1354.1785	19005.701
1355.0881	18954.182
1355.9977	18822.422
1356.9073	18646.152
1357.8169	18660.578
1358.7266	18541.184
1359.6361	18364.283
1360.5458	18393.6
1361.4553	18363.25
1362.365	18262.406
1363.2745	18079.832
1364.1842	18148.211
1365.0938	17966.732
1366.0034	17837.568
1366.913	17812.41
1367.8226	17802.691
1368.7322	17801.592
1369.6418	17823.209
1370.5514	17750.4
1371.4611	17761.324
1372.3706	17839.768
1373.2803	17928.979
1374.1899	17968.816
1375.0995	17857.064
1376.0092	17849.234
1376.9187	17736.166
1377.8284	17545.361
1378.7379	17449.754
1379.6476	17473.316
1380.5571	17552.463
1381.4668	17522.412
1382.3763	17518.107
1383.286	17477
1384.1956	17536.457
1385.1052	17522.385
1386.0148	17521.785
1386.9244	17617.789
1387.834	17550.719
1388.7437	17513.191
1389.6532	17628.143
1390.5629	17705.887
1391.4724	17746.016
1392.3821	17772.869
1393.2916	17728.641
1394.2013	17775.926
1395.1108	17830.516
1396.0205	17680.605
1396.9301	17705.387
1397.8397	17810.885
1398.7493	17882.756
1399.6589	17869.438
1400.5685	17868.814
1401.4781	17840.264
1402.3877	17849.105
1403.2974	17757.369
1404.2069	17687.549
1405.1166	17672.482
1406.0261	17549.373
1406.9358	17549.424
1407.8453	17546.729
1408.755	17633.902
1409.6646	17557.691
1410.5742	17481.947
1411.4838	17372.129
1412.3934	17293.193
1413.303	17250.033
1414.2126	17204.598
1415.1222	17121.486
1416.0319	17002.275
1416.9414	16985.221
1417.8511	16957.596
1418.7606	16899.291
1419.6703	16863.199
1420.5798	16837.18
1421.4895	16852.156
1422.399	16913.293
1423.3087	16992.375
1424.2183	17036.143
1425.1279	16954.537
1426.0375	16975.949
1426.9471	16931.535
1427.8567	16897.148
1428.7664	16934.143
1429.6759	17065.336
1430.5856	17028.807
1431.4951	16949.715
1432.4048	17169.539
1433.3143	17212.559
1434.224	17221.297
1435.1335	17204.875
1436.0432	17327.494
1436.9528	17440.111
1437.8624	17406.23
1438.772	17476.998
1439.6816	17574.588
1440.5912	17633.678
1441.5009	17608.957
1442.4104	17653.258
1443.3201	17677.936
1444.2297	17730.221
1445.1393	17877.434
1446.049	17911.902
1446.9585	18016.559
1447.8682	18083.852
1448.7777	18107.637
1449.6874	18192.557
1450.5969	18277.025
1451.5066	18319.813
1452.4161	18428.838
1453.3258	18415.961
1454.2354	18562.307
1455.145	18536.236
1456.0546	18566.428
1456.9642	18629.59
1457.8738	18499.545
1458.7834	18637.875
1459.693	18550.49
1460.6027	18619.344
1461.5122	18513.389
1462.4219	18481.428
1463.3314	18497.443
1464.2411	18494.229
1465.1506	18433.137
1466.0603	18395.98
1466.9698	18379.057
1467.8795	18288.098
1468.7891	18178.639
1469.6987	18106.928
1470.6083	17911.836
1471.5179	17794.859
1472.4275	17718.875
1473.3372	17733.42
1474.2467	17589.736
1475.1564	17491.725
1476.0659	17444.521
1476.9756	17556.773
1477.8851	17594.619
1478.7948	17514.361
1479.7043	17755.012
1480.614	17864.268
1481.5236	17856.699
1482.4332	17905.369
1483.3428	17899.463
1484.2524	18005.693
1485.162	18119.668
1486.0717	18199.424
1486.9812	18332.416
1487.8909	18373.152
1488.8004	18366.143
1489.7101	18378.178
1490.6196	18469.305
1491.5293	18452.811
1492.4388	18584.439
1493.3485	18572.1
1494.2581	18516.646
1495.1677	18617.418
1496.0773	18635.91
1496.9869	18639.51
1497.8965	18650.705
1498.8062	18814.313
1499.7157	18713.941
1500.6254	18770.15
1501.5349	18872.881
1502.4446	18863.426
1503.3541	18914.295
1504.2638	18869.145
1505.1733	18835.016
1506.083	18932.355
1506.9926	18908.5
1507.9022	18822.537
1508.8118	18807.043
1509.7214	18966.17
1510.631	18998.492
1511.5406	18846.117
1512.4502	18854.131
1513.3599	18818.441
1514.2695	18778.117
1515.1791	18851.494
1516.0887	18976.15
1516.9983	19052.203
1517.908	19133.59
1518.8175	19254
1519.7272	19424.826
1520.6367	19414.234
1521.5464	19525.152
1522.4559	19683.301
1523.3656	19698.035
1524.2751	19725
1525.1848	19670.287
1526.0944	19506.479
1527.004	19504.939
1527.9136	19316.225
1528.8232	19349.066
1529.7328	19082.441
1530.6425	18874.121
1531.552	18747.832
1532.4617	18647.17
1533.3712	18488.844
1534.2809	18456.818
1535.1904	18384.33
1536.1001	18356.928
1537.0096	18153.842
1537.9193	18033.941
1538.8289	18009.439
1539.7385	17930.471
1540.6481	18010.869
1541.5577	17984.361
1542.4673	18099.873
1543.377	18163.342
1544.2865	18090.564
1545.1962	18079.416
1546.1057	18271.533
1547.0154	18162.012
1547.9249	18255.74
1548.8346	18108.016
1549.7441	18036.074
1550.6538	17944.463
1551.5634	17744.182
1552.473	17691.689
1553.3826	17707.543
1554.2922	17671.34
1555.2018	17576.545
1556.1115	17532.799
1557.021	17596.154
1557.9307	17660.232
1558.8402	17705.508
1559.7499	17807.223
1560.6594	17848.154
1561.5691	17958.627
1562.4786	18170.15
1563.3883	18300.287
1564.2979	18379.041
1565.2075	18427.697
1566.1171	18511.021
1567.0267	18460.193
1567.9363	18479.396
1568.8459	18636.791
1569.7555	18704.34
1570.6652	18601.373
1571.5747	18583.322
1572.4844	18392.564
1573.3939	18407.275
1574.3036	18365.826
1575.2131	18434.318
1576.1228	18283.82
1577.0323	18360.496
1577.942	18496.84
1578.8516	18586.584
1579.7612	18547.48
1580.6708	18372.076
1581.5804	18319.656
1582.49	18315.291
1583.3997	18264.289
1584.3093	18073.787
1585.2189	17925.338
1586.1285	17792.928
1587.0381	17693.912
1587.9478	17764.371
1588.8573	17573.639
1589.767	17516.34
1590.6765	17345.426
1591.5862	17205.893
1592.4957	17032.721
1593.4054	16928.723
1594.3149	16852.145
1595.2246	16669.697
1596.1342	16515.875
1597.0438	16428.377
1597.9534	16329.054
1598.863	16153.708
1599.7726	16170.197
1600.6823	16050.269
1601.5918	16040.881
1602.5015	15964.092
1603.411	15957.298
1604.3207	15828.966
1605.2302	15668.397
1606.1399	15590.577
1607.0494	15578.651
1607.9591	15567.438
1608.8687	15419.114
1609.7783	15287.264
1610.6879	15304.118
1611.5975	15137.409
1612.5071	15034.617
1613.4167	15017.735
1614.3263	14918.871
1615.236	14874.367
1616.1455	14741.853
1617.0552	14676.225
1617.9647	14567.739
1618.8744	14402.557
1619.7839	14140.679
1620.6936	13979.997
1621.6031	13855.785
1622.5128	13708.17
1623.4224	13623.328
1624.332	13500.033
1625.2416	13395.813
1626.1512	13411.252
1627.0608	13256.685
1627.9705	13327.535
1628.88	13300.615
1629.7897	13306.675
1630.6992	13270.944
1631.6089	13242.89
1632.5184	13219.84
1633.4281	13126.233
1634.3376	13095.571
1635.2473	12968.46
1636.1569	12818.166
1637.0665	12888.547
1637.9761	12735.206
1638.8857	12734.783
1639.7953	12744.799
1640.705	12708.273
1641.6145	12615.639
1642.5242	12565.383
1643.4337	12500.081
1644.3434	12359.207
1645.2529	12312.462
1646.1626	12268.268
1647.0721	12106.908
1647.9818	12037.201
1648.8914	12036.441
1649.801	11973.769
1650.7106	11900.6
1651.6202	11838.942
1652.5299	11809.199
1653.4395	11704.42
1654.3491	11542.845
1655.2587	11522.896
1656.1683	11406.667
1657.0779	11448.537
1657.9875	11389.022
1658.8971	11273.016
1659.8068	11184.786
1660.7163	11143.537
1661.626	11031.153
1662.5355	11052.346
1663.4452	10991.612
1664.3547	10977.792
1665.2644	10851.818
1666.174	10791.075
1667.0836	10649.018
1667.9932	10687.124
1668.9028	10694.689
1669.8124	10704.759
1670.722	10632.779
1671.6316	10582.85
1672.5413	10533.717
1673.4508	10573.205
1674.3605	10528.454
1675.27	10521.933
1676.1797	10554.207
1677.0892	10468.499
1677.9989	10323.905
1678.9084	10316.256
1679.8181	10227.493
1680.7277	10189.768
1681.6373	10176.868
1682.5469	10222.644
1683.4565	10169.882
1684.3661	10077.713
1685.2758	10073.503
1686.1853	10048.556
1687.095	9934.3965
1688.0045	9902.6738
1688.9142	9966.5547
1689.8237	9916.3193
1690.7334	9892.3955
1691.6429	9802.7461
1692.5526	9805.0498
1693.4622	9820.6221
1694.3718	9772.4814
1695.2814	9784.0693
1696.191	9757.6025
1697.1006	9754.2998
1698.0103	9739.7988
1698.9198	9687.8594
1699.8295	9685.7393
1700.739	9607.8066
1701.6487	9666.6025
1702.5582	9635.3916
1703.4679	9597.7266
1704.3774	9649.0352
1705.2871	9643.9434
1706.1967	9476.4863
1707.1063	9485.2129
1708.0159	9496.7314
1708.9255	9479.4434
1709.8351	9404.7627
1710.7448	9351.9229
1711.6543	9372.7627
1712.564	9366.2148
1713.4735	9328.9629
1714.3832	9300.084
1715.2927	9314.0752
1716.2024	9187.6094
1717.1119	9203.7646
1718.0216	9210.126
1718.9312	9242.2744
1719.8408	9205.7813
1720.7504	9190.9492
1721.66	9173.4609
1722.5697	9159.1543
1723.4792	9162.4316
1724.3889	9121.6992
1725.2985	9091.373
1726.2081	9081.6777
1727.1177	9092.0908
1728.0273	9083.5723
1728.9369	9017.8672
1729.8466	9007.9229
1730.7561	9062.2705
1731.6658	9018.0977
1732.5753	8982.3135
1733.485	9027.5752
1734.3945	8964.6963
1735.3042	8962.3486
1736.2137	8869.8174
1737.1234	8848.625
1738.033	8876.2979
1738.9426	8860.3027
1739.8522	8859.8691
1740.7618	8810.4023
1741.6714	8826.6045
1742.5811	8813.3916
1743.4906	8807.6025
1744.4003	8816.1523
1745.3098	8813.6025
1746.2195	8811.4023
1747.129	8730.9961
1748.0387	8684.1191
1748.9482	8578.9043
1749.8579	8539.7725
1750.7675	8548.7695
1751.6771	8611.8701
1752.5867	8575.2178
1753.4963	8505.6367
1754.4059	8415.9805
1755.3156	8420.5215
1756.2251	8449.5625
1757.1348	8467.2314
1758.0443	8355.7988
1758.954	8417.0146
1759.8635	8489.0684
1760.7732	8420.29
1761.6827	8377.7939
1762.5924	8260.7783
1763.502	8330.5273
1764.4116	8309.7461
1765.3212	8251.834
1766.2308	8258.0859
1767.1404	8246.4756
1768.05	8237.3545
1768.9596	8263.3711
1769.8693	8233.2422
1770.7788	8226.5313
1771.6885	8185.8794
1772.598	8159.4409
1773.5077	8194.0479
1774.4172	8177.147
1775.3269	8161.4438
1776.2365	8193.4199
1777.1461	8145.9058
1778.0557	8204.6934
1778.9653	8196.3789
1779.8749	8223.6592
1780.7845	8225.9619
1781.6941	8217.6592
1782.6038	8146.52
1783.5133	8141.7446
1784.423	8144.0254
1785.3325	8097.1445
1786.2422	8113.5151
1787.1517	8076.5942
1788.0614	8083.6455
1788.9709	8043.415
1789.8806	8075.4521
1790.7902	8133.376
1791.6998	8006.0005
1792.6095	7975.6079
1793.519	7949.7832
1794.4287	7954.5088
1795.3383	7934.2866
1796.2479	7966.1401
1797.1575	7923.9492
1798.0671	7870.1328
1798.9767	7890.9634
1799.8864	7842.8916
1800.7959	7810.0137
1801.7056	7797.0586
1802.6151	7730.9995
1803.5248	7684.8667
1804.4343	7654.0435
1805.344	7750.0024
1806.2535	7668.3545
1807.1632	7737.8071
1808.0728	7681.9922
1808.9824	7703.8081
1809.892	7663.4697
1810.8016	7617.0791
1811.7112	7639.1675
1812.6208	7648.3457
1813.5304	7594.6196
1814.4401	7594.9692
1815.3496	7613.7202
1816.2593	7615.8022
1817.1688	7590.5068
1818.0785	7618.7046
1818.988	7590.1172
1819.8977	7678.4316
1820.8073	7600.0488
1821.7169	7610.4346
1822.6265	7629.8042
1823.5361	7675.7847
1824.4457	7639.3525
1825.3553	7626.0596
1826.2649	7590.0117
1827.1746	7589.0513
1828.0841	7519.2275
1828.9938	7409.8809
1829.9033	7394.3218
1830.813	7350.2241
1831.7225	7341.9185
1832.6322	7423.5581
1833.5417	7412.7373
1834.4514	7429.3877
1835.361	7448.7783
1836.2706	7431.4287
1837.1802	7414.0146
1838.0898	7375.8779
1838.9994	7466.0166
1839.9091	7525.0728
1840.8186	7439.5029
1841.7283	7418.2759
1842.6378	7417.9038
1843.5475	7309.7568
1844.457	7262.5962
1845.3667	7369.8115
1846.2762	7334.1533
1847.1859	7267.8101
1848.0955	7189.333
1849.0051	7170.0962
1849.9147	7222.1948
1850.8243	7184.2852
1851.7339	7180.0029
1852.6436	7193.2822
1853.5531	7187.4717
1854.4628	7175.2314
1855.3723	7101.8418
1856.282	7118.1626
1857.1915	7089.5723
1858.1012	7121.105
1859.0107	7130.3555
1859.9204	7102.5532
1860.83	7106.5649
1861.7396	7053.4556
1862.6493	7116.4917
1863.5588	7093.4775
1864.4685	7084.5244
1865.3781	7073.7202
1866.2877	7038.874
1867.1973	7066.4624
1868.1069	7110.6641
1869.0165	7084.981
1869.9261	7082.0586
1870.8357	7027.5269
1871.7454	6954.7168
1872.6549	6965.6689
1873.5646	6988.6919
1874.4741	7034.0708
1875.3838	7050.3638
1876.2933	7074.0317
1877.203	7036.1538
1878.1125	7013.3057
1879.0222	6972.71
1879.9318	7010.2222
1880.8414	6954.5483
1881.751	6961.0664
1882.6606	6920.4092
1883.5702	6944.9473
1884.4799	6952.605
1885.3894	7002.3101
1886.2991	6999.5757
1887.2086	7007.9473
1888.1183	6942.3848
1889.0278	7040.7275
1889.9375	6978.2739
1890.847	6933.748
1891.7567	6939.8613
1892.6663	6980.9009
1893.5759	6909.1885
1894.4855	6937.6255
1895.3951	6904.9604
1896.3047	6863.9268
1897.2144	6877.9111
1898.1239	6834.124
1899.0336	6867.7119
1899.9431	6872.3691
1900.8528	6894.7163
1901.7623	6880.7925
1902.672	6875.1812
1903.5815	6849.8047
1904.4912	6820.5781
1905.4008	6787.8462
1906.3104	6669.2817
1907.22	6729.6348
1908.1296	6857.876
1909.0392	6839.8506
1909.9489	6816.8887
1910.8584	6805.585
1911.7681	6749.6479
1912.6776	6750.2422
1913.5873	6652.0273
1914.4968	6608.0601
1915.4065	6625.4409
1916.316	6545.9663
1917.2257	6585.3823
1918.1353	6555.9624
1919.0449	6533.4375
1919.9545	6572.3984
1920.8641	6548.8179
1921.7737	6517.1055
1922.6833	6573.6782
1923.5929	6537.7876
1924.5026	6608.5215
1925.4121	6637.5356
1926.3218	6612.1655
1927.2313	6632.1831
1928.141	6628.5117
1929.0505	6634.0869
1929.9602	6650.0322
1930.8699	6589.3647
1931.7794	6582.3354
1932.6891	6558.4521
1933.5986	6506.3398
1934.5083	6517.5645
1935.4178	6472.0947
1936.3275	6470.5322
1937.2371	6464.5137
1938.1467	6462.4668
1939.0563	6480.8867
1939.9659	6456.7832
1940.8755	6405.1958
1941.7852	6270.6392
1942.6947	6242.1758
1943.6044	6314.4023
1944.5139	6326.231
1945.4236	6334.4487
1946.3331	6359.3281
1947.2428	6366.1548
1948.1523	6359.1313
1949.062	6407.2363
1949.9716	6378.6494
1950.8812	6415.2095
1951.7908	6418.0283
1952.7004	6407.8354
1953.61	6322.626
1954.5197	6391.0786
1955.4292	6302.0234
1956.3389	6289.7773
1957.2484	6301.4355
1958.1581	6209.8999
1959.0676	6144.6958
1959.9773	6144.873
1960.8868	6136.3823
1961.7965	6181.9287
1962.7061	6214.8364
1963.6157	6264.5342
1964.5253	6256.2744
1965.4349	6317.1235
1966.3445	6276.3062
1967.2542	6316.0264
1968.1637	6243.084
1969.0734	6135.8135
1969.9829	6160.3184
1970.8926	6073.5903
1971.8021	5979.5562
1972.7118	6026.6484
1973.6213	6096.2222
1974.531	6090.0986
1975.4406	6091.4214
1976.3502	6131.4092
1977.2598	6175.2266
1978.1694	6195.6719
1979.079	6132.2402
1979.9886	6137.478
1980.8982	6085.7266
1981.8079	6011.2251
1982.7174	5998.9502
1983.6271	5989.0508
1984.5366	5931.7773
1985.4463	5870.9595
1986.3558	5880.77
1987.2655	5923.4736
1988.175	5921.3896
1989.0847	5916.6636
1989.9943	5912.8633
1990.9039	5895.6523
1991.8135	5835.269
1992.7231	5927.5034
1993.6327	6056.3789
1994.5424	6015.1455
1995.4519	5965.936
1996.3616	5965.0313
1997.2711	5960.4961
1998.1808	5949.6943
1999.0903	5898.8677
2000	5816.2256
