400	13006.026
400.90961	12929.899
401.81921	12833.529
402.72882	12792.919
403.63843	12758.6
404.54803	12718.753
405.45764	12663.585
406.36725	12579.68
407.27686	12487.569
408.18646	12446.625
409.09607	12460.164
410.00568	12383.535
410.91528	12328.586
411.82489	12333.719
412.7345	12276.994
413.6441	12196.421
414.55371	12231.435
415.46332	12170.329
416.37292	12109.992
417.28253	12084.918
418.19217	12069.39
419.10178	12018.189
420.01138	11945.337
420.92099	11947.914
421.8306	11909.414
422.7402	11930.591
423.64981	11894.532
424.55942	11838.03
425.46902	11931.837
426.37863	11890.811
427.28824	11829.544
428.19785	11829.642
429.10745	11807.591
430.01706	11828.241
430.92667	11823.901
431.83627	11684.983
432.74588	11726.419
433.65549	11690.317
434.56509	11642.757
435.4747	11641.145
436.38431	11650.613
437.29391	11624.281
438.20352	11573.811
439.11313	11609.32
440.02274	11592.753
440.93234	11569.622
441.84195	11544.146
442.75156	11535.725
443.66116	11522.54
444.57077	11499.512
445.48038	11534.926
446.38998	11458.896
447.29959	11402.664
448.2092	11345.933
449.1188	11304.38
450.02841	11310.037
450.93802	11349.343
451.84763	11340.891
452.75726	11255.386
453.66687	11296.33
454.57648	11324.822
455.48608	11310.13
456.39569	11279.731
457.3053	11284.831
458.2149	11335.019
459.12451	11303.591
460.03412	11282.288
460.94373	11310.537
461.85333	11343.537
462.76294	11373.27
463.67255	11395.058
464.58215	11420.742
465.49176	11494.646
466.40137	11498.973
467.31097	11533.694
468.22058	11511.818
469.13019	11547.972
470.03979	11560.55
470.9494	11509.721
471.85901	11527.663
472.76862	11464.142
473.67822	11526.847
474.58783	11493.982
475.49744	11584.858
476.40704	11628.986
477.31665	11633.06
478.22626	11729.608
479.13586	11686.643
480.04547	11604.547
480.95508	11609.719
481.86469	11527.867
482.77429	11523.559
483.6839	11555.269
484.59351	11500.438
485.50311	11377.253
486.41272	11397.51
487.32236	11355.854
488.23196	11279.258
489.14157	11290.487
490.05118	11321.182
490.96078	11309.592
491.87039	11266.151
492.78	11226.664
493.68961	11162.031
494.59921	11113.018
495.50882	11099.518
496.41843	11058.551
497.32803	10981.438
498.23764	10929.307
499.14725	10952.752
500.05685	10947.688
500.96646	10965.896
501.87607	11015.657
502.78568	11043.232
503.69528	11013.166
504.60489	11031.852
505.5145	11091.753
506.4241	10998.795
507.33371	10957.064
508.24332	10932.457
509.15292	10867.044
510.06253	10864.482
510.97214	10859.482
511.88174	10837.848
512.79138	10807.871
513.70099	10736.98
514.6106	10854.227
515.5202	10745.629
516.42981	10874.754
517.33942	10902.247
518.24902	10946.636
519.15863	11010.503
520.06824	10965.744
520.97784	10897.406
521.88745	10906.641
522.79706	10864.377
523.70667	10839.766
524.61627	10825.434
525.52588	10808.482
526.43549	10773.008
527.34509	10738.175
528.2547	10781.604
529.16431	10839.561
530.07391	10828.988
530.98352	10774.686
531.89313	10810.536
532.80273	10871.37
533.71234	10913.929
534.62195	10971.664
535.53156	11055.718
536.44116	11271.683
537.35077	11301.503
538.26038	11350.315
539.16998	11421.36
540.07959	11436.565
540.9892	11400.37
541.8988	11359.688
542.80841	11282.295
543.71802	11249.691
544.62762	11213.89
545.53723	11236.775
546.44684	11248.974
547.35645	11216.195
548.26605	11208.802
549.17566	11238.843
550.08527	11167.598
550.99487	11165.014
551.90448	11215.053
552.81409	11242.328
553.72369	11237.132
554.6333	11198.537
555.54291	11182.624
556.45251	11183.074
557.36212	11119.104
558.27173	11118.484
559.18134	11131.743
560.09094	11140.595
561.00055	11177.039
561.91016	11143.325
562.81976	11164.074
563.72937	11279.463
564.63898	11387.563
565.54858	11575.851
566.45819	11615.64
567.3678	11816.706
568.2774	11955.069
569.18701	11914.988
570.09662	11797.563
571.00623	11667.464
571.91583	11496.967
572.82544	11264.143
573.73505	10962.849
574.64471	10934.71
575.55432	10827.023
576.46393	10805.816
577.37354	10806.939
578.28314	10832.344
579.19275	10875.803
580.10236	10876.768
581.01196	10871.004
581.92157	10808.087
582.83118	10790.398
583.74078	10723.187
584.65039	10662.229
585.56	10651.126
586.4696	10642.941
587.37921	10572.084
588.28882	10482.575
589.19843	10544.924
590.10803	10712.334
591.01764	10615.143
591.92725	10531.771
592.83685	10594.22
593.74646	10646.673
594.65607	10595.837
595.56567	10551.612
596.47528	10589.37
597.38489	10471.167
598.29449	10510.28
599.2041	10540.861
600.11371	10521.956
601.02332	10520.696
601.93292	10577.095
602.84253	10632.599
603.75214	10623.996
604.66174	10655.373
605.57135	10633.342
606.48096	10609.202
607.39056	10610.098
608.30017	10626.159
609.20978	10622.596
610.11938	10675.196
611.02899	10773.39
611.9386	10777.846
612.84821	10781.197
613.75781	10788.234
614.66742	10880.595
615.57703	10878.976
616.48663	10944.175
617.39624	11060.619
618.30585	11144.258
619.21545	11180.987
620.12506	11232.804
621.03467	11299.371
621.94427	11362.104
622.85388	11342.593
623.76349	11369.191
624.6731	11464.742
625.5827	11517.101
626.49231	11500.705
627.40192	11468.047
628.31152	11448.448
629.22113	11411.831
630.13074	11256.909
631.04034	11308.368
631.94995	11261.575
632.85956	11184.783
633.76917	11073.694
634.67877	11000.423
635.58838	11012.662
636.49799	11020.364
637.40759	10898.677
638.3172	10902.034
639.22681	10918.289
640.13641	10836.197
641.04602	10805.547
641.95563	10807.363
642.86523	10813.665
643.7749	10776.639
644.68451	10718.135
645.59412	10752.578
646.50372	10729.501
647.41333	10692.918
648.32294	10670.984
649.23254	10630.558
650.14215	10672.995
651.05176	10655.478
651.96136	10603.093
652.87097	10576.257
653.78058	10511.219
654.69019	10483.879
655.59979	10549.41
656.5094	10535.845
657.41901	10512.273
658.32861	10466.08
659.23822	10440.103
660.14783	10394.555
661.05743	10336.895
661.96704	10323.629
662.87665	10340.36
663.78625	10333.964
664.69586	10309.255
665.60547	10346.604
666.51508	10310.776
667.42468	10357.018
668.33429	10342.003
669.2439	10329.283
670.1535	10318.616
671.06311	10243.727
671.97272	10319.764
672.88232	10311.375
673.79193	10298.342
674.70154	10294.106
675.61115	10327.107
676.52075	10368.886
677.43036	10387.1
678.33997	10358.865
679.24957	10320.37
680.15918	10309.956
681.06879	10263.224
681.97839	10261.023
682.888	10218.636
683.79761	10217.138
684.70721	10178.212
685.61682	10171.835
686.52643	10147.414
687.43604	10098.237
688.34564	10075.833
689.25525	10079.25
690.16486	10036.679
691.07446	10027.177
691.98407	10006.219
692.89368	10031.835
693.80328	10016.374
694.71289	9979.3955
695.6225	9955.5791
696.5321	9969.6553
697.44171	10001.495
698.35132	10017.753
699.26093	10028.83
700.17053	10013.827
701.08014	10056.129
701.98975	10137.258
702.89935	10069.863
703.80896	10005.365
704.71857	10052.972
705.62817	10059.272
706.53778	10046.347
707.44739	10089.436
708.35699	10030.414
709.2666	10035.454
710.17621	10142.354
711.08582	10133.445
711.99542	10126.61
712.90503	10119.604
713.8147	10157.881
714.7243	10163.699
715.63391	10157.34
716.54352	10194.325
717.45313	10239.946
718.36273	10264.229
719.27234	10327.057
720.18195	10491.523
721.09155	10536.298
722.00116	10637.943
722.91077	10818.987
723.82037	11023.175
724.72998	11251.424
725.63959	11528.996
726.54919	11897.607
727.4588	12392.548
728.36841	12964.335
729.27802	13683.143
730.18762	14468.753
731.09723	15249.716
732.00684	16058.458
732.91644	16670.885
733.82605	17141.688
734.73566	17377.16
735.64526	17260.703
736.55487	16866.281
737.46448	16336.964
738.37408	15623.247
739.28369	14783.878
740.1933	14140.255
741.10291	13359.209
742.01251	12687.711
742.92212	12209.561
743.83173	11847.697
744.74133	11555.428
745.65094	11285.296
746.56055	11036.291
747.47015	10865.204
748.37976	10719.301
749.28937	10654.589
750.19897	10554.659
751.10858	10431.369
752.01819	10446.936
752.9278	10348.568
753.8374	10303.612
754.74701	10261.049
755.65662	10191.391
756.56622	10143.356
757.47583	10112.164
758.38544	10092.812
759.29504	10046.707
760.20465	10096.684
761.11426	10050.428
762.02386	9980.2588
762.93347	9856.1504
763.84308	9870.6846
764.75269	9905.3047
765.66229	9915.4873
766.5719	9896.4023
767.48151	9842.5557
768.39111	9830.0391
769.30072	9856.209
770.21033	9831.6611
771.11993	9736.7178
772.02954	9701.1855
772.93915	9769.7607
773.84875	9789.3574
774.75836	9814.3994
775.66797	9770.9141
776.57758	9718.4053
777.48718	9720.9033
778.39679	9735.4355
779.3064	9753.3584
780.216	9734.5908
781.12561	9710.8281
782.03522	9836.6299
782.94489	9766.5947
783.85449	9784.8545
784.7641	9804.9707
785.67371	9845.5557
786.58331	9830.7783
787.49292	9790.8135
788.40253	9750.6201
789.31213	9716.9697
790.22174	9742.7959
791.13135	9683.9053
792.04095	9704.8672
792.95056	9691.2236
793.86017	9669.6211
794.76978	9662.4629
795.67938	9654.9189
796.58899	9624.5273
797.4986	9606.6934
798.4082	9627.5254
799.31781	9655.1553
800.22742	9655.624
801.13702	9643.6563
802.04663	9636.583
802.95624	9639.4209
803.86584	9654.3691
804.77545	9644.4863
805.68506	9595.7617
806.59467	9577.5781
807.50427	9611.2393
808.41388	9547.0977
809.32349	9496.1895
810.23309	9535.3164
811.1427	9548.9844
812.05231	9507.6563
812.96191	9541.1807
813.87152	9558.1777
814.78113	9578.1719
815.69073	9554.3232
816.60034	9567.1387
817.50995	9563.123
818.41956	9597.2783
819.32916	9589.2051
820.23877	9592.79
821.14838	9604.1016
822.05798	9635.9863
822.96759	9683.3584
823.8772	9684.0742
824.7868	9648.6016
825.69641	9679.4365
826.60602	9656.0313
827.51563	9729.416
828.42523	9708.291
829.33484	9653.7773
830.24445	9594.6846
831.15405	9637.8369
832.06366	9702.9238
832.97327	9698.6885
833.88287	9706.6289
834.79248	9714.8916
835.70209	9667.6094
836.61169	9650.8555
837.5213	9682.3564
838.43091	9698.2422
839.34052	9663.0137
840.25012	9666.2344
841.15973	9711.5498
842.06934	9688.4385
842.97894	9633.0469
843.88855	9672.4834
844.79816	9710.7236
845.70776	9699.585
846.61737	9697.3252
847.52698	9719.3096
848.43658	9727.6455
849.34619	9727.8418
850.2558	9743.8564
851.16541	9783.4492
852.07501	9774.9502
852.98468	9768.5957
853.89429	9679.1074
854.80389	9745.8721
855.7135	9723.5273
856.62311	9740.5039
857.53271	9686.8115
858.44232	9679.1406
859.35193	9760.8516
860.26154	9860.6553
861.17114	9881.7549
862.08075	9833.1094
862.99036	9865.3682
863.89996	9811.7207
864.80957	9805.332
865.71918	9717.1982
866.62878	9802.4727
867.53839	9673.1592
868.448	9667.0557
869.3576	9639.6953
870.26721	9625.3857
871.17682	9588.9854
872.08643	9559.3301
872.99603	9559.6885
873.90564	9558.9863
874.81525	9576.1514
875.72485	9623.541
876.63446	9602.0977
877.54407	9608.6191
878.45367	9551.1123
879.36328	9524.0469
880.27289	9466.2393
881.1825	9491.3203
882.0921	9495.5547
883.00171	9568.5596
883.91132	9526.7363
884.82092	9479.8418
885.73053	9481.1572
886.64014	9524.5732
887.54974	9514.6621
888.45935	9453.4238
889.36896	9461.0762
890.27856	9473.5166
891.18817	9460.4268
892.09778	9389.8281
893.00739	9414.9746
893.91699	9368.5918
894.8266	9354.6064
895.73621	9312.4805
896.64581	9286.9707
897.55542	9327.2568
898.46503	9288.9639
899.37463	9280.5732
900.28424	9300.6074
901.19385	9338.6914
902.10345	9339.8721
903.01306	9296.0977
903.92267	9303.7852
904.83228	9325.8379
905.74188	9333.415
906.65149	9258.0625
907.5611	9333.7471
908.4707	9337.4385
909.38031	9314.6436
910.28992	9438.4229
911.19952	9501.9795
912.10913	9530.2656
913.01874	9613.6504
913.92834	9688.6436
914.83795	9735.7139
915.74756	9792.8955
916.65717	9854.1338
917.56677	9930.9756
918.47638	10050.801
919.38599	10140.734
920.29559	10129.552
921.2052	10107.706
922.11487	10118.151
923.02448	10090.254
923.93408	9961.5781
924.84369	9901.627
925.7533	9963.2314
926.6629	9976.5596
927.57251	9923.6875
928.48212	9959.2051
929.39172	10018.426
930.30133	10041.407
931.21094	10122.454
932.12054	10223.203
933.03015	10280.849
933.93976	10375.564
934.84937	10511.183
935.75897	10531.152
936.66858	10443.417
937.57819	10453.641
938.48779	10405.894
939.3974	10276.553
940.30701	10314.524
941.21661	10258.227
942.12622	10331.379
943.03583	10410.722
943.94543	10355.377
944.85504	10338.03
945.76465	10329.485
946.67426	10330.462
947.58386	10355.369
948.49347	10321.414
949.40308	10190.91
950.31268	10119.814
951.22229	10127.792
952.1319	10079.569
953.0415	10085.76
953.95111	10094.106
954.86072	10148.877
955.77032	10205.007
956.67993	10284.977
957.58954	10254.835
958.49915	10469.178
959.40875	10548.248
960.31836	10526.567
961.22797	10602.409
962.13757	10766.941
963.04718	10854.999
963.95679	10876.721
964.86639	10879.938
965.776	10959.08
966.68561	11000.342
967.59521	10957.302
968.50482	10875.416
969.41443	10721.843
970.32404	10583.43
971.23364	10499.434
972.14325	10371.028
973.05286	10304.179
973.96246	10081.725
974.87207	10078.723
975.78168	9968.5645
976.69128	9827.8359
977.60089	9707.3965
978.5105	9689.7539
979.4201	9682.7539
980.32971	9620.668
981.23932	9535.4023
982.14893	9504.917
983.05853	9481.3838
983.96814	9469.8145
984.87775	9427.6211
985.78735	9426.9004
986.69696	9486.6982
987.60657	9478.0225
988.51617	9448.085
989.42578	9486.2393
990.33539	9446.7686
991.245	9401.5381
992.15466	9434.5244
993.06427	9351.623
993.97388	9394.5869
994.88348	9485.2129
995.79309	9393.5986
996.7027	9494.1504
997.6123	9544.2256
998.52191	9497.8574
999.43152	9641.2227
1000.3411	9599.3701
1001.2507	9652.793
1002.1603	9590.3809
1003.0699	9484.0254
1003.9796	9367.4414
1004.8892	9274.6924
1005.7988	9199.3096
1006.7084	9131.0762
1007.618	9132.7861
1008.5276	9154.4746
1009.4372	9097.0791
1010.3468	9035.6113
1011.2564	9024.3311
1012.166	9032.7354
1013.0756	9070.2744
1013.9852	9128.7627
1014.8948	9046.7275
1015.8044	9005.7266
1016.7141	9028.5879
1017.6237	9044.4961
1018.5333	8991.4307
1019.4429	9077.4258
1020.3525	9042.7666
1021.2621	9020.75
1022.1717	9049.3711
1023.0813	9064.5557
1023.9909	9089.4082
1024.9005	9076.5391
1025.8101	9071.0684
1026.7197	8997.2441
1027.6294	8956.3027
1028.5389	8981.9551
1029.4486	8934.4893
1030.3582	8823.1563
1031.2678	8819.0254
1032.1774	8871.6475
1033.087	8844.8984
1033.9966	8783.4873
1034.9063	8721.9268
1035.8158	8755.1963
1036.7255	8701.332
1037.635	8664.7432
1038.5447	8627.9854
1039.4542	8642.2637
1040.3639	8586.5215
1041.2734	8531.8271
1042.1831	8487.3164
1043.0927	8520.627
1044.0023	8542.3105
1044.9119	8527.0615
1045.8215	8591.8066
1046.7311	8454.1152
1047.6407	8515.6836
1048.5503	8492.9424
1049.46	8611.2197
1050.3695	8550.4336
1051.2792	8571.7344
1052.1887	8528.0352
1053.0984	8568.7041
1054.0079	8600.0137
1054.9176	8575.3496
1055.8271	8604.2949
1056.7368	8648.835
1057.6464	8673.7998
1058.556	8700.6602
1059.4656	8680.3984
1060.3752	8642.0566
1061.2848	8684.1484
1062.1945	8720.5615
1063.104	8725.2949
1064.0137	8693.832
1064.9232	8663.2012
1065.8329	8684.8965
1066.7424	8692.085
1067.6521	8660.2686
1068.5616	8658.4883
1069.4713	8615.6865
1070.3809	8645.2197
1071.2905	8623.7051
1072.2001	8573.9414
1073.1097	8594.5273
1074.0193	8691.2676
1074.929	8619.8965
1075.8385	8571.1025
1076.7482	8626.4375
1077.6577	8598.5967
1078.5674	8583.9131
1079.4769	8531.8174
1080.3866	8484.3213
1081.2961	8527.2813
1082.2058	8453.2031
1083.1154	8436.1074
1084.025	8433.5938
1084.9346	8425.1162
1085.8442	8357.9131
1086.7538	8373.3799
1087.6635	8387.0225
1088.573	8360.9668
1089.4827	8361.4443
1090.3922	8334.6465
1091.3019	8320.7256
1092.2114	8298.4795
1093.1211	8330.5059
1094.0306	8351.8047
1094.9403	8324.6035
1095.85	8329.1865
1096.7595	8296.8662
1097.6692	8236.7451
1098.5787	8256.3262
1099.4884	8240.3096
1100.3979	8215.7373
1101.3076	8152.519
1102.2172	8120.8188
1103.1268	8208.0156
1104.0364	8204.7617
1104.946	8104.1118
1105.8556	8234.2432
1106.7653	8303.7324
1107.6748	8288.2568
1108.5845	8211.3057
1109.494	8308.3213
1110.4037	8359.5557
1111.3132	8327.4932
1112.2229	8314.79
1113.1324	8263.4873
1114.0421	8221.8672
1114.9517	8184.5166
1115.8613	8144.459
1116.7709	8183.2231
1117.6805	8144.0942
1118.5901	8174.8594
1119.4998	8195.6299
1120.4093	8197.6699
1121.319	8293.8535
1122.2285	8296.7324
1123.1382	8241.249
1124.0477	8259.54
1124.9574	8350.8252
1125.8669	8298.4512
1126.7766	8282.1543
1127.6862	8294.1709
1128.5958	8292.041
1129.5054	8277.7432
1130.415	8278.7197
1131.3246	8276.6455
1132.2343	8265.3281
1133.1438	8281.0039
1134.0535	8283.2891
1134.963	8368.6016
1135.8727	8429.6348
1136.7822	8410.666
1137.6919	8402.1914
1138.6014	8354.0293
1139.5111	8383.6162
1140.4207	8349.415
1141.3303	8331.9346
1142.2399	8304.1055
1143.1495	8256.4404
1144.0591	8256.4248
1144.9688	8317.3691
1145.8783	8280.0635
1146.788	8169.7583
1147.6975	8170.1484
1148.6072	8224.1855
1149.5167	8259.8018
1150.4264	8209.4648
1151.3359	8272.1504
1152.2456	8322.1172
1153.1552	8295.8135
1154.0648	8443.1338
1154.9744	8466.498
1155.884	8543.9287
1156.7936	8513.875
1157.7032	8554.4727
1158.6128	8398.5488
1159.5225	8363.0947
1160.432	8350.7305
1161.3417	8305.1709
1162.2512	8254.3594
1163.1609	8323.1416
1164.0704	8192.7441
1164.9801	8306.3984
1165.8898	8302.999
1166.7993	8243.4316
1167.709	8353.2646
1168.6185	8401.3857
1169.5282	8427.0537
1170.4377	8423.4805
1171.3474	8459.2002
1172.257	8501.3877
1173.1666	8508.9297
1174.0762	8532.7617
1174.9858	8516.1143
1175.8954	8557.5332
1176.8051	8579.3818
1177.7146	8619.6289
1178.6243	8635.7109
1179.5338	8667.8213
1180.4435	8661.5527
1181.353	8591.8789
1182.2627	8529.3555
1183.1722	8497.4473
1184.0819	8512.335
1184.9915	8420.8652
1185.9011	8394.9717
1186.8107	8425.959
1187.7203	8403.2666
1188.6299	8332.5049
1189.5396	8334.1006
1190.4491	8421.2891
1191.3588	8398.5234
1192.2683	8365.1924
1193.178	8358.6504
1194.0875	8322.1113
1194.9972	8217.7822
1195.9067	8274.6758
1196.8164	8391.4873
1197.726	8357.5557
1198.6356	8404.584
1199.5452	8381.3037
1200.4548	8417.2148
1201.3644	8476.7246
1202.274	8404.0527
1203.1836	8408.3262
1204.0933	8453.5107
1205.0028	8422.2041
1205.9125	8467.8701
1206.822	8406.6357
1207.7317	8454.2178
1208.6412	8425.8535
1209.5509	8416.3496
1210.4604	8465.1357
1211.3701	8403.3809
1212.2797	8339.4785
1213.1893	8346.0313
1214.0989	8426.7656
1215.0085	8358.0908
1215.9181	8372.9443
1216.8278	8330.0654
1217.7373	8359.7432
1218.647	8284.4355
1219.5565	8279.4033
1220.4662	8307.5596
1221.3757	8359.6738
1222.2854	8332.7217
1223.1949	8261.5313
1224.1046	8305.0752
1225.0142	8390.1279
1225.9238	8448.6719
1226.8334	8421.5322
1227.743	8393.1611
1228.6526	8388.3516
1229.5623	8411.0791
1230.4718	8482.0303
1231.3815	8471.9297
1232.291	8347.3555
1233.2007	8314.9727
1234.1102	8282.6875
1235.0199	8236.1406
1235.9296	8261.5195
1236.8391	8280.9307
1237.7488	8361.585
1238.6583	8314.0664
1239.568	8255.7705
1240.4775	8337.375
1241.3872	8392.9492
1242.2968	8417.043
1243.2064	8414.9775
1244.116	8387.4131
1245.0256	8368.9395
1245.9352	8388.7969
1246.8448	8359.167
1247.7544	8355.7676
1248.6641	8236.8262
1249.5736	8311.8242
1250.4833	8215.5986
1251.3928	8215.5195
1252.3025	8174.4712
1253.212	8071.3003
1254.1217	8044.9707
1255.0313	8040.8623
1255.9409	8062.1538
1256.8505	8148.9521
1257.7601	8097.6782
1258.6697	8135.3745
1259.5793	8239.5234
1260.4889	8164.3911
1261.3986	8338.1758
1262.3081	8297.0869
1263.2178	8320.208
1264.1273	8266.3535
1265.037	8277.7754
1265.9465	8306.1416
1266.8562	8363.4678
1267.7657	8478.0156
1268.6754	8490.0439
1269.585	8575.9014
1270.4946	8570.835
1271.4042	8592.1143
1272.3138	8600.4316
1273.2234	8656.8301
1274.1331	8594.8691
1275.0426	8623.5527
1275.9523	8573.7344
1276.8618	8511.9307
1277.7715	8487.3213
1278.681	8460.2549
1279.5907	8502.0156
1280.5002	8449.8525
1281.4099	8386.9932
1282.3195	8413.3994
1283.2291	8420.9912
1284.1387	8411.7822
1285.0483	8426.5625
1285.9579	8415.3438
1286.8676	8387.332
1287.7771	8446.6748
1288.6868	8446.2119
1289.5963	8456.4219
1290.506	8509.5146
1291.4155	8533.834
1292.3252	8606.834
1293.2347	8680.4805
1294.1444	8690.1563
1295.054	8707.0928
1295.9636	8788.2002
1296.8732	8787.7021
1297.7828	8817.7627
1298.6924	8819.9551
1299.6021	8861.8418
1300.5116	8823.0518
1301.4213	8805.8369
1302.3308	8785.4268
1303.2405	8736.0449
1304.15	8759.2314
1305.0597	8738.4346
1305.9694	8716.875
1306.8789	8718.0391
1307.7886	8712.458
1308.6981	8710.5635
1309.6078	8715.8164
1310.5173	8701.4707
1311.427	8735.8057
1312.3365	8786.4072
1313.2462	8718.627
1314.1558	8652.042
1315.0654	8636.5654
1315.975	8692.9219
1316.8846	8767.5508
1317.7942	8753.2627
1318.7039	8789.6758
1319.6134	8791.3438
1320.5231	8792.3057
1321.4326	8809.3018
1322.3423	8830.3496
1323.2518	8888.9922
1324.1615	8897.6982
1325.071	8872.9512
1325.9807	8944.7598
1326.8903	8973.4258
1327.7999	8960.6133
1328.7095	8986.667
1329.6191	9098.6113
1330.5287	9117.7607
1331.4384	9180.5625
1332.3479	9222.3594
1333.2576	9275.3887
1334.1671	9364.6211
1335.0768	9403.4336
1335.9863	9436.666
1336.896	9444.3623
1337.8055	9401.9473
1338.7152	9389.4814
1339.6248	9325.3076
1340.5344	9239.5625
1341.444	9165.6182
1342.3536	9112.3594
1343.2632	9032.5156
1344.1729	8961.8662
1345.0824	8931.3867
1345.9921	8850.1338
1346.9016	8774.1738
1347.8113	8663.9092
1348.7208	8567.0547
1349.6305	8530.3486
1350.54	8453.7949
1351.4497	8337.3242
1352.3593	8292.334
1353.2689	8265.6104
1354.1785	8190.8252
1355.0881	8134.3643
1355.9977	8118.3438
1356.9073	8039.647
1357.8169	8006.8794
1358.7266	7966.3433
1359.6361	7987.6074
1360.5458	8046.6367
1361.4553	8068.8413
1362.365	7973.6987
1363.2745	8034.3081
1364.1842	8016.0005
1365.0938	8013.3198
1366.0034	8113.751
1366.913	8142.2358
1367.8226	8067.8984
1368.7322	8116.2656
1369.6418	8144.5107
1370.5514	8105.8682
1371.4611	8216.3926
1372.3706	8168.084
1373.2803	8182.3301
1374.1899	8230.3555
1375.0995	8209.7139
1376.0092	8153.2036
1376.9187	8072.8887
1377.8284	8050.5938
1378.7379	7986.5391
1379.6476	7922.979
1380.5571	7869.1592
1381.4668	7821.6455
1382.3763	7826.9561
1383.286	7753.3862
1384.1956	7649.6133
1385.1052	7583.3164
1386.0148	7547.9443
1386.9244	7476.5117
1387.834	7427.7534
1388.7437	7438.9155
1389.6532	7456.6045
1390.5629	7455.3022
1391.4724	7393.5503
1392.3821	7435.5156
1393.2916	7521.1895
1394.2013	7497.7217
1395.1108	7506.2471
1396.0205	7535.1748
1396.9301	7635.8115
1397.8397	7702.4961
1398.7493	7706.5938
1399.6589	7706.2549
1400.5685	7675.4023
1401.4781	7603.2007
1402.3877	7611.6426
1403.2974	7615.4233
1404.2069	7525.1079
1405.1166	7509.1401
1406.0261	7415.0093
1406.9358	7375.4102
1407.8453	7251.1411
1408.755	7195.6812
1409.6646	7231.521
1410.5742	7195.0605
1411.4838	7185.6748
1412.3934	7174.3936
1413.303	7127.2861
1414.2126	7024.9077
1415.1222	7017.104
1416.0319	6978.2178
1416.9414	6971.9727
1417.8511	6994.6616
1418.7606	6995.8242
1419.6703	7004.9126
1420.5798	7014.2451
1421.4895	7008.563
1422.399	7046.8682
1423.3087	7061.0732
1424.2183	7119.875
1425.1279	7095.9585
1426.0375	7152.1084
1426.9471	7216.271
1427.8567	7264.7939
1428.7664	7320.0313
1429.6759	7336.1631
1430.5856	7331.271
1431.4951	7499.9888
1432.4048	7484.4873
1433.3143	7422.6094
1434.224	7430.1567
1435.1335	7491.6777
1436.0432	7493.0444
1436.9528	7501.7349
1437.8624	7528.4014
1438.772	7532.1719
1439.6816	7533.4165
1440.5912	7590.5928
1441.5009	7595.1147
1442.4104	7584.4712
1443.3201	7616.7104
1444.2297	7672.0859
1445.1393	7733.707
1446.049	7768.7783
1446.9585	7748.2422
1447.8682	7752.3208
1448.7777	7807.1069
1449.6874	7769.0444
1450.5969	7788.2837
1451.5066	7776.96
1452.4161	7760.6182
1453.3258	7751.9375
1454.2354	7713.5161
1455.145	7716.7676
1456.0546	7735.4888
1456.9642	7681.2173
1457.8738	7619.2593
1458.7834	7527.7988
1459.693	7456.3267
1460.6027	7499.6553
1461.5122	7520.8486
1462.4219	7487.0273
1463.3314	7439.1108
1464.2411	7450.1646
1465.1506	7375.3149
1466.0603	7240.2935
1466.9698	7207.8677
1467.8795	7187.1465
1468.7891	7128.7358
1469.6987	7060.522
1470.6083	7060.1685
1471.5179	6944.5264
1472.4275	6891.707
1473.3372	6847.0923
1474.2467	6872.728
1475.1564	6761.0537
1476.0659	6879.3066
1476.9756	6822.8525
1477.8851	6813.5791
1478.7948	6823.2852
1479.7043	6851.1172
1480.614	6855.6509
1481.5236	6805.9912
1482.4332	6813.3994
1483.3428	6826.937
1484.2524	6832.8672
1485.162	6819.8145
1486.0717	6813.9692
1486.9812	6860.9995
1487.8909	6902.8574
1488.8004	6839.0347
1489.7101	6808.9824
1490.6196	6767.2407
1491.5293	6770.0825
1492.4388	6718.1714
1493.3485	6698.356
1494.2581	6761.9937
1495.1677	6735.9072
1496.0773	6759.3779
1496.9869	6751.3789
1497.8965	6759.8892
1498.8062	6793.8252
1499.7157	6731.7144
1500.6254	6748.1055
1501.5349	6847.2222
1502.4446	6846.5454
1503.3541	6867.0815
1504.2638	6894.6797
1505.1733	6895.8315
1506.083	6899.707
1506.9926	6919.8335
1507.9022	6928.5859
1508.8118	6967.9272
1509.7214	7010.6016
1510.631	6975.9355
1511.5406	6992.7065
1512.4502	6946.9497
1513.3599	6994.9512
1514.2695	6936.5493
1515.1791	7017.1943
1516.0887	7027.0903
1516.9983	7067.4917
1517.908	7021.459
1518.8175	7029.3994
1519.7272	7040.3794
1520.6367	7077.46
1521.5464	7068.458
1522.4559	7061.8853
1523.3656	7054.8564
1524.2751	7089.5557
1525.1848	7075.2456
1526.0944	7037.02
1527.004	7001.5669
1527.9136	6986.1885
1528.8232	6989.1797
1529.7328	6822.251
1530.6425	6813.9302
1531.552	6762.2666
1532.4617	6719.645
1533.3712	6728.1484
1534.2809	6693.4355
1535.1904	6659.5664
1536.1001	6645.3413
1537.0096	6622.7041
1537.9193	6615.7402
1538.8289	6619.165
1539.7385	6656.6299
1540.6481	6703.2583
1541.5577	6636.4692
1542.4673	6690.5132
1543.377	6738.0869
1544.2865	6744.8887
1545.1962	6821.7617
1546.1057	6833.812
1547.0154	6849.9209
1547.9249	6890.9233
1548.8346	6859.063
1549.7441	6822.1294
1550.6538	6839.3525
1551.5634	6869.9995
1552.473	6824.5107
1553.3826	6799.5796
1554.2922	6815.3057
1555.2018	6809.7217
1556.1115	6814.0649
1557.021	6784.9644
1557.9307	6858.043
1558.8402	6793.9668
1559.7499	6776.6724
1560.6594	6825.7241
1561.5691	6857.4199
1562.4786	6851.5205
1563.3883	6884.0962
1564.2979	6905.5225
1565.2075	6941.3462
1566.1171	7023.5244
1567.0267	7053.6045
1567.9363	7041.7344
1568.8459	7060.3687
1569.7555	7153.6377
1570.6652	7140.0679
1571.5747	7170.3521
1572.4844	7167.0566
1573.3939	7192.8838
1574.3036	7103.5435
1575.2131	7026.7192
1576.1228	7020.0947
1577.0323	6994.8716
1577.942	7020.5054
1578.8516	7021.312
1579.7612	6980.0391
1580.6708	6956.1851
1581.5804	6931.7627
1582.49	6855.1377
1583.3997	6801.7012
1584.3093	6811.3218
1585.2189	6822.0327
1586.1285	6744.5835
1587.0381	6750.1162
1587.9478	6688.0005
1588.8573	6605.9951
1589.767	6606.3462
1590.6765	6617.3398
1591.5862	6565.9072
1592.4957	6562.1587
1593.4054	6559.6113
1594.3149	6540.2515
1595.2246	6526.5029
1596.1342	6488.9351
1597.0438	6574.7236
1597.9534	6578.915
1598.863	6503.3149
1599.7726	6498.1128
1600.6823	6590.9683
1601.5918	6568.6758
1602.5015	6552.2988
1603.411	6597.9512
1604.3207	6556.1543
1605.2302	6513.9321
1606.1399	6526.1509
1607.0494	6535.0625
1607.9591	6479.0386
1608.8687	6454.4229
1609.7783	6447.5107
1610.6879	6464.79
1611.5975	6409.5259
1612.5071	6395.9297
1613.4167	6342.0156
1614.3263	6290.2524
1615.236	6280.2456
1616.1455	6248.2778
1617.0552	6166.582
1617.9647	6118.9409
1618.8744	6053.3286
1619.7839	6014.5586
1620.6936	5948.5522
1621.6031	5878.3306
1622.5128	5859.5679
1623.4224	5899.543
1624.332	5870.8096
1625.2416	5799.6084
1626.1512	5730.8735
1627.0608	5736.291
1627.9705	5704.6743
1628.88	5640.9189
1629.7897	5641.9995
1630.6992	5674.3247
1631.6089	5670.5142
1632.5184	5633.6997
1633.4281	5621.8096
1634.3376	5586.4961
1635.2473	5488.8418
1636.1569	5550.2031
1637.0665	5453.7793
1637.9761	5449.7661
1638.8857	5412.6753
1639.7953	5409.0903
1640.705	5410.1592
1641.6145	5385.1392
1642.5242	5333.4839
1643.4337	5342.7271
1644.3434	5298.1558
1645.2529	5263.376
1646.1626	5240.9868
1647.0721	5113.2861
1647.9818	5089.499
1648.8914	5070.7993
1649.801	5051.6406
1650.7106	5007.0767
1651.6202	4966.7393
1652.5299	4925.0571
1653.4395	4889.0562
1654.3491	4866.7441
1655.2587	4853.3208
1656.1683	4776.9663
1657.0779	4770.9985
1657.9875	4785.9819
1658.8971	4757.2485
1659.8068	4762.7803
1660.7163	4722.2749
1661.626	4712.6406
1662.5355	4711.0869
1663.4452	4697.1401
1664.3547	4703.1172
1665.2644	4660.6323
1666.174	4701.5806
1667.0836	4681.4956
1667.9932	4642.5005
1668.9028	4656.856
1669.8124	4662.4409
1670.722	4617.2251
1671.6316	4612.1479
1672.5413	4611.4009
1673.4508	4600.3027
1674.3605	4540.2705
1675.27	4565.3789
1676.1797	4534.9512
1677.0892	4487.7563
1677.9989	4535.3252
1678.9084	4514.3481
1679.8181	4474.2896
1680.7277	4487.7056
1681.6373	4463.71
1682.5469	4434.5464
1683.4565	4457.5986
1684.3661	4429.6421
1685.2758	4412.9961
1686.1853	4403.4351
1687.095	4385.5708
1688.0045	4355.7998
1688.9142	4338.9448
1689.8237	4293.5435
1690.7334	4287.9966
1691.6429	4300.6201
1692.5526	4309.0503
1693.4622	4286.4937
1694.3718	4258.3633
1695.2814	4246.646
1696.191	4260.8501
1697.1006	4250.2134
1698.0103	4268.3799
1698.9198	4251.293
1699.8295	4243.3716
1700.739	4204.353
1701.6487	4227.0117
1702.5582	4219.8066
1703.4679	4202.2471
1704.3774	4240.8384
1705.2871	4238.0229
1706.1967	4243.7256
1707.1063	4198.4961
1708.0159	4163.5737
1708.9255	4157.5762
1709.8351	4193.5576
1710.7448	4160.3315
1711.6543	4152.4023
1712.564	4136.7651
1713.4735	4129.3813
1714.3832	4120.6006
1715.2927	4120.2104
1716.2024	4093.4939
1717.1119	4105.8862
1718.0216	4085.9949
1718.9312	4061.9006
1719.8408	4079.022
1720.7504	4080.6655
1721.66	4035.8823
1722.5697	4043.5522
1723.4792	4049.3865
1724.3889	4033.27
1725.2985	4044.2837
1726.2081	4001.1787
1727.1177	4009.3826
1728.0273	3995.3616
1728.9369	3978.6194
1729.8466	3972.7427
1730.7561	3929.9673
1731.6658	3933.717
1732.5753	3928.1379
1733.485	3946.9915
1734.3945	3948.8115
1735.3042	3950.2493
1736.2137	3914.7603
1737.1234	3892.7043
1738.033	3851.5989
1738.9426	3873.0334
1739.8522	3884.1414
1740.7618	3862.062
1741.6714	3845.2395
1742.5811	3852.5842
1743.4906	3826.8752
1744.4003	3863.7534
1745.3098	3854.1619
1746.2195	3839.2703
1747.129	3840.3337
1748.0387	3803.1504
1748.9482	3760.3364
1749.8579	3740.592
1750.7675	3772.6375
1751.6771	3767.5154
1752.5867	3718.6228
1753.4963	3715.8938
1754.4059	3714.3125
1755.3156	3689.271
1756.2251	3699.4998
1757.1348	3678.3894
1758.0443	3689.209
1758.954	3746.7688
1759.8635	3714.5789
1760.7732	3711.1345
1761.6827	3685.8682
1762.5924	3640.0789
1763.502	3623.4812
1764.4116	3622.4973
1765.3212	3618.4922
1766.2308	3638.4768
1767.1404	3605.3516
1768.05	3623.8489
1768.9596	3633.8013
1769.8693	3608.2661
1770.7788	3612.9587
1771.6885	3622.3203
1772.598	3557.9297
1773.5077	3569.9846
1774.4172	3578.1797
1775.3269	3612.0237
1776.2365	3598.8303
1777.1461	3592.4585
1778.0557	3580.2073
1778.9653	3593.5906
1779.8749	3612.781
1780.7845	3588.6965
1781.6941	3618.6877
1782.6038	3596.4453
1783.5133	3550.7581
1784.423	3561.5234
1785.3325	3537.5066
1786.2422	3558.2422
1787.1517	3572.1465
1788.0614	3551.2195
1788.9709	3532.426
1789.8806	3547.6064
1790.7902	3538.4377
1791.6998	3534.7664
1792.6095	3494.6287
1793.519	3507.3296
1794.4287	3495.7004
1795.3383	3457.5293
1796.2479	3503.4502
1797.1575	3490.3164
1798.0671	3478.6912
1798.9767	3447.3394
1799.8864	3415.6824
1800.7959	3413.4954
1801.7056	3394.6943
1802.6151	3351.7585
1803.5248	3354.9004
1804.4343	3360.5623
1805.344	3359.7957
1806.2535	3338.7998
1807.1632	3348.9258
1808.0728	3393.4968
1808.9824	3352.2058
1809.892	3329.7297
1810.8016	3321.2136
1811.7112	3334.7766
1812.6208	3332.5955
1813.5304	3321.7156
1814.4401	3333.8555
1815.3496	3308.3906
1816.2593	3315.5337
1817.1688	3298.5261
1818.0785	3329.5347
1818.988	3314.6863
1819.8977	3327.7043
1820.8073	3310.7244
1821.7169	3364.509
1822.6265	3339.605
1823.5361	3366.7197
1824.4457	3351.2693
1825.3553	3341.1089
1826.2649	3348.1038
1827.1746	3297.855
1828.0841	3250.217
1828.9938	3241.6367
1829.9033	3253.5688
1830.813	3217.6387
1831.7225	3209.7087
1832.6322	3215.6506
1833.5417	3230.6594
1834.4514	3240.6611
1835.361	3246.2864
1836.2706	3271.7517
1837.1802	3233.7761
1838.0898	3253.9329
1838.9994	3252.1489
1839.9091	3267.5161
1840.8186	3248.9429
1841.7283	3240.6931
1842.6378	3227.3584
1843.5475	3208.7051
1844.457	3176.9434
1845.3667	3182.8142
1846.2762	3198.7222
1847.1859	3182.9385
1848.0955	3138.4468
1849.0051	3141.7141
1849.9147	3123.0581
1850.8243	3143.9119
1851.7339	3147.0623
1852.6436	3138.0398
1853.5531	3109.7297
1854.4628	3140.3457
1855.3723	3099.5891
1856.282	3062.8027
1857.1915	3091.4209
1858.1012	3120.4314
1859.0107	3126.2305
1859.9204	3103.0383
1860.83	3079.7766
1861.7396	3119.1301
1862.6493	3094.8499
1863.5588	3087.9507
1864.4685	3100.6882
1865.3781	3097.2041
1866.2877	3059.1184
1867.1973	3075.5908
1868.1069	3097.9023
1869.0165	3078.532
1869.9261	3080.5439
1870.8357	3059.9255
1871.7454	3044.0969
1872.6549	3055.8135
1873.5646	3056.9045
1874.4741	3093.7751
1875.3838	3085.5945
1876.2933	3096.6743
1877.203	3079.5212
1878.1125	3072.2217
1879.0222	3034.2708
1879.9318	3016.8418
1880.8414	3046.2656
1881.751	3023.1436
1882.6606	3016.0293
1883.5702	3048.1487
1884.4799	3045.7444
1885.3894	3070.8828
1886.2991	3024.9287
1887.2086	3087.0051
1888.1183	3012.0723
1889.0278	3051.9624
1889.9375	3032.7515
1890.847	3015.2795
1891.7567	3015.6604
1892.6663	3024.4055
1893.5759	3038.1099
1894.4855	3014.0151
1895.3951	2967.5625
1896.3047	2969.7659
1897.2144	2976.7583
1898.1239	2994.3103
1899.0336	3010.0898
1899.9431	2959.9429
1900.8528	2991.4602
1901.7623	2977.9707
1902.672	2969.9597
1903.5815	2960.6438
1904.4912	2945.2566
1905.4008	2932.3191
1906.3104	2901.467
1907.22	2908.8088
1908.1296	2929.3132
1909.0392	2947.2856
1909.9489	2952.1665
1910.8584	2942.5154
1911.7681	2958.5999
1912.6776	2907.8015
1913.5873	2890.8137
1914.4968	2858.6294
1915.4065	2854.1545
1916.316	2857.3789
1917.2257	2874.6865
1918.1353	2879.1711
1919.0449	2834.5916
1919.9545	2831.439
1920.8641	2824.3713
1921.7737	2827.498
1922.6833	2841.6707
1923.5929	2859.1384
1924.5026	2879.7893
1925.4121	2891.9863
1926.3218	2882.9919
1927.2313	2867.7251
1928.141	2845.9294
1929.0505	2864.6753
1929.9602	2875.5498
1930.8699	2866.4795
1931.7794	2865.4993
1932.6891	2816.0825
1933.5986	2827.2222
1934.5083	2822.6816
1935.4178	2801.2273
1936.3275	2805.0227
1937.2371	2784.9688
1938.1467	2805.1023
1939.0563	2791.8855
1939.9659	2763.123
1940.8755	2764.5017
1941.7852	2732.2017
1942.6947	2719.4341
1943.6044	2734.5625
1944.5139	2745.782
1945.4236	2758.3618
1946.3331	2761.9563
1947.2428	2773.9543
1948.1523	2793.1382
1949.062	2757.9626
1949.9716	2761.5789
1950.8812	2764.0762
1951.7908	2727.6755
1952.7004	2768.9541
1953.61	2738.5413
1954.5197	2760.4724
1955.4292	2710.656
1956.3389	2698.468
1957.2484	2720.312
1958.1581	2676.9915
1959.0676	2655.5767
1959.9773	2674.5852
1960.8868	2628.1047
1961.7965	2661.5962
1962.7061	2671.9087
1963.6157	2689.7483
1964.5253	2712.7698
1965.4349	2693.3484
1966.3445	2722.4019
1967.2542	2719.7046
1968.1637	2685.4438
1969.0734	2641.7544
1969.9829	2645.1531
1970.8926	2609.335
1971.8021	2581.0808
1972.7118	2604.6184
1973.6213	2638.4124
1974.531	2606.0476
1975.4406	2637.8926
1976.3502	2639.1482
1977.2598	2652.8762
1978.1694	2665.3281
1979.079	2653.2637
1979.9886	2601.2
1980.8982	2597.5137
1981.8079	2615.1057
1982.7174	2607.2781
1983.6271	2597.5581
1984.5366	2546.1414
1985.4463	2527.312
1986.3558	2500.6707
1987.2655	2554.2178
1988.175	2530.4473
1989.0847	2534.6501
1989.9943	2564.1411
1990.9039	2515.0852
1991.8135	2497.0273
1992.7231	2551.1511
1993.6327	2589.0737
1994.5424	2574.5718
1995.4519	2562.9182
1996.3616	2570.1365
1997.2711	2567.4551
1998.1808	2539.7322
1999.0903	2500.3413
2000	2491.1362
