400	8902.3984
400.90961	8813.7559
401.81921	8806.0674
402.72882	8865.4336
403.63843	8858.1504
404.54803	8835.9912
405.45764	8849.4775
406.36725	8859.9541
407.27686	8778.2041
408.18646	8733.0059
409.09607	8754.3818
410.00568	8716.7783
410.91528	8656.7197
411.82489	8641.5938
412.7345	8662.4238
413.6441	8568.3906
414.55371	8570.0049
415.46332	8572.2344
416.37292	8519.4414
417.28253	8486.876
418.19217	8485.166
419.10178	8438.2002
420.01138	8452.4697
420.92099	8421.1885
421.8306	8426.2998
422.7402	8385.9961
423.64981	8366.3643
424.55942	8379.457
425.46902	8354.0713
426.37863	8364.4805
427.28824	8285.5586
428.19785	8275.6104
429.10745	8275.1074
430.01706	8262.6885
430.92667	8253.9814
431.83627	8263.3115
432.74588	8235.2119
433.65549	8254.4727
434.56509	8201.9199
435.4747	8249.4014
436.38431	8269.0234
437.29391	8242.9561
438.20352	8261.6484
439.11313	8257.8545
440.02274	8260.2461
440.93234	8227.8545
441.84195	8201.123
442.75156	8189.1997
443.66116	8150.4771
444.57077	8091.6558
445.48038	8143.3579
446.38998	8104.6191
447.29959	8140.1831
448.2092	8073.3125
449.1188	7971.9009
450.02841	7950.7915
450.93802	8010.4663
451.84763	8007.8843
452.75726	8016.4487
453.66687	7970.2861
454.57648	7993.3486
455.48608	7992.6763
456.39569	7953.0996
457.3053	7922.0439
458.2149	7938.7363
459.12451	7932.272
460.03412	7909.0229
460.94373	7925.4717
461.85333	7940.1587
462.76294	7943.9644
463.67255	7938.1948
464.58215	7926.5171
465.49176	7914.521
466.40137	7898.459
467.31097	7875.5938
468.22058	7869.0029
469.13019	7876.2427
470.03979	7885.7329
470.9494	7902.2202
471.85901	7924.6787
472.76862	7802.9365
473.67822	7892.6504
474.58783	7895.7036
475.49744	7859.9067
476.40704	7809.5952
477.31665	7765.4395
478.22626	7749.7002
479.13586	7771.3623
480.04547	7836.4033
480.95508	7806.3159
481.86469	7740.9429
482.77429	7734.626
483.6839	7742.5273
484.59351	7719.0562
485.50311	7718.8145
486.41272	7731.5469
487.32236	7705.0767
488.23196	7715.5303
489.14157	7702.5942
490.05118	7676.1709
490.96078	7668.4502
491.87039	7670.1943
492.78	7615.7705
493.68961	7682.4697
494.59921	7672.6802
495.50882	7662.4766
496.41843	7669.2417
497.32803	7655.5371
498.23764	7628.7988
499.14725	7647.061
500.05685	7691.9941
500.96646	7694.2134
501.87607	7655.3594
502.78568	7619.9507
503.69528	7605.5132
504.60489	7639.6372
505.5145	7659.4331
506.4241	7557.9312
507.33371	7626.5576
508.24332	7644.9575
509.15292	7618.0542
510.06253	7588.0825
510.97214	7594.1577
511.88174	7600.1704
512.79138	7585.9224
513.70099	7620.2744
514.6106	7587.876
515.5202	7628.1396
516.42981	7678.2954
517.33942	7667.0117
518.24902	7681.8774
519.15863	7748.4263
520.06824	7799.7583
520.97784	7787.127
521.88745	7706.2134
522.79706	7753.415
523.70667	7744.8755
524.61627	7686.1221
525.52588	7661.7236
526.43549	7663.314
527.34509	7629.8291
528.2547	7606.1787
529.16431	7595.1997
530.07391	7594.3169
530.98352	7646.9087
531.89313	7675.0073
532.80273	7653.9731
533.71234	7638.7856
534.62195	7666.2515
535.53156	7658.5078
536.44116	7743.6602
537.35077	7700.9727
538.26038	7726.3389
539.16998	7762.4741
540.07959	7816.0542
540.9892	7845.6274
541.8988	7815.583
542.80841	7816.8867
543.71802	7859.8633
544.62762	7811.7139
545.53723	7856.1641
546.44684	7806.9683
547.35645	7819.5801
548.26605	7857.4849
549.17566	7827.0376
550.08527	7872.4209
550.99487	7832.3945
551.90448	7857.1626
552.81409	7843.0137
553.72369	7821.3252
554.6333	7759.2466
555.54291	7717.0435
556.45251	7743.7866
557.36212	7770.5508
558.27173	7724.9229
559.18134	7659.3892
560.09094	7653.6216
561.00055	7662.269
561.91016	7670.5786
562.81976	7651.1548
563.72937	7607.8223
564.63898	7576.4717
565.54858	7558.9971
566.45819	7525.8125
567.3678	7546.4346
568.2774	7509.6348
569.18701	7449.0537
570.09662	7412.0054
571.00623	7396.459
571.91583	7379.2788
572.82544	7370.1528
573.73505	7367.7173
574.64471	7379.9702
575.55432	7365.1982
576.46393	7339.0977
577.37354	7348.3857
578.28314	7375.1074
579.19275	7397.0122
580.10236	7415.5396
581.01196	7384.2578
581.92157	7357.5698
582.83118	7386.2778
583.74078	7437.6753
584.65039	7451.7861
585.56	7453.7695
586.4696	7447.9868
587.37921	7433.8442
588.28882	7445.0264
589.19843	7407.5337
590.10803	7415.9365
591.01764	7392.0381
591.92725	7343.5825
592.83685	7324.876
593.74646	7333.7192
594.65607	7334.5337
595.56567	7320.9985
596.47528	7340.8862
597.38489	7375.1509
598.29449	7352.5781
599.2041	7285.3735
600.11371	7327.127
601.02332	7294.9512
601.93292	7276.9424
602.84253	7348.7939
603.75214	7374.0498
604.66174	7369.1934
605.57135	7412.0356
606.48096	7404.5972
607.39056	7414.8047
608.30017	7450.2178
609.20978	7447.3643
610.11938	7455.8389
611.02899	7514.1616
611.9386	7563.3325
612.84821	7631.1523
613.75781	7703.3643
614.66742	7699.9072
615.57703	7776.1904
616.48663	7774.8213
617.39624	7789.0088
618.30585	7838.022
619.21545	7897.4888
620.12506	7987.7773
621.03467	8025.1162
621.94427	8049.0645
622.85388	8047.2231
623.76349	8077.4526
624.6731	8146.3687
625.5827	8176.0566
626.49231	8162.5229
627.40192	8153.3599
628.31152	8140.3618
629.22113	8047.3086
630.13074	8086.999
631.04034	8024.4585
631.94995	7988.8916
632.85956	7937.3149
633.76917	7889.5884
634.67877	7846.4082
635.58838	7796.6123
636.49799	7750.5664
637.40759	7734.6084
638.3172	7729.6138
639.22681	7729.4185
640.13641	7650.7632
641.04602	7610.0088
641.95563	7610.5801
642.86523	7639.7109
643.7749	7622.645
644.68451	7554.4922
645.59412	7575.7217
646.50372	7562.2817
647.41333	7613.2476
648.32294	7570.1572
649.23254	7520.7036
650.14215	7540.8867
651.05176	7546.0269
651.96136	7520.2603
652.87097	7509.3032
653.78058	7514.167
654.69019	7495.5356
655.59979	7386.4409
656.5094	7338.5229
657.41901	7356.1646
658.32861	7341.4829
659.23822	7336.7983
660.14783	7344.084
661.05743	7358.4341
661.96704	7380.5225
662.87665	7381.3008
663.78625	7341.6421
664.69586	7310.8882
665.60547	7318.9312
666.51508	7376.0649
667.42468	7362.9175
668.33429	7376.77
669.2439	7400.4688
670.1535	7387.5127
671.06311	7381.4336
671.97272	7396.1982
672.88232	7276.7524
673.79193	7395.8682
674.70154	7322.9917
675.61115	7322.2817
676.52075	7311.9609
677.43036	7342.4907
678.33997	7361.8711
679.24957	7361.1475
680.15918	7406.3071
681.06879	7382.9102
681.97839	7363.4907
682.888	7297.8311
683.79761	7273.4673
684.70721	7309.2979
685.61682	7300.0376
686.52643	7265.5576
687.43604	7238.3862
688.34564	7200.2388
689.25525	7134.356
690.16486	7095.1401
691.07446	7133.7764
691.98407	7140.9839
692.89368	7039.1006
693.80328	7019.3833
694.71289	7027.1743
695.6225	7034.1396
696.5321	7037.1372
697.44171	7033.9541
698.35132	7020.2598
699.26093	7005.8672
700.17053	7028.4282
701.08014	6980.1685
701.98975	7012.4521
702.89935	6985.7817
703.80896	7015.6284
704.71857	7050.0874
705.62817	7042.7607
706.53778	7022.6011
707.44739	7029.1201
708.35699	7049.6338
709.2666	7068.0483
710.17621	7047.6216
711.08582	7144.4204
711.99542	7159.4204
712.90503	7150.4795
713.8147	7119.9766
714.7243	7150.312
715.63391	7205.2412
716.54352	7238.7178
717.45313	7294.8711
718.36273	7350.9404
719.27234	7346.3491
720.18195	7473.3618
721.09155	7519.3882
722.00116	7563.3267
722.91077	7684.8599
723.82037	7861.3862
724.72998	7989.7725
725.63959	8165.5732
726.54919	8486.4971
727.4588	8829.4746
728.36841	9209.377
729.27802	9802.0752
730.18762	10391.382
731.09723	11054.572
732.00684	11733.069
732.91644	12421.232
733.82605	12999.565
734.73566	13389.95
735.64526	13509.342
736.55487	13388.843
737.46448	13129.657
738.37408	12500.722
739.28369	11795.361
740.1933	10993.363
741.10291	10329.079
742.01251	9690.0264
742.92212	9144.4648
743.83173	8749.7256
744.74133	8441.6572
745.65094	8208.6719
746.56055	8078.5229
747.47015	7967.7275
748.37976	7779.1753
749.28937	7684.0146
750.19897	7596.4634
751.10858	7541.0659
752.01819	7482.7529
752.9278	7485.4233
753.8374	7407.2539
754.74701	7346.4849
755.65662	7298.0234
756.56622	7232.7383
757.47583	7231.4751
758.38544	7232.9507
759.29504	7227.9688
760.20465	7211.418
761.11426	7159.042
762.02386	7118.2393
762.93347	7126.8394
763.84308	7119.1533
764.75269	7083.7344
765.66229	7039.8672
766.5719	7043.8989
767.48151	7046.0864
768.39111	6948.9805
769.30072	6976.4995
770.21033	6938.6626
771.11993	6935.458
772.02954	6865.0264
772.93915	6903.2363
773.84875	6907.0078
774.75836	6939.8701
775.66797	6950.2144
776.57758	6932.2935
777.48718	6921.2627
778.39679	6937.0806
779.3064	6977.6606
780.216	6941.3525
781.12561	6993.5068
782.03522	7005.3838
782.94489	7031.064
783.85449	7000.2231
784.7641	7012.6343
785.67371	7054.7046
786.58331	7038.3057
787.49292	7008.0693
788.40253	7013.2583
789.31213	7031.1514
790.22174	7046.894
791.13135	6991.6221
792.04095	6955.4131
792.95056	6926.7148
793.86017	6896.7012
794.76978	6956.6416
795.67938	6913.5864
796.58899	6898.7231
797.4986	6957.373
798.4082	6967.3491
799.31781	6962.6255
800.22742	6997.6182
801.13702	6979.4561
802.04663	6969.0386
802.95624	6910.5342
803.86584	6997.1475
804.77545	6986.9053
805.68506	6983.7241
806.59467	6964.8545
807.50427	7000.6157
808.41388	6983.6826
809.32349	6941.0337
810.23309	6933.9609
811.1427	6908.104
812.05231	6871.2925
812.96191	6942.2266
813.87152	6966.4346
814.78113	6908.0386
815.69073	6905.1548
816.60034	6935.5317
817.50995	6900.085
818.41956	6956.748
819.32916	6959.2383
820.23877	6891.1909
821.14838	6917.1851
822.05798	6969.8823
822.96759	6942.2661
823.8772	6893.5195
824.7868	6841.8857
825.69641	6780.4678
826.60602	6929.2876
827.51563	6993.6558
828.42523	6959.9282
829.33484	6923.3418
830.24445	6932.3657
831.15405	6978.7046
832.06366	6926.9429
832.97327	6953.8267
833.88287	6968.8799
834.79248	6922.6758
835.70209	6915.394
836.61169	6906.6787
837.5213	6881.6753
838.43091	6919.3027
839.34052	6936.8198
840.25012	6932.5605
841.15973	6876.5864
842.06934	6922.0264
842.97894	6936.6025
843.88855	6956.3809
844.79816	6957.2612
845.70776	6954.1821
846.61737	6995.2056
847.52698	6990.6777
848.43658	6911.4512
849.34619	6907.373
850.2558	6924.3462
851.16541	6914.249
852.07501	6898.0762
852.98468	6929.1963
853.89429	6873.271
854.80389	6896.082
855.7135	6879.397
856.62311	6841.4883
857.53271	6818.8647
858.44232	6796.6699
859.35193	6781.6426
860.26154	6788.3667
861.17114	6799.1128
862.08075	6812.1743
862.99036	6835.7905
863.89996	6783.1421
864.80957	6792.7769
865.71918	6711.9365
866.62878	6770.5356
867.53839	6776.5156
868.448	6727.9302
869.3576	6777.249
870.26721	6791.1201
871.17682	6748.7559
872.08643	6771.0024
872.99603	6798.6338
873.90564	6727.061
874.81525	6691.7246
875.72485	6792.6763
876.63446	6792.457
877.54407	6735.7563
878.45367	6770.6089
879.36328	6675.7334
880.27289	6742.1064
881.1825	6668.959
882.0921	6702.627
883.00171	6644.042
883.91132	6627.7695
884.82092	6631.3379
885.73053	6664.6465
886.64014	6688.1353
887.54974	6653.3662
888.45935	6619.1777
889.36896	6636.8721
890.27856	6648.4126
891.18817	6655.248
892.09778	6627.25
893.00739	6629.3779
893.91699	6707.8315
894.8266	6657.6938
895.73621	6664.7544
896.64581	6641.6846
897.55542	6610.2939
898.46503	6602.5063
899.37463	6597.3022
900.28424	6548.6021
901.19385	6577.4038
902.10345	6624.4629
903.01306	6597.6934
903.92267	6612.584
904.83228	6624.5405
905.74188	6623.6284
906.65149	6591.1099
907.5611	6685.1167
908.4707	6696.6729
909.38031	6723.3652
910.28992	6702.0498
911.19952	6686.1484
912.10913	6690.8472
913.01874	6745.0811
913.92834	6730.7163
914.83795	6703.5967
915.74756	6748.4399
916.65717	6736.6357
917.56677	6690.0547
918.47638	6728.6089
919.38599	6744.9302
920.29559	6754.5229
921.2052	6802.5869
922.11487	6833.2344
923.02448	6747.2065
923.93408	6815.5938
924.84369	6867.855
925.7533	6845.625
926.6629	6854.8042
927.57251	6831.2554
928.48212	6870.6709
929.39172	6884.2002
930.30133	6915.5859
931.21094	6881.6885
932.12054	6821.0381
933.03015	6794.4595
933.93976	6777.0103
934.84937	6779.916
935.75897	6803.5015
936.66858	6833.231
937.57819	6814.6143
938.48779	6780.7329
939.3974	6825.5264
940.30701	6883.0298
941.21661	6794.4775
942.12622	6841.4849
943.03583	6836.9541
943.94543	6879.2935
944.85504	6859.8555
945.76465	6840.7217
946.67426	6838.2212
947.58386	6862.7954
948.49347	6851.9434
949.40308	6831.1831
950.31268	6865.9316
951.22229	6900.7959
952.1319	6909.0718
953.0415	6950.4102
953.95111	6966.6646
954.86072	6984.1875
955.77032	7081.2095
956.67993	7089.8252
957.58954	7212.5015
958.49915	7282.7305
959.40875	7340.5371
960.31836	7358.7983
961.22797	7440.2515
962.13757	7543.8369
963.04718	7608.4556
963.95679	7684.7007
964.86639	7712.7134
965.776	7680.7397
966.68561	7655.8301
967.59521	7649.8154
968.50482	7621.8232
969.41443	7588.1304
970.32404	7559.6567
971.23364	7478.6865
972.14325	7417.9419
973.05286	7356.4385
973.96246	7284.9917
974.87207	7229.5908
975.78168	7077.7729
976.69128	7093.4482
977.60089	7065.6143
978.5105	6954.9053
979.4201	6922.1011
980.32971	6895.4751
981.23932	6835.1807
982.14893	6798.3691
983.05853	6743.3784
983.96814	6715.1797
984.87775	6712.2227
985.78735	6704.8721
986.69696	6688.0078
987.60657	6667.2915
988.51617	6688.6157
989.42578	6726.2026
990.33539	6688.8877
991.245	6684.7622
992.15466	6681.7148
993.06427	6759.355
993.97388	6769.8257
994.88348	6774.8877
995.79309	6732.4775
996.7027	6824.0791
997.6123	6853.5264
998.52191	6911.729
999.43152	6941.7729
1000.3411	7002.8179
1001.2507	7012.8589
1002.1603	6999.3491
1003.0699	6898.1294
1003.9796	6869.0864
1004.8892	6793.8413
1005.7988	6713.5991
1006.7084	6661.0503
1007.618	6627.6514
1008.5276	6671.2505
1009.4372	6681.6152
1010.3468	6636.3804
1011.2564	6684.7319
1012.166	6649.5571
1013.0756	6618.7993
1013.9852	6664.4893
1014.8948	6652.5068
1015.8044	6694.4648
1016.7141	6725.6709
1017.6237	6601.7837
1018.5333	6731.1323
1019.4429	6680.1196
1020.3525	6635.7129
1021.2621	6649.1914
1022.1717	6672.5376
1023.0813	6681.3096
1023.9909	6715.1152
1024.9005	6693.1626
1025.8101	6694.9292
1026.7197	6686.3442
1027.6294	6654.7534
1028.5389	6633.7017
1029.4486	6610.2983
1030.3582	6592.4121
1031.2678	6595.7954
1032.1774	6591.4766
1033.087	6578.2754
1033.9966	6569.1108
1034.9063	6522.9009
1035.8158	6465.583
1036.7255	6463.8174
1037.635	6394.6279
1038.5447	6412.3838
1039.4542	6362.1035
1040.3639	6312.312
1041.2734	6262.2539
1042.1831	6277.5581
1043.0927	6246.873
1044.0023	6279.9355
1044.9119	6249.5132
1045.8215	6203.374
1046.7311	6236.1714
1047.6407	6188.5918
1048.5503	6266.9038
1049.46	6258.7817
1050.3695	6253.5083
1051.2792	6220.7373
1052.1887	6194.1978
1053.0984	6180.9551
1054.0079	6212.4253
1054.9176	6247.6255
1055.8271	6237.7891
1056.7368	6218.2944
1057.6464	6244.2793
1058.556	6262.1372
1059.4656	6229.7178
1060.3752	6238.0776
1061.2848	6274.4116
1062.1945	6265.3242
1063.104	6233.9736
1064.0137	6261.2793
1064.9232	6306.0972
1065.8329	6276.3589
1066.7424	6284.4067
1067.6521	6307.5986
1068.5616	6248.9116
1069.4713	6219.2114
1070.3809	6285.1157
1071.2905	6281.957
1072.2001	6183.1919
1073.1097	6206.0098
1074.0193	6242.6187
1074.929	6246.2881
1075.8385	6200.5977
1076.7482	6246.6763
1077.6577	6269.5508
1078.5674	6233.3843
1079.4769	6213.6587
1080.3866	6221.9912
1081.2961	6204.1519
1082.2058	6216.1201
1083.1154	6213.9707
1084.025	6138.4321
1084.9346	6113.1904
1085.8442	6137.0601
1086.7538	6103.231
1087.6635	6126.5181
1088.573	6152.3486
1089.4827	6110.8838
1090.3922	6095.0176
1091.3019	6072.9619
1092.2114	6051.8057
1093.1211	6032.5273
1094.0306	6044.0693
1094.9403	6089.3501
1095.85	6109.3745
1096.7595	6075.5322
1097.6692	6012.4858
1098.5787	5988.7246
1099.4884	5998.3984
1100.3979	5997.7173
1101.3076	5994.5313
1102.2172	5994.7148
1103.1268	5941.8984
1104.0364	5976.6235
1104.946	5979.9409
1105.8556	5997.4473
1106.7653	5989.9243
1107.6748	6015.3662
1108.5845	6019.7388
1109.494	6087.4136
1110.4037	6053.1367
1111.3132	6029.8667
1112.2229	6043.5273
1113.1324	6022.4937
1114.0421	6066.6992
1114.9517	6043.4595
1115.8613	6021.7202
1116.7709	6046.1245
1117.6805	6044.5254
1118.5901	6017.0474
1119.4998	6049.2856
1120.4093	6056.7388
1121.319	6065.9434
1122.2285	6049.7007
1123.1382	6068.6548
1124.0477	6091.9141
1124.9574	6121.2065
1125.8669	6114.8667
1126.7766	6118.8579
1127.6862	6119.9873
1128.5958	6121.855
1129.5054	6172
1130.415	6173.623
1131.3246	6104.3218
1132.2343	6116.9878
1133.1438	6178.4038
1134.0535	6178.3081
1134.963	6149.4458
1135.8727	6127.6621
1136.7822	6155.1074
1137.6919	6164.2651
1138.6014	6171.8931
1139.5111	6205.6626
1140.4207	6177.8677
1141.3303	6165.3008
1142.2399	6103.0205
1143.1495	6120.1763
1144.0591	6116.8135
1144.9688	6133.2139
1145.8783	6162.9258
1146.788	6160.1982
1147.6975	6113.2778
1148.6072	6138.8896
1149.5167	6124.6748
1150.4264	6147.106
1151.3359	6159.9688
1152.2456	6110.0762
1153.1552	6092.7144
1154.0648	6157.2334
1154.9744	6151.5269
1155.884	6169.2422
1156.7936	6132.1372
1157.7032	6101.2959
1158.6128	6101.2944
1159.5225	6063.4624
1160.432	6096.8335
1161.3417	6088.6362
1162.2512	6088.9976
1163.1609	6110.5674
1164.0704	6184.9712
1164.9801	6092.8281
1165.8898	6157.1265
1166.7993	6118.4438
1167.709	6194.8232
1168.6185	6101.3315
1169.5282	6184.8784
1170.4377	6130.8062
1171.3474	6130.7915
1172.257	6179.0435
1173.1666	6174.5732
1174.0762	6229.3193
1174.9858	6179.7554
1175.8954	6217.1543
1176.8051	6271.1523
1177.7146	6321.3706
1178.6243	6291.5815
1179.5338	6308.1147
1180.4435	6403.2173
1181.353	6355.6436
1182.2627	6340.8501
1183.1722	6363.0503
1184.0819	6333.375
1184.9915	6314.3608
1185.9011	6354.543
1186.8107	6344.0513
1187.7203	6336.3789
1188.6299	6320.2036
1189.5396	6315.3667
1190.4491	6342.1719
1191.3588	6379.6792
1192.2683	6325.313
1193.178	6271.6738
1194.0875	6276.1313
1194.9972	6262.5669
1195.9067	6305.7607
1196.8164	6262.3335
1197.726	6280.2739
1198.6356	6251.4028
1199.5452	6314.3706
1200.4548	6307.4951
1201.3644	6350.2241
1202.274	6408.0981
1203.1836	6394.9536
1204.0933	6461.8008
1205.0028	6460.6577
1205.9125	6530.8794
1206.822	6582.0869
1207.7317	6664.855
1208.6412	6632.0732
1209.5509	6646.5483
1210.4604	6664.3335
1211.3701	6607.5078
1212.2797	6568.8223
1213.1893	6506.0083
1214.0989	6467.9683
1215.0085	6418.9063
1215.9181	6417.2607
1216.8278	6369.7568
1217.7373	6397.0942
1218.647	6357.9014
1219.5565	6382.7402
1220.4662	6399.376
1221.3757	6410.4302
1222.2854	6423.832
1223.1949	6411.2959
1224.1046	6428.9941
1225.0142	6457.2017
1225.9238	6418.7354
1226.8334	6474.5049
1227.743	6440.7393
1228.6526	6435.6465
1229.5623	6431.5776
1230.4718	6439.5649
1231.3815	6430.6738
1232.291	6403.9707
1233.2007	6385.6099
1234.1102	6392.4756
1235.0199	6393.6821
1235.9296	6409.8545
1236.8391	6387.2148
1237.7488	6323.7007
1238.6583	6318.8013
1239.568	6311.6406
1240.4775	6332.9155
1241.3872	6299.1382
1242.2968	6301.4722
1243.2064	6297.1987
1244.116	6288.3467
1245.0256	6271.3828
1245.9352	6316.0981
1246.8448	6286.1074
1247.7544	6259.4175
1248.6641	6224.6611
1249.5736	6215.2593
1250.4833	6199.7002
1251.3928	6195.4893
1252.3025	6098.21
1253.212	6098.792
1254.1217	6052.6343
1255.0313	6044.0278
1255.9409	6031.9756
1256.8505	6003.1064
1257.7601	6046.0532
1258.6697	6073.0107
1259.5793	6109.6636
1260.4889	6060.3872
1261.3986	6095.3813
1262.3081	6037.0894
1263.2178	6131.7124
1264.1273	6096.6479
1265.037	6133.1948
1265.9465	6155.3521
1266.8562	6160.9048
1267.7657	6237.1323
1268.6754	6241.0396
1269.585	6324.2363
1270.4946	6344.6299
1271.4042	6361.3101
1272.3138	6358.6074
1273.2234	6377.6909
1274.1331	6401.3218
1275.0426	6340.9883
1275.9523	6339.4038
1276.8618	6311.3032
1277.7715	6276.7607
1278.681	6249.1084
1279.5907	6223.5063
1280.5002	6208.6807
1281.4099	6187.6968
1282.3195	6170.3423
1283.2291	6193.2778
1284.1387	6207.3921
1285.0483	6186.3159
1285.9579	6210.6973
1286.8676	6186.9663
1287.7771	6201.3848
1288.6868	6219.3276
1289.5963	6251.7842
1290.506	6246.0874
1291.4155	6330.6436
1292.3252	6356.2568
1293.2347	6375.2344
1294.1444	6384.103
1295.054	6359.9717
1295.9636	6388.0103
1296.8732	6425.3086
1297.7828	6439.7651
1298.6924	6419.8926
1299.6021	6427.0991
1300.5116	6484.1758
1301.4213	6500.9976
1302.3308	6471.2261
1303.2405	6481.8081
1304.15	6534.9932
1305.0597	6572.8604
1305.9694	6520.9902
1306.8789	6561.7192
1307.7886	6602.6064
1308.6981	6622.0488
1309.6078	6625.4746
1310.5173	6664.5229
1311.427	6640.062
1312.3365	6703.0342
1313.2462	6680.3267
1314.1558	6745.4282
1315.0654	6769.1963
1315.975	6795.9419
1316.8846	6798.8149
1317.7942	6816.2749
1318.7039	6846.188
1319.6134	6886.4937
1320.5231	6888.4287
1321.4326	6836.1514
1322.3423	6846.0439
1323.2518	6868.4194
1324.1615	6862.7959
1325.071	6856.7495
1325.9807	6821.9854
1326.8903	6825.8535
1327.7999	6806.5942
1328.7095	6783.4492
1329.6191	6787.8687
1330.5287	6776.2974
1331.4384	6757.3906
1332.3479	6766.6543
1333.2576	6823.0444
1334.1671	6846.1685
1335.0768	6875.5059
1335.9863	6905.4214
1336.896	6902.3457
1337.8055	6930.7695
1338.7152	6936.2412
1339.6248	6934.7363
1340.5344	6883.8428
1341.444	6833.9585
1342.3536	6817.1274
1343.2632	6789.9126
1344.1729	6746.2646
1345.0824	6677.1172
1345.9921	6614.0996
1346.9016	6585.5674
1347.8113	6493.3838
1348.7208	6432.4102
1349.6305	6405.9712
1350.54	6369.3457
1351.4497	6330.8481
1352.3593	6308.2964
1353.2689	6217.666
1354.1785	6186.7803
1355.0881	6174.2588
1355.9977	6129.3525
1356.9073	6095.1484
1357.8169	6146.2534
1358.7266	6067.585
1359.6361	6064.5654
1360.5458	6055.4653
1361.4553	6066.6372
1362.365	6031.7964
1363.2745	6060.6533
1364.1842	6045.9756
1365.0938	6097.6577
1366.0034	6047.7231
1366.913	6110.916
1367.8226	6045.5376
1368.7322	6045.3262
1369.6418	6138.7339
1370.5514	6010.0195
1371.4611	6069.8003
1372.3706	6081.4556
1373.2803	6090.7715
1374.1899	6101.9453
1375.0995	6021.1748
1376.0092	6024.1729
1376.9187	5988.5801
1377.8284	5933.7876
1378.7379	5891.9946
1379.6476	5871.7349
1380.5571	5869.5015
1381.4668	5826.3872
1382.3763	5857.1416
1383.286	5808.3335
1384.1956	5760.1509
1385.1052	5768.083
1386.0148	5789.9775
1386.9244	5735.7925
1387.834	5673.1846
1388.7437	5660.5386
1389.6532	5677.9292
1390.5629	5668.4243
1391.4724	5661.2642
1392.3821	5678.3374
1393.2916	5688.707
1394.2013	5749.3154
1395.1108	5768.7378
1396.0205	5726.1631
1396.9301	5731.8496
1397.8397	5791.1494
1398.7493	5860.896
1399.6589	5910.5537
1400.5685	5842.9702
1401.4781	5857.6138
1402.3877	5759.7163
1403.2974	5807.9346
1404.2069	5717.1069
1405.1166	5722.3701
1406.0261	5685.4858
1406.9358	5617.9077
1407.8453	5546.9858
1408.755	5485.4434
1409.6646	5513.0283
1410.5742	5447.8965
1411.4838	5413.9985
1412.3934	5365.9199
1413.303	5386.8472
1414.2126	5371.1611
1415.1222	5354.2476
1416.0319	5349.7373
1416.9414	5362.2603
1417.8511	5359.6118
1418.7606	5360.9385
1419.6703	5359.5098
1420.5798	5369.1733
1421.4895	5344.3267
1422.399	5343.7681
1423.3087	5358.9609
1424.2183	5401.96
1425.1279	5399.3154
1426.0375	5418.0234
1426.9471	5468.2778
1427.8567	5487.7046
1428.7664	5499.5483
1429.6759	5548.9863
1430.5856	5596.9077
1431.4951	5616.5103
1432.4048	5654.292
1433.3143	5664.9888
1434.224	5675.8809
1435.1335	5689.2275
1436.0432	5744.0879
1436.9528	5775.666
1437.8624	5791.4023
1438.772	5822.4937
1439.6816	5827.1421
1440.5912	5840.4775
1441.5009	5816.502
1442.4104	5828.9692
1443.3201	5870.6587
1444.2297	5887.3232
1445.1393	5902.7476
1446.049	5890.9429
1446.9585	5896.5903
1447.8682	5945.7178
1448.7777	5992.5474
1449.6874	6001.3296
1450.5969	5957.7915
1451.5066	6025.5298
1452.4161	6035.0015
1453.3258	6003.333
1454.2354	6030.5459
1455.145	5972.334
1456.0546	6008.6064
1456.9642	5906.959
1457.8738	5843.4458
1458.7834	5775.7437
1459.693	5758.8198
1460.6027	5733.0054
1461.5122	5694.6792
1462.4219	5667.3467
1463.3314	5636.9878
1464.2411	5627.6729
1465.1506	5548.002
1466.0603	5491.8901
1466.9698	5505.832
1467.8795	5510.0781
1468.7891	5505.4351
1469.6987	5439.3452
1470.6083	5411.3657
1471.5179	5348.9912
1472.4275	5320.1582
1473.3372	5299.3306
1474.2467	5252.6963
1475.1564	5282.6753
1476.0659	5201.7764
1476.9756	5232.3711
1477.8851	5189.209
1478.7948	5190.9307
1479.7043	5215.0254
1480.614	5222.6279
1481.5236	5205.4287
1482.4332	5201.6426
1483.3428	5152.6885
1484.2524	5170.4858
1485.162	5219.7817
1486.0717	5200.3125
1486.9812	5189.1494
1487.8909	5203.8423
1488.8004	5241.8984
1489.7101	5225.1538
1490.6196	5236.0615
1491.5293	5177.666
1492.4388	5229.2534
1493.3485	5266.4863
1494.2581	5267.834
1495.1677	5266.9312
1496.0773	5251.8315
1496.9869	5340.0913
1497.8965	5367.4424
1498.8062	5384.1274
1499.7157	5435.0137
1500.6254	5452.9434
1501.5349	5500.4292
1502.4446	5462.1646
1503.3541	5462.5737
1504.2638	5495.6455
1505.1733	5497.8604
1506.083	5507.6201
1506.9926	5491.314
1507.9022	5510.9023
1508.8118	5492.5991
1509.7214	5533.9849
1510.631	5488.9775
1511.5406	5494.9658
1512.4502	5457.3237
1513.3599	5403.5332
1514.2695	5396.8184
1515.1791	5458.1953
1516.0887	5425.062
1516.9983	5478.9976
1517.908	5410.1289
1518.8175	5410.1543
1519.7272	5341.9961
1520.6367	5329.0737
1521.5464	5365.5688
1522.4559	5366.0996
1523.3656	5353.4282
1524.2751	5332.5547
1525.1848	5313.603
1526.0944	5319.7314
1527.004	5274.5776
1527.9136	5287.2646
1528.8232	5262.0615
1529.7328	5215.6777
1530.6425	5279.9478
1531.552	5271.6064
1532.4617	5274.0059
1533.3712	5246.4175
1534.2809	5234.2998
1535.1904	5242.8818
1536.1001	5239.3047
1537.0096	5233.8784
1537.9193	5208.1899
1538.8289	5182.3975
1539.7385	5179.9585
1540.6481	5205.8403
1541.5577	5260.3237
1542.4673	5325.5918
1543.377	5291.5522
1544.2865	5257.6611
1545.1962	5296.3359
1546.1057	5383.7729
1547.0154	5393.688
1547.9249	5401.9546
1548.8346	5365.6328
1549.7441	5377.5557
1550.6538	5356.3755
1551.5634	5357.207
1552.473	5302.5103
1553.3826	5230.2905
1554.2922	5155.9448
1555.2018	5155.0562
1556.1115	5145.3467
1557.021	5089.771
1557.9307	5119.9595
1558.8402	5074.3545
1559.7499	5105.6328
1560.6594	5088.2681
1561.5691	5145.1577
1562.4786	5172.9829
1563.3883	5189.77
1564.2979	5217.5229
1565.2075	5228.2979
1566.1171	5272.8076
1567.0267	5288.5977
1567.9363	5266.3159
1568.8459	5271.3442
1569.7555	5300.5771
1570.6652	5287.0688
1571.5747	5335.5298
1572.4844	5328.5122
1573.3939	5269.0654
1574.3036	5266.231
1575.2131	5292.6909
1576.1228	5243.356
1577.0323	5248.4844
1577.942	5267.8159
1578.8516	5244.8281
1579.7612	5219.4844
1580.6708	5230.9019
1581.5804	5204.9941
1582.49	5156.9209
1583.3997	5128.2871
1584.3093	5103.1982
1585.2189	5107.8535
1586.1285	5075.0835
1587.0381	5102.5469
1587.9478	5070.5718
1588.8573	5070.5405
1589.767	5047.8882
1590.6765	4981.9644
1591.5862	4973.3662
1592.4957	4961.2871
1593.4054	4968.6289
1594.3149	4975.3271
1595.2246	4993.2012
1596.1342	4943.7661
1597.0438	4866.6602
1597.9534	4885.1938
1598.863	4918.3452
1599.7726	4907.8325
1600.6823	4889.6074
1601.5918	4877.3491
1602.5015	4864.2363
1603.411	4843.0015
1604.3207	4876.8896
1605.2302	4825.3428
1606.1399	4747.0068
1607.0494	4793.5869
1607.9591	4799.7549
1608.8687	4793.6787
1609.7783	4793.6807
1610.6879	4822.4106
1611.5975	4792.8242
1612.5071	4834.0625
1613.4167	4864.437
1614.3263	4830.9517
1615.236	4841.0449
1616.1455	4850.4844
1617.0552	4805.0098
1617.9647	4775.9365
1618.8744	4720.3169
1619.7839	4598.6255
1620.6936	4579.0444
1621.6031	4512.5454
1622.5128	4499.7944
1623.4224	4328.7563
1624.332	4326.1196
1625.2416	4301.5845
1626.1512	4300.8779
1627.0608	4245.0234
1627.9705	4212.9673
1628.88	4206.5527
1629.7897	4215.7446
1630.6992	4211.3242
1631.6089	4220.0903
1632.5184	4180.8799
1633.4281	4133.3765
1634.3376	4141.2983
1635.2473	4079.3845
1636.1569	4093.1353
1637.0665	4054.2217
1637.9761	4047.6262
1638.8857	4042.0837
1639.7953	4032.5391
1640.705	4065.009
1641.6145	4035.5261
1642.5242	4008.9292
1643.4337	3972.4128
1644.3434	3906.1794
1645.2529	3942.9565
1646.1626	3858.6724
1647.0721	3883.1965
1647.9818	3797.167
1648.8914	3807.3953
1649.801	3773.5701
1650.7106	3770.5205
1651.6202	3742.2466
1652.5299	3708.8074
1653.4395	3661.3176
1654.3491	3654.6206
1655.2587	3610.7163
1656.1683	3621.7021
1657.0779	3579.4963
1657.9875	3604.6162
1658.8971	3560.2488
1659.8068	3561.915
1660.7163	3543.0132
1661.626	3501.1172
1662.5355	3504.4443
1663.4452	3502.6167
1664.3547	3453.9175
1665.2644	3466.407
1666.174	3438.2451
1667.0836	3409.9856
1667.9932	3410.3059
1668.9028	3396.593
1669.8124	3412.0657
1670.722	3378.7012
1671.6316	3376.5867
1672.5413	3379.8289
1673.4508	3361.4087
1674.3605	3361.47
1675.27	3383.8652
1676.1797	3363.5918
1677.0892	3353.8518
1677.9989	3307.7839
1678.9084	3319.4268
1679.8181	3286.2117
1680.7277	3315.79
1681.6373	3298.0608
1682.5469	3289.5518
1683.4565	3298.2534
1684.3661	3276.2603
1685.2758	3302.9846
1686.1853	3259.1116
1687.095	3271.8367
1688.0045	3263.1292
1688.9142	3228.5344
1689.8237	3249.688
1690.7334	3254.1675
1691.6429	3228.0081
1692.5526	3198.323
1693.4622	3200.0894
1694.3718	3219.8477
1695.2814	3205.8423
1696.191	3228.3538
1697.1006	3154.3127
1698.0103	3179.8484
1698.9198	3161.3362
1699.8295	3146.2112
1700.739	3115.9353
1701.6487	3135.7559
1702.5582	3163.9805
1703.4679	3170.5664
1704.3774	3130.9519
1705.2871	3120.5469
1706.1967	3089.6465
1707.1063	3078.5479
1708.0159	3084.6274
1708.9255	3098.9263
1709.8351	3067.3572
1710.7448	3076.3013
1711.6543	3052.5381
1712.564	3026.1636
1713.4735	3053.1563
1714.3832	3051.48
1715.2927	3037.8809
1716.2024	3029.3508
1717.1119	3008.3865
1718.0216	3016.0098
1718.9312	2983.0901
1719.8408	2980.2178
1720.7504	3000.9883
1721.66	2982.8081
1722.5697	2942.5818
1723.4792	2998.9226
1724.3889	2923.4949
1725.2985	2986.2307
1726.2081	2939.6362
1727.1177	2980.7324
1728.0273	2958.4397
1728.9369	2930.6194
1729.8466	2937.7078
1730.7561	2930.5532
1731.6658	2902.3472
1732.5753	2927.0588
1733.485	2906.7378
1734.3945	2900.3892
1735.3042	2929.8865
1736.2137	2887.0032
1737.1234	2896.3887
1738.033	2887.3123
1738.9426	2848.9683
1739.8522	2890.8708
1740.7618	2856.9043
1741.6714	2840.781
1742.5811	2848.7148
1743.4906	2809.8242
1744.4003	2856.7378
1745.3098	2849.0781
1746.2195	2838.1694
1747.129	2810.9099
1748.0387	2784.3865
1748.9482	2789.2056
1749.8579	2776.2292
1750.7675	2782.2642
1751.6771	2804.5928
1752.5867	2779.0171
1753.4963	2767.0227
1754.4059	2762.1997
1755.3156	2727.4551
1756.2251	2717.2705
1757.1348	2734.3674
1758.0443	2708.9661
1758.954	2749.9995
1759.8635	2760.9951
1760.7732	2760.1108
1761.6827	2751.053
1762.5924	2693.0156
1763.502	2680.4951
1764.4116	2691.0405
1765.3212	2663.4893
1766.2308	2675.9526
1767.1404	2678.1858
1768.05	2662.238
1768.9596	2672.0146
1769.8693	2669.6653
1770.7788	2650.6997
1771.6885	2644.2568
1772.598	2663.6211
1773.5077	2640.1177
1774.4172	2622.821
1775.3269	2648.5647
1776.2365	2638.8928
1777.1461	2638.156
1778.0557	2657.2668
1778.9653	2653.9788
1779.8749	2660.9304
1780.7845	2657.1455
1781.6941	2663.613
1782.6038	2631.4192
1783.5133	2647.1934
1784.423	2655.5178
1785.3325	2639.1069
1786.2422	2624.7065
1787.1517	2605.5349
1788.0614	2626.2405
1788.9709	2606.2168
1789.8806	2597.0876
1790.7902	2614.8726
1791.6998	2599.2993
1792.6095	2574.4219
1793.519	2562.8149
1794.4287	2541.218
1795.3383	2555.2336
1796.2479	2557.4199
1797.1575	2597.0198
1798.0671	2540.9143
1798.9767	2558.0325
1799.8864	2547.3196
1800.7959	2525.7969
1801.7056	2516.5615
1802.6151	2489.3188
1803.5248	2482.6499
1804.4343	2475.741
1805.344	2502.375
1806.2535	2465.9802
1807.1632	2469.3113
1808.0728	2485.8831
1808.9824	2468.2427
1809.892	2467.1667
1810.8016	2454.2671
1811.7112	2455.5261
1812.6208	2471.7852
1813.5304	2460.3621
1814.4401	2445.4575
1815.3496	2454.6868
1816.2593	2459.5959
1817.1688	2444.6428
1818.0785	2424.5142
1818.988	2450.3364
1819.8977	2429.1016
1820.8073	2462.739
1821.7169	2432.0601
1822.6265	2452.3865
1823.5361	2476.2493
1824.4457	2473.6843
1825.3553	2475.9343
1826.2649	2484.6589
1827.1746	2471.2273
1828.0841	2389.9302
1828.9938	2399.4385
1829.9033	2376.1072
1830.813	2364.0393
1831.7225	2373.762
1832.6322	2377.2761
1833.5417	2416.1729
1834.4514	2394.1943
1835.361	2389.53
1836.2706	2389.9438
1837.1802	2400.1443
1838.0898	2417.7493
1838.9994	2442.675
1839.9091	2431.5
1840.8186	2403.1658
1841.7283	2389.6453
1842.6378	2366.8418
1843.5475	2350.2903
1844.457	2373.5947
1845.3667	2388.2954
1846.2762	2359.0315
1847.1859	2354.7588
1848.0955	2369.7178
1849.0051	2316.1431
1849.9147	2340.7969
1850.8243	2323.1338
1851.7339	2320.2371
1852.6436	2304.1162
1853.5531	2333.0432
1854.4628	2300.6323
1855.3723	2287.6709
1856.282	2278.6858
1857.1915	2306.2036
1858.1012	2293.5566
1859.0107	2298.4041
1859.9204	2317.835
1860.83	2295.6511
1861.7396	2275.9712
1862.6493	2287.8923
1863.5588	2303.3633
1864.4685	2317.5415
1865.3781	2300.1362
1866.2877	2298.4702
1867.1973	2317.6816
1868.1069	2292.3386
1869.0165	2289.0098
1869.9261	2298.3965
1870.8357	2273.042
1871.7454	2264.9521
1872.6549	2267.9966
1873.5646	2262.0479
1874.4741	2245.666
1875.3838	2315.3877
1876.2933	2269.3481
1877.203	2288.7617
1878.1125	2267.4124
1879.0222	2270.7734
1879.9318	2257.9751
1880.8414	2266.3232
1881.751	2244.033
1882.6606	2259.9617
1883.5702	2243.3911
1884.4799	2225.9509
1885.3894	2250.4858
1886.2991	2267.5679
1887.2086	2265.9988
1888.1183	2257.6372
1889.0278	2243.0432
1889.9375	2217.3511
1890.847	2250.2546
1891.7567	2243.8484
1892.6663	2234.9651
1893.5759	2242.6245
1894.4855	2213.5376
1895.3951	2228.2327
1896.3047	2225.2585
1897.2144	2221.646
1898.1239	2217.5532
1899.0336	2218.9119
1899.9431	2236.7246
1900.8528	2227.075
1901.7623	2214.5732
1902.672	2201.8997
1903.5815	2225.0608
1904.4912	2232.969
1905.4008	2179.4634
1906.3104	2175.2813
1907.22	2167.4363
1908.1296	2206.6108
1909.0392	2177.855
1909.9489	2174.3438
1910.8584	2189.8049
1911.7681	2162.3137
1912.6776	2172.6655
1913.5873	2128.3049
1914.4968	2130.644
1915.4065	2123.2837
1916.316	2129.5051
1917.2257	2148.1763
1918.1353	2073.9265
1919.0449	2086.6719
1919.9545	2112.4517
1920.8641	2099.281
1921.7737	2100.75
1922.6833	2117.1824
1923.5929	2088.8633
1924.5026	2125.4072
1925.4121	2126.1719
1926.3218	2146.8091
1927.2313	2133.72
1928.141	2120.8579
1929.0505	2122.0242
1929.9602	2097.2788
1930.8699	2159.3958
1931.7794	2127.7483
1932.6891	2083.1023
1933.5986	2124.6707
1934.5083	2109.4102
1935.4178	2075.8313
1936.3275	2088.4065
1937.2371	2109.311
1938.1467	2084.2649
1939.0563	2087.824
1939.9659	2089.4229
1940.8755	2076.021
1941.7852	2053.042
1942.6947	2034.1318
1943.6044	2033.7751
1944.5139	2026.1438
1945.4236	2005.7887
1946.3331	2019.1272
1947.2428	2028.975
1948.1523	2068.457
1949.062	2083.1038
1949.9716	2077.8093
1950.8812	2050.6465
1951.7908	2055.6016
1952.7004	2050.7551
1953.61	2068.4766
1954.5197	2020.4088
1955.4292	2033.6442
1956.3389	2034.3267
1957.2484	2021.1846
1958.1581	2020.4529
1959.0676	1983.3971
1959.9773	1975.1096
1960.8868	1951.3704
1961.7965	1962.8663
1962.7061	1993.9473
1963.6157	2021.4406
1964.5253	1995.2748
1965.4349	2012.1904
1966.3445	1987.48
1967.2542	1991.8513
1968.1637	1985.9773
1969.0734	1955.0933
1969.9829	1971.0776
1970.8926	1943.6459
1971.8021	1926.2172
1972.7118	1933.6392
1973.6213	1963.1715
1974.531	1956.9817
1975.4406	1953.6486
1976.3502	1947.891
1977.2598	1953.9596
1978.1694	1965.9882
1979.079	1959.8647
1979.9886	1936.0193
1980.8982	1983.457
1981.8079	1961.8177
1982.7174	1949.2479
1983.6271	1913.5376
1984.5366	1900.9363
1985.4463	1897.3452
1986.3558	1887.7236
1987.2655	1890.329
1988.175	1912.0319
1989.0847	1896.1246
1989.9943	1876.293
1990.9039	1882.666
1991.8135	1899.8262
1992.7231	1909.2369
1993.6327	1923.9304
1994.5424	1914.3336
1995.4519	1912.575
1996.3616	1869.5967
1997.2711	1893.8328
1998.1808	1894.4094
1999.0903	1889.8601
2000	1842.7086
