-1.09652E+02	 4.46667E+02
-1.06671E+02	 4.47833E+02
-1.03692E+02	 4.46500E+02
-1.00714E+02	 4.45000E+02
-9.77370E+01	 4.45833E+02
-9.47610E+01	 4.46167E+02
-9.17861E+01	 4.45333E+02
-8.88123E+01	 4.47333E+02
-8.58395E+01	 4.43500E+02
-8.28679E+01	 4.47167E+02
-7.98974E+01	 4.45333E+02
-7.69279E+01	 4.45833E+02
-7.39595E+01	 4.46333E+02
-7.09922E+01	 4.45333E+02
-6.80260E+01	 4.46000E+02
-6.50609E+01	 4.45500E+02
-6.20968E+01	 4.47167E+02
-5.91339E+01	 4.46667E+02
-5.61720E+01	 4.45000E+02
-5.32112E+01	 4.46500E+02
-5.02515E+01	 4.45667E+02
-4.72928E+01	 4.46667E+02
-4.43352E+01	 4.46333E+02
-4.13787E+01	 4.46000E+02
-3.84233E+01	 4.47333E+02
-3.54689E+01	 4.48333E+02
-3.25156E+01	 4.45667E+02
-2.95634E+01	 4.47333E+02
-2.66123E+01	 4.46833E+02
-2.36622E+01	 4.48833E+02
-2.07132E+01	 4.46833E+02
-1.77652E+01	 4.48500E+02
-1.48183E+01	 4.47333E+02
-1.18725E+01	 4.46000E+02
-8.92773E+00	 4.46167E+02
-5.98404E+00	 4.48333E+02
-3.04140E+00	 4.48500E+02
-9.98263E-02	 4.52000E+02
 2.84069E+00	 4.54500E+02
 5.78015E+00	 4.56167E+02
 8.71855E+00	 4.52000E+02
 1.16559E+01	 4.49500E+02
 1.45922E+01	 4.49333E+02
 1.75274E+01	 4.49667E+02
 2.04616E+01	 4.49167E+02
 2.33947E+01	 4.50167E+02
 2.63268E+01	 4.48500E+02
 2.92578E+01	 4.54000E+02
 3.21878E+01	 4.50833E+02
 3.51167E+01	 4.52500E+02
 3.80446E+01	 4.54333E+02
 4.09714E+01	 4.55500E+02
 4.38972E+01	 4.59000E+02
 4.68220E+01	 4.64000E+02
 4.97457E+01	 4.65500E+02
 5.26683E+01	 4.72000E+02
 5.55899E+01	 4.80333E+02
 5.85105E+01	 4.91667E+02
 6.14300E+01	 5.16000E+02
 6.43485E+01	 5.86000E+02
 6.72660E+01	 7.91500E+02
 7.01824E+01	 1.39983E+03
 7.30978E+01	 2.76817E+03
 7.60121E+01	 5.10817E+03
 7.89254E+01	 7.86683E+03
 8.18377E+01	 1.02112E+04
 8.47489E+01	 1.16700E+04
 8.76591E+01	 1.23530E+04
 9.05683E+01	 1.24165E+04
 9.34764E+01	 1.24628E+04
 9.63836E+01	 1.22562E+04
 9.92896E+01	 1.20165E+04
 1.02195E+02	 1.19122E+04
 1.05099E+02	 1.18435E+04
 1.08002E+02	 1.16930E+04
 1.10904E+02	 1.14675E+04
 1.13805E+02	 1.12908E+04
 1.16705E+02	 1.10297E+04
 1.19604E+02	 1.06457E+04
 1.22501E+02	 1.04357E+04
 1.25398E+02	 1.01657E+04
 1.28294E+02	 9.84767E+03
 1.31189E+02	 9.71483E+03
 1.34083E+02	 9.45183E+03
 1.36976E+02	 9.26100E+03
 1.39867E+02	 9.08783E+03
 1.42758E+02	 8.96000E+03
 1.45648E+02	 8.85150E+03
 1.48537E+02	 8.73183E+03
 1.51424E+02	 8.55450E+03
 1.54311E+02	 8.41167E+03
 1.57197E+02	 8.30950E+03
 1.60081E+02	 8.24133E+03
 1.62965E+02	 8.07500E+03
 1.65848E+02	 7.96700E+03
 1.68729E+02	 7.84883E+03
 1.71610E+02	 7.69567E+03
 1.74490E+02	 7.61250E+03
 1.77368E+02	 7.51800E+03
 1.80246E+02	 7.38400E+03
 1.83123E+02	 7.34233E+03
 1.85998E+02	 7.35833E+03
 1.88873E+02	 7.34617E+03
 1.91746E+02	 7.33000E+03
 1.94619E+02	 7.38067E+03
 1.97491E+02	 7.39200E+03
 2.00361E+02	 7.43050E+03
 2.03231E+02	 7.42683E+03
 2.06100E+02	 7.55000E+03
 2.08967E+02	 7.61317E+03
 2.11834E+02	 7.65150E+03
 2.14699E+02	 7.75350E+03
 2.17564E+02	 7.76883E+03
 2.20428E+02	 7.77533E+03
 2.23290E+02	 7.83917E+03
 2.26152E+02	 7.85717E+03
 2.29013E+02	 7.87483E+03
 2.31873E+02	 7.82283E+03
 2.34731E+02	 7.77050E+03
 2.37589E+02	 7.82467E+03
 2.40446E+02	 7.71600E+03
 2.43301E+02	 7.62800E+03
 2.46156E+02	 7.46683E+03
 2.49010E+02	 7.39533E+03
 2.51863E+02	 7.23617E+03
 2.54714E+02	 7.06650E+03
 2.57565E+02	 6.96933E+03
 2.60415E+02	 6.83433E+03
 2.63264E+02	 6.63217E+03
 2.66112E+02	 6.50983E+03
 2.68959E+02	 6.35967E+03
 2.71805E+02	 6.23850E+03
 2.74650E+02	 6.10950E+03
 2.77494E+02	 6.00417E+03
 2.80337E+02	 5.91083E+03
 2.83179E+02	 5.85517E+03
 2.86020E+02	 5.78683E+03
 2.88860E+02	 5.71600E+03
 2.91699E+02	 5.72100E+03
 2.94537E+02	 5.62783E+03
 2.97374E+02	 5.57000E+03
 3.00210E+02	 5.54883E+03
 3.03045E+02	 5.53217E+03
 3.05880E+02	 5.51217E+03
 3.08713E+02	 5.48550E+03
 3.11545E+02	 5.44783E+03
 3.14376E+02	 5.40867E+03
 3.17207E+02	 5.40100E+03
 3.20036E+02	 5.42500E+03
 3.22865E+02	 5.41783E+03
 3.25692E+02	 5.38083E+03
 3.28519E+02	 5.40567E+03
 3.31344E+02	 5.41017E+03
 3.34169E+02	 5.37817E+03
 3.36992E+02	 5.36617E+03
 3.39815E+02	 5.36167E+03
 3.42637E+02	 5.38983E+03
 3.45457E+02	 5.32867E+03
 3.48277E+02	 5.29800E+03
 3.51096E+02	 5.30850E+03
 3.53914E+02	 5.26217E+03
 3.56731E+02	 5.26850E+03
 3.59547E+02	 5.27400E+03
 3.62362E+02	 5.29450E+03
 3.65176E+02	 5.33583E+03
 3.67989E+02	 5.32333E+03
 3.70801E+02	 5.33867E+03
 3.73612E+02	 5.31883E+03
 3.76422E+02	 5.34600E+03
 3.79232E+02	 5.32750E+03
 3.82040E+02	 5.33350E+03
 3.84847E+02	 5.32400E+03
 3.87654E+02	 5.32367E+03
 3.90459E+02	 5.31400E+03
 3.93264E+02	 5.36650E+03
 3.96067E+02	 5.31933E+03
 3.98870E+02	 5.32017E+03
 4.01672E+02	 5.34950E+03
 4.04472E+02	 5.38383E+03
 4.07272E+02	 5.33583E+03
 4.10071E+02	 5.33917E+03
 4.12869E+02	 5.36450E+03
 4.15666E+02	 5.33633E+03
 4.18462E+02	 5.37300E+03
 4.21257E+02	 5.36533E+03
 4.24051E+02	 5.35733E+03
 4.26844E+02	 5.35517E+03
 4.29637E+02	 5.28067E+03
 4.32428E+02	 5.31833E+03
 4.35218E+02	 5.33233E+03
 4.38008E+02	 5.26967E+03
 4.40796E+02	 5.32750E+03
 4.43584E+02	 5.27300E+03
 4.46371E+02	 5.26333E+03
 4.49156E+02	 5.28717E+03
 4.51941E+02	 5.28533E+03
 4.54725E+02	 5.27517E+03
 4.57508E+02	 5.29500E+03
 4.60290E+02	 5.29800E+03
 4.63071E+02	 5.31517E+03
 4.65851E+02	 5.28567E+03
 4.68630E+02	 5.34367E+03
 4.71409E+02	 5.34633E+03
 4.74186E+02	 5.35000E+03
 4.76963E+02	 5.31067E+03
 4.79738E+02	 5.34217E+03
 4.82513E+02	 5.32967E+03
 4.85286E+02	 5.29167E+03
 4.88059E+02	 5.29000E+03
 4.90831E+02	 5.28050E+03
 4.93602E+02	 5.31933E+03
 4.96372E+02	 5.31700E+03
 4.99141E+02	 5.32500E+03
 5.01909E+02	 5.24967E+03
 5.04676E+02	 5.24617E+03
 5.07442E+02	 5.23283E+03
 5.10208E+02	 5.25917E+03
 5.12972E+02	 5.25833E+03
 5.15736E+02	 5.25883E+03
 5.18498E+02	 5.33983E+03
 5.21260E+02	 5.42683E+03
 5.24021E+02	 5.53583E+03
 5.26781E+02	 5.51200E+03
 5.29539E+02	 5.37200E+03
 5.32298E+02	 5.24017E+03
 5.35055E+02	 5.19867E+03
 5.37811E+02	 5.15717E+03
 5.40566E+02	 5.11483E+03
 5.43321E+02	 5.14883E+03
 5.46074E+02	 5.13117E+03
 5.48827E+02	 5.19017E+03
 5.51578E+02	 5.18267E+03
 5.54329E+02	 5.18500E+03
 5.57079E+02	 5.12600E+03
 5.59828E+02	 5.13133E+03
 5.62576E+02	 5.12267E+03
 5.65323E+02	 5.14783E+03
 5.68069E+02	 5.15067E+03
 5.70814E+02	 5.13967E+03
 5.73559E+02	 5.15533E+03
 5.76302E+02	 5.12050E+03
 5.79045E+02	 5.12767E+03
 5.81786E+02	 5.15267E+03
 5.84527E+02	 5.16667E+03
 5.87267E+02	 5.17183E+03
 5.90006E+02	 5.15517E+03
 5.92744E+02	 5.19217E+03
 5.95481E+02	 5.15767E+03
 5.98218E+02	 5.19000E+03
 6.00953E+02	 5.18017E+03
 6.03688E+02	 5.19283E+03
 6.06421E+02	 5.14967E+03
 6.09154E+02	 5.13700E+03
 6.11886E+02	 5.16533E+03
 6.14616E+02	 5.17033E+03
 6.17347E+02	 5.18633E+03
 6.20076E+02	 5.21167E+03
 6.22804E+02	 5.23117E+03
 6.25531E+02	 5.22517E+03
 6.28258E+02	 5.21450E+03
 6.30983E+02	 5.26367E+03
 6.33708E+02	 5.26300E+03
 6.36432E+02	 5.28667E+03
 6.39154E+02	 5.31333E+03
 6.41876E+02	 5.34750E+03
 6.44597E+02	 5.39767E+03
 6.47318E+02	 5.37983E+03
 6.50037E+02	 5.39683E+03
 6.52755E+02	 5.41233E+03
 6.55473E+02	 5.39533E+03
 6.58190E+02	 5.38217E+03
 6.60905E+02	 5.40733E+03
 6.63620E+02	 5.42850E+03
 6.66334E+02	 5.40417E+03
 6.69047E+02	 5.34733E+03
 6.71759E+02	 5.35933E+03
 6.74471E+02	 5.27450E+03
 6.77181E+02	 5.23533E+03
 6.79891E+02	 5.23100E+03
 6.82600E+02	 5.19933E+03
 6.85307E+02	 5.21750E+03
 6.88014E+02	 5.20267E+03
 6.90720E+02	 5.18750E+03
 6.93426E+02	 5.22217E+03
 6.96130E+02	 5.07050E+03
 6.98833E+02	 5.03867E+03
 7.01536E+02	 5.07950E+03
 7.04237E+02	 5.07167E+03
 7.06938E+02	 5.03300E+03
 7.09638E+02	 4.96750E+03
 7.12337E+02	 4.98033E+03
 7.15035E+02	 4.98283E+03
 7.17733E+02	 5.00500E+03
 7.20429E+02	 4.98867E+03
 7.23125E+02	 4.99483E+03
 7.25819E+02	 5.00000E+03
 7.28513E+02	 5.05067E+03
 7.31206E+02	 5.00850E+03
 7.33898E+02	 5.07817E+03
 7.36589E+02	 5.02767E+03
 7.39280E+02	 5.02700E+03
 7.41969E+02	 5.06033E+03
 7.44658E+02	 5.10250E+03
 7.47345E+02	 5.06450E+03
 7.50032E+02	 5.03717E+03
 7.52718E+02	 5.11350E+03
 7.55403E+02	 5.14167E+03
 7.58087E+02	 5.13550E+03
 7.60771E+02	 5.12600E+03
 7.63453E+02	 5.09617E+03
 7.66135E+02	 5.11867E+03
 7.68816E+02	 5.12000E+03
 7.71496E+02	 5.13883E+03
 7.74175E+02	 5.11883E+03
 7.76853E+02	 5.11917E+03
 7.79530E+02	 5.11217E+03
 7.82207E+02	 5.09650E+03
 7.84882E+02	 5.08483E+03
 7.87557E+02	 5.09683E+03
 7.90231E+02	 5.09600E+03
 7.92904E+02	 5.10117E+03
 7.95576E+02	 5.10633E+03
 7.98248E+02	 5.12783E+03
 8.00918E+02	 5.14683E+03
 8.03588E+02	 5.14533E+03
 8.06256E+02	 5.09317E+03
 8.08924E+02	 5.22033E+03
 8.11591E+02	 5.23417E+03
 8.14257E+02	 5.20750E+03
 8.16923E+02	 5.23900E+03
 8.19587E+02	 5.22917E+03
 8.22251E+02	 5.22983E+03
 8.24914E+02	 5.29167E+03
 8.27576E+02	 5.29100E+03
 8.30237E+02	 5.30967E+03
 8.32897E+02	 5.30700E+03
 8.35556E+02	 5.32250E+03
 8.38215E+02	 5.37000E+03
 8.40872E+02	 5.36583E+03
 8.43529E+02	 5.36400E+03
 8.46185E+02	 5.36150E+03
 8.48840E+02	 5.33200E+03
 8.51495E+02	 5.34300E+03
 8.54148E+02	 5.32783E+03
 8.56800E+02	 5.32817E+03
 8.59452E+02	 5.29050E+03
 8.62103E+02	 5.28617E+03
 8.64753E+02	 5.27050E+03
 8.67402E+02	 5.31983E+03
 8.70051E+02	 5.25100E+03
 8.72698E+02	 5.25800E+03
 8.75345E+02	 5.27617E+03
 8.77991E+02	 5.24983E+03
 8.80636E+02	 5.30417E+03
 8.83280E+02	 5.24817E+03
 8.85923E+02	 5.30050E+03
 8.88565E+02	 5.27100E+03
 8.91207E+02	 5.25250E+03
 8.93848E+02	 5.24783E+03
 8.96488E+02	 5.26300E+03
 8.99127E+02	 5.29400E+03
 9.01765E+02	 5.30683E+03
 9.04402E+02	 5.29367E+03
 9.07039E+02	 5.31200E+03
 9.09675E+02	 5.34617E+03
 9.12310E+02	 5.36617E+03
 9.14944E+02	 5.38800E+03
 9.17577E+02	 5.35567E+03
 9.20209E+02	 5.35933E+03
 9.22841E+02	 5.42767E+03
 9.25472E+02	 5.42550E+03
 9.28102E+02	 5.45067E+03
 9.30731E+02	 5.48333E+03
 9.33359E+02	 5.46600E+03
 9.35986E+02	 5.50083E+03
 9.38613E+02	 5.54200E+03
 9.41238E+02	 5.54817E+03
 9.43863E+02	 5.55000E+03
 9.46487E+02	 5.55633E+03
 9.49111E+02	 5.61883E+03
 9.51733E+02	 5.65933E+03
 9.54355E+02	 5.61467E+03
 9.56975E+02	 5.64850E+03
 9.59595E+02	 5.65150E+03
 9.62214E+02	 5.64350E+03
 9.64833E+02	 5.69783E+03
 9.67450E+02	 5.62667E+03
 9.70067E+02	 5.65400E+03
 9.72682E+02	 5.64900E+03
 9.75297E+02	 5.65000E+03
 9.77912E+02	 5.65517E+03
 9.80525E+02	 5.60367E+03
 9.83137E+02	 5.60917E+03
 9.85749E+02	 5.58917E+03
 9.88360E+02	 5.58133E+03
 9.90970E+02	 5.62883E+03
 9.93579E+02	 5.60183E+03
 9.96187E+02	 5.63783E+03
 9.98795E+02	 5.67533E+03
 1.00140E+03	 5.73617E+03
 1.00401E+03	 5.75533E+03
 1.00661E+03	 5.66250E+03
 1.00922E+03	 5.63167E+03
 1.01182E+03	 5.59233E+03
 1.01442E+03	 5.59567E+03
 1.01702E+03	 5.57517E+03
 1.01963E+03	 5.61317E+03
 1.02223E+03	 5.60017E+03
 1.02483E+03	 5.65300E+03
 1.02742E+03	 5.69833E+03
 1.03002E+03	 5.68917E+03
 1.03262E+03	 5.76917E+03
 1.03521E+03	 5.77100E+03
 1.03781E+03	 5.76767E+03
 1.04040E+03	 5.80300E+03
 1.04300E+03	 5.79450E+03
 1.04559E+03	 5.86633E+03
 1.04818E+03	 5.86250E+03
 1.05077E+03	 5.88533E+03
 1.05336E+03	 5.87100E+03
 1.05595E+03	 5.87383E+03
 1.05854E+03	 5.89367E+03
 1.06113E+03	 5.93800E+03
 1.06372E+03	 5.99783E+03
 1.06630E+03	 6.05083E+03
 1.06889E+03	 6.08883E+03
 1.07147E+03	 6.18667E+03
 1.07406E+03	 6.24983E+03
 1.07664E+03	 6.29033E+03
 1.07922E+03	 6.28200E+03
 1.08181E+03	 6.35100E+03
 1.08439E+03	 6.37300E+03
 1.08697E+03	 6.41783E+03
 1.08955E+03	 6.43017E+03
 1.09212E+03	 6.41000E+03
 1.09470E+03	 6.41133E+03
 1.09728E+03	 6.49450E+03
 1.09985E+03	 6.51517E+03
 1.10243E+03	 6.54117E+03
 1.10500E+03	 6.58400E+03
 1.10758E+03	 6.64117E+03
 1.11015E+03	 6.68067E+03
 1.11272E+03	 6.67517E+03
 1.11529E+03	 6.72783E+03
 1.11786E+03	 6.78200E+03
 1.12043E+03	 6.87033E+03
 1.12300E+03	 6.89050E+03
 1.12557E+03	 6.96083E+03
 1.12813E+03	 7.11667E+03
 1.13070E+03	 7.19050E+03
 1.13327E+03	 7.22133E+03
 1.13583E+03	 7.37733E+03
 1.13840E+03	 7.42800E+03
 1.14096E+03	 7.59917E+03
 1.14352E+03	 7.59650E+03
 1.14608E+03	 7.73450E+03
 1.14864E+03	 7.96267E+03
 1.15120E+03	 8.05550E+03
 1.15376E+03	 8.20017E+03
 1.15632E+03	 8.34883E+03
 1.15888E+03	 8.48767E+03
 1.16143E+03	 8.54650E+03
 1.16399E+03	 8.61100E+03
 1.16654E+03	 8.69233E+03
 1.16910E+03	 8.80500E+03
 1.17165E+03	 8.96167E+03
 1.17421E+03	 8.91800E+03
 1.17676E+03	 9.08750E+03
 1.17931E+03	 9.19733E+03
 1.18186E+03	 9.25550E+03
 1.18441E+03	 9.33983E+03
 1.18696E+03	 9.34717E+03
 1.18951E+03	 9.35233E+03
 1.19205E+03	 9.28417E+03
 1.19460E+03	 9.34700E+03
 1.19714E+03	 9.52767E+03
 1.19969E+03	 9.59067E+03
 1.20223E+03	 9.58917E+03
 1.20478E+03	 9.64717E+03
 1.20732E+03	 9.64700E+03
 1.20986E+03	 9.69850E+03
 1.21240E+03	 9.71867E+03
 1.21494E+03	 9.85000E+03
 1.21748E+03	 9.98750E+03
 1.22002E+03	 1.00217E+04
 1.22256E+03	 1.01200E+04
 1.22509E+03	 1.00575E+04
 1.22763E+03	 1.01363E+04
 1.23017E+03	 1.02675E+04
 1.23270E+03	 1.04238E+04
 1.23523E+03	 1.05452E+04
 1.23777E+03	 1.07375E+04
 1.24030E+03	 1.07195E+04
 1.24283E+03	 1.07780E+04
 1.24536E+03	 1.08922E+04
 1.24789E+03	 1.09972E+04
 1.25042E+03	 1.11070E+04
 1.25295E+03	 1.10573E+04
 1.25548E+03	 1.12275E+04
 1.25800E+03	 1.12837E+04
 1.26053E+03	 1.12405E+04
 1.26305E+03	 1.12788E+04
 1.26558E+03	 1.14675E+04
 1.26810E+03	 1.15603E+04
 1.27063E+03	 1.16183E+04
 1.27315E+03	 1.17628E+04
 1.27567E+03	 1.19893E+04
 1.27819E+03	 1.18882E+04
 1.28071E+03	 1.21708E+04
 1.28323E+03	 1.21588E+04
 1.28575E+03	 1.21862E+04
 1.28826E+03	 1.22692E+04
 1.29078E+03	 1.23710E+04
 1.29330E+03	 1.23827E+04
 1.29581E+03	 1.24613E+04
 1.29833E+03	 1.25497E+04
 1.30084E+03	 1.25605E+04
 1.30335E+03	 1.26465E+04
 1.30586E+03	 1.28362E+04
 1.30838E+03	 1.28913E+04
 1.31089E+03	 1.28580E+04
 1.31340E+03	 1.29758E+04
 1.31591E+03	 1.31650E+04
 1.31841E+03	 1.32988E+04
 1.32092E+03	 1.32925E+04
 1.32343E+03	 1.33523E+04
 1.32593E+03	 1.34098E+04
 1.32844E+03	 1.35218E+04
 1.33094E+03	 1.36528E+04
 1.33345E+03	 1.37450E+04
 1.33595E+03	 1.38185E+04
 1.33845E+03	 1.38087E+04
 1.34095E+03	 1.38762E+04
 1.34345E+03	 1.39685E+04
 1.34595E+03	 1.40083E+04
 1.34845E+03	 1.42072E+04
 1.35095E+03	 1.42640E+04
 1.35345E+03	 1.43170E+04
 1.35594E+03	 1.43790E+04
 1.35844E+03	 1.43747E+04
 1.36094E+03	 1.44338E+04
 1.36343E+03	 1.43003E+04
 1.36592E+03	 1.44638E+04
 1.36842E+03	 1.43787E+04
 1.37091E+03	 1.42423E+04
 1.37340E+03	 1.43072E+04
 1.37589E+03	 1.41878E+04
 1.37838E+03	 1.41443E+04
 1.38087E+03	 1.41268E+04
 1.38336E+03	 1.40323E+04
 1.38585E+03	 1.40433E+04
 1.38833E+03	 1.40912E+04
 1.39082E+03	 1.40667E+04
 1.39330E+03	 1.40287E+04
 1.39579E+03	 1.40167E+04
 1.39827E+03	 1.39210E+04
 1.40075E+03	 1.38155E+04
 1.40324E+03	 1.37357E+04
 1.40572E+03	 1.36293E+04
 1.40820E+03	 1.35013E+04
 1.41068E+03	 1.35487E+04
 1.41316E+03	 1.35262E+04
 1.41564E+03	 1.32907E+04
 1.41811E+03	 1.31653E+04
 1.42059E+03	 1.31705E+04
 1.42307E+03	 1.31082E+04
 1.42554E+03	 1.30633E+04
 1.42802E+03	 1.30948E+04
 1.43049E+03	 1.30852E+04
 1.43296E+03	 1.31252E+04
 1.43544E+03	 1.31762E+04
 1.43791E+03	 1.31658E+04
 1.44038E+03	 1.30880E+04
 1.44285E+03	 1.31107E+04
 1.44532E+03	 1.32185E+04
 1.44779E+03	 1.32680E+04
 1.45026E+03	 1.31598E+04
 1.45272E+03	 1.32448E+04
 1.45519E+03	 1.31972E+04
 1.45766E+03	 1.31895E+04
 1.46012E+03	 1.32913E+04
 1.46258E+03	 1.34633E+04
 1.46505E+03	 1.32968E+04
 1.46751E+03	 1.33972E+04
 1.46997E+03	 1.34933E+04
 1.47243E+03	 1.36225E+04
 1.47489E+03	 1.38283E+04
 1.47735E+03	 1.39130E+04
 1.47981E+03	 1.38698E+04
 1.48227E+03	 1.41357E+04
 1.48473E+03	 1.43453E+04
 1.48719E+03	 1.44050E+04
 1.48964E+03	 1.45372E+04
 1.49210E+03	 1.46915E+04
 1.49455E+03	 1.47008E+04
 1.49700E+03	 1.48558E+04
 1.49946E+03	 1.50987E+04
 1.50191E+03	 1.53190E+04
 1.50436E+03	 1.54210E+04
 1.50681E+03	 1.56275E+04
 1.50926E+03	 1.55718E+04
 1.51171E+03	 1.56427E+04
 1.51416E+03	 1.58425E+04
 1.51661E+03	 1.59812E+04
 1.51905E+03	 1.62428E+04
 1.52150E+03	 1.64033E+04
 1.52395E+03	 1.64470E+04
 1.52639E+03	 1.66478E+04
 1.52884E+03	 1.69732E+04
 1.53128E+03	 1.69345E+04
 1.53372E+03	 1.71422E+04
 1.53616E+03	 1.73410E+04
 1.53860E+03	 1.76242E+04
 1.54104E+03	 1.77838E+04
 1.54348E+03	 1.81398E+04
 1.54592E+03	 1.83642E+04
 1.54836E+03	 1.86938E+04
 1.55080E+03	 1.90472E+04
 1.55324E+03	 1.92387E+04
 1.55567E+03	 1.94908E+04
 1.55811E+03	 1.98077E+04
 1.56054E+03	 1.97452E+04
 1.56297E+03	 2.01692E+04
 1.56541E+03	 2.01890E+04
 1.56784E+03	 2.05518E+04
 1.57027E+03	 2.06492E+04
 1.57270E+03	 2.10908E+04
 1.57513E+03	 2.10983E+04
 1.57756E+03	 2.13220E+04
 1.57999E+03	 2.12768E+04
 1.58242E+03	 2.13547E+04
 1.58485E+03	 2.14432E+04
 1.58727E+03	 2.13818E+04
 1.58970E+03	 2.14853E+04
 1.59212E+03	 2.15280E+04
 1.59455E+03	 2.15185E+04
 1.59697E+03	 2.13095E+04
 1.59939E+03	 2.13122E+04
 1.60182E+03	 2.09575E+04
 1.60424E+03	 2.09335E+04
 1.60666E+03	 2.08187E+04
 1.60908E+03	 2.01835E+04
 1.61150E+03	 1.96557E+04
 1.61391E+03	 1.91620E+04
 1.61633E+03	 1.85000E+04
 1.61875E+03	 1.78007E+04
 1.62117E+03	 1.72505E+04
 1.62358E+03	 1.67920E+04
 1.62600E+03	 1.60135E+04
 1.62841E+03	 1.52160E+04
 1.63082E+03	 1.46335E+04
 1.63324E+03	 1.39568E+04
 1.63565E+03	 1.33585E+04
 1.63806E+03	 1.27787E+04
 1.64047E+03	 1.21382E+04
 1.64288E+03	 1.15080E+04
 1.64529E+03	 1.10753E+04
 1.64770E+03	 1.04850E+04
 1.65010E+03	 1.01377E+04
 1.65251E+03	 9.66950E+03
 1.65492E+03	 9.30867E+03
 1.65732E+03	 8.94817E+03
 1.65973E+03	 8.68333E+03
 1.66213E+03	 8.38067E+03
 1.66453E+03	 8.21450E+03
 1.66694E+03	 8.04167E+03
 1.66934E+03	 7.78567E+03
 1.67174E+03	 7.61767E+03
 1.67414E+03	 7.41433E+03
 1.67654E+03	 7.22033E+03
 1.67894E+03	 7.04650E+03
 1.68134E+03	 6.92533E+03
 1.68373E+03	 6.74550E+03
 1.68613E+03	 6.66117E+03
 1.68853E+03	 6.55600E+03
 1.69092E+03	 6.46500E+03
 1.69332E+03	 6.39150E+03
 1.69571E+03	 6.28533E+03
 1.69810E+03	 6.18767E+03
 1.70050E+03	 6.14983E+03
 1.70289E+03	 6.11317E+03
 1.70528E+03	 6.03283E+03
 1.70767E+03	 5.95083E+03
 1.71006E+03	 5.90517E+03
 1.71245E+03	 5.87000E+03
 1.71483E+03	 5.81750E+03
 1.71722E+03	 5.74100E+03
 1.71961E+03	 5.65917E+03
 1.72199E+03	 5.62833E+03
 1.72438E+03	 5.58917E+03
 1.72676E+03	 5.51833E+03
 1.72915E+03	 5.48717E+03
 1.73153E+03	 5.42383E+03
 1.73391E+03	 5.37217E+03
 1.73630E+03	 5.30783E+03
 1.73868E+03	 5.31067E+03
 1.74106E+03	 5.24767E+03
 1.74344E+03	 5.21900E+03
 1.74582E+03	 5.17717E+03
 1.74819E+03	 5.19950E+03
 1.75057E+03	 5.14217E+03
 1.75295E+03	 5.12350E+03
 1.75532E+03	 5.07933E+03
 1.75770E+03	 5.06183E+03
 1.76007E+03	 4.98717E+03
 1.76245E+03	 4.99217E+03
 1.76482E+03	 5.00600E+03
 1.76719E+03	 4.98917E+03
 1.76957E+03	 4.95333E+03
 1.77194E+03	 4.90850E+03
 1.77431E+03	 4.85867E+03
 1.77668E+03	 4.83900E+03
 1.77905E+03	 4.84367E+03
 1.78141E+03	 4.78967E+03
 1.78378E+03	 4.78100E+03
 1.78615E+03	 4.77383E+03
 1.78851E+03	 4.78017E+03
 1.79088E+03	 4.70717E+03
 1.79324E+03	 4.68800E+03
 1.79561E+03	 4.66117E+03
 1.79797E+03	 4.70033E+03
 1.80033E+03	 4.69683E+03
 1.80270E+03	 4.67633E+03
 1.80506E+03	 4.66633E+03
 1.80742E+03	 4.69017E+03
 1.80978E+03	 4.64383E+03
 1.81214E+03	 4.65733E+03
 1.81450E+03	 4.59767E+03
 1.81685E+03	 4.64933E+03
 1.81921E+03	 4.61800E+03
 1.82157E+03	 4.62167E+03
 1.82392E+03	 4.63283E+03
 1.82628E+03	 4.64533E+03
 1.82863E+03	 4.63583E+03
 1.83098E+03	 4.62867E+03
 1.83334E+03	 4.62783E+03
 1.83569E+03	 4.60000E+03
 1.83804E+03	 4.59300E+03
 1.84039E+03	 4.61017E+03
 1.84274E+03	 4.59333E+03
 1.84509E+03	 4.58583E+03
 1.84744E+03	 4.57867E+03
 1.84979E+03	 4.60217E+03
 1.85213E+03	 4.59933E+03
 1.85448E+03	 4.58733E+03
 1.85683E+03	 4.60183E+03
 1.85917E+03	 4.58567E+03
 1.86152E+03	 4.59900E+03
 1.86386E+03	 4.55400E+03
 1.86620E+03	 4.56367E+03
 1.86855E+03	 4.55900E+03
 1.87089E+03	 4.58283E+03
 1.87323E+03	 4.59917E+03
 1.87557E+03	 4.60017E+03
 1.87791E+03	 4.56300E+03
 1.88025E+03	 4.58617E+03
 1.88259E+03	 4.59417E+03
 1.88492E+03	 4.54083E+03
 1.88726E+03	 4.58117E+03
 1.88960E+03	 4.59317E+03
 1.89193E+03	 4.59150E+03
 1.89427E+03	 4.60333E+03
 1.89660E+03	 4.57133E+03
 1.89893E+03	 4.58767E+03
 1.90127E+03	 4.58567E+03
 1.90360E+03	 4.60050E+03
 1.90593E+03	 4.63517E+03
 1.90826E+03	 4.58150E+03
 1.91059E+03	 4.57233E+03
 1.91292E+03	 4.60350E+03
 1.91525E+03	 4.61800E+03
 1.91758E+03	 4.61317E+03
 1.91990E+03	 4.56333E+03
 1.92223E+03	 4.58617E+03
 1.92456E+03	 4.59567E+03
 1.92688E+03	 4.62350E+03
 1.92921E+03	 4.61633E+03
 1.93153E+03	 4.57617E+03
 1.93385E+03	 4.58250E+03
 1.93617E+03	 4.63067E+03
 1.93850E+03	 4.59050E+03
 1.94082E+03	 4.63567E+03
 1.94314E+03	 4.57867E+03
 1.94546E+03	 4.59667E+03
 1.94778E+03	 4.57900E+03
 1.95009E+03	 4.62833E+03
 1.95241E+03	 4.64517E+03
 1.95473E+03	 4.60317E+03
 1.95704E+03	 4.65350E+03
 1.95936E+03	 4.64083E+03
 1.96168E+03	 4.65167E+03
 1.96399E+03	 4.61450E+03
 1.96630E+03	 4.67317E+03
 1.96862E+03	 4.66500E+03
 1.97093E+03	 4.65317E+03
 1.97324E+03	 4.71233E+03
 1.97555E+03	 4.66800E+03
 1.97786E+03	 4.68200E+03
 1.98017E+03	 4.62350E+03
 1.98248E+03	 4.69117E+03
 1.98479E+03	 4.72183E+03
 1.98709E+03	 4.69917E+03
 1.98940E+03	 4.67883E+03
 1.99171E+03	 4.71633E+03
 1.99401E+03	 4.68333E+03
 1.99632E+03	 4.68633E+03
 1.99862E+03	 4.66483E+03
 2.00092E+03	 4.66550E+03
 2.00323E+03	 4.66283E+03
 2.00553E+03	 4.63883E+03
 2.00783E+03	 4.72967E+03
 2.01013E+03	 4.68083E+03
 2.01243E+03	 4.71333E+03
 2.01473E+03	 4.66667E+03
 2.01703E+03	 4.70383E+03
 2.01933E+03	 4.69083E+03
 2.02162E+03	 4.69533E+03
 2.02392E+03	 4.68883E+03
 2.02622E+03	 4.67333E+03
 2.02851E+03	 4.66550E+03
 2.03081E+03	 4.62717E+03
 2.03310E+03	 4.67617E+03
 2.03539E+03	 4.71967E+03
 2.03769E+03	 4.73717E+03
 2.03998E+03	 4.69667E+03
 2.04227E+03	 4.71400E+03
 2.04456E+03	 4.68567E+03
 2.04685E+03	 4.68683E+03
 2.04914E+03	 4.73167E+03
 2.05143E+03	 4.73300E+03
 2.05371E+03	 4.67633E+03
 2.05600E+03	 4.71750E+03
 2.05829E+03	 4.67883E+03
 2.06057E+03	 4.70417E+03
 2.06286E+03	 4.69833E+03
 2.06514E+03	 4.68317E+03
 2.06743E+03	 4.69533E+03
 2.06971E+03	 4.74517E+03
 2.07199E+03	 4.71367E+03
 2.07427E+03	 4.66250E+03
 2.07656E+03	 4.68400E+03
 2.07884E+03	 4.67267E+03
 2.08112E+03	 4.69817E+03
 2.08339E+03	 4.67617E+03
 2.08567E+03	 4.69650E+03
 2.08795E+03	 4.69750E+03
 2.09023E+03	 4.69583E+03
 2.09250E+03	 4.75300E+03
 2.09478E+03	 4.76833E+03
 2.09706E+03	 4.76283E+03
 2.09933E+03	 4.73400E+03
 2.10160E+03	 4.73483E+03
 2.10388E+03	 4.76850E+03
 2.10615E+03	 4.76483E+03
 2.10842E+03	 4.73683E+03
 2.11069E+03	 4.76417E+03
 2.11296E+03	 4.76833E+03
 2.11523E+03	 4.76817E+03
 2.11750E+03	 4.74683E+03
 2.11977E+03	 4.72667E+03
 2.12204E+03	 4.72483E+03
 2.12431E+03	 4.76200E+03
 2.12657E+03	 4.75200E+03
 2.12884E+03	 4.71600E+03
 2.13110E+03	 4.69967E+03
 2.13337E+03	 4.72017E+03
 2.13563E+03	 4.79350E+03
 2.13790E+03	 4.80250E+03
 2.14016E+03	 4.80167E+03
 2.14242E+03	 4.73650E+03
 2.14468E+03	 4.75633E+03
 2.14694E+03	 4.72300E+03
 2.14920E+03	 4.78333E+03
 2.15146E+03	 4.82017E+03
 2.15372E+03	 4.75667E+03
 2.15598E+03	 4.81567E+03
 2.15823E+03	 4.82517E+03
 2.16049E+03	 4.77217E+03
 2.16275E+03	 4.78183E+03
 2.16500E+03	 4.84300E+03
 2.16726E+03	 4.82383E+03
 2.16951E+03	 4.82050E+03
 2.17176E+03	 4.81600E+03
 2.17402E+03	 4.81283E+03
 2.17627E+03	 4.83383E+03
 2.17852E+03	 4.80283E+03
 2.18077E+03	 4.84150E+03
 2.18302E+03	 4.83567E+03
 2.18527E+03	 4.84300E+03
 2.18752E+03	 4.83733E+03
 2.18977E+03	 4.77733E+03
 2.19202E+03	 4.81783E+03
 2.19426E+03	 4.80900E+03
 2.19651E+03	 4.84100E+03
 2.19875E+03	 4.85850E+03
 2.20100E+03	 4.85900E+03
 2.20324E+03	 4.81500E+03
 2.20549E+03	 4.86550E+03
 2.20773E+03	 4.85650E+03
 2.20997E+03	 4.83050E+03
 2.21221E+03	 4.90233E+03
 2.21446E+03	 4.89300E+03
 2.21670E+03	 4.86733E+03
 2.21894E+03	 4.85217E+03
 2.22117E+03	 4.87933E+03
 2.22341E+03	 4.84700E+03
 2.22565E+03	 4.81133E+03
 2.22789E+03	 4.82850E+03
 2.23012E+03	 4.85133E+03
 2.23236E+03	 4.82267E+03
 2.23459E+03	 4.83983E+03
 2.23683E+03	 4.78700E+03
 2.23906E+03	 4.80600E+03
 2.24130E+03	 4.82483E+03
 2.24353E+03	 4.77983E+03
 2.24576E+03	 4.78850E+03
 2.24799E+03	 4.78900E+03
 2.25022E+03	 4.78783E+03
 2.25245E+03	 4.80317E+03
 2.25468E+03	 4.79183E+03
 2.25691E+03	 4.81533E+03
 2.25914E+03	 4.78100E+03
 2.26137E+03	 4.77283E+03
 2.26359E+03	 4.77567E+03
 2.26582E+03	 4.75683E+03
 2.26804E+03	 4.77633E+03
 2.27027E+03	 4.73933E+03
 2.27249E+03	 4.73417E+03
 2.27472E+03	 4.73250E+03
 2.27694E+03	 4.78667E+03
 2.27916E+03	 4.76867E+03
 2.28138E+03	 4.76967E+03
 2.28361E+03	 4.77850E+03
 2.28583E+03	 4.76550E+03
 2.28805E+03	 4.75700E+03
 2.29026E+03	 4.76567E+03
 2.29248E+03	 4.78767E+03
 2.29470E+03	 4.77600E+03
 2.29692E+03	 4.76667E+03
 2.29913E+03	 4.82383E+03
 2.30135E+03	 4.77200E+03
 2.30357E+03	 4.75200E+03
 2.30578E+03	 4.78167E+03
 2.30799E+03	 4.75283E+03
 2.31021E+03	 4.76217E+03
 2.31242E+03	 4.78467E+03
 2.31463E+03	 4.77833E+03
 2.31684E+03	 4.78283E+03
 2.31905E+03	 4.79150E+03
 2.32126E+03	 4.77533E+03
 2.32347E+03	 4.78133E+03
 2.32568E+03	 4.74800E+03
 2.32789E+03	 4.74683E+03
 2.33010E+03	 4.74100E+03
 2.33231E+03	 4.77917E+03
 2.33451E+03	 4.76300E+03
 2.33672E+03	 4.76350E+03
 2.33892E+03	 4.73350E+03
 2.34113E+03	 4.79550E+03
 2.34333E+03	 4.81517E+03
 2.34553E+03	 4.76100E+03
 2.34774E+03	 4.77250E+03
 2.34994E+03	 4.77367E+03
 2.35214E+03	 4.77017E+03
 2.35434E+03	 4.74417E+03
 2.35654E+03	 4.75967E+03
 2.35874E+03	 4.76883E+03
 2.36094E+03	 4.77467E+03
 2.36314E+03	 4.76983E+03
 2.36533E+03	 4.80350E+03
 2.36753E+03	 4.79433E+03
 2.36973E+03	 4.82517E+03
 2.37192E+03	 4.76733E+03
 2.37412E+03	 4.80383E+03
 2.37631E+03	 4.73817E+03
 2.37851E+03	 4.75967E+03
 2.38070E+03	 4.81933E+03
 2.38289E+03	 4.75900E+03
 2.38508E+03	 4.80617E+03
 2.38727E+03	 4.79650E+03
 2.38947E+03	 4.80667E+03
 2.39166E+03	 4.78383E+03
 2.39384E+03	 4.81600E+03
 2.39603E+03	 4.79400E+03
 2.39822E+03	 4.76000E+03
 2.40041E+03	 4.77467E+03
 2.40260E+03	 4.77317E+03
 2.40478E+03	 4.76733E+03
 2.40697E+03	 4.79750E+03
 2.40915E+03	 4.78733E+03
 2.41134E+03	 4.76783E+03
 2.41352E+03	 4.74667E+03
 2.41570E+03	 4.73967E+03
 2.41789E+03	 4.76167E+03
 2.42007E+03	 4.78633E+03
 2.42225E+03	 4.78983E+03
 2.42443E+03	 4.77683E+03
 2.42661E+03	 4.76733E+03
 2.42879E+03	 4.79083E+03
 2.43097E+03	 4.77233E+03
 2.43315E+03	 4.79083E+03
 2.43532E+03	 4.75617E+03
 2.43750E+03	 4.75850E+03
 2.43968E+03	 4.80250E+03
 2.44185E+03	 4.71450E+03
 2.44403E+03	 4.76283E+03
 2.44620E+03	 4.81850E+03
 2.44837E+03	 4.78383E+03
 2.45055E+03	 4.76733E+03
 2.45272E+03	 4.80917E+03
 2.45489E+03	 4.78433E+03
 2.45706E+03	 4.79483E+03
 2.45923E+03	 4.80583E+03
 2.46140E+03	 4.82083E+03
 2.46357E+03	 4.83183E+03
 2.46574E+03	 4.80783E+03
 2.46791E+03	 4.84950E+03
 2.47008E+03	 4.80217E+03
 2.47224E+03	 4.89117E+03
 2.47441E+03	 4.83900E+03
 2.47658E+03	 4.85683E+03
 2.47874E+03	 4.83883E+03
 2.48091E+03	 4.81817E+03
 2.48307E+03	 4.82850E+03
 2.48523E+03	 4.82400E+03
 2.48740E+03	 4.86700E+03
 2.48956E+03	 4.88967E+03
 2.49172E+03	 4.87583E+03
 2.49388E+03	 4.87717E+03
 2.49604E+03	 4.90617E+03
 2.49820E+03	 4.86117E+03
 2.50036E+03	 4.87133E+03
 2.50252E+03	 4.88333E+03
 2.50467E+03	 4.86350E+03
 2.50683E+03	 4.89217E+03
 2.50899E+03	 4.88433E+03
 2.51114E+03	 4.88083E+03
 2.51330E+03	 4.92167E+03
 2.51545E+03	 4.87983E+03
 2.51761E+03	 4.88783E+03
 2.51976E+03	 4.94717E+03
 2.52191E+03	 4.91283E+03
 2.52407E+03	 4.90433E+03
 2.52622E+03	 4.91200E+03
 2.52837E+03	 4.89583E+03
 2.53052E+03	 4.93700E+03
 2.53267E+03	 4.92817E+03
 2.53482E+03	 4.92700E+03
 2.53697E+03	 4.93533E+03
 2.53911E+03	 4.93300E+03
 2.54126E+03	 4.95017E+03
 2.54341E+03	 4.96133E+03
 2.54555E+03	 4.98267E+03
 2.54770E+03	 4.96000E+03
 2.54985E+03	 4.94033E+03
 2.55199E+03	 4.94800E+03
 2.55413E+03	 4.98700E+03
 2.55628E+03	 4.98283E+03
 2.55842E+03	 4.98967E+03
 2.56056E+03	 5.01250E+03
 2.56270E+03	 5.00167E+03
 2.56484E+03	 4.97083E+03
 2.56698E+03	 5.00650E+03
 2.56912E+03	 5.00833E+03
 2.57126E+03	 5.03900E+03
 2.57340E+03	 5.07167E+03
 2.57554E+03	 5.01050E+03
 2.57767E+03	 4.99900E+03
 2.57981E+03	 5.01167E+03
 2.58195E+03	 5.00483E+03
 2.58408E+03	 5.05633E+03
 2.58622E+03	 5.04233E+03
 2.58835E+03	 5.07417E+03
 2.59048E+03	 5.04217E+03
 2.59262E+03	 5.04550E+03
 2.59475E+03	 5.03067E+03
 2.59688E+03	 5.01667E+03
 2.59901E+03	 5.07783E+03
 2.60114E+03	 5.07000E+03
 2.60327E+03	 5.06600E+03
 2.60540E+03	 5.02800E+03
 2.60753E+03	 5.05467E+03
 2.60966E+03	 5.10500E+03
 2.61178E+03	 5.07183E+03
 2.61391E+03	 5.06017E+03
 2.61604E+03	 5.12750E+03
 2.61816E+03	 5.06367E+03
 2.62029E+03	 5.07300E+03
 2.62241E+03	 5.10200E+03
 2.62454E+03	 5.09517E+03
 2.62666E+03	 5.12350E+03
 2.62878E+03	 5.11817E+03
 2.63090E+03	 5.14483E+03
 2.63303E+03	 5.18150E+03
 2.63515E+03	 5.16233E+03
 2.63727E+03	 5.18567E+03
 2.63939E+03	 5.17783E+03
 2.64151E+03	 5.14233E+03
 2.64362E+03	 5.22633E+03
 2.64574E+03	 5.20967E+03
 2.64786E+03	 5.19117E+03
 2.64998E+03	 5.27633E+03
 2.65209E+03	 5.28750E+03
 2.65421E+03	 5.18850E+03
 2.65632E+03	 5.23783E+03
 2.65844E+03	 5.25367E+03
 2.66055E+03	 5.26350E+03
 2.66266E+03	 5.24717E+03
 2.66478E+03	 5.26667E+03
 2.66689E+03	 5.30450E+03
 2.66900E+03	 5.27833E+03
 2.67111E+03	 5.32333E+03
 2.67322E+03	 5.30150E+03
 2.67533E+03	 5.32533E+03
 2.67744E+03	 5.36283E+03
 2.67955E+03	 5.35167E+03
 2.68165E+03	 5.35667E+03
 2.68376E+03	 5.34100E+03
 2.68587E+03	 5.37967E+03
 2.68797E+03	 5.37217E+03
 2.69008E+03	 5.42100E+03
 2.69218E+03	 5.43383E+03
 2.69429E+03	 5.44883E+03
 2.69639E+03	 5.47283E+03
 2.69850E+03	 5.40300E+03
 2.70060E+03	 5.43833E+03
 2.70270E+03	 5.43867E+03
 2.70480E+03	 5.48250E+03
 2.70690E+03	 5.48000E+03
 2.70900E+03	 5.49850E+03
 2.71110E+03	 5.49367E+03
 2.71320E+03	 5.51350E+03
 2.71530E+03	 5.55783E+03
 2.71740E+03	 5.53833E+03
 2.71949E+03	 5.54383E+03
 2.72159E+03	 5.50850E+03
 2.72369E+03	 5.57750E+03
 2.72578E+03	 5.53517E+03
 2.72788E+03	 5.55267E+03
 2.72997E+03	 5.58650E+03
 2.73206E+03	 5.57900E+03
 2.73416E+03	 5.57783E+03
 2.73625E+03	 5.56983E+03
 2.73834E+03	 5.58783E+03
 2.74043E+03	 5.60867E+03
 2.74252E+03	 5.59683E+03
 2.74461E+03	 5.59767E+03
 2.74670E+03	 5.58017E+03
 2.74879E+03	 5.56083E+03
 2.75088E+03	 5.54217E+03
 2.75297E+03	 5.58600E+03
 2.75506E+03	 5.57083E+03
 2.75714E+03	 5.56367E+03
 2.75923E+03	 5.60800E+03
 2.76131E+03	 5.62817E+03
 2.76340E+03	 5.56067E+03
 2.76548E+03	 5.57383E+03
 2.76757E+03	 5.60317E+03
 2.76965E+03	 5.58483E+03
 2.77173E+03	 5.56967E+03
 2.77382E+03	 5.59533E+03
 2.77590E+03	 5.62217E+03
 2.77798E+03	 5.60800E+03
 2.78006E+03	 5.57817E+03
 2.78214E+03	 5.58450E+03
 2.78422E+03	 5.62183E+03
 2.78630E+03	 5.59933E+03
 2.78837E+03	 5.61000E+03
 2.79045E+03	 5.64833E+03
 2.79253E+03	 5.58533E+03
 2.79460E+03	 5.60767E+03
 2.79668E+03	 5.63183E+03
 2.79876E+03	 5.60283E+03
 2.80083E+03	 5.59633E+03
 2.80290E+03	 5.65167E+03
 2.80498E+03	 5.59767E+03
 2.80705E+03	 5.67983E+03
 2.80912E+03	 5.68150E+03
 2.81119E+03	 5.68883E+03
 2.81327E+03	 5.68367E+03
 2.81534E+03	 5.69117E+03
 2.81741E+03	 5.69950E+03
 2.81947E+03	 5.66033E+03
 2.82154E+03	 5.67750E+03
 2.82361E+03	 5.72200E+03
 2.82568E+03	 5.72033E+03
 2.82775E+03	 5.72200E+03
 2.82981E+03	 5.70750E+03
 2.83188E+03	 5.75083E+03
 2.83394E+03	 5.81417E+03
 2.83601E+03	 5.81300E+03
 2.83807E+03	 5.82800E+03
 2.84014E+03	 5.92600E+03
 2.84220E+03	 5.99917E+03
 2.84426E+03	 6.07600E+03
 2.84632E+03	 6.13050E+03
 2.84839E+03	 6.23200E+03
 2.85045E+03	 6.30450E+03
 2.85251E+03	 6.33567E+03
 2.85457E+03	 6.41450E+03
 2.85663E+03	 6.40383E+03
 2.85868E+03	 6.43900E+03
 2.86074E+03	 6.37117E+03
 2.86280E+03	 6.36750E+03
 2.86486E+03	 6.35383E+03
 2.86691E+03	 6.39633E+03
 2.86897E+03	 6.43550E+03
 2.87102E+03	 6.46267E+03
 2.87308E+03	 6.44100E+03
 2.87513E+03	 6.42483E+03
 2.87719E+03	 6.43467E+03
 2.87924E+03	 6.43950E+03
 2.88129E+03	 6.48417E+03
 2.88334E+03	 6.51250E+03
 2.88539E+03	 6.54633E+03
 2.88744E+03	 6.47867E+03
 2.88949E+03	 6.58400E+03
 2.89154E+03	 6.51800E+03
 2.89359E+03	 6.54117E+03
 2.89564E+03	 6.61300E+03
 2.89769E+03	 6.72083E+03
 2.89974E+03	 6.70950E+03
 2.90178E+03	 6.67683E+03
 2.90383E+03	 6.79067E+03
 2.90587E+03	 6.74883E+03
 2.90792E+03	 6.74050E+03
 2.90996E+03	 6.73017E+03
 2.91201E+03	 6.85133E+03
 2.91405E+03	 6.81717E+03
 2.91609E+03	 6.92150E+03
 2.91814E+03	 6.86517E+03
 2.92018E+03	 6.85733E+03
 2.92222E+03	 6.83817E+03
 2.92426E+03	 6.80883E+03
 2.92630E+03	 6.82717E+03
 2.92834E+03	 6.80717E+03
 2.93038E+03	 6.83933E+03
 2.93241E+03	 6.85900E+03
 2.93445E+03	 6.75850E+03
 2.93649E+03	 6.71400E+03
 2.93853E+03	 6.66350E+03
 2.94056E+03	 6.61017E+03
 2.94260E+03	 6.51217E+03
 2.94463E+03	 6.53933E+03
 2.94667E+03	 6.38900E+03
 2.94870E+03	 6.30633E+03
 2.95073E+03	 6.29750E+03
 2.95277E+03	 6.22267E+03
 2.95480E+03	 6.18867E+03
 2.95683E+03	 6.21333E+03
 2.95886E+03	 6.19283E+03
 2.96089E+03	 6.12750E+03
 2.96292E+03	 6.09183E+03
 2.96495E+03	 6.05650E+03
 2.96698E+03	 6.04633E+03
 2.96901E+03	 6.00767E+03
 2.97103E+03	 6.02883E+03
 2.97306E+03	 5.97067E+03
 2.97509E+03	 5.94867E+03
 2.97711E+03	 5.94450E+03
 2.97914E+03	 5.86383E+03
 2.98116E+03	 5.91250E+03
 2.98319E+03	 5.87033E+03
 2.98521E+03	 5.88450E+03
 2.98724E+03	 5.84867E+03
 2.98926E+03	 5.80150E+03
 2.99128E+03	 5.80000E+03
 2.99330E+03	 5.75767E+03
 2.99532E+03	 5.81617E+03
 2.99734E+03	 5.72483E+03
 2.99936E+03	 5.77100E+03
 3.00138E+03	 5.77933E+03
 3.00340E+03	 5.70617E+03
 3.00542E+03	 5.78067E+03
 3.00744E+03	 5.69533E+03
 3.00945E+03	 5.70033E+03
 3.01147E+03	 5.71633E+03
 3.01349E+03	 5.69117E+03
 3.01550E+03	 5.62900E+03
 3.01752E+03	 5.62050E+03
 3.01953E+03	 5.66283E+03
 3.02155E+03	 5.62233E+03
 3.02356E+03	 5.60233E+03
 3.02557E+03	 5.63433E+03
 3.02758E+03	 5.64033E+03
 3.02960E+03	 5.61733E+03
 3.03161E+03	 5.58467E+03
 3.03362E+03	 5.53900E+03
 3.03563E+03	 5.54767E+03
 3.03764E+03	 5.54050E+03
 3.03965E+03	 5.58483E+03
 3.04165E+03	 5.59233E+03
 3.04366E+03	 5.60600E+03
 3.04567E+03	 5.56183E+03
 3.04768E+03	 5.59333E+03
 3.04968E+03	 5.59567E+03
 3.05169E+03	 5.55967E+03
 3.05369E+03	 5.62883E+03
 3.05570E+03	 5.60333E+03
 3.05770E+03	 5.61950E+03
 3.05971E+03	 5.57217E+03
 3.06171E+03	 5.59083E+03
 3.06371E+03	 5.63700E+03
 3.06571E+03	 5.61183E+03
 3.06771E+03	 5.57550E+03
 3.06971E+03	 5.58050E+03
 3.07171E+03	 5.58367E+03
 3.07371E+03	 5.56867E+03
 3.07571E+03	 5.56083E+03
 3.07771E+03	 5.52800E+03
 3.07971E+03	 5.53517E+03
 3.08171E+03	 5.51800E+03
 3.08370E+03	 5.43483E+03
 3.08570E+03	 5.50450E+03
 3.08770E+03	 5.42833E+03
 3.08969E+03	 5.47533E+03
 3.09169E+03	 5.46217E+03
 3.09368E+03	 5.41267E+03
 3.09567E+03	 5.38883E+03
 3.09767E+03	 5.35517E+03
 3.09966E+03	 5.40950E+03
 3.10165E+03	 5.37500E+03
 3.10364E+03	 5.32200E+03
 3.10564E+03	 5.33600E+03
 3.10763E+03	 5.29933E+03
 3.10962E+03	 5.31683E+03
 3.11161E+03	 5.25067E+03
 3.11359E+03	 5.23517E+03
 3.11558E+03	 5.26350E+03
 3.11757E+03	 5.24400E+03
 3.11956E+03	 5.24600E+03
 3.12154E+03	 5.22217E+03
 3.12353E+03	 5.20833E+03
 3.12552E+03	 5.20383E+03
 3.12750E+03	 5.18900E+03
 3.12949E+03	 5.14467E+03
 3.13147E+03	 5.20433E+03
 3.13345E+03	 5.14100E+03
 3.13544E+03	 5.12883E+03
 3.13742E+03	 5.16617E+03
 3.13940E+03	 5.13883E+03
 3.14138E+03	 5.16317E+03
 3.14336E+03	 5.13533E+03
 3.14534E+03	 5.10600E+03
 3.14732E+03	 5.13950E+03
 3.14930E+03	 5.13483E+03
 3.15128E+03	 5.12300E+03
 3.15326E+03	 5.11233E+03
 3.15524E+03	 5.15333E+03
 3.15721E+03	 5.12050E+03
 3.15919E+03	 5.05983E+03
 3.16117E+03	 5.09433E+03
 3.16314E+03	 5.04683E+03
 3.16512E+03	 5.08383E+03
 3.16709E+03	 5.06400E+03
 3.16906E+03	 5.09000E+03
 3.17104E+03	 5.07000E+03
 3.17301E+03	 5.03267E+03
 3.17498E+03	 5.03850E+03
 3.17695E+03	 4.98250E+03
 3.17893E+03	 5.05150E+03
 3.18090E+03	 4.99200E+03
 3.18287E+03	 4.98283E+03
 3.18484E+03	 4.99483E+03
 3.18681E+03	 5.03717E+03
 3.18877E+03	 4.96883E+03
 3.19074E+03	 4.96167E+03
 3.19271E+03	 4.97383E+03
 3.19468E+03	 4.90383E+03
 3.19664E+03	 4.94383E+03
 3.19861E+03	 4.88983E+03
 3.20057E+03	 4.92333E+03
 3.20254E+03	 4.90750E+03
 3.20450E+03	 4.90250E+03
 3.20647E+03	 4.85950E+03
 3.20843E+03	 4.81650E+03
 3.21039E+03	 4.83700E+03
 3.21236E+03	 4.85300E+03
 3.21432E+03	 4.81217E+03
 3.21628E+03	 4.82933E+03
 3.21824E+03	 4.79967E+03
 3.22020E+03	 4.81067E+03
 3.22216E+03	 4.78750E+03
 3.22412E+03	 4.71283E+03
 3.22608E+03	 4.72867E+03
 3.22804E+03	 4.73883E+03
 3.22999E+03	 4.69517E+03
 3.23195E+03	 4.66200E+03
 3.23391E+03	 4.66617E+03
 3.23586E+03	 4.68250E+03
 3.23782E+03	 4.69317E+03
 3.23977E+03	 4.65833E+03
 3.24173E+03	 4.61050E+03
 3.24368E+03	 4.60317E+03
 3.24563E+03	 4.60500E+03
 3.24759E+03	 4.58617E+03
 3.24954E+03	 4.53617E+03
 3.25149E+03	 4.54983E+03
 3.25344E+03	 4.55667E+03
 3.25539E+03	 4.49400E+03
 3.25734E+03	 4.44683E+03
 3.25929E+03	 4.48350E+03
 3.26124E+03	 4.46250E+03
 3.26319E+03	 4.43500E+03
 3.26514E+03	 4.46800E+03
 3.26709E+03	 4.39717E+03
 3.26903E+03	 4.39400E+03
 3.27098E+03	 4.36233E+03
 3.27293E+03	 4.40067E+03
 3.27487E+03	 4.40767E+03
 3.27682E+03	 4.40017E+03
 3.27876E+03	 4.37933E+03
 3.28070E+03	 4.38300E+03
 3.28265E+03	 4.37217E+03
 3.28459E+03	 4.38150E+03
 3.28653E+03	 4.31083E+03
 3.28848E+03	 4.34517E+03
 3.29042E+03	 4.32050E+03
 3.29236E+03	 4.32017E+03
 3.29430E+03	 4.28700E+03
 3.29624E+03	 4.29917E+03
 3.29818E+03	 4.31750E+03
 3.30012E+03	 4.32317E+03
 3.30205E+03	 4.30600E+03
 3.30399E+03	 4.33567E+03
 3.30593E+03	 4.30333E+03
 3.30787E+03	 4.28867E+03
 3.30980E+03	 4.32800E+03
 3.31174E+03	 4.30950E+03
 3.31367E+03	 4.31033E+03
 3.31561E+03	 4.29700E+03
 3.31754E+03	 4.29083E+03
 3.31948E+03	 4.22567E+03
 3.32141E+03	 4.25700E+03
 3.32334E+03	 4.26717E+03
 3.32527E+03	 4.27683E+03
 3.32720E+03	 4.23633E+03
 3.32914E+03	 4.25767E+03
 3.33107E+03	 4.26050E+03
 3.33300E+03	 4.24233E+03
 3.33493E+03	 4.24283E+03
 3.33686E+03	 4.25800E+03
 3.33878E+03	 4.23717E+03
 3.34071E+03	 4.20817E+03
 3.34264E+03	 4.20433E+03
 3.34457E+03	 4.18317E+03
 3.34649E+03	 4.20750E+03
 3.34842E+03	 4.19217E+03
 3.35034E+03	 4.19333E+03
 3.35227E+03	 4.15100E+03
 3.35419E+03	 4.18767E+03
 3.35612E+03	 4.15033E+03
 3.35804E+03	 4.15150E+03
 3.35996E+03	 4.16917E+03
 3.36189E+03	 4.12733E+03
 3.36381E+03	 4.11950E+03
 3.36573E+03	 4.13567E+03
 3.36765E+03	 4.14083E+03
 3.36957E+03	 4.14050E+03
 3.37149E+03	 4.15267E+03
 3.37341E+03	 4.16767E+03
 3.37533E+03	 4.16167E+03
 3.37725E+03	 4.12883E+03
 3.37916E+03	 4.09450E+03
 3.38108E+03	 4.09733E+03
 3.38300E+03	 4.15200E+03
 3.38491E+03	 4.12467E+03
 3.38683E+03	 4.11233E+03
 3.38875E+03	 4.11517E+03
 3.39066E+03	 4.16367E+03
 3.39257E+03	 4.15417E+03
 3.39449E+03	 4.10400E+03
 3.39640E+03	 4.11667E+03
 3.39831E+03	 4.14600E+03
 3.40023E+03	 4.11467E+03
 3.40214E+03	 4.11483E+03
 3.40405E+03	 4.12633E+03
 3.40596E+03	 4.12750E+03
 3.40787E+03	 4.10767E+03
 3.40978E+03	 4.11733E+03
 3.41169E+03	 4.11783E+03
 3.41360E+03	 4.11567E+03
 3.41551E+03	 4.11000E+03
 3.41741E+03	 4.11117E+03
 3.41932E+03	 4.06167E+03
 3.42123E+03	 4.13017E+03
 3.42313E+03	 4.05683E+03
 3.42504E+03	 4.04650E+03
 3.42694E+03	 4.11067E+03
 3.42885E+03	 4.08867E+03
 3.43075E+03	 4.05867E+03
 3.43266E+03	 4.08500E+03
 3.43456E+03	 4.06267E+03
 3.43646E+03	 4.06750E+03
 3.43836E+03	 4.06300E+03
 3.44027E+03	 4.03633E+03
 3.44217E+03	 4.05917E+03
 3.44407E+03	 4.05350E+03
 3.44597E+03	 4.03333E+03
 3.44787E+03	 4.06017E+03
 3.44977E+03	 4.09933E+03
 3.45166E+03	 4.04083E+03
 3.45356E+03	 4.03150E+03
 3.45546E+03	 4.02117E+03
 3.45736E+03	 4.02300E+03
 3.45925E+03	 4.08233E+03
 3.46115E+03	 4.05950E+03
 3.46305E+03	 4.08083E+03
 3.46494E+03	 4.02883E+03
 3.46684E+03	 4.05250E+03
 3.46873E+03	 4.03017E+03
 3.47062E+03	 4.01583E+03
 3.47252E+03	 4.06067E+03
 3.47441E+03	 4.01733E+03
 3.47630E+03	 4.05167E+03
 3.47819E+03	 4.01600E+03
 3.48008E+03	 4.01267E+03
 3.48197E+03	 4.04433E+03
 3.48386E+03	 4.05550E+03
 3.48575E+03	 4.02067E+03
 3.48764E+03	 4.06617E+03
 3.48953E+03	 4.02050E+03
 3.49142E+03	 4.03000E+03
 3.49331E+03	 4.01333E+03
 3.49520E+03	 4.02367E+03
 3.49708E+03	 4.04267E+03
 3.49897E+03	 4.00683E+03
 3.50085E+03	 4.02183E+03
 3.50274E+03	 4.01883E+03
 3.50462E+03	 4.00467E+03
 3.50651E+03	 4.05750E+03
 3.50839E+03	 3.97283E+03
 3.51027E+03	 4.01733E+03
 3.51216E+03	 3.97617E+03
 3.51404E+03	 3.97183E+03
 3.51592E+03	 4.00200E+03
 3.51780E+03	 3.98117E+03
 3.51968E+03	 3.96967E+03
 3.52156E+03	 3.95167E+03
 3.52344E+03	 3.94167E+03
 3.52532E+03	 3.94667E+03
 3.52720E+03	 3.91400E+03
 3.52908E+03	 3.94617E+03
 3.53096E+03	 3.98500E+03
 3.53283E+03	 3.97517E+03
 3.53471E+03	 3.95867E+03
 3.53659E+03	 3.95333E+03
 3.53846E+03	 3.91767E+03
 3.54034E+03	 3.91800E+03
 3.54221E+03	 3.88900E+03
 3.54409E+03	 3.92450E+03
 3.54596E+03	 3.87500E+03
 3.54783E+03	 3.91450E+03
 3.54971E+03	 3.92450E+03
 3.55158E+03	 3.90467E+03
 3.55345E+03	 3.92550E+03
 3.55532E+03	 3.90850E+03
 3.55719E+03	 3.87417E+03
 3.55906E+03	 3.88283E+03
 3.56093E+03	 3.91200E+03
 3.56280E+03	 3.90017E+03
 3.56467E+03	 3.87350E+03
 3.56654E+03	 3.84233E+03
 3.56841E+03	 3.85883E+03
 3.57028E+03	 3.83083E+03
 3.57214E+03	 3.85467E+03
 3.57401E+03	 3.82767E+03
 3.57587E+03	 3.86217E+03
 3.57774E+03	 3.87917E+03
 3.57961E+03	 3.84600E+03
 3.58147E+03	 3.85750E+03
 3.58333E+03	 3.81600E+03
 3.58520E+03	 3.89867E+03
 3.58706E+03	 3.82833E+03
 3.58892E+03	 3.84717E+03
 3.59078E+03	 3.82250E+03
 3.59265E+03	 3.85083E+03
 3.59451E+03	 3.81433E+03
 3.59637E+03	 3.78700E+03
 3.59823E+03	 3.79700E+03
 3.60009E+03	 3.77250E+03
 3.60195E+03	 3.79533E+03
 3.60381E+03	 3.81517E+03
 3.60566E+03	 3.80550E+03
 3.60752E+03	 3.78617E+03
 3.60938E+03	 3.76417E+03
 3.61124E+03	 3.75000E+03
 3.61309E+03	 3.78250E+03
 3.61495E+03	 3.79450E+03
 3.61680E+03	 3.81600E+03
 3.61866E+03	 3.78517E+03
 3.62051E+03	 3.79550E+03
 3.62237E+03	 3.78200E+03
 3.62422E+03	 3.74500E+03
 3.62607E+03	 3.74883E+03
 3.62792E+03	 3.71817E+03
 3.62978E+03	 3.75150E+03
 3.63163E+03	 3.76700E+03
 3.63348E+03	 3.73617E+03
 3.63533E+03	 3.75083E+03
 3.63718E+03	 3.71517E+03
 3.63903E+03	 3.70117E+03
 3.64088E+03	 3.71900E+03
 3.64272E+03	 3.67867E+03
 3.64457E+03	 3.71800E+03
 3.64642E+03	 3.67617E+03
 3.64827E+03	 3.72750E+03
 3.65011E+03	 3.71767E+03
 3.65196E+03	 3.73767E+03
 3.65381E+03	 3.69100E+03
 3.65565E+03	 3.73233E+03
 3.65749E+03	 3.71450E+03
 3.65934E+03	 3.66683E+03
 3.66118E+03	 3.69383E+03
 3.66303E+03	 3.70800E+03
 3.66487E+03	 3.69333E+03
 3.66671E+03	 3.71783E+03
 3.66855E+03	 3.70183E+03
 3.67039E+03	 3.71550E+03
 3.67223E+03	 3.68517E+03
 3.67407E+03	 3.68417E+03
 3.67591E+03	 3.72683E+03
 3.67775E+03	 3.68850E+03
 3.67959E+03	 3.68750E+03
 3.68143E+03	 3.67183E+03
 3.68327E+03	 3.68617E+03
 3.68511E+03	 3.70550E+03
 3.68694E+03	 3.71100E+03
 3.68878E+03	 3.67450E+03
 3.69062E+03	 3.65367E+03
 3.69245E+03	 3.67167E+03
 3.69429E+03	 3.70567E+03
 3.69612E+03	 3.66700E+03
 3.69795E+03	 3.65283E+03
 3.69979E+03	 3.66500E+03
 3.70162E+03	 3.68650E+03
 3.70345E+03	 3.67700E+03
 3.70529E+03	 3.66767E+03
 3.70712E+03	 3.64900E+03
 3.70895E+03	 3.61917E+03
 3.71078E+03	 3.66750E+03
 3.71261E+03	 3.63983E+03
 3.71444E+03	 3.61400E+03
 3.71627E+03	 3.64283E+03
 3.71810E+03	 3.65417E+03
 3.71993E+03	 3.63017E+03
 3.72175E+03	 3.63150E+03
 3.72358E+03	 3.63417E+03
 3.72541E+03	 3.65083E+03
 3.72723E+03	 3.63167E+03
