-1.09652E+02	 4.46500E+02
-1.06671E+02	 4.45333E+02
-1.03692E+02	 4.44833E+02
-1.00714E+02	 4.47167E+02
-9.77370E+01	 4.45333E+02
-9.47610E+01	 4.43333E+02
-9.17861E+01	 4.45167E+02
-8.88123E+01	 4.44833E+02
-8.58395E+01	 4.46333E+02
-8.28679E+01	 4.45667E+02
-7.98974E+01	 4.45667E+02
-7.69279E+01	 4.45667E+02
-7.39595E+01	 4.43167E+02
-7.09922E+01	 4.44167E+02
-6.80260E+01	 4.45333E+02
-6.50609E+01	 4.44333E+02
-6.20968E+01	 4.43500E+02
-5.91339E+01	 4.45000E+02
-5.61720E+01	 4.44000E+02
-5.32112E+01	 4.43833E+02
-5.02515E+01	 4.45000E+02
-4.72928E+01	 4.45167E+02
-4.43352E+01	 4.45333E+02
-4.13787E+01	 4.44667E+02
-3.84233E+01	 4.47000E+02
-3.54689E+01	 4.45500E+02
-3.25156E+01	 4.45500E+02
-2.95634E+01	 4.44500E+02
-2.66123E+01	 4.45500E+02
-2.36622E+01	 4.44667E+02
-2.07132E+01	 4.46167E+02
-1.77652E+01	 4.44333E+02
-1.48183E+01	 4.45667E+02
-1.18725E+01	 4.44667E+02
-8.92773E+00	 4.46333E+02
-5.98404E+00	 4.46500E+02
-3.04140E+00	 4.49500E+02
-9.98263E-02	 4.54500E+02
 2.84069E+00	 4.58000E+02
 5.78015E+00	 4.56333E+02
 8.71855E+00	 4.51500E+02
 1.16559E+01	 4.45833E+02
 1.45922E+01	 4.48167E+02
 1.75274E+01	 4.47667E+02
 2.04616E+01	 4.46333E+02
 2.33947E+01	 4.46833E+02
 2.63268E+01	 4.46333E+02
 2.92578E+01	 4.48667E+02
 3.21878E+01	 4.46333E+02
 3.51167E+01	 4.47000E+02
 3.80446E+01	 4.48500E+02
 4.09714E+01	 4.47167E+02
 4.38972E+01	 4.49833E+02
 4.68220E+01	 4.51667E+02
 4.97457E+01	 4.56333E+02
 5.26683E+01	 4.54667E+02
 5.55899E+01	 4.57000E+02
 5.85105E+01	 4.65333E+02
 6.14300E+01	 4.72500E+02
 6.43485E+01	 5.02333E+02
 6.72660E+01	 5.91167E+02
 7.01824E+01	 8.43833E+02
 7.30978E+01	 1.43600E+03
 7.60121E+01	 2.40617E+03
 7.89254E+01	 3.53067E+03
 8.18377E+01	 4.47467E+03
 8.47489E+01	 5.10333E+03
 8.76591E+01	 5.36100E+03
 9.05683E+01	 5.43083E+03
 9.34764E+01	 5.43050E+03
 9.63836E+01	 5.35767E+03
 9.92896E+01	 5.24067E+03
 1.02195E+02	 5.14433E+03
 1.05099E+02	 5.13133E+03
 1.08002E+02	 5.07167E+03
 1.10904E+02	 5.00683E+03
 1.13805E+02	 4.90567E+03
 1.16705E+02	 4.77167E+03
 1.19604E+02	 4.65500E+03
 1.22501E+02	 4.52700E+03
 1.25398E+02	 4.45267E+03
 1.28294E+02	 4.33733E+03
 1.31189E+02	 4.28933E+03
 1.34083E+02	 4.14467E+03
 1.36976E+02	 4.06933E+03
 1.39867E+02	 4.02317E+03
 1.42758E+02	 3.97317E+03
 1.45648E+02	 3.89817E+03
 1.48537E+02	 3.86667E+03
 1.51424E+02	 3.84017E+03
 1.54311E+02	 3.78367E+03
 1.57197E+02	 3.71967E+03
 1.60081E+02	 3.68367E+03
 1.62965E+02	 3.63467E+03
 1.65848E+02	 3.62817E+03
 1.68729E+02	 3.59767E+03
 1.71610E+02	 3.53650E+03
 1.74490E+02	 3.49367E+03
 1.77368E+02	 3.48300E+03
 1.80246E+02	 3.46283E+03
 1.83123E+02	 3.48600E+03
 1.85998E+02	 3.42867E+03
 1.88873E+02	 3.42850E+03
 1.91746E+02	 3.45117E+03
 1.94619E+02	 3.45967E+03
 1.97491E+02	 3.45017E+03
 2.00361E+02	 3.50783E+03
 2.03231E+02	 3.51533E+03
 2.06100E+02	 3.54667E+03
 2.08967E+02	 3.57967E+03
 2.11834E+02	 3.58750E+03
 2.14699E+02	 3.62083E+03
 2.17564E+02	 3.59700E+03
 2.20428E+02	 3.61833E+03
 2.23290E+02	 3.65383E+03
 2.26152E+02	 3.64583E+03
 2.29013E+02	 3.66600E+03
 2.31873E+02	 3.62317E+03
 2.34731E+02	 3.64317E+03
 2.37589E+02	 3.61500E+03
 2.40446E+02	 3.57833E+03
 2.43301E+02	 3.53433E+03
 2.46156E+02	 3.51350E+03
 2.49010E+02	 3.46983E+03
 2.51863E+02	 3.37333E+03
 2.54714E+02	 3.36867E+03
 2.57565E+02	 3.29367E+03
 2.60415E+02	 3.23267E+03
 2.63264E+02	 3.14433E+03
 2.66112E+02	 3.13483E+03
 2.68959E+02	 3.06467E+03
 2.71805E+02	 3.03833E+03
 2.74650E+02	 2.95850E+03
 2.77494E+02	 2.90750E+03
 2.80337E+02	 2.87217E+03
 2.83179E+02	 2.81683E+03
 2.86020E+02	 2.77783E+03
 2.88860E+02	 2.75133E+03
 2.91699E+02	 2.74367E+03
 2.94537E+02	 2.70100E+03
 2.97374E+02	 2.66950E+03
 3.00210E+02	 2.66700E+03
 3.03045E+02	 2.62350E+03
 3.05880E+02	 2.61983E+03
 3.08713E+02	 2.60467E+03
 3.11545E+02	 2.58467E+03
 3.14376E+02	 2.58750E+03
 3.17207E+02	 2.56133E+03
 3.20036E+02	 2.55050E+03
 3.22865E+02	 2.56017E+03
 3.25692E+02	 2.55467E+03
 3.28519E+02	 2.53833E+03
 3.31344E+02	 2.53183E+03
 3.34169E+02	 2.53567E+03
 3.36992E+02	 2.53000E+03
 3.39815E+02	 2.54450E+03
 3.42637E+02	 2.53933E+03
 3.45457E+02	 2.54000E+03
 3.48277E+02	 2.52250E+03
 3.51096E+02	 2.49317E+03
 3.53914E+02	 2.52083E+03
 3.56731E+02	 2.49150E+03
 3.59547E+02	 2.48367E+03
 3.62362E+02	 2.46367E+03
 3.65176E+02	 2.49583E+03
 3.67989E+02	 2.49433E+03
 3.70801E+02	 2.50933E+03
 3.73612E+02	 2.51633E+03
 3.76422E+02	 2.50200E+03
 3.79232E+02	 2.49567E+03
 3.82040E+02	 2.50617E+03
 3.84847E+02	 2.50617E+03
 3.87654E+02	 2.53383E+03
 3.90459E+02	 2.50633E+03
 3.93264E+02	 2.50883E+03
 3.96067E+02	 2.51550E+03
 3.98870E+02	 2.53183E+03
 4.01672E+02	 2.53517E+03
 4.04472E+02	 2.52700E+03
 4.07272E+02	 2.51867E+03
 4.10071E+02	 2.51283E+03
 4.12869E+02	 2.52517E+03
 4.15666E+02	 2.50400E+03
 4.18462E+02	 2.53417E+03
 4.21257E+02	 2.51783E+03
 4.24051E+02	 2.50217E+03
 4.26844E+02	 2.54033E+03
 4.29637E+02	 2.51700E+03
 4.32428E+02	 2.50817E+03
 4.35218E+02	 2.51933E+03
 4.38008E+02	 2.53050E+03
 4.40796E+02	 2.51950E+03
 4.43584E+02	 2.50267E+03
 4.46371E+02	 2.50017E+03
 4.49156E+02	 2.52150E+03
 4.51941E+02	 2.53483E+03
 4.54725E+02	 2.50017E+03
 4.57508E+02	 2.50933E+03
 4.60290E+02	 2.49433E+03
 4.63071E+02	 2.51633E+03
 4.65851E+02	 2.51300E+03
 4.68630E+02	 2.50550E+03
 4.71409E+02	 2.52550E+03
 4.74186E+02	 2.52333E+03
 4.76963E+02	 2.51317E+03
 4.79738E+02	 2.55267E+03
 4.82513E+02	 2.53967E+03
 4.85286E+02	 2.52083E+03
 4.88059E+02	 2.53850E+03
 4.90831E+02	 2.52133E+03
 4.93602E+02	 2.52750E+03
 4.96372E+02	 2.51833E+03
 4.99141E+02	 2.52517E+03
 5.01909E+02	 2.52017E+03
 5.04676E+02	 2.50367E+03
 5.07442E+02	 2.51400E+03
 5.10208E+02	 2.51333E+03
 5.12972E+02	 2.53567E+03
 5.15736E+02	 2.58317E+03
 5.18498E+02	 2.70983E+03
 5.21260E+02	 2.94533E+03
 5.24021E+02	 3.17917E+03
 5.26781E+02	 3.12133E+03
 5.29539E+02	 2.91750E+03
 5.32298E+02	 2.70583E+03
 5.35055E+02	 2.57750E+03
 5.37811E+02	 2.50050E+03
 5.40566E+02	 2.49600E+03
 5.43321E+02	 2.49250E+03
 5.46074E+02	 2.47233E+03
 5.48827E+02	 2.49600E+03
 5.51578E+02	 2.46533E+03
 5.54329E+02	 2.48400E+03
 5.57079E+02	 2.46067E+03
 5.59828E+02	 2.45583E+03
 5.62576E+02	 2.44617E+03
 5.65323E+02	 2.47250E+03
 5.68069E+02	 2.46433E+03
 5.70814E+02	 2.48767E+03
 5.73559E+02	 2.49283E+03
 5.76302E+02	 2.49217E+03
 5.79045E+02	 2.45733E+03
 5.81786E+02	 2.46650E+03
 5.84527E+02	 2.48817E+03
 5.87267E+02	 2.46433E+03
 5.90006E+02	 2.48800E+03
 5.92744E+02	 2.46883E+03
 5.95481E+02	 2.49317E+03
 5.98218E+02	 2.50183E+03
 6.00953E+02	 2.47033E+03
 6.03688E+02	 2.48283E+03
 6.06421E+02	 2.46700E+03
 6.09154E+02	 2.48217E+03
 6.11886E+02	 2.50267E+03
 6.14616E+02	 2.50967E+03
 6.17347E+02	 2.52183E+03
 6.20076E+02	 2.54183E+03
 6.22804E+02	 2.53750E+03
 6.25531E+02	 2.52750E+03
 6.28258E+02	 2.51617E+03
 6.30983E+02	 2.54483E+03
 6.33708E+02	 2.54500E+03
 6.36432E+02	 2.54850E+03
 6.39154E+02	 2.54983E+03
 6.41876E+02	 2.55350E+03
 6.44597E+02	 2.55750E+03
 6.47318E+02	 2.58367E+03
 6.50037E+02	 2.55950E+03
 6.52755E+02	 2.54767E+03
 6.55473E+02	 2.55633E+03
 6.58190E+02	 2.56367E+03
 6.60905E+02	 2.56250E+03
 6.63620E+02	 2.54333E+03
 6.66334E+02	 2.55533E+03
 6.69047E+02	 2.55667E+03
 6.71759E+02	 2.54067E+03
 6.74471E+02	 2.52150E+03
 6.77181E+02	 2.50383E+03
 6.79891E+02	 2.51233E+03
 6.82600E+02	 2.52383E+03
 6.85307E+02	 2.51200E+03
 6.88014E+02	 2.50900E+03
 6.90720E+02	 2.47567E+03
 6.93426E+02	 2.49733E+03
 6.96130E+02	 2.42933E+03
 6.98833E+02	 2.45100E+03
 7.01536E+02	 2.44717E+03
 7.04237E+02	 2.46850E+03
 7.06938E+02	 2.44417E+03
 7.09638E+02	 2.42617E+03
 7.12337E+02	 2.40567E+03
 7.15035E+02	 2.40517E+03
 7.17733E+02	 2.40167E+03
 7.20429E+02	 2.39883E+03
 7.23125E+02	 2.39033E+03
 7.25819E+02	 2.42017E+03
 7.28513E+02	 2.46217E+03
 7.31206E+02	 2.45450E+03
 7.33898E+02	 2.45200E+03
 7.36589E+02	 2.43967E+03
 7.39280E+02	 2.43300E+03
 7.41969E+02	 2.43217E+03
 7.44658E+02	 2.44550E+03
 7.47345E+02	 2.41417E+03
 7.50032E+02	 2.44817E+03
 7.52718E+02	 2.46233E+03
 7.55403E+02	 2.46883E+03
 7.58087E+02	 2.43367E+03
 7.60771E+02	 2.45617E+03
 7.63453E+02	 2.42333E+03
 7.66135E+02	 2.43350E+03
 7.68816E+02	 2.46833E+03
 7.71496E+02	 2.49333E+03
 7.74175E+02	 2.46300E+03
 7.76853E+02	 2.46467E+03
 7.79530E+02	 2.42617E+03
 7.82207E+02	 2.45150E+03
 7.84882E+02	 2.44600E+03
 7.87557E+02	 2.44517E+03
 7.90231E+02	 2.43283E+03
 7.92904E+02	 2.44467E+03
 7.95576E+02	 2.42517E+03
 7.98248E+02	 2.43033E+03
 8.00918E+02	 2.42717E+03
 8.03588E+02	 2.46283E+03
 8.06256E+02	 2.45217E+03
 8.08924E+02	 2.48133E+03
 8.11591E+02	 2.51333E+03
 8.14257E+02	 2.47917E+03
 8.16923E+02	 2.50650E+03
 8.19587E+02	 2.49567E+03
 8.22251E+02	 2.48967E+03
 8.24914E+02	 2.46033E+03
 8.27576E+02	 2.46600E+03
 8.30237E+02	 2.48400E+03
 8.32897E+02	 2.50250E+03
 8.35556E+02	 2.49700E+03
 8.38215E+02	 2.50917E+03
 8.40872E+02	 2.50400E+03
 8.43529E+02	 2.50733E+03
 8.46185E+02	 2.50150E+03
 8.48840E+02	 2.51567E+03
 8.51495E+02	 2.50583E+03
 8.54148E+02	 2.50700E+03
 8.56800E+02	 2.47600E+03
 8.59452E+02	 2.46933E+03
 8.62103E+02	 2.48367E+03
 8.64753E+02	 2.49850E+03
 8.67402E+02	 2.50450E+03
 8.70051E+02	 2.48700E+03
 8.72698E+02	 2.48867E+03
 8.75345E+02	 2.47383E+03
 8.77991E+02	 2.49033E+03
 8.80636E+02	 2.50233E+03
 8.83280E+02	 2.48217E+03
 8.85923E+02	 2.46983E+03
 8.88565E+02	 2.49233E+03
 8.91207E+02	 2.46317E+03
 8.93848E+02	 2.48567E+03
 8.96488E+02	 2.49383E+03
 8.99127E+02	 2.48667E+03
 9.01765E+02	 2.52483E+03
 9.04402E+02	 2.48517E+03
 9.07039E+02	 2.52117E+03
 9.09675E+02	 2.51300E+03
 9.12310E+02	 2.51600E+03
 9.14944E+02	 2.51333E+03
 9.17577E+02	 2.54867E+03
 9.20209E+02	 2.51900E+03
 9.22841E+02	 2.52783E+03
 9.25472E+02	 2.54967E+03
 9.28102E+02	 2.54933E+03
 9.30731E+02	 2.55300E+03
 9.33359E+02	 2.55983E+03
 9.35986E+02	 2.57600E+03
 9.38613E+02	 2.58083E+03
 9.41238E+02	 2.57150E+03
 9.43863E+02	 2.59467E+03
 9.46487E+02	 2.59650E+03
 9.49111E+02	 2.60617E+03
 9.51733E+02	 2.60700E+03
 9.54355E+02	 2.61983E+03
 9.56975E+02	 2.62767E+03
 9.59595E+02	 2.64883E+03
 9.62214E+02	 2.65750E+03
 9.64833E+02	 2.63950E+03
 9.67450E+02	 2.62550E+03
 9.70067E+02	 2.63650E+03
 9.72682E+02	 2.62250E+03
 9.75297E+02	 2.63267E+03
 9.77912E+02	 2.61483E+03
 9.80525E+02	 2.62283E+03
 9.83137E+02	 2.58167E+03
 9.85749E+02	 2.60333E+03
 9.88360E+02	 2.57050E+03
 9.90970E+02	 2.59450E+03
 9.93579E+02	 2.59450E+03
 9.96187E+02	 2.59150E+03
 9.98795E+02	 2.61450E+03
 1.00140E+03	 2.63617E+03
 1.00401E+03	 2.59617E+03
 1.00661E+03	 2.62317E+03
 1.00922E+03	 2.56933E+03
 1.01182E+03	 2.54000E+03
 1.01442E+03	 2.59650E+03
 1.01702E+03	 2.53300E+03
 1.01963E+03	 2.54333E+03
 1.02223E+03	 2.55550E+03
 1.02483E+03	 2.55750E+03
 1.02742E+03	 2.54650E+03
 1.03002E+03	 2.55550E+03
 1.03262E+03	 2.55850E+03
 1.03521E+03	 2.57733E+03
 1.03781E+03	 2.58617E+03
 1.04040E+03	 2.57383E+03
 1.04300E+03	 2.58467E+03
 1.04559E+03	 2.59700E+03
 1.04818E+03	 2.62483E+03
 1.05077E+03	 2.64667E+03
 1.05336E+03	 2.64117E+03
 1.05595E+03	 2.63333E+03
 1.05854E+03	 2.65017E+03
 1.06113E+03	 2.66483E+03
 1.06372E+03	 2.67833E+03
 1.06630E+03	 2.65050E+03
 1.06889E+03	 2.67350E+03
 1.07147E+03	 2.70217E+03
 1.07406E+03	 2.72267E+03
 1.07664E+03	 2.70333E+03
 1.07922E+03	 2.69700E+03
 1.08181E+03	 2.73017E+03
 1.08439E+03	 2.74950E+03
 1.08697E+03	 2.74600E+03
 1.08955E+03	 2.73583E+03
 1.09212E+03	 2.77983E+03
 1.09470E+03	 2.78333E+03
 1.09728E+03	 2.79267E+03
 1.09985E+03	 2.79583E+03
 1.10243E+03	 2.80183E+03
 1.10500E+03	 2.80850E+03
 1.10758E+03	 2.84183E+03
 1.11015E+03	 2.84500E+03
 1.11272E+03	 2.90900E+03
 1.11529E+03	 2.91950E+03
 1.11786E+03	 2.95017E+03
 1.12043E+03	 3.02250E+03
 1.12300E+03	 2.98317E+03
 1.12557E+03	 2.96383E+03
 1.12813E+03	 3.01733E+03
 1.13070E+03	 3.00200E+03
 1.13327E+03	 3.02600E+03
 1.13583E+03	 3.08317E+03
 1.13840E+03	 3.09600E+03
 1.14096E+03	 3.14617E+03
 1.14352E+03	 3.15717E+03
 1.14608E+03	 3.20867E+03
 1.14864E+03	 3.27067E+03
 1.15120E+03	 3.33033E+03
 1.15376E+03	 3.38450E+03
 1.15632E+03	 3.41400E+03
 1.15888E+03	 3.46200E+03
 1.16143E+03	 3.47183E+03
 1.16399E+03	 3.51350E+03
 1.16654E+03	 3.54533E+03
 1.16910E+03	 3.56550E+03
 1.17165E+03	 3.62417E+03
 1.17421E+03	 3.54083E+03
 1.17676E+03	 3.58917E+03
 1.17931E+03	 3.63600E+03
 1.18186E+03	 3.65483E+03
 1.18441E+03	 3.66567E+03
 1.18696E+03	 3.66500E+03
 1.18951E+03	 3.71067E+03
 1.19205E+03	 3.66183E+03
 1.19460E+03	 3.69733E+03
 1.19714E+03	 3.74550E+03
 1.19969E+03	 3.77800E+03
 1.20223E+03	 3.78267E+03
 1.20478E+03	 3.81067E+03
 1.20732E+03	 3.84417E+03
 1.20986E+03	 3.82883E+03
 1.21240E+03	 3.86283E+03
 1.21494E+03	 3.91150E+03
 1.21748E+03	 3.98117E+03
 1.22002E+03	 4.02917E+03
 1.22256E+03	 4.00667E+03
 1.22509E+03	 4.01617E+03
 1.22763E+03	 4.02250E+03
 1.23017E+03	 4.08933E+03
 1.23270E+03	 4.16850E+03
 1.23523E+03	 4.20117E+03
 1.23777E+03	 4.25317E+03
 1.24030E+03	 4.25367E+03
 1.24283E+03	 4.29450E+03
 1.24536E+03	 4.30233E+03
 1.24789E+03	 4.31050E+03
 1.25042E+03	 4.31983E+03
 1.25295E+03	 4.29767E+03
 1.25548E+03	 4.30083E+03
 1.25800E+03	 4.33200E+03
 1.26053E+03	 4.34350E+03
 1.26305E+03	 4.35450E+03
 1.26558E+03	 4.42550E+03
 1.26810E+03	 4.45967E+03
 1.27063E+03	 4.49383E+03
 1.27315E+03	 4.50817E+03
 1.27567E+03	 4.58800E+03
 1.27819E+03	 4.52933E+03
 1.28071E+03	 4.60800E+03
 1.28323E+03	 4.59983E+03
 1.28575E+03	 4.66267E+03
 1.28826E+03	 4.67617E+03
 1.29078E+03	 4.74267E+03
 1.29330E+03	 4.73283E+03
 1.29581E+03	 4.73517E+03
 1.29833E+03	 4.76467E+03
 1.30084E+03	 4.77750E+03
 1.30335E+03	 4.80783E+03
 1.30586E+03	 4.87333E+03
 1.30838E+03	 4.84600E+03
 1.31089E+03	 4.84833E+03
 1.31340E+03	 4.90817E+03
 1.31591E+03	 4.92150E+03
 1.31841E+03	 4.97867E+03
 1.32092E+03	 4.95300E+03
 1.32343E+03	 4.94250E+03
 1.32593E+03	 4.96933E+03
 1.32844E+03	 4.99483E+03
 1.33094E+03	 5.02483E+03
 1.33345E+03	 5.09050E+03
 1.33595E+03	 5.09100E+03
 1.33845E+03	 5.10267E+03
 1.34095E+03	 5.09583E+03
 1.34345E+03	 5.14850E+03
 1.34595E+03	 5.20867E+03
 1.34845E+03	 5.25267E+03
 1.35095E+03	 5.30300E+03
 1.35345E+03	 5.33850E+03
 1.35594E+03	 5.38033E+03
 1.35844E+03	 5.36733E+03
 1.36094E+03	 5.41817E+03
 1.36343E+03	 5.37450E+03
 1.36592E+03	 5.46017E+03
 1.36842E+03	 5.41750E+03
 1.37091E+03	 5.43083E+03
 1.37340E+03	 5.46017E+03
 1.37589E+03	 5.40450E+03
 1.37838E+03	 5.41633E+03
 1.38087E+03	 5.38700E+03
 1.38336E+03	 5.34417E+03
 1.38585E+03	 5.33933E+03
 1.38833E+03	 5.30783E+03
 1.39082E+03	 5.26767E+03
 1.39330E+03	 5.25850E+03
 1.39579E+03	 5.21100E+03
 1.39827E+03	 5.18250E+03
 1.40075E+03	 5.15550E+03
 1.40324E+03	 5.09950E+03
 1.40572E+03	 5.10333E+03
 1.40820E+03	 5.12617E+03
 1.41068E+03	 5.12283E+03
 1.41316E+03	 5.11217E+03
 1.41564E+03	 5.07633E+03
 1.41811E+03	 5.01383E+03
 1.42059E+03	 5.05050E+03
 1.42307E+03	 5.08150E+03
 1.42554E+03	 5.01350E+03
 1.42802E+03	 5.05433E+03
 1.43049E+03	 5.09717E+03
 1.43296E+03	 5.10033E+03
 1.43544E+03	 5.10267E+03
 1.43791E+03	 5.08183E+03
 1.44038E+03	 5.04933E+03
 1.44285E+03	 5.00550E+03
 1.44532E+03	 5.06033E+03
 1.44779E+03	 5.05300E+03
 1.45026E+03	 5.02383E+03
 1.45272E+03	 4.99067E+03
 1.45519E+03	 5.02117E+03
 1.45766E+03	 5.02683E+03
 1.46012E+03	 5.04250E+03
 1.46258E+03	 5.08317E+03
 1.46505E+03	 5.03067E+03
 1.46751E+03	 5.10700E+03
 1.46997E+03	 5.10000E+03
 1.47243E+03	 5.16650E+03
 1.47489E+03	 5.20983E+03
 1.47735E+03	 5.23350E+03
 1.47981E+03	 5.22933E+03
 1.48227E+03	 5.27133E+03
 1.48473E+03	 5.32267E+03
 1.48719E+03	 5.43550E+03
 1.48964E+03	 5.42083E+03
 1.49210E+03	 5.53383E+03
 1.49455E+03	 5.54917E+03
 1.49700E+03	 5.62700E+03
 1.49946E+03	 5.74700E+03
 1.50191E+03	 5.83767E+03
 1.50436E+03	 5.91817E+03
 1.50681E+03	 5.98717E+03
 1.50926E+03	 6.03933E+03
 1.51171E+03	 6.08267E+03
 1.51416E+03	 6.16567E+03
 1.51661E+03	 6.22700E+03
 1.51905E+03	 6.33950E+03
 1.52150E+03	 6.28350E+03
 1.52395E+03	 6.28150E+03
 1.52639E+03	 6.31000E+03
 1.52884E+03	 6.34750E+03
 1.53128E+03	 6.32000E+03
 1.53372E+03	 6.39250E+03
 1.53616E+03	 6.45317E+03
 1.53860E+03	 6.51533E+03
 1.54104E+03	 6.61083E+03
 1.54348E+03	 6.68550E+03
 1.54592E+03	 6.81067E+03
 1.54836E+03	 6.87833E+03
 1.55080E+03	 6.98200E+03
 1.55324E+03	 7.04767E+03
 1.55567E+03	 7.17483E+03
 1.55811E+03	 7.29667E+03
 1.56054E+03	 7.27950E+03
 1.56297E+03	 7.44267E+03
 1.56541E+03	 7.57183E+03
 1.56784E+03	 7.69733E+03
 1.57027E+03	 7.80900E+03
 1.57270E+03	 8.02167E+03
 1.57513E+03	 8.07950E+03
 1.57756E+03	 8.25000E+03
 1.57999E+03	 8.27267E+03
 1.58242E+03	 8.24917E+03
 1.58485E+03	 8.27683E+03
 1.58727E+03	 8.27417E+03
 1.58970E+03	 8.29567E+03
 1.59212E+03	 8.37283E+03
 1.59455E+03	 8.29833E+03
 1.59697E+03	 8.28683E+03
 1.59939E+03	 8.26700E+03
 1.60182E+03	 8.18050E+03
 1.60424E+03	 8.20983E+03
 1.60666E+03	 8.14100E+03
 1.60908E+03	 8.01733E+03
 1.61150E+03	 7.97750E+03
 1.61391E+03	 7.87133E+03
 1.61633E+03	 7.69050E+03
 1.61875E+03	 7.48450E+03
 1.62117E+03	 7.34767E+03
 1.62358E+03	 7.20233E+03
 1.62600E+03	 6.90367E+03
 1.62841E+03	 6.64183E+03
 1.63082E+03	 6.42350E+03
 1.63324E+03	 6.15550E+03
 1.63565E+03	 5.86050E+03
 1.63806E+03	 5.59500E+03
 1.64047E+03	 5.36850E+03
 1.64288E+03	 5.16350E+03
 1.64529E+03	 4.94617E+03
 1.64770E+03	 4.73550E+03
 1.65010E+03	 4.58317E+03
 1.65251E+03	 4.45650E+03
 1.65492E+03	 4.31783E+03
 1.65732E+03	 4.14800E+03
 1.65973E+03	 4.01867E+03
 1.66213E+03	 3.92117E+03
 1.66453E+03	 3.82117E+03
 1.66694E+03	 3.74850E+03
 1.66934E+03	 3.63200E+03
 1.67174E+03	 3.56883E+03
 1.67414E+03	 3.49567E+03
 1.67654E+03	 3.42517E+03
 1.67894E+03	 3.35450E+03
 1.68134E+03	 3.34150E+03
 1.68373E+03	 3.23783E+03
 1.68613E+03	 3.21200E+03
 1.68853E+03	 3.19433E+03
 1.69092E+03	 3.13967E+03
 1.69332E+03	 3.13233E+03
 1.69571E+03	 3.07967E+03
 1.69810E+03	 3.04600E+03
 1.70050E+03	 3.03383E+03
 1.70289E+03	 3.02417E+03
 1.70528E+03	 3.00300E+03
 1.70767E+03	 2.96800E+03
 1.71006E+03	 2.95033E+03
 1.71245E+03	 2.96767E+03
 1.71483E+03	 2.93350E+03
 1.71722E+03	 2.92517E+03
 1.71961E+03	 2.88867E+03
 1.72199E+03	 2.88667E+03
 1.72438E+03	 2.88000E+03
 1.72676E+03	 2.86917E+03
 1.72915E+03	 2.82917E+03
 1.73153E+03	 2.82667E+03
 1.73391E+03	 2.79950E+03
 1.73630E+03	 2.78467E+03
 1.73868E+03	 2.76217E+03
 1.74106E+03	 2.78550E+03
 1.74344E+03	 2.75817E+03
 1.74582E+03	 2.73583E+03
 1.74819E+03	 2.72350E+03
 1.75057E+03	 2.72717E+03
 1.75295E+03	 2.71933E+03
 1.75532E+03	 2.66817E+03
 1.75770E+03	 2.69117E+03
 1.76007E+03	 2.68217E+03
 1.76245E+03	 2.66333E+03
 1.76482E+03	 2.67083E+03
 1.76719E+03	 2.67267E+03
 1.76957E+03	 2.64467E+03
 1.77194E+03	 2.65050E+03
 1.77431E+03	 2.62600E+03
 1.77668E+03	 2.61417E+03
 1.77905E+03	 2.60500E+03
 1.78141E+03	 2.59867E+03
 1.78378E+03	 2.61400E+03
 1.78615E+03	 2.61683E+03
 1.78851E+03	 2.61333E+03
 1.79088E+03	 2.57967E+03
 1.79324E+03	 2.58033E+03
 1.79561E+03	 2.57617E+03
 1.79797E+03	 2.56800E+03
 1.80033E+03	 2.57600E+03
 1.80270E+03	 2.57417E+03
 1.80506E+03	 2.58467E+03
 1.80742E+03	 2.57500E+03
 1.80978E+03	 2.58233E+03
 1.81214E+03	 2.57983E+03
 1.81450E+03	 2.55933E+03
 1.81685E+03	 2.58133E+03
 1.81921E+03	 2.54817E+03
 1.82157E+03	 2.55283E+03
 1.82392E+03	 2.57633E+03
 1.82628E+03	 2.57833E+03
 1.82863E+03	 2.57950E+03
 1.83098E+03	 2.56600E+03
 1.83334E+03	 2.57517E+03
 1.83569E+03	 2.53967E+03
 1.83804E+03	 2.55117E+03
 1.84039E+03	 2.56233E+03
 1.84274E+03	 2.57533E+03
 1.84509E+03	 2.56050E+03
 1.84744E+03	 2.54983E+03
 1.84979E+03	 2.59183E+03
 1.85213E+03	 2.55717E+03
 1.85448E+03	 2.57517E+03
 1.85683E+03	 2.56517E+03
 1.85917E+03	 2.54700E+03
 1.86152E+03	 2.56817E+03
 1.86386E+03	 2.55650E+03
 1.86620E+03	 2.55417E+03
 1.86855E+03	 2.55300E+03
 1.87089E+03	 2.55867E+03
 1.87323E+03	 2.58367E+03
 1.87557E+03	 2.54150E+03
 1.87791E+03	 2.56333E+03
 1.88025E+03	 2.57300E+03
 1.88259E+03	 2.55767E+03
 1.88492E+03	 2.56350E+03
 1.88726E+03	 2.57250E+03
 1.88960E+03	 2.57633E+03
 1.89193E+03	 2.56000E+03
 1.89427E+03	 2.57783E+03
 1.89660E+03	 2.58333E+03
 1.89893E+03	 2.55933E+03
 1.90127E+03	 2.57183E+03
 1.90360E+03	 2.55083E+03
 1.90593E+03	 2.58450E+03
 1.90826E+03	 2.58400E+03
 1.91059E+03	 2.55817E+03
 1.91292E+03	 2.56417E+03
 1.91525E+03	 2.57633E+03
 1.91758E+03	 2.57100E+03
 1.91990E+03	 2.57017E+03
 1.92223E+03	 2.57267E+03
 1.92456E+03	 2.56900E+03
 1.92688E+03	 2.57783E+03
 1.92921E+03	 2.57617E+03
 1.93153E+03	 2.55883E+03
 1.93385E+03	 2.56667E+03
 1.93617E+03	 2.58133E+03
 1.93850E+03	 2.58350E+03
 1.94082E+03	 2.57100E+03
 1.94314E+03	 2.56283E+03
 1.94546E+03	 2.55917E+03
 1.94778E+03	 2.55750E+03
 1.95009E+03	 2.56517E+03
 1.95241E+03	 2.54350E+03
 1.95473E+03	 2.55850E+03
 1.95704E+03	 2.55317E+03
 1.95936E+03	 2.56233E+03
 1.96168E+03	 2.56483E+03
 1.96399E+03	 2.54983E+03
 1.96630E+03	 2.57700E+03
 1.96862E+03	 2.55233E+03
 1.97093E+03	 2.55150E+03
 1.97324E+03	 2.59233E+03
 1.97555E+03	 2.58583E+03
 1.97786E+03	 2.57300E+03
 1.98017E+03	 2.55950E+03
 1.98248E+03	 2.57633E+03
 1.98479E+03	 2.59133E+03
 1.98709E+03	 2.57083E+03
 1.98940E+03	 2.59283E+03
 1.99171E+03	 2.57267E+03
 1.99401E+03	 2.56517E+03
 1.99632E+03	 2.55867E+03
 1.99862E+03	 2.56883E+03
 2.00092E+03	 2.58400E+03
 2.00323E+03	 2.55017E+03
 2.00553E+03	 2.56483E+03
 2.00783E+03	 2.60050E+03
 2.01013E+03	 2.56967E+03
 2.01243E+03	 2.58383E+03
 2.01473E+03	 2.55100E+03
 2.01703E+03	 2.56283E+03
 2.01933E+03	 2.57283E+03
 2.02162E+03	 2.55700E+03
 2.02392E+03	 2.57983E+03
 2.02622E+03	 2.53800E+03
 2.02851E+03	 2.52900E+03
 2.03081E+03	 2.54950E+03
 2.03310E+03	 2.54150E+03
 2.03539E+03	 2.57333E+03
 2.03769E+03	 2.57850E+03
 2.03998E+03	 2.53533E+03
 2.04227E+03	 2.58617E+03
 2.04456E+03	 2.55450E+03
 2.04685E+03	 2.54883E+03
 2.04914E+03	 2.55917E+03
 2.05143E+03	 2.56250E+03
 2.05371E+03	 2.52483E+03
 2.05600E+03	 2.54067E+03
 2.05829E+03	 2.52867E+03
 2.06057E+03	 2.56333E+03
 2.06286E+03	 2.53617E+03
 2.06514E+03	 2.51767E+03
 2.06743E+03	 2.53483E+03
 2.06971E+03	 2.54617E+03
 2.07199E+03	 2.54750E+03
 2.07427E+03	 2.52600E+03
 2.07656E+03	 2.53233E+03
 2.07884E+03	 2.52967E+03
 2.08112E+03	 2.52033E+03
 2.08339E+03	 2.52717E+03
 2.08567E+03	 2.52417E+03
 2.08795E+03	 2.51633E+03
 2.09023E+03	 2.50767E+03
 2.09250E+03	 2.52850E+03
 2.09478E+03	 2.53567E+03
 2.09706E+03	 2.54017E+03
 2.09933E+03	 2.52900E+03
 2.10160E+03	 2.53017E+03
 2.10388E+03	 2.52300E+03
 2.10615E+03	 2.53183E+03
 2.10842E+03	 2.53767E+03
 2.11069E+03	 2.52883E+03
 2.11296E+03	 2.51783E+03
 2.11523E+03	 2.51733E+03
 2.11750E+03	 2.52750E+03
 2.11977E+03	 2.50433E+03
 2.12204E+03	 2.51283E+03
 2.12431E+03	 2.55350E+03
 2.12657E+03	 2.50233E+03
 2.12884E+03	 2.50700E+03
 2.13110E+03	 2.49983E+03
 2.13337E+03	 2.52383E+03
 2.13563E+03	 2.51533E+03
 2.13790E+03	 2.54350E+03
 2.14016E+03	 2.54733E+03
 2.14242E+03	 2.49850E+03
 2.14468E+03	 2.48467E+03
 2.14694E+03	 2.48767E+03
 2.14920E+03	 2.51850E+03
 2.15146E+03	 2.52367E+03
 2.15372E+03	 2.48033E+03
 2.15598E+03	 2.52250E+03
 2.15823E+03	 2.53433E+03
 2.16049E+03	 2.51650E+03
 2.16275E+03	 2.50500E+03
 2.16500E+03	 2.52667E+03
 2.16726E+03	 2.49833E+03
 2.16951E+03	 2.50483E+03
 2.17176E+03	 2.50633E+03
 2.17402E+03	 2.49783E+03
 2.17627E+03	 2.49667E+03
 2.17852E+03	 2.47183E+03
 2.18077E+03	 2.50000E+03
 2.18302E+03	 2.51900E+03
 2.18527E+03	 2.52717E+03
 2.18752E+03	 2.52183E+03
 2.18977E+03	 2.50733E+03
 2.19202E+03	 2.50100E+03
 2.19426E+03	 2.49450E+03
 2.19651E+03	 2.51033E+03
 2.19875E+03	 2.50783E+03
 2.20100E+03	 2.50800E+03
 2.20324E+03	 2.50067E+03
 2.20549E+03	 2.50700E+03
 2.20773E+03	 2.50867E+03
 2.20997E+03	 2.49650E+03
 2.21221E+03	 2.51717E+03
 2.21446E+03	 2.50550E+03
 2.21670E+03	 2.53933E+03
 2.21894E+03	 2.52550E+03
 2.22117E+03	 2.51733E+03
 2.22341E+03	 2.52100E+03
 2.22565E+03	 2.49033E+03
 2.22789E+03	 2.48100E+03
 2.23012E+03	 2.52233E+03
 2.23236E+03	 2.48450E+03
 2.23459E+03	 2.49683E+03
 2.23683E+03	 2.49100E+03
 2.23906E+03	 2.49650E+03
 2.24130E+03	 2.49917E+03
 2.24353E+03	 2.49650E+03
 2.24576E+03	 2.48333E+03
 2.24799E+03	 2.48700E+03
 2.25022E+03	 2.46150E+03
 2.25245E+03	 2.46350E+03
 2.25468E+03	 2.48917E+03
 2.25691E+03	 2.49400E+03
 2.25914E+03	 2.49450E+03
 2.26137E+03	 2.47583E+03
 2.26359E+03	 2.49733E+03
 2.26582E+03	 2.46567E+03
 2.26804E+03	 2.47483E+03
 2.27027E+03	 2.46667E+03
 2.27249E+03	 2.47917E+03
 2.27472E+03	 2.47533E+03
 2.27694E+03	 2.47733E+03
 2.27916E+03	 2.47600E+03
 2.28138E+03	 2.46850E+03
 2.28361E+03	 2.46967E+03
 2.28583E+03	 2.47200E+03
 2.28805E+03	 2.49317E+03
 2.29026E+03	 2.49367E+03
 2.29248E+03	 2.49200E+03
 2.29470E+03	 2.50617E+03
 2.29692E+03	 2.47517E+03
 2.29913E+03	 2.49867E+03
 2.30135E+03	 2.48333E+03
 2.30357E+03	 2.50217E+03
 2.30578E+03	 2.48350E+03
 2.30799E+03	 2.48583E+03
 2.31021E+03	 2.48617E+03
 2.31242E+03	 2.52500E+03
 2.31463E+03	 2.49233E+03
 2.31684E+03	 2.51517E+03
 2.31905E+03	 2.47733E+03
 2.32126E+03	 2.49533E+03
 2.32347E+03	 2.50667E+03
 2.32568E+03	 2.48133E+03
 2.32789E+03	 2.49633E+03
 2.33010E+03	 2.51350E+03
 2.33231E+03	 2.53133E+03
 2.33451E+03	 2.48317E+03
 2.33672E+03	 2.50133E+03
 2.33892E+03	 2.49517E+03
 2.34113E+03	 2.48833E+03
 2.34333E+03	 2.49733E+03
 2.34553E+03	 2.48133E+03
 2.34774E+03	 2.48717E+03
 2.34994E+03	 2.50883E+03
 2.35214E+03	 2.51850E+03
 2.35434E+03	 2.52233E+03
 2.35654E+03	 2.52983E+03
 2.35874E+03	 2.50417E+03
 2.36094E+03	 2.51017E+03
 2.36314E+03	 2.51217E+03
 2.36533E+03	 2.51817E+03
 2.36753E+03	 2.54283E+03
 2.36973E+03	 2.53850E+03
 2.37192E+03	 2.53017E+03
 2.37412E+03	 2.51817E+03
 2.37631E+03	 2.52783E+03
 2.37851E+03	 2.54733E+03
 2.38070E+03	 2.55150E+03
 2.38289E+03	 2.54333E+03
 2.38508E+03	 2.54700E+03
 2.38727E+03	 2.56650E+03
 2.38947E+03	 2.53400E+03
 2.39166E+03	 2.53617E+03
 2.39384E+03	 2.57767E+03
 2.39603E+03	 2.56767E+03
 2.39822E+03	 2.55700E+03
 2.40041E+03	 2.56883E+03
 2.40260E+03	 2.55350E+03
 2.40478E+03	 2.54683E+03
 2.40697E+03	 2.55600E+03
 2.40915E+03	 2.56617E+03
 2.41134E+03	 2.57367E+03
 2.41352E+03	 2.55217E+03
 2.41570E+03	 2.53967E+03
 2.41789E+03	 2.58250E+03
 2.42007E+03	 2.57217E+03
 2.42225E+03	 2.54517E+03
 2.42443E+03	 2.57283E+03
 2.42661E+03	 2.57033E+03
 2.42879E+03	 2.60950E+03
 2.43097E+03	 2.59300E+03
 2.43315E+03	 2.59500E+03
 2.43532E+03	 2.61833E+03
 2.43750E+03	 2.57000E+03
 2.43968E+03	 2.59100E+03
 2.44185E+03	 2.57317E+03
 2.44403E+03	 2.59983E+03
 2.44620E+03	 2.62317E+03
 2.44837E+03	 2.60650E+03
 2.45055E+03	 2.62100E+03
 2.45272E+03	 2.63400E+03
 2.45489E+03	 2.60517E+03
 2.45706E+03	 2.63083E+03
 2.45923E+03	 2.65000E+03
 2.46140E+03	 2.65300E+03
 2.46357E+03	 2.63400E+03
 2.46574E+03	 2.63033E+03
 2.46791E+03	 2.68033E+03
 2.47008E+03	 2.64350E+03
 2.47224E+03	 2.67183E+03
 2.47441E+03	 2.68783E+03
 2.47658E+03	 2.70267E+03
 2.47874E+03	 2.66900E+03
 2.48091E+03	 2.67867E+03
 2.48307E+03	 2.68150E+03
 2.48523E+03	 2.68200E+03
 2.48740E+03	 2.68700E+03
 2.48956E+03	 2.70050E+03
 2.49172E+03	 2.69983E+03
 2.49388E+03	 2.70600E+03
 2.49604E+03	 2.70483E+03
 2.49820E+03	 2.70867E+03
 2.50036E+03	 2.73083E+03
 2.50252E+03	 2.73817E+03
 2.50467E+03	 2.71150E+03
 2.50683E+03	 2.71167E+03
 2.50899E+03	 2.71767E+03
 2.51114E+03	 2.75583E+03
 2.51330E+03	 2.74850E+03
 2.51545E+03	 2.72717E+03
 2.51761E+03	 2.75933E+03
 2.51976E+03	 2.76300E+03
 2.52191E+03	 2.74583E+03
 2.52407E+03	 2.73483E+03
 2.52622E+03	 2.75283E+03
 2.52837E+03	 2.72400E+03
 2.53052E+03	 2.76900E+03
 2.53267E+03	 2.77000E+03
 2.53482E+03	 2.76683E+03
 2.53697E+03	 2.76750E+03
 2.53911E+03	 2.78867E+03
 2.54126E+03	 2.76983E+03
 2.54341E+03	 2.77833E+03
 2.54555E+03	 2.80083E+03
 2.54770E+03	 2.80267E+03
 2.54985E+03	 2.77900E+03
 2.55199E+03	 2.81450E+03
 2.55413E+03	 2.82400E+03
 2.55628E+03	 2.81083E+03
 2.55842E+03	 2.81817E+03
 2.56056E+03	 2.81183E+03
 2.56270E+03	 2.80867E+03
 2.56484E+03	 2.81533E+03
 2.56698E+03	 2.83883E+03
 2.56912E+03	 2.85250E+03
 2.57126E+03	 2.85417E+03
 2.57340E+03	 2.83100E+03
 2.57554E+03	 2.83233E+03
 2.57767E+03	 2.82733E+03
 2.57981E+03	 2.86167E+03
 2.58195E+03	 2.86750E+03
 2.58408E+03	 2.85667E+03
 2.58622E+03	 2.84383E+03
 2.58835E+03	 2.89267E+03
 2.59048E+03	 2.87117E+03
 2.59262E+03	 2.86950E+03
 2.59475E+03	 2.86650E+03
 2.59688E+03	 2.86967E+03
 2.59901E+03	 2.88950E+03
 2.60114E+03	 2.89583E+03
 2.60327E+03	 2.86850E+03
 2.60540E+03	 2.84933E+03
 2.60753E+03	 2.86383E+03
 2.60966E+03	 2.90383E+03
 2.61178E+03	 2.90967E+03
 2.61391E+03	 2.90983E+03
 2.61604E+03	 2.90467E+03
 2.61816E+03	 2.93300E+03
 2.62029E+03	 2.90417E+03
 2.62241E+03	 2.92133E+03
 2.62454E+03	 2.89900E+03
 2.62666E+03	 2.93783E+03
 2.62878E+03	 2.91067E+03
 2.63090E+03	 2.94617E+03
 2.63303E+03	 2.95183E+03
 2.63515E+03	 2.93683E+03
 2.63727E+03	 2.96017E+03
 2.63939E+03	 2.93217E+03
 2.64151E+03	 2.97733E+03
 2.64362E+03	 2.99233E+03
 2.64574E+03	 2.97317E+03
 2.64786E+03	 2.97750E+03
 2.64998E+03	 2.99433E+03
 2.65209E+03	 2.99767E+03
 2.65421E+03	 2.97550E+03
 2.65632E+03	 2.96650E+03
 2.65844E+03	 2.98683E+03
 2.66055E+03	 3.00867E+03
 2.66266E+03	 3.01683E+03
 2.66478E+03	 3.01283E+03
 2.66689E+03	 3.00500E+03
 2.66900E+03	 3.02283E+03
 2.67111E+03	 3.04133E+03
 2.67322E+03	 3.03117E+03
 2.67533E+03	 3.06233E+03
 2.67744E+03	 3.06217E+03
 2.67955E+03	 3.04233E+03
 2.68165E+03	 3.05717E+03
 2.68376E+03	 3.06383E+03
 2.68587E+03	 3.04833E+03
 2.68797E+03	 3.06550E+03
 2.69008E+03	 3.06833E+03
 2.69218E+03	 3.08367E+03
 2.69429E+03	 3.11333E+03
 2.69639E+03	 3.13467E+03
 2.69850E+03	 3.08933E+03
 2.70060E+03	 3.09900E+03
 2.70270E+03	 3.12317E+03
 2.70480E+03	 3.13733E+03
 2.70690E+03	 3.14883E+03
 2.70900E+03	 3.15417E+03
 2.71110E+03	 3.15217E+03
 2.71320E+03	 3.16600E+03
 2.71530E+03	 3.17383E+03
 2.71740E+03	 3.17650E+03
 2.71949E+03	 3.16583E+03
 2.72159E+03	 3.15600E+03
 2.72369E+03	 3.18033E+03
 2.72578E+03	 3.18667E+03
 2.72788E+03	 3.19700E+03
 2.72997E+03	 3.19983E+03
 2.73206E+03	 3.20167E+03
 2.73416E+03	 3.19850E+03
 2.73625E+03	 3.22733E+03
 2.73834E+03	 3.23183E+03
 2.74043E+03	 3.25933E+03
 2.74252E+03	 3.25933E+03
 2.74461E+03	 3.22250E+03
 2.74670E+03	 3.21350E+03
 2.74879E+03	 3.20517E+03
 2.75088E+03	 3.19883E+03
 2.75297E+03	 3.20633E+03
 2.75506E+03	 3.24317E+03
 2.75714E+03	 3.20200E+03
 2.75923E+03	 3.22800E+03
 2.76131E+03	 3.24200E+03
 2.76340E+03	 3.25400E+03
 2.76548E+03	 3.27483E+03
 2.76757E+03	 3.25433E+03
 2.76965E+03	 3.23000E+03
 2.77173E+03	 3.23517E+03
 2.77382E+03	 3.23683E+03
 2.77590E+03	 3.22083E+03
 2.77798E+03	 3.26817E+03
 2.78006E+03	 3.24500E+03
 2.78214E+03	 3.22750E+03
 2.78422E+03	 3.24683E+03
 2.78630E+03	 3.24800E+03
 2.78837E+03	 3.23800E+03
 2.79045E+03	 3.25483E+03
 2.79253E+03	 3.22533E+03
 2.79460E+03	 3.26317E+03
 2.79668E+03	 3.26750E+03
 2.79876E+03	 3.28833E+03
 2.80083E+03	 3.24517E+03
 2.80290E+03	 3.28067E+03
 2.80498E+03	 3.26117E+03
 2.80705E+03	 3.29217E+03
 2.80912E+03	 3.29717E+03
 2.81119E+03	 3.28183E+03
 2.81327E+03	 3.31233E+03
 2.81534E+03	 3.30617E+03
 2.81741E+03	 3.33300E+03
 2.81947E+03	 3.32533E+03
 2.82154E+03	 3.29917E+03
 2.82361E+03	 3.33867E+03
 2.82568E+03	 3.36083E+03
 2.82775E+03	 3.32283E+03
 2.82981E+03	 3.33200E+03
 2.83188E+03	 3.35233E+03
 2.83394E+03	 3.37000E+03
 2.83601E+03	 3.38650E+03
 2.83807E+03	 3.39050E+03
 2.84014E+03	 3.40183E+03
 2.84220E+03	 3.41700E+03
 2.84426E+03	 3.47950E+03
 2.84632E+03	 3.52450E+03
 2.84839E+03	 3.51933E+03
 2.85045E+03	 3.56150E+03
 2.85251E+03	 3.59400E+03
 2.85457E+03	 3.58600E+03
 2.85663E+03	 3.60350E+03
 2.85868E+03	 3.60667E+03
 2.86074E+03	 3.60733E+03
 2.86280E+03	 3.61417E+03
 2.86486E+03	 3.59183E+03
 2.86691E+03	 3.61433E+03
 2.86897E+03	 3.61333E+03
 2.87102E+03	 3.63050E+03
 2.87308E+03	 3.65217E+03
 2.87513E+03	 3.64850E+03
 2.87719E+03	 3.58483E+03
 2.87924E+03	 3.64633E+03
 2.88129E+03	 3.65983E+03
 2.88334E+03	 3.67283E+03
 2.88539E+03	 3.67167E+03
 2.88744E+03	 3.66483E+03
 2.88949E+03	 3.67917E+03
 2.89154E+03	 3.64833E+03
 2.89359E+03	 3.67783E+03
 2.89564E+03	 3.70050E+03
 2.89769E+03	 3.75533E+03
 2.89974E+03	 3.75950E+03
 2.90178E+03	 3.72000E+03
 2.90383E+03	 3.76367E+03
 2.90587E+03	 3.75750E+03
 2.90792E+03	 3.75950E+03
 2.90996E+03	 3.77333E+03
 2.91201E+03	 3.76450E+03
 2.91405E+03	 3.79517E+03
 2.91609E+03	 3.79500E+03
 2.91814E+03	 3.82500E+03
 2.92018E+03	 3.84367E+03
 2.92222E+03	 3.78183E+03
 2.92426E+03	 3.79583E+03
 2.92630E+03	 3.77017E+03
 2.92834E+03	 3.80117E+03
 2.93038E+03	 3.80500E+03
 2.93241E+03	 3.82100E+03
 2.93445E+03	 3.79400E+03
 2.93649E+03	 3.72400E+03
 2.93853E+03	 3.72733E+03
 2.94056E+03	 3.69650E+03
 2.94260E+03	 3.67283E+03
 2.94463E+03	 3.67733E+03
 2.94667E+03	 3.63633E+03
 2.94870E+03	 3.63000E+03
 2.95073E+03	 3.56683E+03
 2.95277E+03	 3.54783E+03
 2.95480E+03	 3.56950E+03
 2.95683E+03	 3.56400E+03
 2.95886E+03	 3.54533E+03
 2.96089E+03	 3.50950E+03
 2.96292E+03	 3.52650E+03
 2.96495E+03	 3.51617E+03
 2.96698E+03	 3.48983E+03
 2.96901E+03	 3.48517E+03
 2.97103E+03	 3.47650E+03
 2.97306E+03	 3.47300E+03
 2.97509E+03	 3.46200E+03
 2.97711E+03	 3.42417E+03
 2.97914E+03	 3.40867E+03
 2.98116E+03	 3.44433E+03
 2.98319E+03	 3.40250E+03
 2.98521E+03	 3.39000E+03
 2.98724E+03	 3.39133E+03
 2.98926E+03	 3.39767E+03
 2.99128E+03	 3.39483E+03
 2.99330E+03	 3.38150E+03
 2.99532E+03	 3.38533E+03
 2.99734E+03	 3.35767E+03
 2.99936E+03	 3.37083E+03
 3.00138E+03	 3.37017E+03
 3.00340E+03	 3.34317E+03
 3.00542E+03	 3.34300E+03
 3.00744E+03	 3.34750E+03
 3.00945E+03	 3.34133E+03
 3.01147E+03	 3.33367E+03
 3.01349E+03	 3.34050E+03
 3.01550E+03	 3.29983E+03
 3.01752E+03	 3.27350E+03
 3.01953E+03	 3.31117E+03
 3.02155E+03	 3.29650E+03
 3.02356E+03	 3.31450E+03
 3.02557E+03	 3.27667E+03
 3.02758E+03	 3.29817E+03
 3.02960E+03	 3.29433E+03
 3.03161E+03	 3.26450E+03
 3.03362E+03	 3.25917E+03
 3.03563E+03	 3.25467E+03
 3.03764E+03	 3.25517E+03
 3.03965E+03	 3.24117E+03
 3.04165E+03	 3.25033E+03
 3.04366E+03	 3.27367E+03
 3.04567E+03	 3.25733E+03
 3.04768E+03	 3.24683E+03
 3.04968E+03	 3.25517E+03
 3.05169E+03	 3.25833E+03
 3.05369E+03	 3.28150E+03
 3.05570E+03	 3.29817E+03
 3.05770E+03	 3.25267E+03
 3.05971E+03	 3.25333E+03
 3.06171E+03	 3.25300E+03
 3.06371E+03	 3.28633E+03
 3.06571E+03	 3.25900E+03
 3.06771E+03	 3.26183E+03
 3.06971E+03	 3.29067E+03
 3.07171E+03	 3.24633E+03
 3.07371E+03	 3.25050E+03
 3.07571E+03	 3.23533E+03
 3.07771E+03	 3.25350E+03
 3.07971E+03	 3.23717E+03
 3.08171E+03	 3.24233E+03
 3.08370E+03	 3.20083E+03
 3.08570E+03	 3.22417E+03
 3.08770E+03	 3.23383E+03
 3.08969E+03	 3.21617E+03
 3.09169E+03	 3.18400E+03
 3.09368E+03	 3.18900E+03
 3.09567E+03	 3.16217E+03
 3.09767E+03	 3.15417E+03
 3.09966E+03	 3.15967E+03
 3.10165E+03	 3.13500E+03
 3.10364E+03	 3.14317E+03
 3.10564E+03	 3.12367E+03
 3.10763E+03	 3.15117E+03
 3.10962E+03	 3.12733E+03
 3.11161E+03	 3.13050E+03
 3.11359E+03	 3.10150E+03
 3.11558E+03	 3.09733E+03
 3.11757E+03	 3.12017E+03
 3.11956E+03	 3.10250E+03
 3.12154E+03	 3.12633E+03
 3.12353E+03	 3.09900E+03
 3.12552E+03	 3.06283E+03
 3.12750E+03	 3.11250E+03
 3.12949E+03	 3.08167E+03
 3.13147E+03	 3.12333E+03
 3.13345E+03	 3.08167E+03
 3.13544E+03	 3.08267E+03
 3.13742E+03	 3.05167E+03
 3.13940E+03	 3.08700E+03
 3.14138E+03	 3.08533E+03
 3.14336E+03	 3.07483E+03
 3.14534E+03	 3.07733E+03
 3.14732E+03	 3.04350E+03
 3.14930E+03	 3.07400E+03
 3.15128E+03	 3.09600E+03
 3.15326E+03	 3.09783E+03
 3.15524E+03	 3.09717E+03
 3.15721E+03	 3.09450E+03
 3.15919E+03	 3.07550E+03
 3.16117E+03	 3.06317E+03
 3.16314E+03	 3.01850E+03
 3.16512E+03	 3.05533E+03
 3.16709E+03	 3.06967E+03
 3.16906E+03	 3.04883E+03
 3.17104E+03	 3.05850E+03
 3.17301E+03	 3.05150E+03
 3.17498E+03	 3.03517E+03
 3.17695E+03	 3.04333E+03
 3.17893E+03	 3.07350E+03
 3.18090E+03	 3.05633E+03
 3.18287E+03	 3.03500E+03
 3.18484E+03	 3.06367E+03
 3.18681E+03	 3.05450E+03
 3.18877E+03	 3.06217E+03
 3.19074E+03	 3.02183E+03
 3.19271E+03	 3.04583E+03
 3.19468E+03	 3.02433E+03
 3.19664E+03	 3.01983E+03
 3.19861E+03	 3.02550E+03
 3.20057E+03	 3.01650E+03
 3.20254E+03	 3.01183E+03
 3.20450E+03	 3.01133E+03
 3.20647E+03	 3.00683E+03
 3.20843E+03	 3.01250E+03
 3.21039E+03	 2.97267E+03
 3.21236E+03	 2.99933E+03
 3.21432E+03	 2.96733E+03
 3.21628E+03	 2.98550E+03
 3.21824E+03	 2.96133E+03
 3.22020E+03	 2.99417E+03
 3.22216E+03	 2.95033E+03
 3.22412E+03	 2.95617E+03
 3.22608E+03	 2.92667E+03
 3.22804E+03	 2.94300E+03
 3.22999E+03	 2.96750E+03
 3.23195E+03	 2.93667E+03
 3.23391E+03	 2.90000E+03
 3.23586E+03	 2.94533E+03
 3.23782E+03	 2.89283E+03
 3.23977E+03	 2.89133E+03
 3.24173E+03	 2.85850E+03
 3.24368E+03	 2.83233E+03
 3.24563E+03	 2.86900E+03
 3.24759E+03	 2.86067E+03
 3.24954E+03	 2.85383E+03
 3.25149E+03	 2.84367E+03
 3.25344E+03	 2.84667E+03
 3.25539E+03	 2.81250E+03
 3.25734E+03	 2.80583E+03
 3.25929E+03	 2.82183E+03
 3.26124E+03	 2.77800E+03
 3.26319E+03	 2.78983E+03
 3.26514E+03	 2.82133E+03
 3.26709E+03	 2.79500E+03
 3.26903E+03	 2.77800E+03
 3.27098E+03	 2.76867E+03
 3.27293E+03	 2.77683E+03
 3.27487E+03	 2.78533E+03
 3.27682E+03	 2.80100E+03
 3.27876E+03	 2.75183E+03
 3.28070E+03	 2.79550E+03
 3.28265E+03	 2.76533E+03
 3.28459E+03	 2.75783E+03
 3.28653E+03	 2.73783E+03
 3.28848E+03	 2.74233E+03
 3.29042E+03	 2.71700E+03
 3.29236E+03	 2.74717E+03
 3.29430E+03	 2.71983E+03
 3.29624E+03	 2.71183E+03
 3.29818E+03	 2.75167E+03
 3.30012E+03	 2.73500E+03
 3.30205E+03	 2.74217E+03
 3.30399E+03	 2.73967E+03
 3.30593E+03	 2.74200E+03
 3.30787E+03	 2.73900E+03
 3.30980E+03	 2.75233E+03
 3.31174E+03	 2.74283E+03
 3.31367E+03	 2.75183E+03
 3.31561E+03	 2.74467E+03
 3.31754E+03	 2.71867E+03
 3.31948E+03	 2.72817E+03
 3.32141E+03	 2.71117E+03
 3.32334E+03	 2.71183E+03
 3.32527E+03	 2.72850E+03
 3.32720E+03	 2.71967E+03
 3.32914E+03	 2.73267E+03
 3.33107E+03	 2.71733E+03
 3.33300E+03	 2.72583E+03
 3.33493E+03	 2.71700E+03
 3.33686E+03	 2.71933E+03
 3.33878E+03	 2.74683E+03
 3.34071E+03	 2.70400E+03
 3.34264E+03	 2.71467E+03
 3.34457E+03	 2.69100E+03
 3.34649E+03	 2.69867E+03
 3.34842E+03	 2.69067E+03
 3.35034E+03	 2.69150E+03
 3.35227E+03	 2.68900E+03
 3.35419E+03	 2.68833E+03
 3.35612E+03	 2.69267E+03
 3.35804E+03	 2.70233E+03
 3.35996E+03	 2.67483E+03
 3.36189E+03	 2.66150E+03
 3.36381E+03	 2.68250E+03
 3.36573E+03	 2.66267E+03
 3.36765E+03	 2.67017E+03
 3.36957E+03	 2.68567E+03
 3.37149E+03	 2.71150E+03
 3.37341E+03	 2.68767E+03
 3.37533E+03	 2.69100E+03
 3.37725E+03	 2.69900E+03
 3.37916E+03	 2.67100E+03
 3.38108E+03	 2.68417E+03
 3.38300E+03	 2.66850E+03
 3.38491E+03	 2.69867E+03
 3.38683E+03	 2.67750E+03
 3.38875E+03	 2.69350E+03
 3.39066E+03	 2.68817E+03
 3.39257E+03	 2.67367E+03
 3.39449E+03	 2.68933E+03
 3.39640E+03	 2.68550E+03
 3.39831E+03	 2.69567E+03
 3.40023E+03	 2.70783E+03
 3.40214E+03	 2.66783E+03
 3.40405E+03	 2.69083E+03
 3.40596E+03	 2.68133E+03
 3.40787E+03	 2.67817E+03
 3.40978E+03	 2.67483E+03
 3.41169E+03	 2.67250E+03
 3.41360E+03	 2.67900E+03
 3.41551E+03	 2.68617E+03
 3.41741E+03	 2.67783E+03
 3.41932E+03	 2.65667E+03
 3.42123E+03	 2.67850E+03
 3.42313E+03	 2.64983E+03
 3.42504E+03	 2.64800E+03
 3.42694E+03	 2.66850E+03
 3.42885E+03	 2.65967E+03
 3.43075E+03	 2.66133E+03
 3.43266E+03	 2.66767E+03
 3.43456E+03	 2.64417E+03
 3.43646E+03	 2.64767E+03
 3.43836E+03	 2.64833E+03
 3.44027E+03	 2.65183E+03
 3.44217E+03	 2.65033E+03
 3.44407E+03	 2.64467E+03
 3.44597E+03	 2.67133E+03
 3.44787E+03	 2.66817E+03
 3.44977E+03	 2.67350E+03
 3.45166E+03	 2.68033E+03
 3.45356E+03	 2.64317E+03
 3.45546E+03	 2.65383E+03
 3.45736E+03	 2.65400E+03
 3.45925E+03	 2.68133E+03
 3.46115E+03	 2.66850E+03
 3.46305E+03	 2.66500E+03
 3.46494E+03	 2.65033E+03
 3.46684E+03	 2.65500E+03
 3.46873E+03	 2.64750E+03
 3.47062E+03	 2.65567E+03
 3.47252E+03	 2.66783E+03
 3.47441E+03	 2.66617E+03
 3.47630E+03	 2.69350E+03
 3.47819E+03	 2.63583E+03
 3.48008E+03	 2.69100E+03
 3.48197E+03	 2.67233E+03
 3.48386E+03	 2.63183E+03
 3.48575E+03	 2.67517E+03
 3.48764E+03	 2.67333E+03
 3.48953E+03	 2.63950E+03
 3.49142E+03	 2.65467E+03
 3.49331E+03	 2.67167E+03
 3.49520E+03	 2.66217E+03
 3.49708E+03	 2.66400E+03
 3.49897E+03	 2.66033E+03
 3.50085E+03	 2.64867E+03
 3.50274E+03	 2.64850E+03
 3.50462E+03	 2.61717E+03
 3.50651E+03	 2.66467E+03
 3.50839E+03	 2.63133E+03
 3.51027E+03	 2.65183E+03
 3.51216E+03	 2.64167E+03
 3.51404E+03	 2.63900E+03
 3.51592E+03	 2.62433E+03
 3.51780E+03	 2.61683E+03
 3.51968E+03	 2.64783E+03
 3.52156E+03	 2.62833E+03
 3.52344E+03	 2.61583E+03
 3.52532E+03	 2.62900E+03
 3.52720E+03	 2.60600E+03
 3.52908E+03	 2.60717E+03
 3.53096E+03	 2.62417E+03
 3.53283E+03	 2.64267E+03
 3.53471E+03	 2.61817E+03
 3.53659E+03	 2.61700E+03
 3.53846E+03	 2.59750E+03
 3.54034E+03	 2.60700E+03
 3.54221E+03	 2.57817E+03
 3.54409E+03	 2.60317E+03
 3.54596E+03	 2.61133E+03
 3.54783E+03	 2.60050E+03
 3.54971E+03	 2.58783E+03
 3.55158E+03	 2.59967E+03
 3.55345E+03	 2.59383E+03
 3.55532E+03	 2.59083E+03
 3.55719E+03	 2.56600E+03
 3.55906E+03	 2.57183E+03
 3.56093E+03	 2.57667E+03
 3.56280E+03	 2.56533E+03
 3.56467E+03	 2.58367E+03
 3.56654E+03	 2.56583E+03
 3.56841E+03	 2.54983E+03
 3.57028E+03	 2.55517E+03
 3.57214E+03	 2.56100E+03
 3.57401E+03	 2.55667E+03
 3.57587E+03	 2.56133E+03
 3.57774E+03	 2.55367E+03
 3.57961E+03	 2.54517E+03
 3.58147E+03	 2.54550E+03
 3.58333E+03	 2.53717E+03
 3.58520E+03	 2.56733E+03
 3.58706E+03	 2.54467E+03
 3.58892E+03	 2.53517E+03
 3.59078E+03	 2.52400E+03
 3.59265E+03	 2.56333E+03
 3.59451E+03	 2.53550E+03
 3.59637E+03	 2.52333E+03
 3.59823E+03	 2.52850E+03
 3.60009E+03	 2.52567E+03
 3.60195E+03	 2.51933E+03
 3.60381E+03	 2.55300E+03
 3.60566E+03	 2.54450E+03
 3.60752E+03	 2.54133E+03
 3.60938E+03	 2.52867E+03
 3.61124E+03	 2.51367E+03
 3.61309E+03	 2.52583E+03
 3.61495E+03	 2.50350E+03
 3.61680E+03	 2.53917E+03
 3.61866E+03	 2.52317E+03
 3.62051E+03	 2.51850E+03
 3.62237E+03	 2.50367E+03
 3.62422E+03	 2.50417E+03
 3.62607E+03	 2.49417E+03
 3.62792E+03	 2.50100E+03
 3.62978E+03	 2.49217E+03
 3.63163E+03	 2.48367E+03
 3.63348E+03	 2.48050E+03
 3.63533E+03	 2.47233E+03
 3.63718E+03	 2.51767E+03
 3.63903E+03	 2.45983E+03
 3.64088E+03	 2.48717E+03
 3.64272E+03	 2.45817E+03
 3.64457E+03	 2.46400E+03
 3.64642E+03	 2.47900E+03
 3.64827E+03	 2.47767E+03
 3.65011E+03	 2.46717E+03
 3.65196E+03	 2.47900E+03
 3.65381E+03	 2.45783E+03
 3.65565E+03	 2.45900E+03
 3.65749E+03	 2.44767E+03
 3.65934E+03	 2.42317E+03
 3.66118E+03	 2.46383E+03
 3.66303E+03	 2.46083E+03
 3.66487E+03	 2.45617E+03
 3.66671E+03	 2.44683E+03
 3.66855E+03	 2.46833E+03
 3.67039E+03	 2.44883E+03
 3.67223E+03	 2.43483E+03
 3.67407E+03	 2.45800E+03
 3.67591E+03	 2.45267E+03
 3.67775E+03	 2.44450E+03
 3.67959E+03	 2.45267E+03
 3.68143E+03	 2.45117E+03
 3.68327E+03	 2.44117E+03
 3.68511E+03	 2.46367E+03
 3.68694E+03	 2.44383E+03
 3.68878E+03	 2.44217E+03
 3.69062E+03	 2.44783E+03
 3.69245E+03	 2.44567E+03
 3.69429E+03	 2.44800E+03
 3.69612E+03	 2.43733E+03
 3.69795E+03	 2.44250E+03
 3.69979E+03	 2.42867E+03
 3.70162E+03	 2.42817E+03
 3.70345E+03	 2.40050E+03
 3.70529E+03	 2.40133E+03
 3.70712E+03	 2.42433E+03
 3.70895E+03	 2.38150E+03
 3.71078E+03	 2.40050E+03
 3.71261E+03	 2.39483E+03
 3.71444E+03	 2.39683E+03
 3.71627E+03	 2.40983E+03
 3.71810E+03	 2.37183E+03
 3.71993E+03	 2.38617E+03
 3.72175E+03	 2.36933E+03
 3.72358E+03	 2.37517E+03
 3.72541E+03	 2.38733E+03
 3.72723E+03	 2.39583E+03
