-1.09652E+02	 4.46000E+02
-1.06671E+02	 4.43667E+02
-1.03692E+02	 4.45667E+02
-1.00714E+02	 4.45667E+02
-9.77370E+01	 4.45500E+02
-9.47610E+01	 4.44833E+02
-9.17861E+01	 4.45167E+02
-8.88123E+01	 4.46000E+02
-8.58395E+01	 4.43500E+02
-8.28679E+01	 4.46500E+02
-7.98974E+01	 4.45000E+02
-7.69279E+01	 4.44500E+02
-7.39595E+01	 4.44833E+02
-7.09922E+01	 4.45333E+02
-6.80260E+01	 4.46500E+02
-6.50609E+01	 4.47167E+02
-6.20968E+01	 4.44333E+02
-5.91339E+01	 4.44333E+02
-5.61720E+01	 4.46167E+02
-5.32112E+01	 4.46833E+02
-5.02515E+01	 4.42000E+02
-4.72928E+01	 4.47000E+02
-4.43352E+01	 4.45667E+02
-4.13787E+01	 4.45333E+02
-3.84233E+01	 4.44333E+02
-3.54689E+01	 4.46667E+02
-3.25156E+01	 4.46000E+02
-2.95634E+01	 4.45500E+02
-2.66123E+01	 4.46000E+02
-2.36622E+01	 4.44833E+02
-2.07132E+01	 4.48000E+02
-1.77652E+01	 4.44500E+02
-1.48183E+01	 4.47000E+02
-1.18725E+01	 4.45167E+02
-8.92773E+00	 4.45833E+02
-5.98404E+00	 4.49000E+02
-3.04140E+00	 4.50500E+02
-9.98263E-02	 4.54333E+02
 2.84069E+00	 4.63167E+02
 5.78015E+00	 4.59667E+02
 8.71855E+00	 4.57333E+02
 1.16559E+01	 4.48833E+02
 1.45922E+01	 4.49833E+02
 1.75274E+01	 4.50667E+02
 2.04616E+01	 4.51000E+02
 2.33947E+01	 4.48667E+02
 2.63268E+01	 4.50833E+02
 2.92578E+01	 4.49500E+02
 3.21878E+01	 4.52000E+02
 3.51167E+01	 4.49000E+02
 3.80446E+01	 4.52333E+02
 4.09714E+01	 4.52167E+02
 4.38972E+01	 4.56333E+02
 4.68220E+01	 4.58667E+02
 4.97457E+01	 4.65833E+02
 5.26683E+01	 4.70000E+02
 5.55899E+01	 4.75500E+02
 5.85105E+01	 4.91667E+02
 6.14300E+01	 5.10000E+02
 6.43485E+01	 5.73333E+02
 6.72660E+01	 7.57833E+02
 7.01824E+01	 1.32917E+03
 7.30978E+01	 2.60400E+03
 7.60121E+01	 4.80783E+03
 7.89254E+01	 7.40117E+03
 8.18377E+01	 9.53800E+03
 8.47489E+01	 1.09193E+04
 8.76591E+01	 1.14290E+04
 9.05683E+01	 1.15085E+04
 9.34764E+01	 1.14425E+04
 9.63836E+01	 1.12718E+04
 9.92896E+01	 1.10443E+04
 1.02195E+02	 1.08820E+04
 1.05099E+02	 1.08522E+04
 1.08002E+02	 1.06905E+04
 1.10904E+02	 1.04438E+04
 1.13805E+02	 1.03072E+04
 1.16705E+02	 1.00577E+04
 1.19604E+02	 9.74767E+03
 1.22501E+02	 9.48950E+03
 1.25398E+02	 9.16717E+03
 1.28294E+02	 8.92017E+03
 1.31189E+02	 8.74817E+03
 1.34083E+02	 8.52017E+03
 1.36976E+02	 8.32867E+03
 1.39867E+02	 8.17800E+03
 1.42758E+02	 8.05700E+03
 1.45648E+02	 7.98183E+03
 1.48537E+02	 7.82200E+03
 1.51424E+02	 7.68450E+03
 1.54311E+02	 7.59350E+03
 1.57197E+02	 7.47483E+03
 1.60081E+02	 7.34767E+03
 1.62965E+02	 7.20567E+03
 1.65848E+02	 7.09817E+03
 1.68729E+02	 6.94417E+03
 1.71610E+02	 6.73950E+03
 1.74490E+02	 6.61833E+03
 1.77368E+02	 6.48667E+03
 1.80246E+02	 6.37717E+03
 1.83123E+02	 6.37117E+03
 1.85998E+02	 6.36150E+03
 1.88873E+02	 6.42633E+03
 1.91746E+02	 6.42117E+03
 1.94619E+02	 6.55017E+03
 1.97491E+02	 6.56617E+03
 2.00361E+02	 6.69783E+03
 2.03231E+02	 6.80317E+03
 2.06100E+02	 6.93533E+03
 2.08967E+02	 7.06567E+03
 2.11834E+02	 7.12750E+03
 2.14699E+02	 7.31850E+03
 2.17564E+02	 7.38167E+03
 2.20428E+02	 7.50400E+03
 2.23290E+02	 7.67150E+03
 2.26152E+02	 7.79417E+03
 2.29013E+02	 7.95533E+03
 2.31873E+02	 7.99650E+03
 2.34731E+02	 8.10800E+03
 2.37589E+02	 8.15450E+03
 2.40446E+02	 8.22183E+03
 2.43301E+02	 8.11500E+03
 2.46156E+02	 8.06967E+03
 2.49010E+02	 7.90217E+03
 2.51863E+02	 7.68417E+03
 2.54714E+02	 7.40800E+03
 2.57565E+02	 7.09967E+03
 2.60415E+02	 6.81200E+03
 2.63264E+02	 6.46067E+03
 2.66112E+02	 6.19217E+03
 2.68959E+02	 5.88983E+03
 2.71805E+02	 5.62217E+03
 2.74650E+02	 5.39017E+03
 2.77494E+02	 5.16417E+03
 2.80337E+02	 4.90517E+03
 2.83179E+02	 4.75433E+03
 2.86020E+02	 4.54433E+03
 2.88860E+02	 4.39667E+03
 2.91699E+02	 4.27533E+03
 2.94537E+02	 4.11467E+03
 2.97374E+02	 3.97983E+03
 3.00210E+02	 3.85717E+03
 3.03045E+02	 3.81400E+03
 3.05880E+02	 3.73533E+03
 3.08713E+02	 3.67550E+03
 3.11545E+02	 3.59567E+03
 3.14376E+02	 3.55567E+03
 3.17207E+02	 3.55733E+03
 3.20036E+02	 3.50200E+03
 3.22865E+02	 3.50517E+03
 3.25692E+02	 3.46517E+03
 3.28519E+02	 3.44400E+03
 3.31344E+02	 3.40950E+03
 3.34169E+02	 3.39817E+03
 3.36992E+02	 3.32017E+03
 3.39815E+02	 3.30117E+03
 3.42637E+02	 3.27833E+03
 3.45457E+02	 3.21283E+03
 3.48277E+02	 3.13333E+03
 3.51096E+02	 3.12033E+03
 3.53914E+02	 3.07050E+03
 3.56731E+02	 3.03867E+03
 3.59547E+02	 3.03217E+03
 3.62362E+02	 3.00700E+03
 3.65176E+02	 2.99950E+03
 3.67989E+02	 3.01567E+03
 3.70801E+02	 3.00450E+03
 3.73612E+02	 3.01000E+03
 3.76422E+02	 2.98050E+03
 3.79232E+02	 2.97617E+03
 3.82040E+02	 2.98183E+03
 3.84847E+02	 2.97250E+03
 3.87654E+02	 2.97767E+03
 3.90459E+02	 2.95333E+03
 3.93264E+02	 2.96467E+03
 3.96067E+02	 2.97250E+03
 3.98870E+02	 2.99033E+03
 4.01672E+02	 2.96583E+03
 4.04472E+02	 2.98717E+03
 4.07272E+02	 2.94683E+03
 4.10071E+02	 2.97467E+03
 4.12869E+02	 2.95817E+03
 4.15666E+02	 2.93217E+03
 4.18462E+02	 3.00333E+03
 4.21257E+02	 2.96750E+03
 4.24051E+02	 2.94067E+03
 4.26844E+02	 2.93350E+03
 4.29637E+02	 2.93333E+03
 4.32428E+02	 2.94817E+03
 4.35218E+02	 2.93567E+03
 4.38008E+02	 2.95283E+03
 4.40796E+02	 2.96600E+03
 4.43584E+02	 2.91900E+03
 4.46371E+02	 2.95333E+03
 4.49156E+02	 2.93350E+03
 4.51941E+02	 2.94167E+03
 4.54725E+02	 2.94967E+03
 4.57508E+02	 2.92483E+03
 4.60290E+02	 2.95333E+03
 4.63071E+02	 2.94817E+03
 4.65851E+02	 2.95567E+03
 4.68630E+02	 2.96900E+03
 4.71409E+02	 2.98567E+03
 4.74186E+02	 2.97267E+03
 4.76963E+02	 2.96767E+03
 4.79738E+02	 2.99317E+03
 4.82513E+02	 2.97533E+03
 4.85286E+02	 2.92950E+03
 4.88059E+02	 2.94300E+03
 4.90831E+02	 2.96100E+03
 4.93602E+02	 2.96333E+03
 4.96372E+02	 2.97150E+03
 4.99141E+02	 2.98317E+03
 5.01909E+02	 2.96733E+03
 5.04676E+02	 3.00117E+03
 5.07442E+02	 2.98383E+03
 5.10208E+02	 2.98517E+03
 5.12972E+02	 3.01033E+03
 5.15736E+02	 3.07367E+03
 5.18498E+02	 3.24183E+03
 5.21260E+02	 3.51417E+03
 5.24021E+02	 3.83183E+03
 5.26781E+02	 3.81900E+03
 5.29539E+02	 3.53067E+03
 5.32298E+02	 3.26367E+03
 5.35055E+02	 3.12583E+03
 5.37811E+02	 3.05667E+03
 5.40566E+02	 3.06300E+03
 5.43321E+02	 3.07400E+03
 5.46074E+02	 3.06133E+03
 5.48827E+02	 3.11650E+03
 5.51578E+02	 3.06417E+03
 5.54329E+02	 3.09100E+03
 5.57079E+02	 3.05100E+03
 5.59828E+02	 3.06683E+03
 5.62576E+02	 3.08650E+03
 5.65323E+02	 3.11533E+03
 5.68069E+02	 3.12833E+03
 5.70814E+02	 3.13700E+03
 5.73559E+02	 3.11717E+03
 5.76302E+02	 3.09350E+03
 5.79045E+02	 3.10550E+03
 5.81786E+02	 3.08217E+03
 5.84527E+02	 3.07217E+03
 5.87267E+02	 3.07383E+03
 5.90006E+02	 3.08317E+03
 5.92744E+02	 3.07417E+03
 5.95481E+02	 3.08267E+03
 5.98218E+02	 3.05600E+03
 6.00953E+02	 3.04500E+03
 6.03688E+02	 3.00317E+03
 6.06421E+02	 3.01983E+03
 6.09154E+02	 3.02400E+03
 6.11886E+02	 3.04083E+03
 6.14616E+02	 3.07167E+03
 6.17347E+02	 3.07033E+03
 6.20076E+02	 3.12617E+03
 6.22804E+02	 3.14800E+03
 6.25531E+02	 3.15967E+03
 6.28258E+02	 3.17700E+03
 6.30983E+02	 3.22517E+03
 6.33708E+02	 3.26867E+03
 6.36432E+02	 3.28450E+03
 6.39154E+02	 3.24767E+03
 6.41876E+02	 3.20933E+03
 6.44597E+02	 3.27317E+03
 6.47318E+02	 3.27250E+03
 6.50037E+02	 3.24783E+03
 6.52755E+02	 3.24567E+03
 6.55473E+02	 3.26233E+03
 6.58190E+02	 3.28183E+03
 6.60905E+02	 3.22550E+03
 6.63620E+02	 3.25233E+03
 6.66334E+02	 3.21183E+03
 6.69047E+02	 3.20917E+03
 6.71759E+02	 3.23367E+03
 6.74471E+02	 3.23183E+03
 6.77181E+02	 3.25450E+03
 6.79891E+02	 3.27900E+03
 6.82600E+02	 3.22850E+03
 6.85307E+02	 3.25983E+03
 6.88014E+02	 3.30650E+03
 6.90720E+02	 3.29017E+03
 6.93426E+02	 3.28700E+03
 6.96130E+02	 3.28767E+03
 6.98833E+02	 3.23367E+03
 7.01536E+02	 3.17483E+03
 7.04237E+02	 3.18300E+03
 7.06938E+02	 3.11700E+03
 7.09638E+02	 3.08517E+03
 7.12337E+02	 3.07367E+03
 7.15035E+02	 3.11367E+03
 7.17733E+02	 3.13700E+03
 7.20429E+02	 3.20533E+03
 7.23125E+02	 3.31983E+03
 7.25819E+02	 3.56483E+03
 7.28513E+02	 3.92033E+03
 7.31206E+02	 4.59617E+03
 7.33898E+02	 5.47350E+03
 7.36589E+02	 6.16233E+03
 7.39280E+02	 6.36583E+03
 7.41969E+02	 5.93217E+03
 7.44658E+02	 5.14567E+03
 7.47345E+02	 4.44717E+03
 7.50032E+02	 3.91950E+03
 7.52718E+02	 3.66283E+03
 7.55403E+02	 3.47950E+03
 7.58087E+02	 3.36417E+03
 7.60771E+02	 3.29033E+03
 7.63453E+02	 3.22167E+03
 7.66135E+02	 3.17900E+03
 7.68816E+02	 3.14600E+03
 7.71496E+02	 3.14200E+03
 7.74175E+02	 3.15350E+03
 7.76853E+02	 3.14667E+03
 7.79530E+02	 3.13567E+03
 7.82207E+02	 3.14200E+03
 7.84882E+02	 3.13933E+03
 7.87557E+02	 3.15417E+03
 7.90231E+02	 3.15900E+03
 7.92904E+02	 3.15350E+03
 7.95576E+02	 3.15050E+03
 7.98248E+02	 3.15400E+03
 8.00918E+02	 3.12133E+03
 8.03588E+02	 3.10783E+03
 8.06256E+02	 3.10000E+03
 8.08924E+02	 3.12500E+03
 8.11591E+02	 3.13300E+03
 8.14257E+02	 3.11683E+03
 8.16923E+02	 3.13617E+03
 8.19587E+02	 3.11283E+03
 8.22251E+02	 3.11233E+03
 8.24914E+02	 3.11717E+03
 8.27576E+02	 3.09783E+03
 8.30237E+02	 3.11083E+03
 8.32897E+02	 3.10283E+03
 8.35556E+02	 3.10783E+03
 8.38215E+02	 3.10600E+03
 8.40872E+02	 3.11500E+03
 8.43529E+02	 3.08733E+03
 8.46185E+02	 3.09950E+03
 8.48840E+02	 3.14333E+03
 8.51495E+02	 3.15233E+03
 8.54148E+02	 3.13250E+03
 8.56800E+02	 3.11117E+03
 8.59452E+02	 3.16833E+03
 8.62103E+02	 3.14300E+03
 8.64753E+02	 3.15933E+03
 8.67402E+02	 3.15817E+03
 8.70051E+02	 3.15683E+03
 8.72698E+02	 3.18517E+03
 8.75345E+02	 3.15567E+03
 8.77991E+02	 3.15517E+03
 8.80636E+02	 3.14317E+03
 8.83280E+02	 3.14583E+03
 8.85923E+02	 3.14100E+03
 8.88565E+02	 3.15500E+03
 8.91207E+02	 3.15217E+03
 8.93848E+02	 3.15233E+03
 8.96488E+02	 3.17200E+03
 8.99127E+02	 3.21050E+03
 9.01765E+02	 3.19033E+03
 9.04402E+02	 3.20617E+03
 9.07039E+02	 3.23300E+03
 9.09675E+02	 3.23433E+03
 9.12310E+02	 3.24867E+03
 9.14944E+02	 3.24433E+03
 9.17577E+02	 3.25033E+03
 9.20209E+02	 3.26000E+03
 9.22841E+02	 3.29333E+03
 9.25472E+02	 3.30450E+03
 9.28102E+02	 3.32950E+03
 9.30731E+02	 3.32317E+03
 9.33359E+02	 3.31767E+03
 9.35986E+02	 3.31200E+03
 9.38613E+02	 3.29483E+03
 9.41238E+02	 3.30017E+03
 9.43863E+02	 3.27750E+03
 9.46487E+02	 3.30033E+03
 9.49111E+02	 3.33767E+03
 9.51733E+02	 3.36167E+03
 9.54355E+02	 3.39317E+03
 9.56975E+02	 3.45817E+03
 9.59595E+02	 3.50000E+03
 9.62214E+02	 3.51517E+03
 9.64833E+02	 3.54200E+03
 9.67450E+02	 3.49417E+03
 9.70067E+02	 3.48533E+03
 9.72682E+02	 3.45233E+03
 9.75297E+02	 3.42833E+03
 9.77912E+02	 3.39800E+03
 9.80525E+02	 3.41517E+03
 9.83137E+02	 3.43400E+03
 9.85749E+02	 3.45033E+03
 9.88360E+02	 3.42283E+03
 9.90970E+02	 3.42833E+03
 9.93579E+02	 3.43450E+03
 9.96187E+02	 3.41850E+03
 9.98795E+02	 3.42433E+03
 1.00140E+03	 3.41367E+03
 1.00401E+03	 3.44633E+03
 1.00661E+03	 3.46033E+03
 1.00922E+03	 3.39650E+03
 1.01182E+03	 3.45550E+03
 1.01442E+03	 3.50817E+03
 1.01702E+03	 3.52017E+03
 1.01963E+03	 3.53833E+03
 1.02223E+03	 3.56700E+03
 1.02483E+03	 3.55900E+03
 1.02742E+03	 3.56417E+03
 1.03002E+03	 3.56883E+03
 1.03262E+03	 3.56217E+03
 1.03521E+03	 3.57700E+03
 1.03781E+03	 3.54733E+03
 1.04040E+03	 3.49633E+03
 1.04300E+03	 3.49600E+03
 1.04559E+03	 3.51717E+03
 1.04818E+03	 3.49667E+03
 1.05077E+03	 3.44917E+03
 1.05336E+03	 3.43600E+03
 1.05595E+03	 3.45683E+03
 1.05854E+03	 3.43917E+03
 1.06113E+03	 3.47850E+03
 1.06372E+03	 3.47867E+03
 1.06630E+03	 3.48750E+03
 1.06889E+03	 3.57383E+03
 1.07147E+03	 3.59250E+03
 1.07406E+03	 3.63850E+03
 1.07664E+03	 3.60650E+03
 1.07922E+03	 3.62733E+03
 1.08181E+03	 3.63117E+03
 1.08439E+03	 3.66150E+03
 1.08697E+03	 3.68683E+03
 1.08955E+03	 3.65550E+03
 1.09212E+03	 3.70317E+03
 1.09470E+03	 3.68183E+03
 1.09728E+03	 3.68717E+03
 1.09985E+03	 3.73867E+03
 1.10243E+03	 3.74383E+03
 1.10500E+03	 3.80933E+03
 1.10758E+03	 3.85650E+03
 1.11015E+03	 3.84083E+03
 1.11272E+03	 3.83917E+03
 1.11529E+03	 3.86583E+03
 1.11786E+03	 3.82950E+03
 1.12043E+03	 3.91033E+03
 1.12300E+03	 3.92600E+03
 1.12557E+03	 3.92233E+03
 1.12813E+03	 3.95367E+03
 1.13070E+03	 3.94317E+03
 1.13327E+03	 4.01667E+03
 1.13583E+03	 4.01550E+03
 1.13840E+03	 4.06667E+03
 1.14096E+03	 4.09167E+03
 1.14352E+03	 4.13617E+03
 1.14608E+03	 4.15883E+03
 1.14864E+03	 4.24700E+03
 1.15120E+03	 4.26317E+03
 1.15376E+03	 4.26350E+03
 1.15632E+03	 4.26533E+03
 1.15888E+03	 4.31850E+03
 1.16143E+03	 4.33517E+03
 1.16399E+03	 4.38250E+03
 1.16654E+03	 4.39117E+03
 1.16910E+03	 4.43767E+03
 1.17165E+03	 4.52100E+03
 1.17421E+03	 4.47617E+03
 1.17676E+03	 4.51017E+03
 1.17931E+03	 4.57133E+03
 1.18186E+03	 4.53100E+03
 1.18441E+03	 4.60117E+03
 1.18696E+03	 4.62333E+03
 1.18951E+03	 4.62550E+03
 1.19205E+03	 4.66250E+03
 1.19460E+03	 4.69183E+03
 1.19714E+03	 4.79567E+03
 1.19969E+03	 4.83883E+03
 1.20223E+03	 4.85967E+03
 1.20478E+03	 4.91717E+03
 1.20732E+03	 4.92800E+03
 1.20986E+03	 4.98300E+03
 1.21240E+03	 4.98500E+03
 1.21494E+03	 5.04050E+03
 1.21748E+03	 5.17267E+03
 1.22002E+03	 5.28000E+03
 1.22256E+03	 5.31583E+03
 1.22509E+03	 5.31950E+03
 1.22763E+03	 5.29667E+03
 1.23017E+03	 5.33517E+03
 1.23270E+03	 5.36933E+03
 1.23523E+03	 5.40917E+03
 1.23777E+03	 5.47583E+03
 1.24030E+03	 5.54933E+03
 1.24283E+03	 5.54800E+03
 1.24536E+03	 5.64833E+03
 1.24789E+03	 5.70483E+03
 1.25042E+03	 5.75500E+03
 1.25295E+03	 5.77767E+03
 1.25548E+03	 5.82500E+03
 1.25800E+03	 5.82450E+03
 1.26053E+03	 5.79167E+03
 1.26305E+03	 5.80467E+03
 1.26558E+03	 5.84883E+03
 1.26810E+03	 5.94000E+03
 1.27063E+03	 5.98517E+03
 1.27315E+03	 6.03967E+03
 1.27567E+03	 6.13667E+03
 1.27819E+03	 6.08817E+03
 1.28071E+03	 6.18300E+03
 1.28323E+03	 6.16217E+03
 1.28575E+03	 6.18683E+03
 1.28826E+03	 6.22133E+03
 1.29078E+03	 6.26650E+03
 1.29330E+03	 6.36383E+03
 1.29581E+03	 6.45000E+03
 1.29833E+03	 6.45283E+03
 1.30084E+03	 6.56833E+03
 1.30335E+03	 6.69417E+03
 1.30586E+03	 6.83900E+03
 1.30838E+03	 6.98283E+03
 1.31089E+03	 7.00417E+03
 1.31340E+03	 7.22583E+03
 1.31591E+03	 7.41150E+03
 1.31841E+03	 7.54917E+03
 1.32092E+03	 7.69450E+03
 1.32343E+03	 7.77300E+03
 1.32593E+03	 7.88050E+03
 1.32844E+03	 8.02850E+03
 1.33094E+03	 8.12500E+03
 1.33345E+03	 8.16367E+03
 1.33595E+03	 8.21100E+03
 1.33845E+03	 8.17117E+03
 1.34095E+03	 8.12783E+03
 1.34345E+03	 7.98850E+03
 1.34595E+03	 7.86967E+03
 1.34845E+03	 7.71150E+03
 1.35095E+03	 7.51033E+03
 1.35345E+03	 7.37017E+03
 1.35594E+03	 7.24200E+03
 1.35844E+03	 7.13650E+03
 1.36094E+03	 7.05683E+03
 1.36343E+03	 7.00083E+03
 1.36592E+03	 7.04133E+03
 1.36842E+03	 7.07883E+03
 1.37091E+03	 7.03667E+03
 1.37340E+03	 7.09350E+03
 1.37589E+03	 7.13517E+03
 1.37838E+03	 7.11433E+03
 1.38087E+03	 7.11317E+03
 1.38336E+03	 7.02050E+03
 1.38585E+03	 6.91683E+03
 1.38833E+03	 6.83833E+03
 1.39082E+03	 6.83517E+03
 1.39330E+03	 6.80050E+03
 1.39579E+03	 6.82100E+03
 1.39827E+03	 6.84550E+03
 1.40075E+03	 6.86867E+03
 1.40324E+03	 6.88033E+03
 1.40572E+03	 6.81783E+03
 1.40820E+03	 6.68083E+03
 1.41068E+03	 6.66283E+03
 1.41316E+03	 6.53583E+03
 1.41564E+03	 6.42567E+03
 1.41811E+03	 6.36267E+03
 1.42059E+03	 6.37950E+03
 1.42307E+03	 6.42067E+03
 1.42554E+03	 6.46700E+03
 1.42802E+03	 6.49433E+03
 1.43049E+03	 6.55167E+03
 1.43296E+03	 6.51367E+03
 1.43544E+03	 6.52767E+03
 1.43791E+03	 6.51867E+03
 1.44038E+03	 6.57450E+03
 1.44285E+03	 6.61733E+03
 1.44532E+03	 6.77767E+03
 1.44779E+03	 6.85500E+03
 1.45026E+03	 6.88917E+03
 1.45272E+03	 6.89233E+03
 1.45519E+03	 6.97450E+03
 1.45766E+03	 6.93267E+03
 1.46012E+03	 6.96950E+03
 1.46258E+03	 6.98633E+03
 1.46505E+03	 6.89333E+03
 1.46751E+03	 6.84867E+03
 1.46997E+03	 6.89600E+03
 1.47243E+03	 6.88750E+03
 1.47489E+03	 6.90417E+03
 1.47735E+03	 6.97233E+03
 1.47981E+03	 6.92633E+03
 1.48227E+03	 6.91400E+03
 1.48473E+03	 6.92450E+03
 1.48719E+03	 6.96550E+03
 1.48964E+03	 6.92567E+03
 1.49210E+03	 6.96217E+03
 1.49455E+03	 6.96050E+03
 1.49700E+03	 7.05517E+03
 1.49946E+03	 7.10333E+03
 1.50191E+03	 7.12533E+03
 1.50436E+03	 7.24167E+03
 1.50681E+03	 7.26100E+03
 1.50926E+03	 7.28300E+03
 1.51171E+03	 7.30233E+03
 1.51416E+03	 7.38700E+03
 1.51661E+03	 7.43767E+03
 1.51905E+03	 7.51567E+03
 1.52150E+03	 7.55033E+03
 1.52395E+03	 7.54383E+03
 1.52639E+03	 7.58500E+03
 1.52884E+03	 7.62133E+03
 1.53128E+03	 7.56283E+03
 1.53372E+03	 7.56150E+03
 1.53616E+03	 7.69750E+03
 1.53860E+03	 7.66667E+03
 1.54104E+03	 7.71183E+03
 1.54348E+03	 7.79667E+03
 1.54592E+03	 7.91050E+03
 1.54836E+03	 8.05150E+03
 1.55080E+03	 8.21300E+03
 1.55324E+03	 8.25933E+03
 1.55567E+03	 8.37900E+03
 1.55811E+03	 8.46317E+03
 1.56054E+03	 8.44833E+03
 1.56297E+03	 8.48100E+03
 1.56541E+03	 8.45750E+03
 1.56784E+03	 8.53583E+03
 1.57027E+03	 8.59050E+03
 1.57270E+03	 8.81850E+03
 1.57513E+03	 8.82850E+03
 1.57756E+03	 8.86533E+03
 1.57999E+03	 8.81100E+03
 1.58242E+03	 8.71533E+03
 1.58485E+03	 8.71600E+03
 1.58727E+03	 8.65900E+03
 1.58970E+03	 8.65150E+03
 1.59212E+03	 8.67767E+03
 1.59455E+03	 8.57133E+03
 1.59697E+03	 8.50183E+03
 1.59939E+03	 8.44233E+03
 1.60182E+03	 8.33033E+03
 1.60424E+03	 8.30300E+03
 1.60666E+03	 8.25783E+03
 1.60908E+03	 8.08550E+03
 1.61150E+03	 7.94183E+03
 1.61391E+03	 7.82450E+03
 1.61633E+03	 7.61767E+03
 1.61875E+03	 7.43767E+03
 1.62117E+03	 7.24417E+03
 1.62358E+03	 7.16750E+03
 1.62600E+03	 7.00283E+03
 1.62841E+03	 6.80383E+03
 1.63082E+03	 6.72700E+03
 1.63324E+03	 6.58967E+03
 1.63565E+03	 6.39367E+03
 1.63806E+03	 6.29983E+03
 1.64047E+03	 6.11867E+03
 1.64288E+03	 5.97317E+03
 1.64529E+03	 5.90550E+03
 1.64770E+03	 5.81067E+03
 1.65010E+03	 5.71017E+03
 1.65251E+03	 5.59083E+03
 1.65492E+03	 5.54233E+03
 1.65732E+03	 5.34417E+03
 1.65973E+03	 5.29000E+03
 1.66213E+03	 5.24367E+03
 1.66453E+03	 5.11033E+03
 1.66694E+03	 5.04750E+03
 1.66934E+03	 4.96567E+03
 1.67174E+03	 4.90300E+03
 1.67414E+03	 4.82867E+03
 1.67654E+03	 4.74267E+03
 1.67894E+03	 4.64600E+03
 1.68134E+03	 4.60483E+03
 1.68373E+03	 4.50983E+03
 1.68613E+03	 4.49433E+03
 1.68853E+03	 4.48483E+03
 1.69092E+03	 4.45550E+03
 1.69332E+03	 4.42100E+03
 1.69571E+03	 4.38883E+03
 1.69810E+03	 4.30517E+03
 1.70050E+03	 4.32883E+03
 1.70289E+03	 4.30417E+03
 1.70528E+03	 4.30683E+03
 1.70767E+03	 4.26933E+03
 1.71006E+03	 4.23950E+03
 1.71245E+03	 4.25567E+03
 1.71483E+03	 4.24633E+03
 1.71722E+03	 4.22100E+03
 1.71961E+03	 4.20283E+03
 1.72199E+03	 4.19850E+03
 1.72438E+03	 4.16450E+03
 1.72676E+03	 4.13500E+03
 1.72915E+03	 4.09567E+03
 1.73153E+03	 4.11817E+03
 1.73391E+03	 4.07900E+03
 1.73630E+03	 4.04733E+03
 1.73868E+03	 4.05067E+03
 1.74106E+03	 4.07967E+03
 1.74344E+03	 4.04650E+03
 1.74582E+03	 4.02150E+03
 1.74819E+03	 4.06150E+03
 1.75057E+03	 4.02850E+03
 1.75295E+03	 4.00550E+03
 1.75532E+03	 3.99533E+03
 1.75770E+03	 3.98083E+03
 1.76007E+03	 3.99600E+03
 1.76245E+03	 3.98500E+03
 1.76482E+03	 3.98650E+03
 1.76719E+03	 4.00250E+03
 1.76957E+03	 4.00783E+03
 1.77194E+03	 3.98667E+03
 1.77431E+03	 3.95017E+03
 1.77668E+03	 3.96133E+03
 1.77905E+03	 3.95733E+03
 1.78141E+03	 3.95133E+03
 1.78378E+03	 3.94750E+03
 1.78615E+03	 3.93717E+03
 1.78851E+03	 3.96817E+03
 1.79088E+03	 3.94250E+03
 1.79324E+03	 3.95717E+03
 1.79561E+03	 3.90550E+03
 1.79797E+03	 3.93800E+03
 1.80033E+03	 3.92350E+03
 1.80270E+03	 3.94883E+03
 1.80506E+03	 3.91667E+03
 1.80742E+03	 3.96150E+03
 1.80978E+03	 3.92567E+03
 1.81214E+03	 3.92733E+03
 1.81450E+03	 3.89133E+03
 1.81685E+03	 3.93717E+03
 1.81921E+03	 3.92250E+03
 1.82157E+03	 3.90333E+03
 1.82392E+03	 3.94117E+03
 1.82628E+03	 3.92250E+03
 1.82863E+03	 3.94150E+03
 1.83098E+03	 3.93833E+03
 1.83334E+03	 3.94800E+03
 1.83569E+03	 3.92800E+03
 1.83804E+03	 3.95633E+03
 1.84039E+03	 3.96650E+03
 1.84274E+03	 3.98400E+03
 1.84509E+03	 3.97483E+03
 1.84744E+03	 3.93583E+03
 1.84979E+03	 3.99683E+03
 1.85213E+03	 3.98050E+03
 1.85448E+03	 3.99783E+03
 1.85683E+03	 4.01000E+03
 1.85917E+03	 4.00417E+03
 1.86152E+03	 3.98567E+03
 1.86386E+03	 4.00383E+03
 1.86620E+03	 3.99917E+03
 1.86855E+03	 4.00050E+03
 1.87089E+03	 4.00150E+03
 1.87323E+03	 4.02883E+03
 1.87557E+03	 4.00367E+03
 1.87791E+03	 4.00883E+03
 1.88025E+03	 4.05350E+03
 1.88259E+03	 4.05100E+03
 1.88492E+03	 4.02000E+03
 1.88726E+03	 4.06217E+03
 1.88960E+03	 4.04483E+03
 1.89193E+03	 4.04400E+03
 1.89427E+03	 4.04500E+03
 1.89660E+03	 4.05417E+03
 1.89893E+03	 4.05650E+03
 1.90127E+03	 4.07783E+03
 1.90360E+03	 4.07000E+03
 1.90593E+03	 4.09150E+03
 1.90826E+03	 4.03417E+03
 1.91059E+03	 4.06383E+03
 1.91292E+03	 4.07183E+03
 1.91525E+03	 4.08717E+03
 1.91758E+03	 4.08267E+03
 1.91990E+03	 4.05200E+03
 1.92223E+03	 4.07233E+03
 1.92456E+03	 4.08483E+03
 1.92688E+03	 4.10283E+03
 1.92921E+03	 4.08567E+03
 1.93153E+03	 4.05517E+03
 1.93385E+03	 4.09717E+03
 1.93617E+03	 4.14217E+03
 1.93850E+03	 4.11783E+03
 1.94082E+03	 4.12717E+03
 1.94314E+03	 4.09567E+03
 1.94546E+03	 4.09367E+03
 1.94778E+03	 4.08400E+03
 1.95009E+03	 4.10250E+03
 1.95241E+03	 4.12917E+03
 1.95473E+03	 4.10183E+03
 1.95704E+03	 4.13967E+03
 1.95936E+03	 4.11117E+03
 1.96168E+03	 4.11400E+03
 1.96399E+03	 4.15667E+03
 1.96630E+03	 4.16433E+03
 1.96862E+03	 4.14583E+03
 1.97093E+03	 4.16183E+03
 1.97324E+03	 4.20650E+03
 1.97555E+03	 4.14967E+03
 1.97786E+03	 4.17300E+03
 1.98017E+03	 4.16500E+03
 1.98248E+03	 4.20717E+03
 1.98479E+03	 4.23800E+03
 1.98709E+03	 4.22683E+03
 1.98940E+03	 4.23383E+03
 1.99171E+03	 4.20000E+03
 1.99401E+03	 4.19750E+03
 1.99632E+03	 4.21633E+03
 1.99862E+03	 4.24617E+03
 2.00092E+03	 4.23267E+03
 2.00323E+03	 4.25883E+03
 2.00553E+03	 4.21783E+03
 2.00783E+03	 4.27700E+03
 2.01013E+03	 4.28600E+03
 2.01243E+03	 4.27883E+03
 2.01473E+03	 4.24467E+03
 2.01703E+03	 4.25150E+03
 2.01933E+03	 4.27367E+03
 2.02162E+03	 4.26700E+03
 2.02392E+03	 4.28017E+03
 2.02622E+03	 4.31733E+03
 2.02851E+03	 4.26283E+03
 2.03081E+03	 4.31533E+03
 2.03310E+03	 4.29650E+03
 2.03539E+03	 4.36617E+03
 2.03769E+03	 4.32367E+03
 2.03998E+03	 4.32067E+03
 2.04227E+03	 4.34083E+03
 2.04456E+03	 4.31683E+03
 2.04685E+03	 4.30550E+03
 2.04914E+03	 4.37000E+03
 2.05143E+03	 4.34017E+03
 2.05371E+03	 4.31133E+03
 2.05600E+03	 4.36017E+03
 2.05829E+03	 4.33633E+03
 2.06057E+03	 4.36333E+03
 2.06286E+03	 4.36350E+03
 2.06514E+03	 4.37183E+03
 2.06743E+03	 4.34917E+03
 2.06971E+03	 4.37867E+03
 2.07199E+03	 4.40067E+03
 2.07427E+03	 4.32017E+03
 2.07656E+03	 4.38817E+03
 2.07884E+03	 4.38017E+03
 2.08112E+03	 4.36583E+03
 2.08339E+03	 4.43467E+03
 2.08567E+03	 4.42483E+03
 2.08795E+03	 4.41233E+03
 2.09023E+03	 4.42383E+03
 2.09250E+03	 4.45650E+03
 2.09478E+03	 4.48750E+03
 2.09706E+03	 4.46483E+03
 2.09933E+03	 4.44983E+03
 2.10160E+03	 4.49750E+03
 2.10388E+03	 4.48150E+03
 2.10615E+03	 4.50950E+03
 2.10842E+03	 4.49283E+03
 2.11069E+03	 4.53983E+03
 2.11296E+03	 4.51300E+03
 2.11523E+03	 4.54367E+03
 2.11750E+03	 4.52817E+03
 2.11977E+03	 4.52800E+03
 2.12204E+03	 4.50017E+03
 2.12431E+03	 4.57433E+03
 2.12657E+03	 4.52583E+03
 2.12884E+03	 4.48917E+03
 2.13110E+03	 4.51917E+03
 2.13337E+03	 4.54117E+03
 2.13563E+03	 4.57467E+03
 2.13790E+03	 4.55250E+03
 2.14016E+03	 4.55967E+03
 2.14242E+03	 4.55983E+03
 2.14468E+03	 4.54833E+03
 2.14694E+03	 4.57317E+03
 2.14920E+03	 4.59317E+03
 2.15146E+03	 4.59250E+03
 2.15372E+03	 4.54233E+03
 2.15598E+03	 4.59967E+03
 2.15823E+03	 4.60267E+03
 2.16049E+03	 4.61300E+03
 2.16275E+03	 4.59600E+03
 2.16500E+03	 4.61950E+03
 2.16726E+03	 4.60317E+03
 2.16951E+03	 4.58250E+03
 2.17176E+03	 4.60350E+03
 2.17402E+03	 4.59000E+03
 2.17627E+03	 4.62100E+03
 2.17852E+03	 4.59400E+03
 2.18077E+03	 4.60317E+03
 2.18302E+03	 4.64300E+03
 2.18527E+03	 4.65217E+03
 2.18752E+03	 4.65533E+03
 2.18977E+03	 4.61617E+03
 2.19202E+03	 4.59717E+03
 2.19426E+03	 4.58217E+03
 2.19651E+03	 4.63550E+03
 2.19875E+03	 4.64217E+03
 2.20100E+03	 4.67250E+03
 2.20324E+03	 4.66717E+03
 2.20549E+03	 4.67883E+03
 2.20773E+03	 4.68317E+03
 2.20997E+03	 4.62200E+03
 2.21221E+03	 4.64917E+03
 2.21446E+03	 4.66583E+03
 2.21670E+03	 4.72033E+03
 2.21894E+03	 4.67233E+03
 2.22117E+03	 4.72550E+03
 2.22341E+03	 4.66633E+03
 2.22565E+03	 4.69383E+03
 2.22789E+03	 4.68383E+03
 2.23012E+03	 4.66117E+03
 2.23236E+03	 4.67717E+03
 2.23459E+03	 4.65967E+03
 2.23683E+03	 4.66400E+03
 2.23906E+03	 4.68783E+03
 2.24130E+03	 4.68600E+03
 2.24353E+03	 4.69500E+03
 2.24576E+03	 4.69533E+03
 2.24799E+03	 4.67300E+03
 2.25022E+03	 4.67300E+03
 2.25245E+03	 4.65683E+03
 2.25468E+03	 4.69883E+03
 2.25691E+03	 4.71267E+03
 2.25914E+03	 4.66883E+03
 2.26137E+03	 4.67083E+03
 2.26359E+03	 4.65183E+03
 2.26582E+03	 4.72017E+03
 2.26804E+03	 4.66250E+03
 2.27027E+03	 4.71483E+03
 2.27249E+03	 4.70067E+03
 2.27472E+03	 4.68383E+03
 2.27694E+03	 4.74117E+03
 2.27916E+03	 4.73267E+03
 2.28138E+03	 4.70883E+03
 2.28361E+03	 4.69983E+03
 2.28583E+03	 4.71183E+03
 2.28805E+03	 4.70017E+03
 2.29026E+03	 4.69900E+03
 2.29248E+03	 4.74317E+03
 2.29470E+03	 4.73833E+03
 2.29692E+03	 4.75200E+03
 2.29913E+03	 4.75167E+03
 2.30135E+03	 4.73350E+03
 2.30357E+03	 4.72700E+03
 2.30578E+03	 4.73017E+03
 2.30799E+03	 4.76267E+03
 2.31021E+03	 4.73783E+03
 2.31242E+03	 4.76417E+03
 2.31463E+03	 4.77200E+03
 2.31684E+03	 4.72483E+03
 2.31905E+03	 4.75517E+03
 2.32126E+03	 4.73833E+03
 2.32347E+03	 4.74217E+03
 2.32568E+03	 4.75883E+03
 2.32789E+03	 4.75483E+03
 2.33010E+03	 4.72167E+03
 2.33231E+03	 4.72233E+03
 2.33451E+03	 4.75267E+03
 2.33672E+03	 4.74100E+03
 2.33892E+03	 4.73500E+03
 2.34113E+03	 4.75117E+03
 2.34333E+03	 4.76850E+03
 2.34553E+03	 4.77183E+03
 2.34774E+03	 4.76033E+03
 2.34994E+03	 4.77683E+03
 2.35214E+03	 4.76733E+03
 2.35434E+03	 4.76417E+03
 2.35654E+03	 4.73150E+03
 2.35874E+03	 4.76617E+03
 2.36094E+03	 4.77600E+03
 2.36314E+03	 4.79767E+03
 2.36533E+03	 4.80250E+03
 2.36753E+03	 4.78050E+03
 2.36973E+03	 4.77983E+03
 2.37192E+03	 4.78383E+03
 2.37412E+03	 4.76433E+03
 2.37631E+03	 4.75450E+03
 2.37851E+03	 4.76050E+03
 2.38070E+03	 4.80817E+03
 2.38289E+03	 4.80267E+03
 2.38508E+03	 4.83717E+03
 2.38727E+03	 4.80867E+03
 2.38947E+03	 4.80833E+03
 2.39166E+03	 4.79833E+03
 2.39384E+03	 4.82217E+03
 2.39603E+03	 4.80817E+03
 2.39822E+03	 4.78850E+03
 2.40041E+03	 4.79200E+03
 2.40260E+03	 4.77567E+03
 2.40478E+03	 4.80333E+03
 2.40697E+03	 4.77450E+03
 2.40915E+03	 4.80017E+03
 2.41134E+03	 4.77133E+03
 2.41352E+03	 4.78300E+03
 2.41570E+03	 4.74433E+03
 2.41789E+03	 4.78750E+03
 2.42007E+03	 4.79400E+03
 2.42225E+03	 4.82417E+03
 2.42443E+03	 4.79750E+03
 2.42661E+03	 4.76400E+03
 2.42879E+03	 4.82300E+03
 2.43097E+03	 4.78900E+03
 2.43315E+03	 4.82217E+03
 2.43532E+03	 4.81917E+03
 2.43750E+03	 4.79883E+03
 2.43968E+03	 4.79100E+03
 2.44185E+03	 4.74417E+03
 2.44403E+03	 4.79350E+03
 2.44620E+03	 4.84367E+03
 2.44837E+03	 4.80867E+03
 2.45055E+03	 4.83500E+03
 2.45272E+03	 4.81400E+03
 2.45489E+03	 4.80700E+03
 2.45706E+03	 4.83667E+03
 2.45923E+03	 4.83733E+03
 2.46140E+03	 4.84483E+03
 2.46357E+03	 4.85867E+03
 2.46574E+03	 4.82850E+03
 2.46791E+03	 4.85167E+03
 2.47008E+03	 4.84433E+03
 2.47224E+03	 4.88633E+03
 2.47441E+03	 4.88817E+03
 2.47658E+03	 4.91833E+03
 2.47874E+03	 4.82383E+03
 2.48091E+03	 4.86200E+03
 2.48307E+03	 4.85583E+03
 2.48523E+03	 4.88000E+03
 2.48740E+03	 4.89350E+03
 2.48956E+03	 4.92167E+03
 2.49172E+03	 4.90200E+03
 2.49388E+03	 4.91383E+03
 2.49604E+03	 4.91683E+03
 2.49820E+03	 4.95400E+03
 2.50036E+03	 4.91183E+03
 2.50252E+03	 4.93383E+03
 2.50467E+03	 4.90033E+03
 2.50683E+03	 4.89383E+03
 2.50899E+03	 4.91350E+03
 2.51114E+03	 4.91833E+03
 2.51330E+03	 4.92683E+03
 2.51545E+03	 4.96583E+03
 2.51761E+03	 4.92283E+03
 2.51976E+03	 4.92200E+03
 2.52191E+03	 4.93733E+03
 2.52407E+03	 4.87400E+03
 2.52622E+03	 4.93300E+03
 2.52837E+03	 4.88983E+03
 2.53052E+03	 4.91933E+03
 2.53267E+03	 4.90833E+03
 2.53482E+03	 4.92267E+03
 2.53697E+03	 4.92783E+03
 2.53911E+03	 4.91233E+03
 2.54126E+03	 4.94067E+03
 2.54341E+03	 4.92767E+03
 2.54555E+03	 4.96100E+03
 2.54770E+03	 4.95250E+03
 2.54985E+03	 4.94167E+03
 2.55199E+03	 4.96367E+03
 2.55413E+03	 4.96817E+03
 2.55628E+03	 4.92833E+03
 2.55842E+03	 4.98583E+03
 2.56056E+03	 4.95950E+03
 2.56270E+03	 4.96917E+03
 2.56484E+03	 4.93783E+03
 2.56698E+03	 4.93717E+03
 2.56912E+03	 4.99633E+03
 2.57126E+03	 4.97750E+03
 2.57340E+03	 5.02317E+03
 2.57554E+03	 4.97667E+03
 2.57767E+03	 4.96983E+03
 2.57981E+03	 4.94767E+03
 2.58195E+03	 4.97683E+03
 2.58408E+03	 4.97017E+03
 2.58622E+03	 4.97850E+03
 2.58835E+03	 4.96000E+03
 2.59048E+03	 4.99917E+03
 2.59262E+03	 4.96950E+03
 2.59475E+03	 4.93917E+03
 2.59688E+03	 4.96483E+03
 2.59901E+03	 5.00317E+03
 2.60114E+03	 4.99750E+03
 2.60327E+03	 4.99750E+03
 2.60540E+03	 4.92950E+03
 2.60753E+03	 4.96600E+03
 2.60966E+03	 4.97783E+03
 2.61178E+03	 4.92667E+03
 2.61391E+03	 4.96300E+03
 2.61604E+03	 5.01317E+03
 2.61816E+03	 5.00283E+03
 2.62029E+03	 4.94500E+03
 2.62241E+03	 4.97100E+03
 2.62454E+03	 4.94483E+03
 2.62666E+03	 4.98017E+03
 2.62878E+03	 4.98933E+03
 2.63090E+03	 5.00583E+03
 2.63303E+03	 4.99083E+03
 2.63515E+03	 4.95550E+03
 2.63727E+03	 5.02833E+03
 2.63939E+03	 5.00767E+03
 2.64151E+03	 5.03050E+03
 2.64362E+03	 5.00017E+03
 2.64574E+03	 5.01333E+03
 2.64786E+03	 5.00650E+03
 2.64998E+03	 5.06567E+03
 2.65209E+03	 5.05433E+03
 2.65421E+03	 5.00550E+03
 2.65632E+03	 5.03467E+03
 2.65844E+03	 5.06350E+03
 2.66055E+03	 5.08583E+03
 2.66266E+03	 5.05700E+03
 2.66478E+03	 5.06217E+03
 2.66689E+03	 5.08233E+03
 2.66900E+03	 5.04417E+03
 2.67111E+03	 5.09317E+03
 2.67322E+03	 5.09150E+03
 2.67533E+03	 5.08200E+03
 2.67744E+03	 5.12267E+03
 2.67955E+03	 5.08700E+03
 2.68165E+03	 5.09817E+03
 2.68376E+03	 5.08300E+03
 2.68587E+03	 5.11767E+03
 2.68797E+03	 5.06500E+03
 2.69008E+03	 5.13183E+03
 2.69218E+03	 5.13150E+03
 2.69429E+03	 5.16617E+03
 2.69639E+03	 5.15767E+03
 2.69850E+03	 5.10317E+03
 2.70060E+03	 5.12417E+03
 2.70270E+03	 5.11750E+03
 2.70480E+03	 5.17033E+03
 2.70690E+03	 5.16983E+03
 2.70900E+03	 5.17133E+03
 2.71110E+03	 5.18283E+03
 2.71320E+03	 5.18067E+03
 2.71530E+03	 5.16500E+03
 2.71740E+03	 5.14383E+03
 2.71949E+03	 5.18433E+03
 2.72159E+03	 5.17867E+03
 2.72369E+03	 5.16917E+03
 2.72578E+03	 5.20417E+03
 2.72788E+03	 5.18717E+03
 2.72997E+03	 5.21400E+03
 2.73206E+03	 5.20817E+03
 2.73416E+03	 5.19217E+03
 2.73625E+03	 5.19483E+03
 2.73834E+03	 5.21083E+03
 2.74043E+03	 5.19600E+03
 2.74252E+03	 5.21883E+03
 2.74461E+03	 5.18167E+03
 2.74670E+03	 5.20367E+03
 2.74879E+03	 5.14817E+03
 2.75088E+03	 5.15567E+03
 2.75297E+03	 5.16350E+03
 2.75506E+03	 5.17150E+03
 2.75714E+03	 5.17983E+03
 2.75923E+03	 5.19833E+03
 2.76131E+03	 5.21350E+03
 2.76340E+03	 5.17450E+03
 2.76548E+03	 5.18417E+03
 2.76757E+03	 5.15500E+03
 2.76965E+03	 5.16467E+03
 2.77173E+03	 5.18283E+03
 2.77382E+03	 5.16017E+03
 2.77590E+03	 5.19217E+03
 2.77798E+03	 5.20783E+03
 2.78006E+03	 5.18217E+03
 2.78214E+03	 5.14833E+03
 2.78422E+03	 5.19900E+03
 2.78630E+03	 5.17283E+03
 2.78837E+03	 5.16867E+03
 2.79045E+03	 5.20650E+03
 2.79253E+03	 5.14783E+03
 2.79460E+03	 5.17033E+03
 2.79668E+03	 5.17750E+03
 2.79876E+03	 5.14683E+03
 2.80083E+03	 5.18717E+03
 2.80290E+03	 5.21150E+03
 2.80498E+03	 5.13833E+03
 2.80705E+03	 5.21050E+03
 2.80912E+03	 5.20733E+03
 2.81119E+03	 5.19967E+03
 2.81327E+03	 5.25017E+03
 2.81534E+03	 5.20167E+03
 2.81741E+03	 5.17167E+03
 2.81947E+03	 5.22250E+03
 2.82154E+03	 5.16283E+03
 2.82361E+03	 5.23767E+03
 2.82568E+03	 5.21000E+03
 2.82775E+03	 5.21583E+03
 2.82981E+03	 5.21267E+03
 2.83188E+03	 5.26883E+03
 2.83394E+03	 5.30183E+03
 2.83601E+03	 5.29650E+03
 2.83807E+03	 5.31350E+03
 2.84014E+03	 5.36300E+03
 2.84220E+03	 5.38667E+03
 2.84426E+03	 5.44167E+03
 2.84632E+03	 5.49067E+03
 2.84839E+03	 5.53817E+03
 2.85045E+03	 5.61467E+03
 2.85251E+03	 5.64400E+03
 2.85457E+03	 5.69167E+03
 2.85663E+03	 5.66450E+03
 2.85868E+03	 5.68367E+03
 2.86074E+03	 5.64967E+03
 2.86280E+03	 5.63667E+03
 2.86486E+03	 5.67133E+03
 2.86691E+03	 5.66350E+03
 2.86897E+03	 5.66250E+03
 2.87102E+03	 5.69617E+03
 2.87308E+03	 5.73400E+03
 2.87513E+03	 5.73850E+03
 2.87719E+03	 5.69950E+03
 2.87924E+03	 5.67167E+03
 2.88129E+03	 5.69483E+03
 2.88334E+03	 5.73417E+03
 2.88539E+03	 5.75100E+03
 2.88744E+03	 5.77100E+03
 2.88949E+03	 5.78867E+03
 2.89154E+03	 5.76650E+03
 2.89359E+03	 5.78650E+03
 2.89564E+03	 5.80167E+03
 2.89769E+03	 5.87867E+03
 2.89974E+03	 5.88883E+03
 2.90178E+03	 5.91017E+03
 2.90383E+03	 5.93300E+03
 2.90587E+03	 5.92117E+03
 2.90792E+03	 5.94883E+03
 2.90996E+03	 5.96650E+03
 2.91201E+03	 6.02233E+03
 2.91405E+03	 6.04433E+03
 2.91609E+03	 6.06767E+03
 2.91814E+03	 6.08867E+03
 2.92018E+03	 6.05650E+03
 2.92222E+03	 6.07317E+03
 2.92426E+03	 6.05767E+03
 2.92630E+03	 6.06333E+03
 2.92834E+03	 6.05200E+03
 2.93038E+03	 6.03933E+03
 2.93241E+03	 6.06800E+03
 2.93445E+03	 6.03350E+03
 2.93649E+03	 5.96150E+03
 2.93853E+03	 5.87733E+03
 2.94056E+03	 5.85900E+03
 2.94260E+03	 5.82583E+03
 2.94463E+03	 5.78167E+03
 2.94667E+03	 5.71750E+03
 2.94870E+03	 5.66917E+03
 2.95073E+03	 5.63033E+03
 2.95277E+03	 5.61650E+03
 2.95480E+03	 5.60767E+03
 2.95683E+03	 5.61750E+03
 2.95886E+03	 5.58000E+03
 2.96089E+03	 5.51217E+03
 2.96292E+03	 5.52883E+03
 2.96495E+03	 5.51033E+03
 2.96698E+03	 5.46583E+03
 2.96901E+03	 5.45067E+03
 2.97103E+03	 5.46333E+03
 2.97306E+03	 5.44883E+03
 2.97509E+03	 5.36850E+03
 2.97711E+03	 5.38883E+03
 2.97914E+03	 5.34283E+03
 2.98116E+03	 5.40133E+03
 2.98319E+03	 5.34300E+03
 2.98521E+03	 5.36367E+03
 2.98724E+03	 5.33050E+03
 2.98926E+03	 5.34550E+03
 2.99128E+03	 5.32933E+03
 2.99330E+03	 5.28917E+03
 2.99532E+03	 5.28367E+03
 2.99734E+03	 5.28450E+03
 2.99936E+03	 5.30350E+03
 3.00138E+03	 5.31150E+03
 3.00340E+03	 5.29750E+03
 3.00542E+03	 5.30350E+03
 3.00744E+03	 5.28483E+03
 3.00945E+03	 5.28650E+03
 3.01147E+03	 5.26417E+03
 3.01349E+03	 5.30750E+03
 3.01550E+03	 5.25533E+03
 3.01752E+03	 5.20850E+03
 3.01953E+03	 5.23183E+03
 3.02155E+03	 5.23967E+03
 3.02356E+03	 5.24883E+03
 3.02557E+03	 5.28583E+03
 3.02758E+03	 5.27150E+03
 3.02960E+03	 5.26433E+03
 3.03161E+03	 5.24567E+03
 3.03362E+03	 5.21267E+03
 3.03563E+03	 5.19583E+03
 3.03764E+03	 5.25267E+03
 3.03965E+03	 5.23383E+03
 3.04165E+03	 5.28600E+03
 3.04366E+03	 5.29867E+03
 3.04567E+03	 5.24767E+03
 3.04768E+03	 5.26167E+03
 3.04968E+03	 5.22500E+03
 3.05169E+03	 5.24267E+03
 3.05369E+03	 5.33467E+03
 3.05570E+03	 5.30650E+03
 3.05770E+03	 5.27183E+03
 3.05971E+03	 5.28817E+03
 3.06171E+03	 5.30367E+03
 3.06371E+03	 5.36750E+03
 3.06571E+03	 5.31150E+03
 3.06771E+03	 5.34783E+03
 3.06971E+03	 5.34883E+03
 3.07171E+03	 5.33817E+03
 3.07371E+03	 5.33650E+03
 3.07571E+03	 5.36833E+03
 3.07771E+03	 5.31600E+03
 3.07971E+03	 5.27983E+03
 3.08171E+03	 5.28017E+03
 3.08370E+03	 5.30033E+03
 3.08570E+03	 5.30833E+03
 3.08770E+03	 5.27333E+03
 3.08969E+03	 5.34350E+03
 3.09169E+03	 5.29883E+03
 3.09368E+03	 5.27967E+03
 3.09567E+03	 5.25850E+03
 3.09767E+03	 5.24017E+03
 3.09966E+03	 5.29833E+03
 3.10165E+03	 5.25067E+03
 3.10364E+03	 5.21633E+03
 3.10564E+03	 5.24650E+03
 3.10763E+03	 5.25200E+03
 3.10962E+03	 5.21133E+03
 3.11161E+03	 5.18800E+03
 3.11359E+03	 5.23950E+03
 3.11558E+03	 5.18583E+03
 3.11757E+03	 5.19317E+03
 3.11956E+03	 5.21967E+03
 3.12154E+03	 5.21750E+03
 3.12353E+03	 5.18417E+03
 3.12552E+03	 5.20067E+03
 3.12750E+03	 5.18317E+03
 3.12949E+03	 5.19667E+03
 3.13147E+03	 5.17817E+03
 3.13345E+03	 5.12467E+03
 3.13544E+03	 5.16567E+03
 3.13742E+03	 5.09933E+03
 3.13940E+03	 5.13900E+03
 3.14138E+03	 5.13283E+03
 3.14336E+03	 5.14250E+03
 3.14534E+03	 5.12467E+03
 3.14732E+03	 5.11083E+03
 3.14930E+03	 5.09450E+03
 3.15128E+03	 5.16317E+03
 3.15326E+03	 5.16433E+03
 3.15524E+03	 5.20333E+03
 3.15721E+03	 5.16333E+03
 3.15919E+03	 5.13267E+03
 3.16117E+03	 5.16217E+03
 3.16314E+03	 5.12233E+03
 3.16512E+03	 5.09400E+03
 3.16709E+03	 5.17650E+03
 3.16906E+03	 5.17167E+03
 3.17104E+03	 5.18517E+03
 3.17301E+03	 5.17117E+03
 3.17498E+03	 5.18117E+03
 3.17695E+03	 5.15300E+03
 3.17893E+03	 5.25717E+03
 3.18090E+03	 5.25750E+03
 3.18287E+03	 5.22400E+03
 3.18484E+03	 5.24800E+03
 3.18681E+03	 5.26700E+03
 3.18877E+03	 5.26250E+03
 3.19074E+03	 5.22200E+03
 3.19271E+03	 5.26367E+03
 3.19468E+03	 5.25750E+03
 3.19664E+03	 5.26567E+03
 3.19861E+03	 5.23167E+03
 3.20057E+03	 5.26567E+03
 3.20254E+03	 5.25233E+03
 3.20450E+03	 5.27583E+03
 3.20647E+03	 5.21967E+03
 3.20843E+03	 5.22267E+03
 3.21039E+03	 5.24150E+03
 3.21236E+03	 5.19783E+03
 3.21432E+03	 5.23017E+03
 3.21628E+03	 5.25050E+03
 3.21824E+03	 5.24500E+03
 3.22020E+03	 5.27167E+03
 3.22216E+03	 5.23800E+03
 3.22412E+03	 5.20983E+03
 3.22608E+03	 5.23750E+03
 3.22804E+03	 5.23717E+03
 3.22999E+03	 5.22183E+03
 3.23195E+03	 5.20183E+03
 3.23391E+03	 5.22067E+03
 3.23586E+03	 5.27600E+03
 3.23782E+03	 5.23350E+03
 3.23977E+03	 5.23050E+03
 3.24173E+03	 5.20367E+03
 3.24368E+03	 5.20350E+03
 3.24563E+03	 5.18667E+03
 3.24759E+03	 5.23033E+03
 3.24954E+03	 5.18967E+03
 3.25149E+03	 5.17733E+03
 3.25344E+03	 5.22233E+03
 3.25539E+03	 5.19350E+03
 3.25734E+03	 5.16350E+03
 3.25929E+03	 5.18817E+03
 3.26124E+03	 5.16200E+03
 3.26319E+03	 5.15933E+03
 3.26514E+03	 5.22500E+03
 3.26709E+03	 5.17317E+03
 3.26903E+03	 5.14717E+03
 3.27098E+03	 5.17233E+03
 3.27293E+03	 5.17733E+03
 3.27487E+03	 5.20250E+03
 3.27682E+03	 5.21017E+03
 3.27876E+03	 5.22533E+03
 3.28070E+03	 5.22717E+03
 3.28265E+03	 5.20833E+03
 3.28459E+03	 5.21083E+03
 3.28653E+03	 5.25650E+03
 3.28848E+03	 5.32650E+03
 3.29042E+03	 5.27283E+03
 3.29236E+03	 5.34650E+03
 3.29430E+03	 5.34500E+03
 3.29624E+03	 5.38583E+03
 3.29818E+03	 5.38733E+03
 3.30012E+03	 5.44050E+03
 3.30205E+03	 5.50167E+03
 3.30399E+03	 5.50767E+03
 3.30593E+03	 5.54183E+03
 3.30787E+03	 5.58283E+03
 3.30980E+03	 5.69617E+03
 3.31174E+03	 5.64833E+03
 3.31367E+03	 5.74583E+03
 3.31561E+03	 5.74850E+03
 3.31754E+03	 5.81317E+03
 3.31948E+03	 5.76750E+03
 3.32141E+03	 5.82850E+03
 3.32334E+03	 5.86550E+03
 3.32527E+03	 5.89700E+03
 3.32720E+03	 5.95133E+03
 3.32914E+03	 5.91983E+03
 3.33107E+03	 5.94033E+03
 3.33300E+03	 5.98467E+03
 3.33493E+03	 5.97500E+03
 3.33686E+03	 5.97467E+03
 3.33878E+03	 5.93267E+03
 3.34071E+03	 5.92867E+03
 3.34264E+03	 5.90333E+03
 3.34457E+03	 5.86283E+03
 3.34649E+03	 5.86867E+03
 3.34842E+03	 5.81933E+03
 3.35034E+03	 5.79600E+03
 3.35227E+03	 5.76683E+03
 3.35419E+03	 5.73767E+03
 3.35612E+03	 5.63550E+03
 3.35804E+03	 5.59633E+03
 3.35996E+03	 5.56800E+03
 3.36189E+03	 5.48317E+03
 3.36381E+03	 5.43483E+03
 3.36573E+03	 5.39233E+03
 3.36765E+03	 5.32883E+03
 3.36957E+03	 5.28767E+03
 3.37149E+03	 5.28667E+03
 3.37341E+03	 5.23233E+03
 3.37533E+03	 5.21900E+03
 3.37725E+03	 5.13033E+03
 3.37916E+03	 5.09467E+03
 3.38108E+03	 5.04467E+03
 3.38300E+03	 5.06317E+03
 3.38491E+03	 5.04200E+03
 3.38683E+03	 5.02933E+03
 3.38875E+03	 5.00383E+03
 3.39066E+03	 5.01917E+03
 3.39257E+03	 4.99933E+03
 3.39449E+03	 4.97117E+03
 3.39640E+03	 4.93150E+03
 3.39831E+03	 4.99517E+03
 3.40023E+03	 4.93317E+03
 3.40214E+03	 4.91717E+03
 3.40405E+03	 4.94717E+03
 3.40596E+03	 4.91150E+03
 3.40787E+03	 4.91733E+03
 3.40978E+03	 4.90650E+03
 3.41169E+03	 4.93933E+03
 3.41360E+03	 4.95300E+03
 3.41551E+03	 4.92400E+03
 3.41741E+03	 4.89583E+03
 3.41932E+03	 4.85100E+03
 3.42123E+03	 4.92200E+03
 3.42313E+03	 4.92383E+03
 3.42504E+03	 4.88150E+03
 3.42694E+03	 4.96100E+03
 3.42885E+03	 4.93033E+03
 3.43075E+03	 4.89067E+03
 3.43266E+03	 4.86800E+03
 3.43456E+03	 4.85917E+03
 3.43646E+03	 4.89083E+03
 3.43836E+03	 4.90550E+03
 3.44027E+03	 4.86217E+03
 3.44217E+03	 4.85583E+03
 3.44407E+03	 4.86717E+03
 3.44597E+03	 4.83650E+03
 3.44787E+03	 4.93483E+03
 3.44977E+03	 4.91567E+03
 3.45166E+03	 4.87350E+03
 3.45356E+03	 4.85317E+03
 3.45546E+03	 4.88650E+03
 3.45736E+03	 4.87050E+03
 3.45925E+03	 4.96650E+03
 3.46115E+03	 4.88617E+03
 3.46305E+03	 4.93950E+03
 3.46494E+03	 4.90417E+03
 3.46684E+03	 4.89933E+03
 3.46873E+03	 4.90550E+03
 3.47062E+03	 4.91767E+03
 3.47252E+03	 4.90633E+03
 3.47441E+03	 4.92800E+03
 3.47630E+03	 4.95383E+03
 3.47819E+03	 4.91817E+03
 3.48008E+03	 4.91383E+03
 3.48197E+03	 4.91400E+03
 3.48386E+03	 4.92567E+03
 3.48575E+03	 4.90250E+03
 3.48764E+03	 4.98683E+03
 3.48953E+03	 4.93900E+03
 3.49142E+03	 4.97217E+03
 3.49331E+03	 4.94733E+03
 3.49520E+03	 4.96950E+03
 3.49708E+03	 4.98467E+03
 3.49897E+03	 4.93700E+03
 3.50085E+03	 4.90817E+03
 3.50274E+03	 4.90700E+03
 3.50462E+03	 4.95550E+03
 3.50651E+03	 4.94583E+03
 3.50839E+03	 4.95250E+03
 3.51027E+03	 4.96400E+03
 3.51216E+03	 4.94467E+03
 3.51404E+03	 4.90100E+03
 3.51592E+03	 4.90700E+03
 3.51780E+03	 4.90783E+03
 3.51968E+03	 4.93433E+03
 3.52156E+03	 4.88217E+03
 3.52344E+03	 4.87233E+03
 3.52532E+03	 4.88033E+03
 3.52720E+03	 4.83283E+03
 3.52908E+03	 4.86533E+03
 3.53096E+03	 4.87150E+03
 3.53283E+03	 4.85483E+03
 3.53471E+03	 4.83667E+03
 3.53659E+03	 4.86250E+03
 3.53846E+03	 4.84817E+03
 3.54034E+03	 4.82867E+03
 3.54221E+03	 4.78450E+03
 3.54409E+03	 4.84667E+03
 3.54596E+03	 4.77383E+03
 3.54783E+03	 4.79067E+03
 3.54971E+03	 4.74100E+03
 3.55158E+03	 4.72717E+03
 3.55345E+03	 4.74383E+03
 3.55532E+03	 4.71983E+03
 3.55719E+03	 4.65650E+03
 3.55906E+03	 4.66117E+03
 3.56093E+03	 4.72467E+03
 3.56280E+03	 4.71000E+03
 3.56467E+03	 4.64450E+03
 3.56654E+03	 4.57967E+03
 3.56841E+03	 4.60050E+03
 3.57028E+03	 4.54583E+03
 3.57214E+03	 4.56983E+03
 3.57401E+03	 4.56400E+03
 3.57587E+03	 4.55900E+03
 3.57774E+03	 4.53483E+03
 3.57961E+03	 4.51750E+03
 3.58147E+03	 4.50517E+03
 3.58333E+03	 4.46417E+03
 3.58520E+03	 4.48283E+03
 3.58706E+03	 4.46900E+03
 3.58892E+03	 4.40533E+03
 3.59078E+03	 4.38583E+03
 3.59265E+03	 4.42417E+03
 3.59451E+03	 4.41183E+03
 3.59637E+03	 4.41083E+03
 3.59823E+03	 4.37233E+03
 3.60009E+03	 4.32067E+03
 3.60195E+03	 4.31333E+03
 3.60381E+03	 4.33517E+03
 3.60566E+03	 4.34117E+03
 3.60752E+03	 4.30267E+03
 3.60938E+03	 4.30200E+03
 3.61124E+03	 4.26450E+03
 3.61309E+03	 4.24917E+03
 3.61495E+03	 4.24833E+03
 3.61680E+03	 4.27367E+03
 3.61866E+03	 4.22017E+03
 3.62051E+03	 4.19833E+03
 3.62237E+03	 4.21483E+03
 3.62422E+03	 4.18933E+03
 3.62607E+03	 4.15500E+03
 3.62792E+03	 4.16350E+03
 3.62978E+03	 4.20767E+03
 3.63163E+03	 4.14133E+03
 3.63348E+03	 4.18400E+03
 3.63533E+03	 4.15067E+03
 3.63718E+03	 4.12867E+03
 3.63903E+03	 4.13067E+03
 3.64088E+03	 4.11483E+03
 3.64272E+03	 4.10333E+03
 3.64457E+03	 4.11700E+03
 3.64642E+03	 4.08417E+03
 3.64827E+03	 4.09367E+03
 3.65011E+03	 4.05817E+03
 3.65196E+03	 4.10500E+03
 3.65381E+03	 4.04017E+03
 3.65565E+03	 4.07383E+03
 3.65749E+03	 4.03433E+03
 3.65934E+03	 4.02117E+03
 3.66118E+03	 4.07133E+03
 3.66303E+03	 4.06883E+03
 3.66487E+03	 4.04217E+03
 3.66671E+03	 4.08867E+03
 3.66855E+03	 4.03833E+03
 3.67039E+03	 4.06350E+03
 3.67223E+03	 4.03617E+03
 3.67407E+03	 4.05367E+03
 3.67591E+03	 4.05417E+03
 3.67775E+03	 4.06533E+03
 3.67959E+03	 4.05617E+03
 3.68143E+03	 4.04567E+03
 3.68327E+03	 4.01633E+03
 3.68511E+03	 4.04800E+03
 3.68694E+03	 4.01967E+03
 3.68878E+03	 4.02217E+03
 3.69062E+03	 4.00100E+03
 3.69245E+03	 4.02383E+03
 3.69429E+03	 3.99283E+03
 3.69612E+03	 4.00083E+03
 3.69795E+03	 4.02450E+03
 3.69979E+03	 4.01483E+03
 3.70162E+03	 4.00217E+03
 3.70345E+03	 3.97983E+03
 3.70529E+03	 3.94383E+03
 3.70712E+03	 3.97100E+03
 3.70895E+03	 3.95333E+03
 3.71078E+03	 3.96950E+03
 3.71261E+03	 3.93950E+03
 3.71444E+03	 3.95633E+03
 3.71627E+03	 3.94333E+03
 3.71810E+03	 3.92833E+03
 3.71993E+03	 3.92733E+03
 3.72175E+03	 3.92700E+03
 3.72358E+03	 3.93183E+03
 3.72541E+03	 3.91683E+03
 3.72723E+03	 3.92667E+03
