4832.363281	6524.956055
4829.012695	6567.485840
4825.660156	6551.597168
4822.306641	6578.956055
4818.951172	6522.097656
4815.593750	6563.590332
4812.234375	6534.331543
4808.874023	6522.955078
4805.512695	6519.767578
4802.148438	6402.125488
4798.783203	6471.054688
4795.416016	6492.395508
4792.047852	6480.318359
4788.676758	6470.476563
4785.305664	6486.592285
4781.931641	6588.652832
4778.556641	6534.327148
4775.179688	6499.301758
4771.800781	6489.468262
4768.420898	6450.058594
4765.039063	6491.262695
4761.655273	6494.003906
4758.270508	6591.271484
4754.883789	6584.362305
4751.495117	6515.483398
4748.104492	6549.911621
4744.712891	6401.509277
4741.319336	6500.051270
4737.924805	6522.650391
4734.527344	6553.321777
4731.128906	6516.283203
4727.729492	6517.513672
4724.327148	6524.621094
4720.923828	6517.028809
4717.518555	6586.533691
4714.112305	6460.032715
4710.704102	6566.168945
4707.293945	6573.960449
4703.881836	6537.776855
4700.468750	6627.602051
4697.053711	6576.783691
4693.636719	6541.378906
4690.218750	6543.305176
4686.798828	6586.894531
4683.376953	6602.675781
4679.953125	6568.051270
4676.528320	6528.349609
4673.101563	6499.628906
4669.672852	6462.913086
4666.243164	6501.302734
4662.811523	6570.978027
4659.377930	6549.567383
4655.943359	6483.781250
4652.505859	6511.895508
4649.067383	6539.253906
4645.627930	6458.303223
4642.185547	6540.860840
4638.742188	6516.613770
4635.296875	6551.891602
4631.850586	6444.976074
4628.401367	6500.549805
4624.951172	6546.647949
4621.499023	6629.635254
4618.045898	6514.920898
4614.590820	6519.698730
4611.133789	6582.323730
4607.674805	6512.610352
4604.214844	6643.086426
4600.751953	6535.857910
4597.289063	6593.293945
4593.823242	6623.258789
4590.356445	6457.786133
4586.887695	6500.756836
4583.416992	6423.385254
4579.944336	6436.807617
4576.470703	6510.665527
4572.995117	6574.379883
4569.517578	6610.709961
4566.039063	6578.735840
4562.557617	6640.163574
4559.075195	6558.668457
4555.591797	6622.912598
4552.105469	6543.653809
4548.618164	6536.871094
4545.128906	6615.356445
4541.637695	6507.566406
4538.145508	6567.374512
4534.651367	6504.066895
4531.155273	6556.664063
4527.657227	6589.910156
4524.157227	6533.108398
4520.656250	6623.453613
4517.153320	6489.608398
4513.648438	6537.795410
4510.142578	6592.350098
4506.634766	6577.010254
4503.125000	6561.683594
4499.613281	6530.707520
4496.099609	6504.740723
4492.584961	6511.515137
4489.068359	6629.182129
4485.549805	6613.147949
4482.030273	6624.115234
4478.507813	6605.965332
4474.984375	6603.440918
4471.458984	6581.769531
4467.932617	6572.166992
4464.403320	6627.043457
4460.873047	6567.855957
4457.340820	6562.515625
4453.806641	6591.842773
4450.271484	6634.573730
4446.734375	6621.428711
4443.195313	6596.285645
4439.654297	6560.575195
4436.111328	6620.166504
4432.567383	6582.359375
4429.021484	6549.521973
4425.473633	6646.372559
4421.923828	6617.758301
4418.372070	6661.678711
4414.819336	6697.110840
4411.264648	6685.386230
4407.708008	6618.842285
4404.150391	6687.258789
4400.589844	6691.000000
4397.028320	6684.908691
4393.464844	6658.476074
4389.899414	6716.914063
4386.332031	6711.513184
4382.763672	6759.355957
4379.193359	6649.608887
4375.621094	6733.122559
4372.046875	6672.456543
4368.470703	6690.152832
4364.893555	6684.769043
4361.314453	6630.496094
4357.733398	6722.181152
4354.150391	6793.538574
4350.565430	6682.793945
4346.979492	6774.312012
4343.391602	6674.829590
4339.801758	6773.917480
4336.209961	6738.566406
4332.616211	6781.863770
4329.021484	6680.478516
4325.424805	6714.722656
4321.825195	6789.222656
4318.225586	6736.581055
4314.623047	6796.418945
4311.018555	6685.553223
4307.413086	6689.193359
4303.805664	6738.564941
4300.196289	6765.028320
4296.584961	6766.540527
4292.971680	6801.955078
4289.357422	6767.479004
4285.741211	6714.370117
4282.122070	6829.208984
4278.501953	6762.996582
4274.880859	6802.456055
4271.256836	6728.728516
4267.631836	6721.960449
4264.003906	6711.061035
4260.375000	6840.015625
4256.744141	6789.816895
4253.112305	6750.676758
4249.477539	6734.960449
4245.840820	6830.638184
4242.203125	6795.652344
4238.563477	6773.062012
4234.921875	6803.353516
4231.278320	6848.022461
4227.633789	6735.588379
4223.986328	6753.507813
4220.337891	6847.459473
4216.686523	6803.666992
4213.034180	6769.499023
4209.379883	6702.523438
4205.724609	6872.891113
4202.066406	6789.522949
4198.407227	6805.288086
4194.745117	6815.572754
4191.082031	6828.574707
4187.416992	6879.077637
4183.750000	6812.945313
4180.081055	6833.417969
4176.411133	6811.640625
4172.738281	6850.469238
4169.064453	6825.978027
4165.387695	6817.831055
4161.709961	6905.533691
4158.030273	6839.600586
4154.348633	6802.251465
4150.666016	6757.471191
4146.980469	6811.778809
4143.293945	6792.121582
4139.604492	6786.036133
4135.914063	6811.113770
4132.221680	6752.209961
4128.527344	6795.545898
4124.831055	6871.302734
4121.132813	6773.239258
4117.433594	6766.490723
4113.731445	6775.955566
4110.028320	6802.959473
4106.322266	6759.765625
4102.615234	6751.004395
4098.906250	6764.492676
4095.195068	6855.438965
4091.482178	6845.962891
4087.767334	6699.198242
4084.051514	6905.062012
4080.332764	6818.920410
4076.613037	6841.055664
4072.890381	6802.044434
4069.166748	6828.860352
4065.441162	6855.647461
4061.713623	6753.636230
4057.984131	6834.726074
4054.252686	6828.632324
4050.519287	6889.508789
4046.783936	6795.706543
4043.047607	6800.337891
4039.308350	6735.421387
4035.568115	6758.118164
4031.824951	6758.745605
4028.080811	6797.426758
4024.334717	6812.042969
4020.586670	6787.956543
4016.836670	6795.224609
4013.084717	6835.798828
4009.330811	6799.741211
4005.574951	6783.686523
4001.817139	6836.839355
3998.058350	6770.902832
3994.296631	6752.220703
3990.532959	6812.609375
3986.768311	6770.016113
3983.000732	6783.874023
3979.232178	6769.855957
3975.461670	6791.650391
3971.688232	6739.203125
3967.913818	6824.569336
3964.137451	6773.477051
3960.359131	6768.749512
3956.578857	6769.314941
3952.796631	6884.889648
3949.012451	6938.243164
3945.226318	6753.162598
3941.438232	6703.564941
3937.649170	6791.883301
3933.857178	6813.518555
3930.063232	6883.894531
3926.268311	6871.205566
3922.470459	6856.551270
3918.671631	6842.567383
3914.869873	6861.478516
3911.066162	6846.843262
3907.261475	6857.186523
3903.454834	6808.416016
3899.645264	6746.564941
3895.834717	6718.886230
3892.022217	6865.644531
3888.206787	6713.412109
3884.390381	6786.657227
3880.572021	6835.602051
3876.750732	6809.244141
3872.928467	6841.771973
3869.104248	6825.237305
3865.278076	6846.611816
3861.449951	6809.842285
3857.619873	6839.682617
3853.786865	6857.094727
3849.952881	6821.019531
3846.116943	6859.924805
3842.279053	6810.199707
3838.439209	6875.107422
3834.597412	6891.793457
3830.753662	6848.624023
3826.907959	6794.443848
3823.060303	6805.289551
3819.210693	6907.687500
3815.358154	6860.691406
3811.504639	6940.245605
3807.649170	6886.791016
3803.791748	6854.126953
3799.932373	6879.791016
3796.071045	6833.562500
3792.207764	6823.615234
3788.342529	6920.391602
3784.474365	6851.579102
3780.605225	6913.347168
3776.734131	6887.224121
3772.861084	6897.915039
3768.986084	6941.493652
3765.108154	6881.213867
3761.229248	6954.395996
3757.348389	6882.570801
3753.464600	6948.589844
3749.579834	6889.061523
3745.692139	6904.195801
3741.803467	6926.382813
3737.912842	6845.103027
3734.019287	6885.915039
3730.123779	6857.363770
3726.227295	6814.725586
3722.327881	6891.387695
3718.426514	6895.552734
3714.524170	6888.180664
3710.618896	6984.525391
3706.711670	6930.399414
3702.802490	6910.860840
3698.891357	6987.221680
3694.978271	6959.363281
3691.063232	6934.084473
3687.146240	7049.876953
3683.227295	6981.194824
3679.306396	7068.785645
3675.383545	7007.167480
3671.457764	7071.720215
3667.531006	7005.065430
3663.601318	6993.194824
3659.670654	7100.254395
3655.737061	7102.324707
3651.801514	7040.226074
3647.864990	7201.058594
3643.925537	7145.948242
3639.984131	7207.603516
3636.040771	7215.937988
3632.095459	7305.368164
3628.148193	7395.336426
3624.197998	7384.562500
3620.246826	7452.247559
3616.293701	7493.300781
3612.337646	7562.117676
3608.380615	7539.896484
3604.420654	7655.964355
3600.458740	7762.443848
3596.494873	7731.944336
3592.529053	7810.530762
3588.561279	7977.241699
3584.591553	8086.470215
3580.619873	8183.624023
3576.645264	8286.334961
3572.669678	8414.715820
3568.691162	8529.134766
3564.711670	8516.552734
3560.729248	8719.310547
3556.744873	8683.419922
3552.758545	8757.310547
3548.770264	8859.328125
3544.779053	8909.237305
3540.786865	8969.736328
3536.791748	9000.127930
3532.795654	9017.974609
3528.796631	8983.907227
3524.795654	9006.109375
3520.792725	9018.291992
3516.787842	8941.820313
3512.780029	9021.395508
3508.771240	8996.125977
3504.759521	8930.991211
3500.746826	9006.076172
3496.731201	9023.177734
3492.713623	8931.361328
3488.694092	9040.523438
3484.671631	8928.894531
3480.648193	8997.551758
3476.621826	8868.666016
3472.594482	8888.866211
3468.564209	8874.922852
3464.531982	8880.830078
3460.496826	8879.911133
3456.460693	8947.736328
3452.421631	8854.541016
3448.381592	8686.576172
3444.338623	8784.066406
3440.293701	8699.743164
3436.246826	8798.353516
3432.197021	8826.471680
3428.146240	8767.546875
3424.092529	8832.033203
3420.036865	8691.790039
3415.979248	8686.002930
3411.919678	8703.002930
3407.857178	8708.902344
3403.793701	8743.087891
3399.727295	8666.566406
3395.658936	8736.986328
3391.588623	8785.833008
3387.516357	8808.841797
3383.441162	8850.228516
3379.364014	8859.067383
3375.284912	8965.956055
3371.203857	9134.596680
3367.120850	9265.709961
3363.034912	9469.499023
3358.947998	9688.359375
3354.858154	9988.897461
3350.765381	10078.333008
3346.671631	10353.303711
3342.575928	10582.206055
3338.477295	10675.444336
3334.376709	10738.096680
3330.274170	10708.666016
3326.168701	10893.029297
3322.061279	10687.623047
3317.952881	10666.768555
3313.840576	10470.810547
3309.727295	10256.821289
3305.612061	10018.757813
3301.493896	9913.895508
3297.373779	9675.648438
3293.251709	9451.597656
3289.126709	9395.073242
3284.999756	9214.412109
3280.870850	9207.713867
3276.739990	9143.528320
3272.607178	9081.825195
3268.471436	8951.267578
3264.333740	8905.433594
3260.194092	8821.598633
3256.051514	8690.770508
3251.907959	8719.334961
3247.761475	8714.704102
3243.613037	8691.392578
3239.461670	8789.764648
3235.308350	8818.199219
3231.153076	8859.835938
3226.995850	8748.688477
3222.836670	8791.511719
3218.674561	8786.832031
3214.510498	8659.677734
3210.343506	8709.068359
3206.175537	8600.075195
3202.004639	8603.882813
3197.831787	8688.558594
3193.656006	8646.800781
3189.478271	8661.935547
3185.298584	8538.284180
3181.116943	8456.608398
3176.933350	8332.593750
3172.746826	8240.357422
3168.558350	8126.132813
3164.366943	8090.171875
3160.173584	7909.962402
3155.978271	7836.010742
3151.781006	7948.550293
3147.580811	7848.458496
3143.378662	7817.483398
3139.174561	7791.889648
3134.967529	7769.885254
3130.758545	7774.629883
3126.547607	7794.801270
3122.334717	7710.518555
3118.118896	7736.032715
3113.901123	7610.375000
3109.680420	7733.060547
3105.457764	7660.818848
3101.233154	7643.684570
3097.006592	7642.533691
3092.777100	7488.872070
3088.545654	7531.517578
3084.312256	7600.685547
3080.075928	7449.054199
3075.837646	7528.802734
3071.596436	7598.439453
3067.353271	7597.881836
3063.108154	7497.797852
3058.861084	7540.253906
3054.611084	7433.831543
3050.359131	7400.424805
3046.104248	7442.854492
3041.847412	7344.868164
3037.588623	7322.119141
3033.327881	7386.805176
3029.064209	7320.074707
3024.797607	7237.589355
3020.530029	7218.448242
3016.259521	7303.526367
3011.986084	7337.021484
3007.710693	7301.473633
3003.433350	7324.406250
2999.154053	7312.262695
2994.871826	7288.452148
2990.587646	7325.932129
2986.300537	7457.845215
2982.011475	7566.296875
2977.720459	7676.957520
2973.426514	7786.912109
2969.130615	7978.213867
2964.831787	8185.007813
2960.531006	8302.053711
2956.228271	8474.162109
2951.922607	8529.946289
2947.614990	8640.218750
2943.304443	9038.063477
2938.991943	9420.978516
2934.677490	9736.841797
2930.360107	9951.595703
2926.040771	9980.904297
2921.719482	9888.700195
2917.395264	9892.564453
2913.068115	9825.923828
2908.739014	9743.759766
2904.407959	9587.798828
2900.073975	9611.413086
2895.738037	9481.630859
2891.400146	9315.682617
2887.059326	9191.953125
2882.716553	9218.592773
2878.370850	8962.722656
2874.023193	8933.675781
2869.672607	8977.639648
2865.320068	8837.180664
2860.964600	8716.389648
2856.607178	8757.519531
2852.247803	8926.473633
2847.885498	8792.637695
2843.521240	8330.159180
2839.154053	7676.401855
2834.784912	7204.162598
2830.412842	6945.738770
2826.038818	6778.469727
2821.661865	6762.756348
2817.282959	6711.089355
2812.902100	6670.317383
2808.518311	6639.852051
2804.131592	6574.648438
2799.742920	6580.151855
2795.352295	6583.368164
2790.958740	6545.607910
2786.563232	6502.767090
2782.164795	6495.211914
2777.764404	6464.937988
2773.361084	6545.412598
2768.955811	6386.890137
2764.547607	6422.506836
2760.137451	6405.365234
2755.724365	6413.733398
2751.309326	6353.576660
2746.891357	6379.500977
2742.471436	6480.618652
2738.048584	6458.389648
2733.623779	6460.475586
2729.197021	6543.867676
2724.766357	6444.879883
2720.334717	6459.369629
2715.899170	6419.722656
2711.462646	6425.753418
2707.023193	6455.987793
2702.580811	6357.869141
2698.136475	6308.791504
2693.689209	6253.019531
2689.239014	6341.704102
2684.787842	6333.701172
2680.332764	6330.755371
2675.875732	6279.009277
2671.416748	6208.816895
2666.954834	6171.197266
2662.490967	6193.536133
2658.024170	6154.841797
2653.554443	6182.752441
2649.082764	6183.794922
2644.608154	6147.955078
2640.131592	6126.113281
2635.652100	6081.409668
2631.170654	6053.487305
2626.686279	6110.335449
2622.199951	6086.322754
2617.710693	6128.047852
2613.218506	6164.157227
2608.724365	6066.162109
2604.228271	6026.093262
2599.729248	6057.189941
2595.227295	5996.062012
2590.723389	6003.823242
2586.216553	6024.332520
2581.706787	5948.901367
2577.195068	6028.148438
2572.681396	5928.426270
2568.163818	5923.459961
2563.645264	5948.368164
2559.122803	5943.943848
2554.598389	5926.812500
2550.072021	5924.608398
2545.542725	5904.189453
2541.010498	5930.128906
2536.476318	5882.708984
2531.939209	5900.360352
2527.399170	5880.540527
2522.857178	5790.288086
2518.312256	5832.157715
2513.765381	5865.730957
2509.215576	5842.117676
2504.663818	5844.888672
2500.109131	5843.811523
2495.551514	5843.281738
2490.990967	5776.410645
2486.429443	5804.955078
2481.864014	5742.008789
2477.296631	5769.987793
2472.726318	5862.481445
2468.153076	5769.531250
2463.577881	5767.387207
2459.000732	5767.426758
2454.419678	5769.647461
2449.836670	5716.768066
2445.251709	5680.300781
2440.662842	5726.148926
2436.072021	5750.704590
2431.479248	5672.907715
2426.883545	5666.454590
2422.284912	5721.982910
2417.683350	5661.169434
2413.079834	5630.832031
2408.473389	5643.402832
2403.864990	5670.060059
2399.253662	5686.926270
2394.638428	5665.301270
2390.023193	5654.528809
2385.404053	5662.166992
2380.781006	5627.603027
2376.157959	5614.699707
2371.529053	5614.775879
2366.900146	5575.969238
2362.267334	5617.617676
2357.632568	5618.763184
2352.995850	5691.602051
2348.355225	5674.380859
2343.712646	5662.561035
2339.068115	5612.542480
2334.419678	5595.387207
2329.769287	5665.870605
2325.114990	5628.821289
2320.458740	5584.831055
2315.800537	5706.175293
2311.140381	5613.914551
2306.476318	5606.986328
2301.808350	5566.847656
2297.140381	5597.429199
2292.468506	5613.525391
2287.794678	5661.155273
2283.116943	5611.979980
2278.437256	5633.909180
2273.755615	5594.944336
2269.070068	5602.445801
2264.382568	5613.669434
2259.691162	5632.339844
2254.999756	5660.575195
2250.302490	5642.989258
2245.605225	5607.861328
2240.904053	5633.396484
2236.200928	5624.352051
2231.493896	5649.843750
2226.784912	5597.262207
2222.073975	5573.919922
2217.359131	5631.737305
2212.642334	5602.037598
2207.921631	5657.120117
2203.198975	5620.022949
2198.474365	5620.531250
2193.747803	5659.638184
2189.017334	5557.062988
2184.282959	5695.456055
2179.546631	5643.121094
2174.808350	5611.947266
2170.068115	5629.316895
2165.323975	5597.126953
2160.577881	5639.234375
2155.827881	5671.816895
2151.075928	5634.389648
2146.320068	5661.148926
2141.564209	5692.078613
2136.802490	5622.660156
2132.040771	5644.648926
2127.275146	5623.069336
2122.505615	5608.851563
2117.736084	5551.680664
2112.960693	5600.882324
2108.185303	5573.085938
2103.406006	5592.397949
2098.622803	5512.354004
2093.839600	5640.875488
2089.050537	5571.334473
2084.261475	5614.079102
2079.468506	5564.970215
2074.673584	5570.131348
2069.874756	5557.048340
2065.073975	5575.220703
2060.269287	5567.869629
2055.462646	5519.435547
2050.654053	5607.766113
2045.841553	5566.113770
2041.025146	5485.565430
2036.208740	5556.113281
2031.388428	5564.861328
2026.564209	5544.052734
2021.738037	5556.418945
2016.909912	5584.301270
2012.077881	5508.661621
2007.243896	5520.502930
2002.407959	5537.497070
1997.568115	5586.495605
1992.724365	5530.119629
1987.878662	5570.806152
1983.031006	5502.123047
1978.181396	5487.629883
1973.325928	5486.028320
1968.470459	5483.396484
1963.611084	5483.852051
1958.749756	5505.386719
1953.884521	5469.338379
1949.017334	5469.794434
1944.146240	5466.654785
1939.273193	5366.558105
1934.396240	5479.862305
1929.517334	5435.209473
1924.636475	5369.096680
1919.751709	5420.777832
1914.864990	5391.575195
1909.974365	5458.517090
1905.081787	5440.051758
1900.185303	5406.286133
1895.286865	5457.786621
1890.386475	5414.353516
1885.482178	5371.478027
1880.575928	5388.768066
1875.665771	5365.810547
1870.753662	5382.570801
1865.837646	5381.508789
1860.919678	5289.966309
1855.997803	5302.670898
1851.073975	5343.791016
1846.146240	5340.207520
1841.218506	5371.619141
1836.284912	5318.348633
1831.349365	5374.553223
1826.411865	5319.818848
1821.470459	5287.408691
1816.527100	5368.811523
1811.579834	5293.448242
1806.630615	5346.969238
1801.677490	5238.383789
1796.722412	5307.510742
1791.765381	5306.972656
1786.804443	5292.323242
1781.839600	5255.024902
1776.872803	5254.008301
1771.904053	5260.034180
1766.931396	5251.470215
1761.956787	5265.023926
1756.978271	5309.695313
1751.997803	5301.613770
1747.013428	5385.835938
1742.027100	5378.216797
1737.036865	5381.626953
1732.044678	5463.648438
1727.048584	5424.462402
1722.050537	5495.856934
1717.048584	5588.661621
1712.044678	5529.481445
1707.038818	5580.712891
1702.029053	5567.011719
1697.015381	5615.664551
1691.999756	5601.954590
1686.982178	5683.903320
1681.960693	5637.804199
1676.935303	5711.174316
1671.907959	5823.246582
1666.878662	5910.833496
1661.845459	5997.323730
1656.808350	6073.287109
1651.769287	6227.054199
1646.728271	6327.089355
1641.683350	6403.714844
1636.636475	6468.857422
1631.585693	6504.223145
1626.531006	6632.550781
1621.476318	6752.322266
1616.415771	6863.058594
1611.353271	6996.875000
1606.288818	7236.650879
1601.220459	7285.741211
1596.150146	7261.808594
1591.075928	7368.469238
1585.997803	7368.639648
1580.919678	7351.090820
1575.835693	7294.210938
1570.749756	7205.933594
1565.661865	7141.828613
1560.570068	7004.145020
1555.474365	6795.954590
1550.378662	6712.573242
1545.277100	6659.184570
1540.173584	6532.865723
1535.068115	6413.544434
1529.958740	6378.029297
1524.845459	6406.125000
1519.730225	6374.071777
1514.613037	6396.760254
1509.491943	6330.573242
1504.366943	6278.121582
1499.239990	6207.199219
1494.109131	6181.677734
1488.976318	6215.602539
1483.841553	6313.737793
1478.700928	6447.756836
1473.560303	6528.623047
1468.415771	6565.175781
1463.267334	6474.447754
1458.116943	6369.262207
1452.962646	6208.898438
1447.804443	6095.257813
1442.646240	6135.820313
1437.482178	5993.295410
1432.316162	5921.589844
1427.148193	5810.304688
1421.976318	5758.603027
1416.800537	5780.874512
1411.622803	5895.338867
1406.443115	6256.734375
1401.259521	6521.255371
1396.072021	6380.113281
1390.882568	6146.162598
1385.689209	5923.071777
1380.493896	5989.411133
1375.294678	6033.551758
1370.093506	6145.403320
1364.888428	6149.051758
1359.679443	6200.217773
1354.468506	6424.037598
1349.255615	6931.452637
1344.038818	7782.829102
1338.818115	9007.263672
1333.595459	9856.927734
1328.368896	10296.593750
1323.140381	9787.196289
1317.907959	8603.697266
1312.673584	7482.213379
1307.435303	6727.137207
1302.193115	6310.167480
1296.948975	5972.813965
1291.702881	5804.032715
1286.452881	5679.252441
1281.198975	5613.625488
1275.943115	5528.096680
1270.683350	5399.409180
1265.421631	5316.000488
1260.156006	5304.854492
1254.886475	5368.693848
1249.614990	5475.139648
1244.341553	5447.327148
1239.062256	5411.966309
1233.782959	5365.282715
1228.497803	5215.032227
1223.212646	5149.598145
1217.921631	5058.245117
1212.628662	4923.069824
1207.333740	4798.906738
1202.034912	4777.733887
1196.732178	4622.204102
1191.427490	4661.944336
1186.118896	4614.509277
1180.806396	4629.729492
1175.491943	4674.097168
1170.175537	4596.643555
1164.855225	4566.735840
1159.531006	4515.729004
1154.204834	4410.336914
1148.874756	4357.600586
1143.540771	4302.579590
1138.204834	4328.207031
1132.866943	4307.915039
1127.525146	4323.679688
1122.179443	4374.971191
1116.831787	4364.032715
1111.480225	4226.968750
1106.124756	4190.913086
1100.767334	4126.899902
1095.407959	4045.704102
1090.042725	4013.540527
1084.677490	3994.922119
1079.306396	3990.290771
1073.933350	3910.752197
1068.558350	3883.386475
1063.179443	3857.445801
1057.796631	3891.452393
1052.409912	3873.890625
1047.023193	3978.831055
1041.630615	4028.471191
1036.236084	4009.004150
1030.837646	4098.861816
1025.437256	4111.776367
1020.032959	4055.745361
1014.626709	4072.366699
1009.216553	4080.188477
1003.802490	4047.822021
998.386475	3949.951660
992.966553	3904.318115
987.542725	3865.651611
982.116943	3809.519775
976.689209	3863.508545
971.255615	3894.423340
965.820068	4104.686035
960.382568	4154.271973
954.941162	4027.378662
949.495850	3845.529785
944.048584	3670.313721
938.597412	3562.259521
933.144287	3530.877441
927.687256	3536.637695
922.226318	3532.318115
916.763428	3525.714600
911.296631	3494.879639
905.825928	3490.131836
900.353271	3523.303223
894.878662	3479.737305
889.398193	3393.330566
883.915771	3397.769287
878.431396	3309.684082
872.943115	3276.813721
867.450928	3280.854004
861.956787	3275.334717
856.458740	3323.931641
850.956787	3312.030273
845.452881	3314.675781
839.945068	3310.054932
834.435303	3241.471191
828.919678	3224.654053
823.404053	3233.685059
817.884521	3185.187744
812.361084	3195.135010
806.833740	3180.642090
801.304443	3174.755127
795.771240	3181.074707
790.236084	3195.063477
784.697021	3128.245605
779.154053	3123.752930
773.609131	3122.871582
768.060303	3148.573975
762.509521	3123.361328
756.954834	3249.395508
751.396240	3574.545654
745.833740	4522.838867
740.271240	5886.088867
734.702881	6463.330078
729.132568	5359.254883
723.558350	3912.423096
717.980225	3240.939209
712.400146	3070.643799
706.818115	3062.180176
701.230225	3030.455566
695.640381	3033.651855
690.048584	3010.918457
684.450928	3014.121094
678.853271	3031.606934
673.249756	3048.626221
667.644287	3082.572754
662.034912	3134.309082
656.423584	3126.739014
650.808350	3120.512695
645.189209	3043.099121
639.568115	3049.378174
633.943115	3125.874023
628.314209	3131.654053
622.683350	3121.888672
617.048584	2987.453369
611.411865	2837.205566
605.771240	2785.517822
600.126709	2738.760986
594.480225	2721.717285
588.829834	2740.088379
583.175537	2715.987305
577.519287	2728.594971
571.859131	2738.537842
566.197021	2772.749023
560.529053	2786.625732
554.861084	2815.479004
549.187256	2766.735352
543.511475	2863.837158
537.831787	2926.933105
532.150146	3173.420410
526.464600	3293.872314
520.775146	2997.577148
515.083740	2692.831055
509.388428	2575.867188
503.689209	2533.178467
497.988037	2549.731445
492.282959	2497.463867
486.575928	2481.607422
480.864990	2487.655029
475.150146	2515.570313
469.433350	2423.648926
463.712646	2472.107178
457.988037	2446.699463
452.259521	2425.685059
446.529053	2400.331299
440.796631	2437.356689
435.060303	2409.845459
429.320068	2444.646240
423.575928	2461.125488
417.829834	2403.193359
412.079834	2405.763428
406.325928	2381.822021
400.570068	2352.695801
394.812256	2360.063721
389.048584	2363.085205
383.282959	2350.927490
377.513428	2369.984375
371.741943	2400.280518
365.966553	2388.121826
360.187256	2421.834717
354.406006	2430.431885
