4832.363281	26925.050781
4829.012695	26921.320313
4825.660156	26814.937500
4822.306641	26902.458984
4818.951172	26820.765625
4815.593750	26757.763672
4812.234375	26697.794922
4808.874023	26742.775391
4805.512695	26689.554688
4802.148438	26524.894531
4798.783203	26673.878906
4795.416016	26473.738281
4792.047852	26560.250000
4788.676758	26399.662109
4785.305664	26719.660156
4781.931641	26433.902344
4778.556641	26529.873047
4775.179688	26614.636719
4771.800781	26585.359375
4768.420898	26622.669922
4765.039063	26370.894531
4761.655273	26332.156250
4758.270508	26420.474609
4754.883789	26460.720703
4751.495117	26508.300781
4748.104492	26448.162109
4744.712891	26352.697266
4741.319336	26466.544922
4737.924805	26223.144531
4734.527344	26537.125000
4731.128906	26327.755859
4727.729492	26400.195313
4724.327148	26278.539063
4720.923828	26208.416016
4717.518555	26404.136719
4714.112305	26463.898438
4710.704102	26238.269531
4707.293945	26229.861328
4703.881836	26252.230469
4700.468750	26411.533203
4697.053711	26382.537109
4693.636719	26344.048828
4690.218750	26139.580078
4686.798828	26274.480469
4683.376953	26315.720703
4679.953125	26199.177734
4676.528320	26244.054688
4673.101563	26045.935547
4669.672852	26166.666016
4666.243164	26197.625000
4662.811523	26122.187500
4659.377930	26340.255859
4655.943359	26090.142578
4652.505859	26116.687500
4649.067383	25954.890625
4645.627930	25947.306641
4642.185547	26069.015625
4638.742188	25849.378906
4635.296875	26098.718750
4631.850586	25874.917969
4628.401367	25974.650391
4624.951172	25966.316406
4621.499023	25933.361328
4618.045898	25941.691406
4614.590820	25871.865234
4611.133789	25792.701172
4607.674805	25794.562500
4604.214844	25779.798828
4600.751953	25741.212891
4597.289063	25810.201172
4593.823242	25742.769531
4590.356445	25669.626953
4586.887695	25762.312500
4583.416992	25728.837891
4579.944336	25709.791016
4576.470703	25426.642578
4572.995117	25509.167969
4569.517578	25439.908203
4566.039063	25573.353516
4562.557617	25760.531250
4559.075195	25737.173828
4555.591797	25534.449219
4552.105469	25541.333984
4548.618164	25628.492188
4545.128906	25395.287109
4541.637695	25398.628906
4538.145508	25279.560547
4534.651367	25383.818359
4531.155273	25314.916016
4527.657227	25361.863281
4524.157227	25358.748047
4520.656250	25235.671875
4517.153320	25179.082031
4513.648438	25298.021484
4510.142578	25269.960938
4506.634766	25230.519531
4503.125000	25539.423828
4499.613281	25228.621094
4496.099609	25137.289063
4492.584961	25251.591797
4489.068359	25196.580078
4485.549805	25216.222656
4482.030273	25276.322266
4478.507813	25378.236328
4474.984375	25288.474609
4471.458984	25190.285156
4467.932617	25002.871094
4464.403320	25014.714844
4460.873047	25168.166016
4457.340820	25122.572266
4453.806641	25197.986328
4450.271484	25014.527344
4446.734375	24958.453125
4443.195313	24973.771484
4439.654297	25182.525391
4436.111328	25151.833984
4432.567383	25223.443359
4429.021484	25190.632813
4425.473633	25069.058594
4421.923828	25165.230469
4418.372070	25124.730469
4414.819336	25142.662109
4411.264648	25174.636719
4407.708008	25276.160156
4404.150391	25261.652344
4400.589844	25117.935547
4397.028320	25253.007813
4393.464844	25143.095703
4389.899414	25316.574219
4386.332031	25365.820313
4382.763672	25379.984375
4379.193359	25184.773438
4375.621094	25336.865234
4372.046875	25350.998047
4368.470703	25127.400391
4364.893555	25035.390625
4361.314453	25190.716797
4357.733398	25203.468750
4354.150391	25048.732422
4350.565430	25220.539063
4346.979492	25146.792969
4343.391602	25136.515625
4339.801758	25119.972656
4336.209961	25154.947266
4332.616211	25191.271484
4329.021484	25073.177734
4325.424805	25248.496094
4321.825195	25235.373047
4318.225586	25061.166016
4314.623047	25086.996094
4311.018555	24994.869141
4307.413086	25155.888672
4303.805664	25365.250000
4300.196289	25292.492188
4296.584961	25088.259766
4292.971680	25080.738281
4289.357422	25105.720703
4285.741211	25192.195313
4282.122070	25190.828125
4278.501953	24991.941406
4274.880859	25051.400391
4271.256836	24941.072266
4267.631836	25092.193359
4264.003906	24977.800781
4260.375000	25210.716797
4256.744141	25052.984375
4253.112305	24958.027344
4249.477539	25068.140625
4245.840820	25092.884766
4242.203125	25115.533203
4238.563477	25035.123047
4234.921875	25105.816406
4231.278320	25059.781250
4227.633789	24995.267578
4223.986328	25113.150391
4220.337891	25111.689453
4216.686523	25039.687500
4213.034180	24866.443359
4209.379883	24961.546875
4205.724609	25087.316406
4202.066406	24988.779297
4198.407227	24949.078125
4194.745117	25058.257813
4191.082031	25040.382813
4187.416992	25000.689453
4183.750000	24956.255859
4180.081055	25074.039063
4176.411133	25030.957031
4172.738281	25041.007813
4169.064453	24946.255859
4165.387695	24865.871094
4161.709961	24979.964844
4158.030273	25024.636719
4154.348633	24885.226563
4150.666016	24863.367188
4146.980469	25008.406250
4143.293945	24913.939453
4139.604492	24913.757813
4135.914063	24910.183594
4132.221680	24931.654297
4128.527344	24950.386719
4124.831055	24764.826172
4121.132813	24766.705078
4117.433594	24850.333984
4113.731445	25010.861328
4110.028320	24986.935547
4106.322266	24769.388672
4102.615234	24852.814453
4098.906250	24682.041016
4095.195068	24885.324219
4091.482178	24945.646484
4087.767334	24893.503906
4084.051514	24827.953125
4080.332764	24966.849609
4076.613037	24881.148438
4072.890381	24829.779297
4069.166748	24828.130859
4065.441162	24807.687500
4061.713623	24855.662109
4057.984131	24918.328125
4054.252686	24739.722656
4050.519287	24811.740234
4046.783936	24762.529297
4043.047607	24722.724609
4039.308350	24805.314453
4035.568115	24663.921875
4031.824951	24659.601563
4028.080811	24874.269531
4024.334717	24927.886719
4020.586670	24794.683594
4016.836670	24764.935547
4013.084717	24649.253906
4009.330811	24806.068359
4005.574951	24680.478516
4001.817139	24805.164063
3998.058350	24812.015625
3994.296631	24655.343750
3990.532959	24839.617188
3986.768311	24856.371094
3983.000732	24991.228516
3979.232178	24891.791016
3975.461670	24668.462891
3971.688232	24993.365234
3967.913818	24827.152344
3964.137451	24813.353516
3960.359131	24854.478516
3956.578857	25009.958984
3952.796631	24920.708984
3949.012451	25009.916016
3945.226318	24950.451172
3941.438232	24711.515625
3937.649170	24672.691406
3933.857178	24949.054688
3930.063232	24794.146484
3926.268311	24928.539063
3922.470459	24845.535156
3918.671631	24831.037109
3914.869873	24862.582031
3911.066162	24901.974609
3907.261475	24945.916016
3903.454834	25023.949219
3899.645264	24775.691406
3895.834717	24813.041016
3892.022217	24697.568359
3888.206787	24801.744141
3884.390381	24886.156250
3880.572021	24785.849609
3876.750732	24730.787109
3872.928467	24807.882813
3869.104248	24864.625000
3865.278076	24909.541016
3861.449951	24857.099609
3857.619873	24695.044922
3853.786865	24634.265625
3849.952881	24816.748047
3846.116943	24594.974609
3842.279053	24849.576172
3838.439209	24769.267578
3834.597412	24936.957031
3830.753662	25003.656250
3826.907959	24905.160156
3823.060303	24916.560547
3819.210693	25035.740234
3815.358154	24883.474609
3811.504639	25003.826172
3807.649170	24869.220703
3803.791748	24900.650391
3799.932373	24939.162109
3796.071045	24969.857422
3792.207764	25021.216797
3788.342529	24889.478516
3784.474365	24852.246094
3780.605225	24904.849609
3776.734131	24995.490234
3772.861084	25123.462891
3768.986084	25068.726563
3765.108154	24992.759766
3761.229248	24907.835938
3757.348389	24911.878906
3753.464600	25096.171875
3749.579834	24964.964844
3745.692139	24960.580078
3741.803467	25021.115234
3737.912842	24967.214844
3734.019287	24980.787109
3730.123779	24999.468750
3726.227295	24834.007813
3722.327881	24921.972656
3718.426514	24909.222656
3714.524170	25110.410156
3710.618896	25095.636719
3706.711670	24918.980469
3702.802490	25180.578125
3698.891357	25096.724609
3694.978271	25332.388672
3691.063232	25206.376953
3687.146240	25281.525391
3683.227295	25297.900391
3679.306396	25244.751953
3675.383545	25298.068359
3671.457764	25420.105469
3667.531006	25230.712891
3663.601318	25427.718750
3659.670654	25630.232422
3655.737061	25754.349609
3651.801514	25729.035156
3647.864990	25812.947266
3643.925537	25890.417969
3639.984131	25851.718750
3636.040771	26096.437500
3632.095459	26131.789063
3628.148193	26341.888672
3624.197998	26358.064453
3620.246826	26649.423828
3616.293701	26587.623047
3612.337646	26984.087891
3608.380615	27143.248047
3604.420654	27385.574219
3600.458740	27718.505859
3596.494873	28129.923828
3592.529053	28385.826172
3588.561279	28979.798828
3584.591553	29435.230469
3580.619873	29914.097656
3576.645264	30316.335938
3572.669678	30891.683594
3568.691162	31237.044922
3564.711670	31533.667969
3560.729248	32049.068359
3556.744873	32282.820313
3552.758545	32409.074219
3548.770264	32656.158203
3544.779053	32827.167969
3540.786865	32947.890625
3536.791748	33237.453125
3532.795654	33434.121094
3528.796631	33673.710938
3524.795654	33884.292969
3520.792725	34231.414063
3516.787842	34252.324219
3512.780029	34543.335938
3508.771240	34862.714844
3504.759521	34585.933594
3500.746826	34437.121094
3496.731201	34465.886719
3492.713623	34031.640625
3488.694092	33990.277344
3484.671631	33765.566406
3480.648193	33347.851563
3476.621826	33177.703125
3472.594482	32775.597656
3468.564209	32584.806641
3464.531982	32311.738281
3460.496826	32058.771484
3456.460693	32146.697266
3452.421631	31696.582031
3448.381592	31976.375000
3444.338623	31785.892578
3440.293701	31451.587891
3436.246826	31475.285156
3432.197021	31254.451172
3428.146240	31296.712891
3424.092529	31311.777344
3420.036865	31075.921875
3415.979248	31116.320313
3411.919678	31021.187500
3407.857178	31040.619141
3403.793701	31077.855469
3399.727295	31121.800781
3395.658936	31236.968750
3391.588623	31572.492188
3387.516357	31753.572266
3383.441162	32139.367188
3379.364014	32444.412109
3375.284912	33285.398438
3371.203857	33898.835938
3367.120850	35168.554688
3363.034912	36416.726563
3358.947998	37995.054688
3354.858154	39486.738281
3350.765381	40695.792969
3346.671631	41808.906250
3342.575928	42554.031250
3338.477295	43380.699219
3334.376709	43418.171875
3330.274170	43122.277344
3326.168701	42725.574219
3322.061279	41959.179688
3317.952881	40858.964844
3313.840576	40116.214844
3309.727295	38904.453125
3305.612061	37599.195313
3301.493896	36497.460938
3297.373779	35736.066406
3293.251709	34957.875000
3289.126709	34387.179688
3284.999756	33803.746094
3280.870850	33513.972656
3276.739990	33063.515625
3272.607178	32744.775391
3268.471436	32343.535156
3264.333740	32155.992188
3260.194092	32065.255859
3256.051514	31783.269531
3251.907959	31901.521484
3247.761475	31865.886719
3243.613037	31855.583984
3239.461670	31828.416016
3235.308350	31981.849609
3231.153076	32250.021484
3226.995850	32243.085938
3222.836670	32275.208984
3218.674561	32164.320313
3214.510498	32011.509766
3210.343506	31585.224609
3206.175537	31726.121094
3202.004639	31941.179688
3197.831787	31969.080078
3193.656006	32158.003906
3189.478271	31928.394531
3185.298584	31605.708984
3181.116943	31067.544922
3176.933350	30748.621094
3172.746826	30176.226563
3168.558350	29873.013672
3164.366943	29644.080078
3160.173584	29336.677734
3155.978271	29065.343750
3151.781006	29183.792969
3147.580811	28981.259766
3143.378662	29003.220703
3139.174561	28840.218750
3134.967529	28612.599609
3130.758545	28803.966797
3126.547607	28745.183594
3122.334717	28767.740234
3118.118896	28792.037109
3113.901123	28558.466797
3109.680420	28694.191406
3105.457764	28558.589844
3101.233154	28659.230469
3097.006592	28519.625000
3092.777100	28441.634766
3088.545654	28193.564453
3084.312256	28261.064453
3080.075928	28092.412109
3075.837646	28043.080078
3071.596436	27885.902344
3067.353271	27873.826172
3063.108154	27839.373047
3058.861084	27820.835938
3054.611084	27831.718750
3050.359131	27625.626953
3046.104248	27608.958984
3041.847412	27386.738281
3037.588623	27420.085938
3033.327881	27470.984375
3029.064209	27378.158203
3024.797607	27351.054688
3020.530029	27295.269531
3016.259521	27357.197266
3011.986084	27278.039063
3007.710693	27271.464844
3003.433350	26932.330078
2999.154053	27156.662109
2994.871826	27287.324219
2990.587646	27320.388672
2986.300537	27353.986328
2982.011475	27430.083984
2977.720459	27560.265625
2973.426514	27955.212891
2969.130615	28046.535156
2964.831787	28259.882813
2960.531006	28622.378906
2956.228271	28609.736328
2951.922607	28695.808594
2947.614990	28721.996094
2943.304443	29415.759766
2938.991943	29809.041016
2934.677490	30323.554688
2930.360107	30279.255859
2926.040771	30531.900391
2921.719482	30355.042969
2917.395264	30412.509766
2913.068115	30308.107422
2908.739014	30195.720703
2904.407959	30061.507813
2900.073975	30069.917969
2895.738037	30055.242188
2891.400146	29681.564453
2887.059326	29298.488281
2882.716553	28964.744141
2878.370850	28897.144531
2874.023193	28743.355469
2869.672607	28764.423828
2865.320068	28703.320313
2860.964600	28513.109375
2856.607178	28636.927734
2852.247803	28823.099609
2847.885498	28774.080078
2843.521240	28183.236328
2839.154053	27242.095703
2834.784912	26655.000000
2830.412842	26135.443359
2826.038818	25898.783203
2821.661865	25705.785156
2817.282959	25687.115234
2812.902100	25689.564453
2808.518311	25605.886719
2804.131592	25458.453125
2799.742920	25699.675781
2795.352295	25550.050781
2790.958740	25501.865234
2786.563232	25491.255859
2782.164795	25211.791016
2777.764404	25340.511719
2773.361084	25335.083984
2768.955811	25210.482422
2764.547607	25082.601563
2760.137451	25178.187500
2755.724365	25093.498047
2751.309326	24954.533203
2746.891357	24918.705078
2742.471436	25099.529297
2738.048584	25146.736328
2733.623779	24997.267578
2729.197021	25036.548828
2724.766357	24988.300781
2720.334717	24767.498047
2715.899170	24686.732422
2711.462646	24809.437500
2707.023193	24760.248047
2702.580811	24681.273438
2698.136475	24563.564453
2693.689209	24569.650391
2689.239014	24545.939453
2684.787842	24395.896484
2680.332764	24288.099609
2675.875732	24363.273438
2671.416748	24130.013672
2666.954834	24329.556641
2662.490967	24038.873047
2658.024170	24046.810547
2653.554443	24098.917969
2649.082764	24060.390625
2644.608154	23875.500000
2640.131592	23827.062500
2635.652100	23695.507813
2631.170654	23760.998047
2626.686279	23714.345703
2622.199951	23678.876953
2617.710693	23480.267578
2613.218506	23633.628906
2608.724365	23505.890625
2604.228271	23332.138672
2599.729248	23328.599609
2595.227295	23376.144531
2590.723389	23183.294922
2586.216553	23189.242188
2581.706787	23107.019531
2577.195068	23004.375000
2572.681396	22952.785156
2568.163818	22874.673828
2563.645264	22916.679688
2559.122803	22755.169922
2554.598389	22575.595703
2550.072021	22627.607422
2545.542725	22730.880859
2541.010498	22640.404297
2536.476318	22488.818359
2531.939209	22499.945313
2527.399170	22275.341797
2522.857178	22309.121094
2518.312256	22320.298828
2513.765381	22382.033203
2509.215576	22221.697266
2504.663818	22160.931641
2500.109131	22174.320313
2495.551514	22049.996094
2490.990967	22009.681641
2486.429443	21943.103516
2481.864014	21839.347656
2477.296631	21836.408203
2472.726318	21897.464844
2468.153076	21640.798828
2463.577881	21792.035156
2459.000732	21692.974609
2454.419678	21559.628906
2449.836670	21461.880859
2445.251709	21430.746094
2440.662842	21372.937500
2436.072021	21373.453125
2431.479248	21309.734375
2426.883545	21503.371094
2422.284912	21121.591797
2417.683350	21118.406250
2413.079834	20925.146484
2408.473389	21047.427734
2403.864990	21042.089844
2399.253662	20920.189453
2394.638428	20872.648438
2390.023193	20984.896484
2385.404053	20856.712891
2380.781006	20817.912109
2376.157959	20717.517578
2371.529053	20745.818359
2366.900146	20647.177734
2362.267334	20671.150391
2357.632568	20656.250000
2352.995850	20659.146484
2348.355225	20644.789063
2343.712646	20696.132813
2339.068115	20719.423828
2334.419678	20663.076172
2329.769287	20674.515625
2325.114990	20678.410156
2320.458740	20551.812500
2315.800537	20623.908203
2311.140381	20686.259766
2306.476318	20640.250000
2301.808350	20565.353516
2297.140381	20664.548828
2292.468506	20564.552734
2287.794678	20520.818359
2283.116943	20472.314453
2278.437256	20615.107422
2273.755615	20486.498047
2269.070068	20561.867188
2264.382568	20398.214844
2259.691162	20438.884766
2254.999756	20397.462891
2250.302490	20360.869141
2245.605225	20359.958984
2240.904053	20362.763672
2236.200928	20390.535156
2231.493896	20346.556641
2226.784912	20428.439453
2222.073975	20218.394531
2217.359131	20348.496094
2212.642334	20238.884766
2207.921631	20223.144531
2203.198975	20275.175781
2198.474365	20292.218750
2193.747803	20310.291016
2189.017334	20383.296875
2184.282959	20436.666016
2179.546631	20131.003906
2174.808350	20243.001953
2170.068115	20162.402344
2165.323975	20156.718750
2160.577881	20086.251953
2155.827881	20231.671875
2151.075928	20221.197266
2146.320068	20160.251953
2141.564209	20222.853516
2136.802490	20088.431641
2132.040771	20261.738281
2127.275146	20078.119141
2122.505615	20103.367188
2117.736084	19989.718750
2112.960693	20025.968750
2108.185303	20086.767578
2103.406006	19936.158203
2098.622803	19913.796875
2093.839600	19995.429688
2089.050537	19929.701172
2084.261475	19924.578125
2079.468506	19963.791016
2074.673584	19857.503906
2069.874756	19739.869141
2065.073975	19881.673828
2060.269287	19900.488281
2055.462646	19842.818359
2050.654053	19797.162109
2045.841553	19712.583984
2041.025146	19702.863281
2036.208740	19800.042969
2031.388428	19786.634766
2026.564209	19730.212891
2021.738037	19780.044922
2016.909912	19805.994141
2012.077881	19672.017578
2007.243896	19651.957031
2002.407959	19576.607422
1997.568115	19690.912109
1992.724365	19567.082031
1987.878662	19676.085938
1983.031006	19565.281250
1978.181396	19463.357422
1973.325928	19653.589844
1968.470459	19477.072266
1963.611084	19406.734375
1958.749756	19543.685547
1953.884521	19564.845703
1949.017334	19640.927734
1944.146240	19381.728516
1939.273193	19386.503906
1934.396240	19566.101563
1929.517334	19384.230469
1924.636475	19466.816406
1919.751709	19342.519531
1914.864990	19239.330078
1909.974365	19350.972656
1905.081787	19339.341797
1900.185303	19390.013672
1895.286865	19391.626953
1890.386475	19287.646484
1885.482178	19220.480469
1880.575928	19284.322266
1875.665771	19238.605469
1870.753662	19242.296875
1865.837646	19215.968750
1860.919678	19159.671875
1855.997803	19137.470703
1851.073975	19133.056641
1846.146240	19116.460938
1841.218506	19100.892578
1836.284912	19125.880859
1831.349365	19087.515625
1826.411865	19027.416016
1821.470459	19013.419922
1816.527100	18983.251953
1811.579834	18991.521484
1806.630615	18911.380859
1801.677490	18915.123047
1796.722412	18952.152344
1791.765381	18882.234375
1786.804443	18999.853516
1781.839600	18838.814453
1776.872803	18897.919922
1771.904053	18844.765625
1766.931396	18946.521484
1761.956787	18699.425781
1756.978271	18764.974609
1751.997803	18760.675781
1747.013428	18891.308594
1742.027100	18792.677734
1737.036865	18789.349609
1732.044678	18755.972656
1727.048584	18840.736328
1722.050537	18650.300781
1717.048584	18754.507813
1712.044678	18657.751953
1707.038818	18808.755859
1702.029053	18898.697266
1697.015381	18928.181641
1691.999756	18959.619141
1686.982178	19129.996094
1681.960693	18958.634766
1676.935303	19215.878906
1671.907959	19372.861328
1666.878662	19900.916016
1661.845459	20283.810547
1656.808350	20852.414063
1651.769287	21027.408203
1646.728271	21221.533203
1641.683350	21252.878906
1636.636475	21305.972656
1631.585693	21579.765625
1626.531006	21645.951172
1621.476318	21949.373047
1616.415771	22183.259766
1611.353271	22122.037109
1606.288818	22188.216797
1601.220459	22069.333984
1596.150146	21850.994141
1591.075928	21950.203125
1585.997803	22165.996094
1580.919678	22601.023438
1575.835693	23312.455078
1570.749756	23536.400391
1565.661865	23004.970703
1560.570068	22296.896484
1555.474365	22319.330078
1550.378662	22412.843750
1545.277100	22245.970703
1540.173584	21780.464844
1535.068115	21327.238281
1529.958740	21280.648438
1524.845459	21492.794922
1519.730225	21832.736328
1514.613037	22126.361328
1509.491943	21719.607422
1504.366943	21150.847656
1499.239990	20714.880859
1494.109131	20730.183594
1488.976318	20856.994141
1483.841553	21497.666016
1478.700928	22626.498047
1473.560303	23490.986328
1468.415771	23823.361328
1463.267334	23415.240234
1458.116943	22872.169922
1452.962646	21845.136719
1447.804443	21361.277344
1442.646240	20707.423828
1437.482178	20293.529297
1432.316162	19816.710938
1427.148193	19596.296875
1421.976318	19317.640625
1416.800537	19452.841797
1411.622803	20701.283203
1406.443115	22709.736328
1401.259521	23807.259766
1396.072021	23193.402344
1390.882568	21835.519531
1385.689209	21103.621094
1380.493896	21535.513672
1375.294678	22039.029297
1370.093506	22140.175781
1364.888428	22004.402344
1359.679443	22348.818359
1354.468506	23459.972656
1349.255615	26865.132813
1344.038818	32325.982422
1338.818115	38293.921875
1333.595459	42601.191406
1328.368896	43642.843750
1323.140381	41088.917969
1317.907959	35337.468750
1312.673584	29566.873047
1307.435303	25271.031250
1302.193115	22430.214844
1296.948975	20370.683594
1291.702881	19320.730469
1286.452881	18911.001953
1281.198975	18688.291016
1275.943115	18638.480469
1270.683350	18358.181641
1265.421631	18161.812500
1260.156006	17956.169922
1254.886475	18593.503906
1249.614990	19213.968750
1244.341553	19451.693359
1239.062256	19017.910156
1233.782959	18602.140625
1228.497803	17901.537109
1223.212646	17345.964844
1217.921631	16713.996094
1212.628662	16103.535156
1207.333740	15726.969727
1202.034912	15446.606445
1196.732178	15261.806641
1191.427490	15088.998047
1186.118896	14909.320313
1180.806396	14930.360352
1175.491943	14785.783203
1170.175537	14661.585938
1164.855225	14479.733398
1159.531006	14284.937500
1154.204834	14224.123047
1148.874756	14290.958984
1143.540771	14332.400391
1138.204834	14542.457031
1132.866943	14509.713867
1127.525146	14545.796875
1122.179443	14470.986328
1116.831787	14489.280273
1111.480225	14244.063477
1106.124756	13925.355469
1100.767334	13492.219727
1095.407959	13173.372070
1090.042725	13021.750977
1084.677490	12732.882813
1079.306396	12743.231445
1073.933350	12605.138672
1068.558350	12567.645508
1063.179443	12563.189453
1057.796631	12660.458008
1052.409912	12745.077148
1047.023193	12986.410156
1041.630615	13278.931641
1036.236084	13466.379883
1030.837646	13899.541016
1025.437256	14092.889648
1020.032959	14431.736328
1014.626709	14451.630859
1009.216553	14332.875000
1003.802490	13981.496094
998.386475	13518.822266
992.966553	13244.882813
987.542725	13050.088867
982.116943	12818.656250
976.689209	12920.419922
971.255615	13339.159180
965.820068	14044.888672
960.382568	14530.528320
954.941162	13917.106445
949.495850	12885.624023
944.048584	12196.290039
938.597412	11721.011719
933.144287	11625.355469
927.687256	11782.226563
922.226318	11627.118164
916.763428	11404.004883
911.296631	11319.257813
905.825928	11263.400391
900.353271	11155.071289
894.878662	10998.928711
889.398193	10906.384766
883.915771	10749.190430
878.431396	10635.470703
872.943115	10473.596680
867.450928	10467.139648
861.956787	10329.202148
856.458740	10307.825195
850.956787	10198.307617
845.452881	10240.613281
839.945068	10192.082031
834.435303	10044.250977
828.919678	10068.428711
823.404053	10028.229492
817.884521	10002.567383
812.361084	10059.764648
806.833740	10013.299805
801.304443	10100.260742
795.771240	10197.964844
790.236084	10193.946289
784.697021	9957.037109
779.154053	9957.216797
773.609131	9902.392578
768.060303	9967.931641
762.509521	10117.151367
756.954834	11038.042969
751.396240	14225.315430
745.833740	22003.716797
740.271240	32326.087891
734.702881	35128.023438
729.132568	25755.119141
723.558350	15314.649414
717.980225	11119.604492
712.400146	9956.071289
706.818115	9650.859375
701.230225	9725.471680
695.640381	9927.013672
690.048584	9814.539063
684.450928	9689.235352
678.853271	9444.862305
673.249756	9398.889648
667.644287	9402.917969
662.034912	9511.683594
656.423584	9496.929688
650.808350	9585.036133
645.189209	9624.541016
639.568115	9904.586914
633.943115	10286.539063
628.314209	10437.958984
622.683350	10098.191406
617.048584	9538.287109
611.411865	8940.877930
605.771240	8597.655273
600.126709	8492.240234
594.480225	8415.277344
588.829834	8575.994141
583.175537	8641.014648
577.519287	8815.121094
571.859131	8925.867188
566.197021	8976.449219
560.529053	8923.732422
554.861084	8884.301758
549.187256	8940.989258
543.511475	9033.727539
537.831787	8935.311523
532.150146	9136.617188
526.464600	9204.902344
520.775146	8812.991211
515.083740	8073.222656
509.388428	7837.343750
503.689209	7781.604492
497.988037	7736.451172
492.282959	7686.526855
486.575928	7689.216309
480.864990	7687.523926
475.150146	7548.023438
469.433350	7545.099121
463.712646	7468.761719
457.988037	7408.668945
452.259521	7408.881348
446.529053	7382.043945
440.796631	7407.559082
435.060303	7396.875000
429.320068	7365.732422
423.575928	7413.846680
417.829834	7267.875977
412.079834	7260.335449
406.325928	7324.070313
400.570068	7252.226563
394.812256	7223.870117
389.048584	7199.449219
383.282959	7215.812500
377.513428	7283.292480
371.741943	7268.838867
365.966553	7389.022949
360.187256	7605.115234
354.406006	7989.163574
