2570.63	3070.85
2568.87	3144.54
2567.1	3116.53
2565.34	3163.6
2563.57	3175.24
2561.8	3118.95
2560.04	3160.31
2558.27	3249.72
2556.5	3152.46
2554.73	3092.01
2552.96	3093.76
2551.19	3116.7
2549.42	3163.61
2547.65	3223.19
2545.88	3271.45
2544.1	3230.83
2542.33	3301.6
2540.56	3196.17
2538.78	3334.53
2537.01	3246.05
2535.23	3329.39
2533.46	3283.2
2531.68	3273.62
2529.9	3344.2
2528.12	3305.08
2526.34	3378.41
2524.56	3328.07
2522.78	3356.4
2521	3329.96
2519.22	3428.44
2517.44	3403.4
2515.66	3426.06
2513.87	3361.78
2512.09	3436.28
2510.3	3408.47
2508.52	3433.89
2506.73	3490.09
2504.95	3491.67
2503.16	3543.62
2501.37	3489.24
2499.58	3528.56
2497.8	3587.42
2496.01	3595.95
2494.22	3582.13
2492.43	3536.2
2490.63	3592.19
2488.84	3606.28
2487.05	3574.34
2485.26	3624.67
2483.46	3581.6
2481.67	3722.45
2479.87	3661.26
2478.08	3698.96
2476.28	3682.36
2474.48	3642.12
2472.69	3663.1
2470.89	3709.09
2469.09	3699.45
2467.29	3760.67
2465.49	3656.59
2463.69	3801.08
2461.89	3748.4
2460.08	3720.73
2458.28	3765.19
2456.48	3830.42
2454.67	3798.59
2452.87	3859.6
2451.06	3812.54
2449.26	3852.74
2447.45	3696.39
2445.65	3848.66
2443.84	3910.92
2442.03	3887.43
2440.22	3884.68
2438.41	3886.09
2436.6	3982.77
2434.79	4032.45
2432.98	4020
2431.17	3930.3
2429.35	3979.94
2427.54	4059.88
2425.72	4026.76
2423.91	4022.59
2422.09	4072.13
2420.28	4092.72
2418.46	3979.82
2416.64	4052.7
2414.83	4074.66
2413.01	4056.73
2411.19	4141.88
2409.37	4133.55
2407.55	4209
2405.73	4137.51
2403.91	4101.74
2402.08	4174.38
2400.26	4275.76
2398.44	4176.92
2396.61	4243.97
2394.79	4228.77
2392.96	4176.62
2391.14	4246.33
2389.31	4281.78
2387.48	4299.42
2385.65	4284.23
2383.82	4310.06
2381.99	4337.23
2380.16	4390.34
2378.33	4401.09
2376.5	4358.58
2374.67	4367.96
2372.84	4416.89
2371	4353.97
2369.17	4408.32
2367.33	4308.65
2365.5	4369.79
2363.66	4360.07
2361.83	4350.36
2359.99	4554.29
2358.15	4518.68
2356.31	4430.06
2354.47	4495.09
2352.63	4580.46
2350.79	4578.84
2348.95	4502.54
2347.11	4570.17
2345.27	4629.61
2343.42	4572.36
2341.58	4576.17
2339.74	4691.11
2337.89	4755.84
2336.05	4552.34
2334.2	4638.74
2332.35	4651.98
2330.5	4648.98
2328.66	4668.97
2326.81	4656.5
2324.96	4753.51
2323.11	4735.61
2321.26	4710.97
2319.4	4845.66
2317.55	4725.17
2315.7	4773.41
2313.85	4733.95
2311.99	4703.96
2310.14	4756.2
2308.28	4750.46
2306.42	4825.54
2304.57	4862.87
2302.71	4939.2
2300.85	4860.76
2298.99	4876.51
2297.13	4873.43
2295.27	4881.1
2293.41	4869.96
2291.55	4936.72
2289.69	4967.18
2287.83	4981.52
2285.96	4982.42
2284.1	4943.1
2282.23	4911.84
2280.37	5032.04
2278.5	5020.87
2276.63	5016.4
2274.77	4991.85
2272.9	5035.57
2271.03	5021.74
2269.16	5002.56
2267.29	5068.95
2265.42	5115.24
2263.55	5136.13
2261.68	5092.9
2259.8	5167.16
2257.93	5105.27
2256.05	5118.12
2254.18	5138.96
2252.3	5131.79
2250.43	5219.22
2248.55	5259.98
2246.67	5242.12
2244.8	5274.85
2242.92	5215.75
2241.04	5235.16
2239.16	5238.61
2237.28	5232.74
2235.39	5297.3
2233.51	5292.75
2231.63	5374.49
2229.74	5336.73
2227.86	5292.36
2225.98	5367.39
2224.09	5386.68
2222.2	5359.56
2220.32	5438.45
2218.43	5394.12
2216.54	5423.96
2214.65	5387.6
2212.76	5355.24
2210.87	5391.67
2208.98	5466.41
2207.09	5460.48
2205.2	5494.18
2203.3	5538.43
2201.41	5471.75
2199.51	5535.76
2197.62	5572.03
2195.72	5613.54
2193.83	5521.88
2191.93	5591.05
2190.03	5641.72
2188.13	5587.02
2186.23	5560
2184.33	5551.42
2182.43	5688.84
2180.53	5749.91
2178.63	5680.8
2176.73	5664.3
2174.82	5777.84
2172.92	5706.17
2171.01	5767.11
2169.11	5746.66
2167.2	5756.39
2165.3	5687.44
2163.39	5766.65
2161.48	5840.55
2159.57	5816.18
2157.66	5863.82
2155.75	5847.31
2153.84	5876.59
2151.93	5882.31
2150.02	5882.8
2148.1	5914.65
2146.19	5882.46
2144.28	5983.5
2142.36	5957.83
2140.44	6037.88
2138.53	5950.91
2136.61	5989.18
2134.69	6043.06
2132.77	6027.84
2130.86	6049.1
2128.94	6050.81
2127.01	6082.46
2125.09	6124.49
2123.17	6215.92
2121.25	6282.57
2119.32	6302.39
2117.4	6274.11
2115.48	6227.67
2113.55	6372.12
2111.62	6332.17
2109.7	6353.22
2107.77	6278.29
2105.84	6378.42
2103.91	6345
2101.98	6349.17
2100.05	6310.6
2098.12	6287.59
2096.19	6457.41
2094.26	6497.75
2092.32	6466.93
2090.39	6425.8
2088.45	6498.4
2086.52	6434.03
2084.58	6511.75
2082.65	6530.02
2080.71	6512.16
2078.77	6500.76
2076.83	6606.69
2074.89	6526.95
2072.95	6541.31
2071.01	6589.16
2069.07	6492.76
2067.13	6674.44
2065.18	6762.05
2063.24	6695.28
2061.29	6679.98
2059.35	6759.78
2057.4	6641.69
2055.46	6715.03
2053.51	6816.56
2051.56	6802.51
2049.61	6797.46
2047.66	6841.13
2045.71	6775.82
2043.76	6842.53
2041.81	6837.46
2039.86	6793.98
2037.9	6859.33
2035.95	6796.68
2033.99	6785.23
2032.04	6846.67
2030.08	6906.79
2028.13	6955.36
2026.17	7000.06
2024.21	6934.93
2022.25	7049.8
2020.29	6992.35
2018.33	7073.95
2016.37	7064.98
2014.41	7175.8
2012.45	7101.83
2010.48	7103.03
2008.52	7139.88
2006.55	7152.53
2004.59	7076.12
2002.62	7144.72
2000.66	7074.72
1998.69	7257.63
1996.72	7263.84
1994.75	7187.53
1992.78	7231.84
1990.81	7324.33
1988.84	7363.48
1986.87	7322.73
1984.89	7356.78
1982.92	7204.58
1980.95	7312.1
1978.97	7442.32
1977	7380.1
1975.02	7459.6
1973.04	7348.09
1971.07	7430.07
1969.09	7484.19
1967.11	7543.31
1965.13	7532.95
1963.15	7474.63
1961.17	7464.29
1959.18	7461.53
1957.2	7602.5
1955.22	7574.48
1953.23	7648.53
1951.25	7675.92
1949.26	7630.27
1947.28	7658.91
1945.29	7666.13
1943.3	7711.08
1941.31	7608.91
1939.32	7690.28
1937.33	7743.95
1935.34	7802.61
1933.35	7711.85
1931.36	7741.61
1929.36	7893.01
1927.37	7801.06
1925.37	7684.11
1923.38	7775.22
1921.38	7814.91
1919.39	7895.88
1917.39	7988.06
1915.39	7861.24
1913.39	7854.57
1911.39	7886.64
1909.39	7916.2
1907.39	7832.06
1905.39	7972.74
1903.38	7974.76
1901.38	7925.63
1899.38	7997.51
1897.37	7935.93
1895.36	7918.01
1893.36	7999.78
1891.35	8065.3
1889.34	8019.96
1887.33	8172.53
1885.32	8023.93
1883.31	8018.44
1881.3	8024.15
1879.29	8176.48
1877.28	8090.2
1875.26	8146.78
1873.25	8086.64
1871.24	8046.39
1869.22	8210.83
1867.2	8190.4
1865.19	8156.35
1863.17	8233.83
1861.15	8239.41
1859.13	8290.8
1857.11	8287.69
1855.09	8315.52
1853.07	8229.55
1851.05	8298.16
1849.02	8230.8
1847	8280.82
1844.97	8411.07
1842.95	8357.31
1840.92	8525.67
1838.89	8455.87
1836.87	8520.51
1834.84	8557.98
1832.81	8467.29
1830.78	8534.31
1828.75	8568.03
1826.72	8574.66
1824.68	8614.49
1822.65	8564.52
1820.62	8648.57
1818.58	8646.55
1816.55	8737.87
1814.51	8674.42
1812.47	8611.01
1810.44	8631.08
1808.4	8619.24
1806.36	8590.25
1804.32	8588.24
1802.28	8744.26
1800.24	8666.26
1798.19	8683.8
1796.15	8747.83
1794.11	8734.74
1792.06	8831.71
1790.02	8772.15
1787.97	8734.63
1785.92	8787.51
1783.88	8774.42
1781.83	8844.33
1779.78	8844.65
1777.73	8808.38
1775.68	8942.8
1773.63	8845.58
1771.57	8937.25
1769.52	9031.28
1767.47	8921.96
1765.41	8987.94
1763.36	8933.45
1761.3	9030.98
1759.24	9011.76
1757.19	8943.95
1755.13	9015.86
1753.07	9110.77
1751.01	9010.23
1748.95	9050.49
1746.88	9050.69
1744.82	9151.5
1742.76	9192.85
1740.69	9093.68
1738.63	9251.25
1736.56	9210.22
1734.5	9155.91
1732.43	9211.68
1730.36	9113.89
1728.29	9309.81
1726.22	9189.1
1724.15	9274.96
1722.08	9312.47
1720.01	9375.29
1717.94	9335.53
1715.86	9294.6
1713.79	9442.92
1711.72	9553.77
1709.64	9459.81
1707.56	9529.63
1705.49	9513.97
1703.41	9497.1
1701.33	9528.35
1699.25	9435.77
1697.17	9576.35
1695.09	9511.44
1693	9566.64
1690.92	9558.18
1688.84	9706.89
1686.75	9795.53
1684.67	9902.07
1682.58	9855.15
1680.49	9828.62
1678.41	9926.64
1676.32	10036.6
1674.23	10104.5
1672.14	10142.5
1670.05	10326.3
1667.95	10609.2
1665.86	10711.5
1663.77	10832.7
1661.67	11098.4
1659.58	11461.7
1657.48	11753.1
1655.39	11896.4
1653.29	12149.3
1651.19	12468.7
1649.09	12528.3
1646.99	12419.9
1644.89	12498.4
1642.79	12463.9
1640.69	12331.8
1638.58	12323.5
1636.48	12318.8
1634.38	12176.3
1632.27	12295.1
1630.16	12246.4
1628.06	12184.8
1625.95	12250.1
1623.84	12390
1621.73	12148.2
1619.62	12117.4
1617.51	12206.3
1615.4	12263.2
1613.28	12205.2
1611.17	12156.7
1609.06	12122.5
1606.94	12110.7
1604.83	12010.3
1602.71	12016.3
1600.59	12048.3
1598.47	12094.4
1596.35	12020.1
1594.23	12016.6
1592.11	12128.7
1589.99	12379.7
1587.87	12498.6
1585.74	12762.2
1583.62	13064.4
1581.49	13540.5
1579.37	13682.2
1577.24	14026.1
1575.11	14336.7
1572.99	14697.6
1570.86	14998.4
1568.73	15104.1
1566.6	14932.8
1564.46	14299.6
1562.33	13886.1
1560.2	13443.6
1558.06	12885.5
1555.93	12429.6
1553.79	12155.6
1551.66	11925.1
1549.52	11906.4
1547.38	11890.1
1545.24	11792
1543.1	11650.7
1540.96	11680
1538.82	11700
1536.68	11714.1
1534.53	11485.6
1532.39	11639.7
1530.24	11900.9
1528.1	12124.6
1525.95	12471.6
1523.8	12720.5
1521.66	13266
1519.51	13826.2
1517.36	14454.5
1515.2	15011.4
1513.05	15536.5
1510.9	15304
1508.75	14963.7
1506.59	14501.8
1504.44	13920.7
1502.28	13380.7
1500.13	12881.7
1497.97	12386.5
1495.81	12298.3
1493.65	12203.2
1491.49	12225
1489.33	12341.7
1487.17	12634.1
1485	12848.8
1482.84	13429.6
1480.68	14015.7
1478.51	14576
1476.35	15098.9
1474.18	15515.3
1472.01	15795.2
1469.84	16123.3
1467.67	16080.1
1465.5	16314.6
1463.33	16308.2
1461.16	16334
1458.99	16235.5
1456.81	16234.9
1454.64	15806.6
1452.46	15461.4
1450.29	15062.5
1448.11	14604.1
1445.93	14480.1
1443.75	14088.9
1441.57	13735.9
1439.39	13589.4
1437.21	13083.3
1435.03	12951
1432.85	12659.6
1430.66	12533.3
1428.48	12266.3
1426.29	12228.3
1424.1	12105.7
1421.92	11939.8
1419.73	12055
1417.54	12139.4
1415.35	12327.5
1413.16	12881.8
1410.97	13671.7
1408.77	14642.3
1406.58	15958.6
1404.39	17248.9
1402.19	18354.7
1400	19091.9
1397.8	18983.1
1395.6	18338.6
1393.4	17273.9
1391.2	16311.2
1389	15416.3
1386.8	15158.1
1384.6	15115.8
1382.4	15248.2
1380.19	15613.1
1377.99	15935.8
1375.78	16284.2
1373.57	16437.5
1371.37	16270.2
1369.16	16199.2
1366.95	16380.6
1364.74	16383.2
1362.53	16460.4
1360.32	16519.4
1358.1	16852.9
1355.89	17069.9
1353.68	17786.8
1351.46	18899.2
1349.24	20686.4
1347.03	23481.5
1344.81	27287.6
1342.59	31954.9
1340.37	37272.8
1338.15	42848.8
1335.93	48019.8
1333.71	52196.6
1331.48	54816.1
1329.26	56755.8
1327.03	56648.9
1324.81	54124
1322.58	50376.2
1320.35	45052.4
1318.13	39394.1
1315.9	34105.8
1313.67	29436
1311.43	25311.1
1309.2	22309.4
1306.97	20037.9
1304.73	18365.8
1302.5	16956.8
1300.26	16054.3
1298.03	15244.2
1295.79	14776.6
1293.55	14480.4
1291.31	14138.5
1289.07	13945.4
1286.83	13896.3
1284.59	13899.7
1282.35	13809.4
1280.1	13711.4
1277.86	13818.4
1275.61	13863
1273.37	14088.9
1271.12	14104.4
1268.87	14335.6
1266.62	14426.5
1264.37	14808.5
1262.12	14945.9
1259.87	15144.1
1257.62	15253.5
1255.36	15672.2
1253.11	16252.5
1250.85	16798
1248.6	17269.9
1246.34	17634
1244.08	18153.9
1241.82	18253.9
1239.56	18263.2
1237.3	18200.5
1235.04	18152.3
1232.78	17893.1
1230.51	18174.2
1228.25	17740.7
1225.98	17590.1
1223.72	17366.8
1221.45	17102.9
1219.18	16756.6
1216.91	16424.8
1214.64	15983.2
1212.37	15825.9
1210.1	15298
1207.83	14814.4
1205.55	14448.9
1203.28	14273.8
1201	14097.7
1198.72	14122.8
1196.45	14166.5
1194.17	13956.7
1191.89	13943.4
1189.61	14038.6
1187.33	14249.9
1185.05	14284.7
1182.76	14339.2
1180.48	14398
1178.2	14571.6
1175.91	14614.9
1173.62	14670.2
1171.34	14645.7
1169.05	14648.5
1166.76	14618.6
1164.47	14429.3
1162.18	14523.8
1159.88	14479.8
1157.59	14514.2
1155.3	14431
1153	14452.4
1150.71	14228.7
1148.41	14107.6
1146.11	14013.7
1143.81	14141.8
1141.51	14249.1
1139.21	14542.2
1136.91	14777.4
1134.61	15216.6
1132.31	15693.4
1130	16025.6
1127.7	16647
1125.39	17010.9
1123.08	17479.7
1120.77	18012
1118.47	18288.4
1116.16	18337.2
1113.84	18454.2
1111.53	18270.4
1109.22	17778.7
1106.91	17368.4
1104.59	16883.9
1102.28	16415
1099.96	16042.4
1097.64	15559.1
1095.32	15295
1093	15086.1
1090.68	14976.5
1088.36	14756.1
1086.04	14498.2
1083.72	14566.5
1081.39	14593.9
1079.07	14478.3
1076.74	14634.7
1074.42	14705
1072.09	14719.4
1069.76	14816.4
1067.43	14932.7
1065.1	14785
1062.77	15007.3
1060.43	15261.6
1058.1	15345.3
1055.77	15457.9
1053.43	15773.8
1051.09	15963.2
1048.76	16358.8
1046.42	16993.5
1044.08	17571.1
1041.74	17890.8
1039.4	18298.9
1037.06	18563.5
1034.71	19006.2
1032.37	19183.9
1030.02	19526.8
1027.68	19815
1025.33	19910.2
1022.98	19993.6
1020.63	20299.4
1018.28	20587.9
1015.93	20761.3
1013.58	20979.1
1011.23	21048.1
1008.87	21028.8
1006.52	21081.7
1004.16	20779.1
1001.81	20588.1
999.448	20148.1
997.09	19639.5
994.73	19105.9
992.37	18925.4
990.008	18427.5
987.646	18050.6
985.282	17885.5
982.918	17624.4
980.552	17412.1
978.186	17614.1
975.818	17566.7
973.45	18112.6
971.081	19004.1
968.71	20691.2
966.339	23232.9
963.967	26078.2
961.593	29449.9
959.219	30798.2
956.844	30607.6
954.468	28231.9
952.09	25306.1
949.712	22710.7
947.333	20793.1
944.953	19366.5
942.572	18067.1
940.19	17253.6
937.807	16876.1
935.423	16552.5
933.037	16219.6
930.651	16194.1
928.264	16119.3
925.876	16127.3
923.487	16093.4
921.097	15948.6
918.706	15958.8
916.314	15996.1
913.921	16031.2
911.527	15901.3
909.132	15922.9
906.736	15967.5
904.339	15898.3
901.941	16199.2
899.543	16306.1
897.143	16372.2
894.742	16490.4
892.34	16316
889.937	16399.7
887.533	16265
885.128	15977.5
882.722	15848.3
880.315	15668.2
877.907	15406.3
875.498	15235.9
873.088	15162.2
870.677	15241.9
868.265	15092.6
865.852	14880.1
863.438	14955.7
861.023	14840.8
858.607	14830.5
856.19	14900.8
853.772	14959.8
851.353	14977.3
848.933	14883.3
846.512	14938
844.09	14762.5
841.667	14789.3
839.243	14697.6
836.818	14800.7
834.392	14826.5
831.965	14878
829.537	15001.5
827.108	15048.7
824.678	14927.2
822.247	14845.9
819.815	14963.1
817.381	14747.2
814.947	14822.2
812.512	14828.3
810.076	14597.4
807.639	14735.9
805.2	14727.7
802.761	14612.9
800.321	14481.8
797.879	14861.8
795.437	15134
792.994	15456.1
790.549	15604.1
788.104	15484.1
785.657	15171
783.21	15017.6
780.761	14999
778.312	14947.8
775.861	14981.3
773.41	15057.7
770.957	15126.8
768.504	15172.4
766.049	15406.4
763.593	15620.8
761.136	15686.5
758.679	16277
756.22	16525.4
753.76	17320.4
751.299	18200
748.837	19786.6
746.374	22998.1
743.91	30274.4
741.445	47012.3
738.979	78008.9
736.512	114861
734.044	135788
731.575	127156
729.105	96893.5
726.634	64081.6
724.161	40857.3
721.688	28674.2
719.214	22616.1
716.738	19609
714.262	17996.6
711.784	17145.5
709.306	16500.8
706.826	16227.6
704.346	15853.9
701.864	15961.1
699.381	15824.5
696.898	15870.1
694.413	16005.3
691.927	16018.7
689.44	16107.4
686.952	16003.1
684.463	15664.9
681.973	15499.7
679.482	15392.8
676.99	15500.6
674.497	15360.7
672.002	15438.4
669.507	15477
667.011	15572.6
664.513	15717.2
662.015	15810.6
659.515	16018.9
657.015	16089.1
654.513	16058.4
652.01	16262.3
649.506	16183.6
647.002	16276.5
644.496	16473.1
641.989	16764.3
639.481	17337.4
636.972	18057.4
634.462	19244.9
631.95	20949.1
629.438	22931.4
626.925	24767.8
624.41	25694.9
621.895	25851
619.378	24299.2
616.861	22214.5
614.342	20090.9
611.822	18600.1
609.301	17285.1
606.78	16555.1
604.257	16132.9
601.733	15740.7
599.208	15618.2
596.681	15559.1
594.154	15769.1
591.626	15832.6
589.096	15758.7
586.566	15680.9
584.034	15549.8
581.502	15705.1
578.968	15762.5
576.433	15670
573.897	15851.6
571.36	16105.1
568.822	16280.4
566.283	16397.6
563.743	16572.7
561.202	16928.6
558.66	17120
556.116	17722.2
553.572	17976.9
551.026	18340.5
548.479	19050.3
545.932	20262.9
543.383	21957.9
540.833	23212.3
538.282	23057.4
535.73	21925
533.176	19949.5
530.622	18422.9
528.067	17454.3
525.51	17170.1
522.953	17054.3
520.394	16804.7
517.834	16321.9
515.274	15945
512.712	15832.8
510.149	15766.5
507.584	15662.3
505.019	15489.9
502.453	15383.9
499.885	15498.1
497.317	15414.6
494.747	15449.8
492.177	15340.1
489.605	15400.6
487.032	15438.7
484.458	15328.2
481.883	15501.3
479.307	15455.8
476.729	15476.4
474.151	15472.6
471.571	15482.5
468.991	15440
466.409	15436.3
463.826	15497.5
461.242	15500.5
458.657	15421.3
456.071	15470.8
453.484	15581.1
450.895	15485.5
448.306	15618.9
445.715	15565.9
443.123	15619
440.531	15709.7
437.937	15630.7
435.342	15746.3
432.745	15645.2
430.148	15676
427.55	15661.6
424.95	15741.4
422.35	15768.3
419.748	15737.5
417.145	15726.9
414.541	15830.6
411.936	15901.5
409.33	15837.1
406.722	15941.5
404.114	15818.7
401.504	15967.1
398.894	15985.1
396.282	15977.3
