4832.363281	16440.351563
4829.012695	16451.544922
4825.660156	16466.621094
4822.306641	16329.616211
4818.951172	16346.965820
4815.593750	16324.083008
4812.234375	16334.712891
4808.874023	16221.088867
4805.512695	16259.264648
4802.148438	16321.183594
4798.783203	16253.037109
4795.416016	16266.628906
4792.047852	16249.034180
4788.676758	16117.220703
4785.305664	16221.299805
4781.931641	16206.707031
4778.556641	16204.716797
4775.179688	16163.487305
4771.800781	16211.090820
4768.420898	16166.194336
4765.039063	16216.699219
4761.655273	16032.188477
4758.270508	16261.423828
4754.883789	16250.531250
4751.495117	16187.999023
4748.104492	16118.888672
4744.712891	16177.355469
4741.319336	16165.773438
4737.924805	16049.636719
4734.527344	16135.273438
4731.128906	16128.867188
4727.729492	16065.112305
4724.327148	15994.067383
4720.923828	16119.214844
4717.518555	16123.093750
4714.112305	15983.131836
4710.704102	16052.345703
4707.293945	16010.053711
4703.881836	16116.550781
4700.468750	16113.079102
4697.053711	16012.243164
4693.636719	15953.208008
4690.218750	15949.078125
4686.798828	15977.842773
4683.376953	16047.490234
4679.953125	16041.848633
4676.528320	15803.365234
4673.101563	15869.336914
4669.672852	15940.344727
4666.243164	15993.058594
4662.811523	15853.395508
4659.377930	15946.139648
4655.943359	15872.855469
4652.505859	15922.574219
4649.067383	15817.374023
4645.627930	15815.466797
4642.185547	15737.289063
4638.742188	15792.042969
4635.296875	15820.616211
4631.850586	15692.493164
4628.401367	15726.878906
4624.951172	15764.125000
4621.499023	15733.252930
4618.045898	15721.227539
4614.590820	15710.657227
4611.133789	15619.097656
4607.674805	15628.818359
4604.214844	15522.931641
4600.751953	15687.936523
4597.289063	15680.274414
4593.823242	15687.044922
4590.356445	15667.846680
4586.887695	15570.826172
4583.416992	15367.285156
4579.944336	15478.578125
4576.470703	15586.161133
4572.995117	15414.546875
4569.517578	15468.125977
4566.039063	15569.076172
4562.557617	15438.649414
4559.075195	15469.154297
4555.591797	15411.367188
4552.105469	15570.223633
4548.618164	15392.005859
4545.128906	15362.271484
4541.637695	15313.942383
4538.145508	15272.098633
4534.651367	15441.346680
4531.155273	15421.640625
4527.657227	15406.238281
4524.157227	15343.697266
4520.656250	15296.920898
4517.153320	15167.398438
4513.648438	15358.290039
4510.142578	15243.116211
4506.634766	15135.888672
4503.125000	15158.400391
4499.613281	15072.669922
4496.099609	15219.000977
4492.584961	15205.863281
4489.068359	15239.654297
4485.549805	15199.510742
4482.030273	15121.759766
4478.507813	15122.166016
4474.984375	15059.420898
4471.458984	15103.816406
4467.932617	15100.673828
4464.403320	15162.000977
4460.873047	15119.876953
4457.340820	15079.205078
4453.806641	15247.968750
4450.271484	15153.527344
4446.734375	15038.678711
4443.195313	14978.330078
4439.654297	14994.289063
4436.111328	15140.782227
4432.567383	15104.440430
4429.021484	15026.535156
4425.473633	15157.986328
4421.923828	15075.895508
4418.372070	15084.693359
4414.819336	15020.300781
4411.264648	15057.943359
4407.708008	15081.485352
4404.150391	15097.973633
4400.589844	15024.553711
4397.028320	15127.377930
4393.464844	15090.487305
4389.899414	15032.591797
4386.332031	15015.399414
4382.763672	15063.367188
4379.193359	15121.787109
4375.621094	15010.783203
4372.046875	14865.609375
4368.470703	14842.924805
4364.893555	14837.727539
4361.314453	14977.112305
4357.733398	15093.318359
4354.150391	14995.187500
4350.565430	15031.753906
4346.979492	14907.250977
4343.391602	15015.579102
4339.801758	14808.326172
4336.209961	14871.342773
4332.616211	15020.562500
4329.021484	15043.767578
4325.424805	14914.732422
4321.825195	15027.572266
4318.225586	14955.598633
4314.623047	14994.039063
4311.018555	14813.931641
4307.413086	14981.352539
4303.805664	14932.393555
4300.196289	14858.541992
4296.584961	14892.065430
4292.971680	14929.010742
4289.357422	14875.312500
4285.741211	14855.535156
4282.122070	14998.833984
4278.501953	14803.593750
4274.880859	14818.379883
4271.256836	14793.820313
4267.631836	14825.825195
4264.003906	14836.427734
4260.375000	14703.725586
4256.744141	14763.254883
4253.112305	14830.291992
4249.477539	14812.648438
4245.840820	14807.393555
4242.203125	14860.550781
4238.563477	14640.282227
4234.921875	14850.669922
4231.278320	14671.785156
4227.633789	14774.949219
4223.986328	14814.255859
4220.337891	14728.134766
4216.686523	14685.238281
4213.034180	14610.892578
4209.379883	14611.186523
4205.724609	14680.539063
4202.066406	14654.132813
4198.407227	14709.723633
4194.745117	14707.899414
4191.082031	14681.503906
4187.416992	14736.300781
4183.750000	14690.136719
4180.081055	14704.660156
4176.411133	14697.369141
4172.738281	14729.564453
4169.064453	14724.298828
4165.387695	14742.157227
4161.709961	14598.212891
4158.030273	14688.122070
4154.348633	14591.872070
4150.666016	14664.038086
4146.980469	14569.242188
4143.293945	14580.990234
4139.604492	14572.390625
4135.914063	14499.441406
4132.221680	14635.768555
4128.527344	14560.821289
4124.831055	14475.120117
4121.132813	14496.990234
4117.433594	14566.131836
4113.731445	14517.685547
4110.028320	14461.857422
4106.322266	14511.332031
4102.615234	14507.477539
4098.906250	14438.242188
4095.195068	14544.228516
4091.482178	14597.583008
4087.767334	14485.990234
4084.051514	14428.317383
4080.332764	14513.906250
4076.613037	14448.202148
4072.890381	14490.698242
4069.166748	14473.397461
4065.441162	14539.313477
4061.713623	14404.627930
4057.984131	14430.952148
4054.252686	14499.454102
4050.519287	14441.985352
4046.783936	14316.966797
4043.047607	14432.906250
4039.308350	14480.520508
4035.568115	14347.633789
4031.824951	14424.625000
4028.080811	14345.300781
4024.334717	14408.191406
4020.586670	14428.326172
4016.836670	14372.436523
4013.084717	14424.541016
4009.330811	14321.413086
4005.574951	14326.219727
4001.817139	14412.184570
3998.058350	14302.551758
3994.296631	14291.392578
3990.532959	14281.567383
3986.768311	14271.083008
3983.000732	14407.270508
3979.232178	14434.532227
3975.461670	14406.069336
3971.688232	14435.943359
3967.913818	14486.976563
3964.137451	14410.850586
3960.359131	14232.900391
3956.578857	14381.818359
3952.796631	14246.354492
3949.012451	14304.593750
3945.226318	14335.696289
3941.438232	14344.322266
3937.649170	14281.689453
3933.857178	14331.201172
3930.063232	14227.769531
3926.268311	14362.215820
3922.470459	14395.136719
3918.671631	14324.712891
3914.869873	14366.816406
3911.066162	14270.830078
3907.261475	14266.259766
3903.454834	14340.488281
3899.645264	14274.179688
3895.834717	14234.172852
3892.022217	14280.750977
3888.206787	14179.822266
3884.390381	14312.831055
3880.572021	14244.056641
3876.750732	14217.224609
3872.928467	14271.513672
3869.104248	14245.991211
3865.278076	14182.594727
3861.449951	14245.291016
3857.619873	14238.732422
3853.786865	14224.345703
3849.952881	14232.137695
3846.116943	14223.623047
3842.279053	14195.569336
3838.439209	14211.811523
3834.597412	14189.637695
3830.753662	14207.804688
3826.907959	14193.445313
3823.060303	14072.539063
3819.210693	14307.621094
3815.358154	14305.547852
3811.504639	14296.334961
3807.649170	14256.000977
3803.791748	14167.745117
3799.932373	14225.964844
3796.071045	14237.505859
3792.207764	14219.261719
3788.342529	14104.016602
3784.474365	14238.407227
3780.605225	14263.462891
3776.734131	14218.743164
3772.861084	14155.991211
3768.986084	14264.253906
3765.108154	14201.530273
3761.229248	14141.442383
3757.348389	14116.194336
3753.464600	14226.808594
3749.579834	14112.730469
3745.692139	14101.023438
3741.803467	14171.604492
3737.912842	14210.624023
3734.019287	14271.432617
3730.123779	14081.857422
3726.227295	14102.242188
3722.327881	14021.935547
3718.426514	14082.051758
3714.524170	14144.662109
3710.618896	14111.173828
3706.711670	14214.004883
3702.802490	14074.339844
3698.891357	14289.574219
3694.978271	14183.863281
3691.063232	14140.832031
3687.146240	14192.935547
3683.227295	14263.479492
3679.306396	14136.933594
3675.383545	14188.941406
3671.457764	14165.732422
3667.531006	14161.639648
3663.601318	14287.343750
3659.670654	14235.485352
3655.737061	14387.706055
3651.801514	14326.943359
3647.864990	14423.071289
3643.925537	14336.321289
3639.984131	14382.223633
3636.040771	14298.106445
3632.095459	14542.301758
3628.148193	14503.777344
3624.197998	14529.851563
3620.246826	14698.244141
3616.293701	14666.634766
3612.337646	14656.541016
3608.380615	14891.548828
3604.420654	14917.324219
3600.458740	15131.749023
3596.494873	15221.694336
3592.529053	15227.698242
3588.561279	15426.489258
3584.591553	15627.586914
3580.619873	15749.793945
3576.645264	15847.333008
3572.669678	16122.704102
3568.691162	16236.274414
3564.711670	16246.083008
3560.729248	16459.275391
3556.744873	16443.845703
3552.758545	16543.816406
3548.770264	16617.351563
3544.779053	16653.214844
3540.786865	16593.228516
3536.791748	16617.162109
3532.795654	16657.951172
3528.796631	16628.042969
3524.795654	16543.173828
3520.792725	16542.072266
3516.787842	16615.244141
3512.780029	16593.503906
3508.771240	16649.722656
3504.759521	16573.750000
3500.746826	16517.160156
3496.731201	16417.664063
3492.713623	16409.734375
3488.694092	16533.660156
3484.671631	16506.394531
3480.648193	16382.850586
3476.621826	16445.097656
3472.594482	16383.764648
3468.564209	16205.868164
3464.531982	16222.208984
3460.496826	16294.916016
3456.460693	16364.442383
3452.421631	16327.416992
3448.381592	16334.969727
3444.338623	16396.923828
3440.293701	16282.661133
3436.246826	16454.521484
3432.197021	16505.798828
3428.146240	16547.140625
3424.092529	16645.792969
3420.036865	16546.455078
3415.979248	16583.376953
3411.919678	16513.105469
3407.857178	16611.539063
3403.793701	16639.119141
3399.727295	16737.982422
3395.658936	16680.037109
3391.588623	16850.619141
3387.516357	16995.232422
3383.441162	17142.140625
3379.364014	17324.453125
3375.284912	17648.144531
3371.203857	18126.466797
3367.120850	18781.214844
3363.034912	19409.566406
3358.947998	20043.974609
3354.858154	20914.882813
3350.765381	21438.453125
3346.671631	22131.216797
3342.575928	22587.660156
3338.477295	23211.359375
3334.376709	23406.404297
3330.274170	23426.958984
3326.168701	23295.833984
3322.061279	22849.527344
3317.952881	22316.683594
3313.840576	21898.099609
3309.727295	21124.421875
3305.612061	20615.777344
3301.493896	20103.412109
3297.373779	19510.271484
3293.251709	18982.035156
3289.126709	18583.455078
3284.999756	18210.125000
3280.870850	17971.603516
3276.739990	17712.750000
3272.607178	17420.894531
3268.471436	17322.187500
3264.333740	17152.882813
3260.194092	16978.919922
3256.051514	16811.169922
3251.907959	16805.259766
3247.761475	16876.523438
3243.613037	16881.417969
3239.461670	16867.023438
3235.308350	16958.585938
3231.153076	16903.240234
3226.995850	16844.335938
3222.836670	16929.128906
3218.674561	16849.236328
3214.510498	16712.986328
3210.343506	16506.667969
3206.175537	16701.777344
3202.004639	16658.109375
3197.831787	16625.263672
3193.656006	16614.599609
3189.478271	16432.783203
3185.298584	16469.468750
3181.116943	16162.368164
3176.933350	16069.490234
3172.746826	15758.735352
3168.558350	15733.004883
3164.366943	15389.938477
3160.173584	15412.710938
3155.978271	15262.642578
3151.781006	15057.934570
3147.580811	15060.587891
3143.378662	14979.345703
3139.174561	15137.219727
3134.967529	15077.404297
3130.758545	15272.463867
3126.547607	15111.703125
3122.334717	15324.915039
3118.118896	15327.959961
3113.901123	15252.164063
3109.680420	15351.790039
3105.457764	15358.938477
3101.233154	15361.929688
3097.006592	15210.545898
3092.777100	15227.195313
3088.545654	15022.861328
3084.312256	14975.216797
3080.075928	14742.305664
3075.837646	14772.119141
3071.596436	14692.832031
3067.353271	14674.900391
3063.108154	14567.469727
3058.861084	14511.354492
3054.611084	14412.350586
3050.359131	14383.411133
3046.104248	14199.950195
3041.847412	14158.222656
3037.588623	14131.794922
3033.327881	14083.682617
3029.064209	13952.352539
3024.797607	13866.870117
3020.530029	13799.043945
3016.259521	13747.676758
3011.986084	13731.463867
3007.710693	13771.984375
3003.433350	13585.102539
2999.154053	13729.039063
2994.871826	13563.386719
2990.587646	13484.849609
2986.300537	13490.955078
2982.011475	13550.671875
2977.720459	13660.416992
2973.426514	13619.236328
2969.130615	13740.451172
2964.831787	13799.877930
2960.531006	13807.498047
2956.228271	13819.169922
2951.922607	13904.567383
2947.614990	14020.624023
2943.304443	13995.599609
2938.991943	14255.237305
2934.677490	14293.833984
2930.360107	14357.862305
2926.040771	14446.122070
2921.719482	14421.479492
2917.395264	14415.358398
2913.068115	14274.025391
2908.739014	14334.968750
2904.407959	14291.366211
2900.073975	14181.463867
2895.738037	14161.041992
2891.400146	14077.825195
2887.059326	13969.350586
2882.716553	13852.353516
2878.370850	13776.900391
2874.023193	13708.997070
2869.672607	13683.114258
2865.320068	13664.145508
2860.964600	13718.668945
2856.607178	13611.333008
2852.247803	13650.331055
2847.885498	13607.898438
2843.521240	13562.642578
2839.154053	13335.952148
2834.784912	13083.184570
2830.412842	13025.690430
2826.038818	12764.784180
2821.661865	12630.970703
2817.282959	12751.355469
2812.902100	12634.801758
2808.518311	12665.504883
2804.131592	12605.541992
2799.742920	12687.485352
2795.352295	12638.381836
2790.958740	12643.954102
2786.563232	12549.418945
2782.164795	12466.918945
2777.764404	12473.695313
2773.361084	12434.466797
2768.955811	12408.895508
2764.547607	12386.182617
2760.137451	12438.878906
2755.724365	12361.208984
2751.309326	12273.993164
2746.891357	12281.374023
2742.471436	12397.902344
2738.048584	12283.659180
2733.623779	12339.028320
2729.197021	12380.778320
2724.766357	12270.666992
2720.334717	12359.212891
2715.899170	12148.879883
2711.462646	12242.455078
2707.023193	12115.746094
2702.580811	12181.647461
2698.136475	12075.913086
2693.689209	12077.103516
2689.239014	12035.022461
2684.787842	12106.977539
2680.332764	12087.925781
2675.875732	12070.012695
2671.416748	11876.639648
2666.954834	12061.122070
2662.490967	11995.636719
2658.024170	11941.970703
2653.554443	11791.029297
2649.082764	11998.048828
2644.608154	11888.579102
2640.131592	11842.888672
2635.652100	11750.917969
2631.170654	11740.486328
2626.686279	11771.873047
2622.199951	11748.057617
2617.710693	11612.883789
2613.218506	11717.743164
2608.724365	11726.244141
2604.228271	11664.123047
2599.729248	11548.723633
2595.227295	11652.251953
2590.723389	11544.747070
2586.216553	11452.333984
2581.706787	11531.887695
2577.195068	11518.256836
2572.681396	11533.433594
2568.163818	11406.341797
2563.645264	11393.893555
2559.122803	11376.479492
2554.598389	11367.367188
2550.072021	11308.557617
2545.542725	11391.658203
2541.010498	11209.322266
2536.476318	11372.318359
2531.939209	11346.125977
2527.399170	11329.871094
2522.857178	11223.912109
2518.312256	11181.877930
2513.765381	11219.605469
2509.215576	11272.671875
2504.663818	11158.723633
2500.109131	11134.912109
2495.551514	11161.589844
2490.990967	11068.712891
2486.429443	11003.332031
2481.864014	11025.642578
2477.296631	11031.502930
2472.726318	10999.606445
2468.153076	11041.000977
2463.577881	11018.959961
2459.000732	10865.874023
2454.419678	10985.854492
2449.836670	10885.315430
2445.251709	10920.090820
2440.662842	10905.783203
2436.072021	10831.038086
2431.479248	10906.046875
2426.883545	10873.260742
2422.284912	10757.872070
2417.683350	10796.375000
2413.079834	10714.274414
2408.473389	10618.150391
2403.864990	10742.900391
2399.253662	10639.268555
2394.638428	10578.010742
2390.023193	10635.951172
2385.404053	10646.194336
2380.781006	10512.540039
2376.157959	10522.832031
2371.529053	10557.960938
2366.900146	10567.125977
2362.267334	10516.371094
2357.632568	10534.708984
2352.995850	10598.304688
2348.355225	10515.276367
2343.712646	10500.184570
2339.068115	10515.780273
2334.419678	10571.156250
2329.769287	10606.037109
2325.114990	10569.418945
2320.458740	10504.916016
2315.800537	10554.787109
2311.140381	10571.879883
2306.476318	10570.723633
2301.808350	10556.170898
2297.140381	10439.896484
2292.468506	10517.466797
2287.794678	10481.560547
2283.116943	10554.734375
2278.437256	10486.250977
2273.755615	10502.733398
2269.070068	10592.832031
2264.382568	10441.232422
2259.691162	10449.704102
2254.999756	10509.300781
2250.302490	10433.593750
2245.605225	10479.289063
2240.904053	10415.907227
2236.200928	10380.761719
2231.493896	10399.834961
2226.784912	10461.353516
2222.073975	10429.412109
2217.359131	10376.821289
2212.642334	10360.325195
2207.921631	10362.381836
2203.198975	10408.372070
2198.474365	10277.588867
2193.747803	10324.622070
2189.017334	10285.455078
2184.282959	10504.083008
2179.546631	10281.671875
2174.808350	10321.719727
2170.068115	10344.844727
2165.323975	10330.522461
2160.577881	10230.362305
2155.827881	10354.026367
2151.075928	10359.174805
2146.320068	10397.963867
2141.564209	10329.504883
2136.802490	10245.887695
2132.040771	10378.091797
2127.275146	10264.108398
2122.505615	10409.773438
2117.736084	10293.272461
2112.960693	10350.765625
2108.185303	10271.583008
2103.406006	10265.196289
2098.622803	10128.636719
2093.839600	10260.791992
2089.050537	10231.955078
2084.261475	10200.014648
2079.468506	10169.150391
2074.673584	10134.145508
2069.874756	10160.134766
2065.073975	10085.592773
2060.269287	10182.868164
2055.462646	10116.711914
2050.654053	10074.538086
2045.841553	10020.979492
2041.025146	10064.051758
2036.208740	10083.719727
2031.388428	10067.057617
2026.564209	9990.283203
2021.738037	10085.061523
2016.909912	10126.917969
2012.077881	10068.856445
2007.243896	10081.188477
2002.407959	10012.874023
1997.568115	10101.665039
1992.724365	10051.994141
1987.878662	9980.189453
1983.031006	10001.797852
1978.181396	9990.393555
1973.325928	9961.485352
1968.470459	9941.358398
1963.611084	9933.597656
1958.749756	9951.036133
1953.884521	9891.367188
1949.017334	9893.908203
1944.146240	9854.864258
1939.273193	9828.685547
1934.396240	9949.169922
1929.517334	9852.246094
1924.636475	9822.517578
1919.751709	9787.188477
1914.864990	9744.735352
1909.974365	9860.811523
1905.081787	9871.494141
1900.185303	9835.692383
1895.286865	9864.743164
1890.386475	9810.615234
1885.482178	9811.600586
1880.575928	9785.579102
1875.665771	9726.995117
1870.753662	9680.688477
1865.837646	9684.274414
1860.919678	9666.502930
1855.997803	9660.431641
1851.073975	9698.536133
1846.146240	9625.972656
1841.218506	9626.517578
1836.284912	9648.851563
1831.349365	9742.074219
1826.411865	9529.401367
1821.470459	9577.040039
1816.527100	9552.307617
1811.579834	9518.502930
1806.630615	9521.605469
1801.677490	9516.119141
1796.722412	9561.591797
1791.765381	9453.722656
1786.804443	9445.250000
1781.839600	9411.601563
1776.872803	9405.671875
1771.904053	9378.616211
1766.931396	9473.260742
1761.956787	9341.673828
1756.978271	9348.337891
1751.997803	9268.162109
1747.013428	9268.834961
1742.027100	9257.972656
1737.036865	9395.926758
1732.044678	9328.412109
1727.048584	9276.987305
1722.050537	9277.634766
1717.048584	9153.807617
1712.044678	9323.880859
1707.038818	9234.115234
1702.029053	9283.675781
1697.015381	9242.406250
1691.999756	9283.922852
1686.982178	9303.966797
1681.960693	9281.167969
1676.935303	9456.427734
1671.907959	9502.185547
1666.878662	9721.340820
1661.845459	9846.856445
1656.808350	10088.387695
1651.769287	10151.026367
1646.728271	10353.418945
1641.683350	10420.779297
1636.636475	10532.633789
1631.585693	10407.747070
1626.531006	10420.036133
1621.476318	10409.068359
1616.415771	10338.319336
1611.353271	10442.964844
1606.288818	10397.935547
1601.220459	10488.113281
1596.150146	10579.167969
1591.075928	10764.222656
1585.997803	10941.671875
1580.919678	11122.357422
1575.835693	11293.484375
1570.749756	11281.544922
1565.661865	11201.818359
1560.570068	11133.963867
1555.474365	11288.478516
1550.378662	11442.811523
1545.277100	11359.728516
1540.173584	10741.802734
1535.068115	10192.150391
1529.958740	9982.214844
1524.845459	10037.078125
1519.730225	10177.890625
1514.613037	10440.649414
1509.491943	10579.594727
1504.366943	10421.251953
1499.239990	10273.329102
1494.109131	10202.570313
1488.976318	10371.513672
1483.841553	10586.012695
1478.700928	10969.067383
1473.560303	11251.033203
1468.415771	11551.132813
1463.267334	11563.873047
1458.116943	11414.972656
1452.962646	10883.035156
1447.804443	10382.735352
1442.646240	9856.848633
1437.482178	9522.836914
1432.316162	9392.950195
1427.148193	9186.791992
1421.976318	9014.705078
1416.800537	9344.282227
1411.622803	10132.161133
1406.443115	11242.433594
1401.259521	12084.240234
1396.072021	12085.439453
1390.882568	11362.139648
1385.689209	10995.932617
1380.493896	11095.904297
1375.294678	11355.407227
1370.093506	11568.949219
1364.888428	11393.661133
1359.679443	11412.030273
1354.468506	12068.458984
1349.255615	13826.463867
1344.038818	16390.855469
1338.818115	19151.988281
1333.595459	20708.021484
1328.368896	20776.884766
1323.140381	19384.585938
1317.907959	17098.929688
1312.673584	14617.250000
1307.435303	12436.732422
1302.193115	10761.962891
1296.948975	9699.327148
1291.702881	9226.801758
1286.452881	9240.987305
1281.198975	9594.940430
1275.943115	9811.979492
1270.683350	9814.860352
1265.421631	9438.631836
1260.156006	8920.397461
1254.886475	8844.061523
1249.614990	8861.237305
1244.341553	8807.768555
1239.062256	8711.252930
1233.782959	8549.513672
1228.497803	8271.565430
1223.212646	8068.649414
1217.921631	7856.041504
1212.628662	7659.263184
1207.333740	7394.734375
1202.034912	7237.603516
1196.732178	7140.534180
1191.427490	6991.738281
1186.118896	6884.557617
1180.806396	6838.217773
1175.491943	6842.735352
1170.175537	6814.805176
1164.855225	6862.555176
1159.531006	6808.813965
1154.204834	6858.385742
1148.874756	7034.077148
1143.540771	6992.981445
1138.204834	6932.721191
1132.866943	6860.354492
1127.525146	6777.306152
1122.179443	6830.455566
1116.831787	6845.678711
1111.480225	6678.218750
1106.124756	6541.765137
1100.767334	6321.007324
1095.407959	6163.927246
1090.042725	6015.882813
1084.677490	5943.471680
1079.306396	5953.545410
1073.933350	5877.993164
1068.558350	5807.176758
1063.179443	5903.750977
1057.796631	5883.626953
1052.409912	5968.437500
1047.023193	6005.826172
1041.630615	6232.352539
1036.236084	6345.542969
1030.837646	6495.190430
1025.437256	6611.336426
1020.032959	6738.449707
1014.626709	6697.582520
1009.216553	6616.559082
1003.802490	6441.878906
998.386475	6248.936035
992.966553	6139.245117
987.542725	6049.502441
982.116943	5991.653809
976.689209	6077.542969
971.255615	6277.467773
965.820068	6518.097656
960.382568	6607.669434
954.941162	6443.530273
949.495850	6085.809082
944.048584	5743.641602
938.597412	5578.900879
933.144287	5458.352539
927.687256	5551.421875
922.226318	5473.604980
916.763428	5380.775879
911.296631	5191.099121
905.825928	5157.497070
900.353271	5145.859375
894.878662	5115.058594
889.398193	5041.402344
883.915771	4915.387695
878.431396	4841.928223
872.943115	4789.959961
867.450928	4734.863770
861.956787	4674.370117
856.458740	4618.036621
850.956787	4577.672852
845.452881	4543.712891
839.945068	4544.743652
834.435303	4512.654297
828.919678	4522.313965
823.404053	4533.774902
817.884521	4531.182129
812.361084	4541.265137
806.833740	4457.241699
801.304443	4530.197754
795.771240	4603.069336
790.236084	4567.473145
784.697021	4580.661621
779.154053	4555.041016
773.609131	4548.383301
768.060303	4589.943359
762.509521	4837.247559
756.954834	5626.134766
751.396240	8409.875000
745.833740	13155.836914
740.271240	16910.207031
734.702881	17720.498047
729.132568	13963.591797
723.558350	8289.510742
717.980225	5351.808105
712.400146	4535.628418
706.818115	4401.855957
701.230225	4459.316406
695.640381	4509.107422
690.048584	4537.386230
684.450928	4458.862305
678.853271	4354.977051
673.249756	4236.483887
667.644287	4309.893555
662.034912	4426.454102
656.423584	4509.471680
650.808350	4619.552246
645.189209	4712.598633
639.568115	4782.414063
633.943115	4881.928223
628.314209	4706.809570
622.683350	4558.969727
617.048584	4215.623535
611.411865	4032.308350
605.771240	3947.147461
600.126709	3885.558838
594.480225	3897.970215
588.829834	3917.888428
583.175537	4048.333496
577.519287	4107.477051
571.859131	4199.680176
566.197021	4215.408203
560.529053	4218.323242
554.861084	4146.272461
549.187256	4083.116211
543.511475	4081.254150
537.831787	4249.313477
532.150146	4436.541016
526.464600	4489.005859
520.775146	4430.666016
515.083740	3988.517334
509.388428	3603.053467
503.689209	3586.548828
497.988037	3587.601563
492.282959	3619.328857
486.575928	3629.558838
480.864990	3564.048584
475.150146	3561.172607
469.433350	3537.311768
463.712646	3498.619385
457.988037	3498.404541
452.259521	3481.602295
446.529053	3493.612061
440.796631	3424.508057
435.060303	3460.067627
429.320068	3453.340332
423.575928	3487.537598
417.829834	3443.822998
412.079834	3474.943115
406.325928	3416.509033
400.570068	3451.517822
394.812256	3486.053467
389.048584	3479.770020
383.282959	3474.360352
377.513428	3499.291016
371.741943	3583.096436
365.966553	3672.435303
360.187256	3843.008057
354.406006	4136.620117
