2570.63	3273.49
2568.87	3215.39
2567.1	3303.52
2565.34	3377.43
2563.57	3291.32
2561.8	3283.1
2560.04	3327.23
2558.27	3289.31
2556.5	3266.96
2554.73	3352.03
2552.96	3398.9
2551.19	3390.66
2549.42	3407.83
2547.65	3413.71
2545.88	3432.27
2544.1	3467.74
2542.33	3524.34
2540.56	3472.38
2538.78	3547.25
2537.01	3569.95
2535.23	3527.89
2533.45	3533.7
2531.68	3519.81
2529.9	3548.11
2528.12	3579.21
2526.34	3599.05
2524.56	3545.82
2522.78	3662.55
2521	3636
2519.22	3615.09
2517.44	3604.01
2515.65	3616.78
2513.87	3796.37
2512.09	3813.26
2510.3	3748.89
2508.52	3692.97
2506.73	3805.08
2504.95	3855.53
2503.16	3889.16
2501.37	3819.28
2499.58	3885.05
2497.79	3822.21
2496	3894.91
2494.21	3865.62
2492.42	3904.76
2490.63	3900.61
2488.84	3842.05
2487.05	3922.99
2485.25	3909.07
2483.46	4010.83
2481.67	3913.3
2479.87	4034.49
2478.07	4051.18
2476.28	4026.1
2474.48	4038.61
2472.68	4102.56
2470.89	4102.51
2469.09	4020.48
2467.29	4106.59
2465.49	4153.76
2463.69	4110.66
2461.88	4135.59
2460.08	4161.89
2458.28	4181.23
2456.48	4253.24
2454.67	4132.57
2452.87	4205.93
2451.06	4205.84
2449.26	4265.28
2447.45	4237.49
2445.64	4325.93
2443.84	4327.18
2442.03	4418.29
2440.22	4288.21
2438.41	4435.91
2436.6	4455.07
2434.79	4387.24
2432.98	4348.44
2431.16	4473.83
2429.35	4469.5
2427.54	4382.46
2425.72	4518.73
2423.91	4506.12
2422.09	4514.18
2420.28	4597.95
2418.46	4563.3
2416.64	4608.47
2414.82	4679.73
2413.01	4650.6
2411.19	4578.87
2409.37	4684.42
2407.55	4701.99
2405.73	4803.3
2403.9	4722.01
2402.08	4762.88
2400.26	4839.36
2398.43	4854.11
2396.61	4823.62
2394.79	4800.01
2392.96	4857.2
2391.13	4829.48
2389.31	4840.09
2387.48	4865.74
2385.65	4941.97
2383.82	4877.35
2381.99	4968.55
2380.16	5059.69
2378.33	4981.43
2376.5	4972.85
2374.67	5036.59
2372.83	4972.07
2371	5001.67
2369.17	5192.11
2367.33	5112.6
2365.5	5157.11
2363.66	5059.97
2361.82	5179.33
2359.99	5211.51
2358.15	5156.62
2356.31	5232.3
2354.47	5205.99
2352.63	5341.38
2350.79	5313.68
2348.95	5353.9
2347.11	5410.37
2345.27	5341.96
2343.42	5401.11
2341.58	5415.47
2339.73	5458.28
2337.89	5506.48
2336.04	5560.06
2334.2	5425.4
2332.35	5572.36
2330.5	5531.15
2328.65	5564.35
2326.81	5705.7
2324.96	5575.27
2323.11	5632.74
2321.25	5684.77
2319.4	5746.2
2317.55	5644.29
2315.7	5685.46
2313.84	5672.65
2311.99	5719.17
2310.13	5762.96
2308.28	5769
2306.42	5924.52
2304.57	5886.06
2302.71	5879.93
2300.85	5928.96
2298.99	5842.13
2297.13	5958.36
2295.27	6028.81
2293.41	6001.13
2291.55	6039.29
2289.69	6101.57
2287.82	6209.45
2285.96	6101.25
2284.1	6076.28
2282.23	6100.93
2280.37	6168.44
2278.5	6262.69
2276.63	6154.66
2274.76	6232.79
2272.9	6324.24
2271.03	6271.15
2269.16	6333.1
2267.29	6276.03
2265.42	6383.36
2263.55	6335.66
2261.67	6488.3
2259.8	6464.62
2257.93	6432.96
2256.05	6454.67
2254.18	6591.03
2252.3	6612.67
2250.43	6667.6
2248.55	6682.53
2246.67	6682.8
2244.79	6798.87
2242.91	6780.47
2241.03	6678.29
2239.15	6795.56
2237.27	6821.04
2235.39	6794.68
2233.51	6907.8
2231.63	6977.01
2229.74	6979.82
2227.86	6966.71
2225.97	7039.8
2224.09	7000.16
2222.2	7010.9
2220.31	7053.43
2218.43	7011.17
2216.54	7175.46
2214.65	7134.5
2212.76	7163.69
2210.87	7169.05
2208.98	7285.45
2207.09	7237.9
2205.19	7251.16
2203.3	7329.1
2201.41	7385.87
2199.51	7457.11
2197.62	7513.79
2195.72	7454.38
2193.82	7526.84
2191.93	7600.56
2190.03	7496.39
2188.13	7596.4
2186.23	7596.3
2184.33	7585.66
2182.43	7719.72
2180.53	7694.59
2178.63	7698.39
2176.72	7700.87
2174.82	7820.24
2172.92	7788.53
2171.01	7880.22
2169.11	7918.05
2167.2	7921.75
2165.29	7892.67
2163.39	8032.67
2161.48	8113.62
2159.57	8114.62
2157.66	8156.2
2155.75	8217.37
2153.84	8083.58
2151.93	8166.97
2150.01	8209.77
2148.1	8204.19
2146.19	8322.71
2144.27	8262.24
2142.36	8349.32
2140.44	8397.18
2138.53	8434.58
2136.61	8441.96
2134.69	8442.81
2132.77	8444.96
2130.85	8527.87
2128.93	8623.74
2127.01	8573.75
2125.09	8660.42
2123.17	8713.2
2121.25	8693.14
2119.32	8814.76
2117.4	8744
2115.47	8853.82
2113.55	8923.3
2111.62	8790.28
2109.69	8859.74
2107.77	8839.66
2105.84	8903.86
2103.91	9132.59
2101.98	9111.14
2100.05	9166.1
2098.12	9120.04
2096.19	9184.01
2094.25	9246.64
2092.32	9421.73
2090.39	9383.39
2088.45	9401.94
2086.52	9321.01
2084.58	9409.3
2082.64	9349.07
2080.71	9447.6
2078.77	9438.99
2076.83	9514.2
2074.89	9577.75
2072.95	9705.67
2071.01	9754.94
2069.07	9687
2067.12	9662.87
2065.18	9808.58
2063.24	9924.6
2061.29	9893.97
2059.35	9913.49
2057.4	9952.26
2055.45	10088.6
2053.51	10015.6
2051.56	10053
2049.61	10099.3
2047.66	10223.9
2045.71	10061.2
2043.76	10194.6
2041.81	10293.3
2039.85	10448.3
2037.9	10393.3
2035.95	10320.4
2033.99	10349.9
2032.04	10459.9
2030.08	10465
2028.12	10580
2026.17	10594
2024.21	10688.4
2022.25	10753.4
2020.29	10754.5
2018.33	10883.2
2016.37	10843.5
2014.41	10825.5
2012.44	10886.5
2010.48	10979.3
2008.52	10995.6
2006.55	11046.3
2004.59	11026.9
2002.62	10932.6
2000.65	11093.8
1998.69	11209.2
1996.72	11321.9
1994.75	11364.7
1992.78	11327.5
1990.81	11421
1988.84	11591.8
1986.87	11600.2
1984.89	11592.2
1982.92	11655
1980.95	11787.5
1978.97	11827.5
1976.99	11811.7
1975.02	11926.2
1973.04	11839.6
1971.06	11976.8
1969.09	11969.9
1967.11	12192.8
1965.13	12179.5
1963.15	12298.7
1961.16	12381.2
1959.18	12375.3
1957.2	12471.6
1955.21	12512.4
1953.23	12575.8
1951.25	12585
1949.26	12673.5
1947.27	12877.7
1945.29	12861.6
1943.3	12763.8
1941.31	13013
1939.32	13166.5
1937.33	13047.3
1935.34	13274.7
1933.35	13150.6
1931.35	13212.2
1929.36	13345.2
1927.37	13356.6
1925.37	13459.4
1923.38	13451.9
1921.38	13669.8
1919.38	13593.4
1917.39	13826.1
1915.39	13824.7
1913.39	13853.3
1911.39	13870.7
1909.39	13983
1907.39	14034
1905.38	14078.7
1903.38	14164.6
1901.38	14277.9
1899.37	14356.1
1897.37	14445.5
1895.36	14517.4
1893.36	14622.9
1891.35	14534
1889.34	14551
1887.33	14894
1885.32	14649.6
1883.31	14866.7
1881.3	14787.8
1879.29	14824.5
1877.28	14842.6
1875.26	14957.5
1873.25	15102.1
1871.23	15214.3
1869.22	15326.5
1867.2	15490.6
1865.18	15468.7
1863.17	15422
1861.15	15763
1859.13	15640.7
1857.11	15681.9
1855.09	15518.9
1853.07	15715.9
1851.04	15904.1
1849.02	15854.9
1847	16165.1
1844.97	16109.7
1842.95	16150.5
1840.92	16124.7
1838.89	16127.3
1836.86	16232.2
1834.84	16291.5
1832.81	16408.5
1830.78	16564.9
1828.75	16595.6
1826.71	16481.1
1824.68	16483.5
1822.65	16633.5
1820.62	16827.6
1818.58	16753.7
1816.55	16889.9
1814.51	16943.7
1812.47	16933.6
1810.43	17062.2
1808.4	17059.4
1806.36	17022.3
1804.32	17247.6
1802.28	17546.1
1800.23	17473.3
1798.19	17232.9
1796.15	17479.7
1794.11	17331.3
1792.06	17530.1
1790.02	17456.3
1787.97	17713.6
1785.92	17566.5
1783.87	17691.7
1781.83	17664.2
1779.78	17785.7
1777.73	17786.3
1775.68	17894.1
1773.62	18061.6
1771.57	17903.7
1769.52	17976.1
1767.46	18091
1765.41	18191.2
1763.35	18208.7
1761.3	18182.3
1759.24	18311.5
1757.18	18254.8
1755.12	18345
1753.07	18335.6
1751.01	18371.2
1748.94	18517
1746.88	18552.5
1744.82	18602.4
1742.76	18784.3
1740.69	18795.4
1738.63	18822.1
1736.56	19018.3
1734.5	18979.6
1732.43	19008.7
1730.36	19109.1
1728.29	19123.5
1726.22	19245.5
1724.15	19249.1
1722.08	19156
1720.01	19426.3
1717.94	19499.7
1715.86	19406.6
1713.79	19523.4
1711.71	19519.6
1709.64	19615.7
1707.56	19739.4
1705.48	19836.6
1703.4	19879.6
1701.33	19997
1699.25	20074.7
1697.17	20058.7
1695.08	20041.4
1693	20211.4
1690.92	20222.9
1688.83	20343.6
1686.75	20382.6
1684.66	20573.8
1682.58	20576.7
1680.49	20659.9
1678.4	20614.8
1676.32	20723
1674.23	20655.3
1672.14	20755
1670.04	20716
1667.95	20999.7
1665.86	21135
1663.77	21253.5
1661.67	21278.7
1659.58	21389.9
1657.48	21360.2
1655.38	21365.2
1653.29	21578.7
1651.19	21495.3
1649.09	21594.3
1646.99	21786
1644.89	21856.2
1642.79	21784.7
1640.69	22124.8
1638.58	22096.1
1636.48	22240.9
1634.37	22088.6
1632.27	22071.8
1630.16	22377.8
1628.06	22185.3
1625.95	22214.7
1623.84	22033.1
1621.73	21998.5
1619.62	21972.3
1617.51	22002.9
1615.4	21738.7
1613.28	21823.8
1611.17	21677
1609.05	21537.4
1606.94	21663.8
1604.82	21493.6
1602.71	21510.1
1600.59	21524.2
1598.47	21519.5
1596.35	21567.8
1594.23	21863.7
1592.11	21766.8
1589.99	21698.3
1587.86	21629.9
1585.74	21586.2
1583.62	21600.2
1581.49	21785.9
1579.37	21973.9
1577.24	21838.4
1575.11	21907.5
1572.98	21892
1570.85	21860
1568.72	21842.2
1566.59	21779.7
1564.46	22095
1562.33	22045.4
1560.2	22038
1558.06	22230.9
1555.93	22271.5
1553.79	22326
1551.65	22336.1
1549.52	22532.1
1547.38	22438
1545.24	22321.7
1543.1	22355.1
1540.96	22030
1538.82	22126.5
1536.67	21988.3
1534.53	21911
1532.39	22056.3
1530.24	22024.4
1528.1	22003
1525.95	21991
1523.8	22012.7
1521.65	22100.7
1519.5	22059.5
1517.35	22050.9
1515.2	22007.4
1513.05	22036
1510.9	21907.8
1508.75	21822.6
1506.59	21823.4
1504.44	21849.7
1502.28	21881.8
1500.12	21984.5
1497.97	21763.9
1495.81	21793.6
1493.65	21745.7
1491.49	21817
1489.33	21850.2
1487.16	21863.6
1485	21874.7
1482.84	21658.1
1480.67	21989.2
1478.51	21805.1
1476.34	22297.5
1474.18	22317.6
1472.01	22314.6
1469.84	22539.9
1467.67	22747.7
1465.5	23085.5
1463.33	23469.1
1461.16	23910
1458.98	24092.7
1456.81	24189.1
1454.64	24003.7
1452.46	23756.4
1450.28	23412.7
1448.11	23046.4
1445.93	22883.6
1443.75	22674.9
1441.57	22429.7
1439.39	22259.2
1437.21	22107.2
1435.03	22012.6
1432.84	21871.1
1430.66	21687.4
1428.47	21824.1
1426.29	21594.8
1424.1	21780.7
1421.91	21552.6
1419.73	21607
1417.54	21641.9
1415.35	21910.7
1413.16	21945.4
1410.96	22443.2
1408.77	22630.5
1406.58	23086.6
1404.38	23641.4
1402.19	23649.1
1399.99	24084.9
1397.8	24196
1395.6	23996.5
1393.4	24081.4
1391.2	23777.5
1389	23840.8
1386.8	24210.7
1384.6	24450.9
1382.39	24947.3
1380.19	25574.9
1377.98	26124.9
1375.78	26619
1373.57	26761.4
1371.36	26780.2
1369.16	26649.6
1366.95	26468.2
1364.74	25974.7
1362.53	25941.7
1360.31	25642.1
1358.1	25525.7
1355.89	25640.9
1353.67	25748.2
1351.46	26209.7
1349.24	26703.5
1347.02	27282.6
1344.81	28197.2
1342.59	28846.2
1340.37	29768.5
1338.15	30311.6
1335.93	30479.7
1333.7	30470.9
1331.48	30393.6
1329.26	29985.8
1327.03	29613.2
1324.81	29221.8
1322.58	28704.9
1320.35	28145.8
1318.12	27888.9
1315.89	27323.9
1313.66	26908.3
1311.43	26185
1309.2	25893.4
1306.97	25285.3
1304.73	24715.6
1302.5	24647.6
1300.26	24375
1298.03	23838.7
1295.79	23782.3
1293.55	23629.8
1291.31	23469.7
1289.07	23211.4
1286.83	23112.9
1284.59	23107
1282.34	23038.7
1280.1	23150.9
1277.86	23388.9
1275.61	23513.1
1273.36	23589.4
1271.12	23614.4
1268.87	23314.8
1266.62	22883
1264.37	22437.2
1262.12	22152.8
1259.87	21820.8
1257.61	21827.6
1255.36	21557.1
1253.11	21624.9
1250.85	21422.3
1248.59	21509
1246.34	21428.3
1244.08	21531.5
1241.82	21362.4
1239.56	21429.1
1237.3	21516.7
1235.04	21577.6
1232.77	21849.6
1230.51	21797.7
1228.25	21696.2
1225.98	21685.3
1223.71	21782.5
1221.45	21884
1219.18	21624.9
1216.91	21934.6
1214.64	21812.4
1212.37	21885
1210.1	22077.6
1207.82	22083
1205.55	22007
1203.27	22113.5
1201	22086
1198.72	22039.7
1196.45	22059.3
1194.17	21825.5
1191.89	21913.2
1189.61	21770.6
1187.33	21690.6
1185.04	21744.2
1182.76	21587.6
1180.48	21407
1178.19	21413.7
1175.91	21461.9
1173.62	21418.2
1171.33	21502.5
1169.04	21503.6
1166.76	21354
1164.46	21526.6
1162.17	21458.9
1159.88	21394.6
1157.59	21500.4
1155.29	21454.7
1153	21536.4
1150.7	21701.9
1148.41	21805.2
1146.11	21802.9
1143.81	21810.3
1141.51	21733
1139.21	21648.1
1136.91	21767.5
1134.61	21856.4
1132.3	21859.4
1130	21905.9
1127.69	21944.7
1125.39	21926
1123.08	21997.3
1120.77	21958
1118.46	21906.9
1116.15	21745.3
1113.84	21801.4
1111.53	21783.9
1109.22	21582.6
1106.9	21635.4
1104.59	21616.9
1102.27	21563.8
1099.96	21592.8
1097.64	21476.1
1095.32	21506.2
1093	21423
1090.68	21491.9
1088.36	21436.8
1086.04	21379.6
1083.72	21440.8
1081.39	21560.1
1079.07	21369.6
1076.74	21525.3
1074.41	21539
1072.09	21647.3
1069.76	21605.2
1067.43	21687.6
1065.1	21832.1
1062.76	21802.8
1060.43	21760.6
1058.1	21857.8
1055.76	21839.2
1053.43	21858.1
1051.09	21838.5
1048.75	21835.9
1046.42	21874
1044.08	22051
1041.74	22044.1
1039.39	22145.1
1037.05	22334.5
1034.71	22482.2
1032.37	22548.7
1030.02	22507.5
1027.67	22828.6
1025.33	22959.8
1022.98	22911
1020.63	22982.5
1018.28	23201.8
1015.93	23412.4
1013.58	23411.2
1011.22	23415.4
1008.87	23500.3
1006.52	23547
1004.16	23477.8
1001.8	23454.4
999.446	23362
997.087	23362
994.728	23455.1
992.367	23601.2
990.005	23653.9
987.643	23720.3
985.279	23781.4
982.915	23741
980.55	23783
978.183	23830.2
975.816	23780.3
973.447	23729.3
971.078	23849.3
968.708	24008.2
966.336	24259.8
963.964	24259.3
961.591	24634.8
959.217	24463.5
956.841	24446
954.465	24319.2
952.088	24103
949.71	24114.1
947.331	24079.9
944.95	24055.3
942.569	24013.8
940.187	24254.7
937.804	24322.3
935.42	24319.6
933.035	24538
930.649	24670.4
928.262	24744
925.874	24693.9
923.485	24633.5
921.095	24768.7
918.704	24530.5
916.312	24420
913.919	24508
911.525	24293.2
909.13	24220.5
906.734	24292.9
904.337	24384
901.939	24147.6
899.54	24227.2
897.14	24439.1
894.739	24374.8
892.337	24268.9
889.934	24062.2
887.53	24121.9
885.125	24109.8
882.719	24046.7
880.312	23899.6
877.904	23774.5
875.495	23894.3
873.086	23765.1
870.675	23777
868.263	23525.6
865.85	23812.1
863.436	23716.2
861.021	23714.6
858.605	23845.5
856.188	23909
853.77	23658.1
851.351	23797.1
848.931	23797.5
846.51	23732.8
844.088	23923.2
841.665	23754.3
839.241	23921.8
836.816	23780.9
834.39	23814.3
831.963	23748.7
829.534	23739.8
827.105	23735.1
824.675	23919.6
822.244	24005.2
819.812	24025
817.379	23920.4
814.945	24045
812.509	24002.1
810.073	24162.4
807.636	24233.3
805.198	24129.9
802.758	24295.1
800.318	24165
797.877	24339.2
795.434	24571.6
792.991	24660.6
790.547	24857.9
788.101	24904.7
785.655	24753.3
783.207	24662.2
780.759	24542.6
778.309	24563
775.859	24505.7
773.407	24445.5
770.955	24719.6
768.501	24732.7
766.046	24716.2
763.591	24588.8
761.134	24763.7
758.676	24826.5
756.217	25035.7
753.757	25294.5
751.297	26028.5
748.835	27058.5
746.372	28620.4
743.908	32237.7
741.443	37501.1
738.977	44424.6
736.51	49589.2
734.042	49710.1
731.572	45136
729.102	38728.9
726.631	32971.5
724.159	29100.8
721.685	26716.2
719.211	25584.5
716.736	25003.1
714.259	24551.4
711.782	24479.5
709.303	24302.8
706.824	24234.1
704.343	24145.2
701.861	24166.3
699.379	24500.5
696.895	24685.4
694.41	24712.2
691.924	25062.8
689.437	25248.3
686.949	25156.3
684.46	24802.1
681.97	24401.1
679.479	24436
676.987	24413.6
674.494	24390.2
672	24270.7
669.504	24387.7
667.008	24286.2
664.511	24422.1
662.012	24490.8
659.513	24718.5
657.012	24993
654.51	25151.3
652.008	25609.2
649.504	25786.1
646.999	25771.1
644.493	26097.4
641.986	26116.3
639.478	26258.8
636.969	26354.2
634.459	26562.2
631.948	26551.9
629.435	26320.8
626.922	26051
624.408	25817.2
621.892	25736.7
619.376	25264.8
616.858	24695.1
614.339	24626
611.82	24568
609.299	24291.7
606.777	24021.7
604.254	24012.5
601.73	24076.6
599.205	24206
596.679	24177.9
594.151	24062.7
591.623	24167.2
589.094	24105.6
586.563	24083.5
584.032	24394.2
581.499	24500.3
578.965	24572.7
576.431	24594.8
573.895	25055.6
571.358	25311
568.82	25374.1
566.281	25597.7
563.74	25698
561.199	25867.1
558.657	25708.6
556.113	25695.7
553.569	25459.7
551.023	25347.7
548.477	25353.6
545.929	25389.9
543.38	25180.9
540.83	25137.9
538.279	25089.9
535.727	24878.4
533.174	24779.7
530.619	24846.4
528.064	24679.3
525.508	24616.9
522.95	24818.5
520.391	24777.6
517.832	24971.2
515.271	24652
512.709	24571.2
510.146	24667.1
507.582	24627.3
505.016	24757.1
502.45	24860.5
499.883	25115.7
497.314	24969.7
494.745	25039.8
492.174	25099.1
489.602	25200.1
487.029	25288.5
484.455	25224.2
481.88	25175.6
479.304	25302.6
476.726	25315
474.148	25292.6
471.569	25372.9
468.988	25370.7
466.406	25621.3
463.823	25797.1
461.239	25528.7
458.654	25734.4
456.068	25684.7
453.481	25907.6
450.892	25775.7
448.303	25909.5
445.712	25793.2
443.121	25921
440.528	25871.3
437.934	25907.5
435.339	25939.7
432.743	26068.2
430.145	26242.8
427.547	26093.9
424.947	26094.3
422.347	26214.8
419.745	26250.6
417.142	26440.1
414.538	26277
411.933	26519.1
409.327	26237.2
406.72	26261.4
404.111	26346
401.501	26383.5
398.891	26557
396.279	26603
