2570.63	2243.26
2568.87	2287.19
2567.1	2246.74
2565.34	2261.53
2563.57	2265
2561.8	2308.08
2560.04	2278.99
2558.27	2232.94
2556.5	2294.37
2554.73	2351.51
2552.96	2291.36
2551.19	2337.17
2549.42	2337.77
2547.65	2339.78
2545.88	2427.84
2544.1	2367.77
2542.33	2355.67
2540.56	2404.17
2538.78	2454.05
2537.01	2430.67
2535.23	2491.76
2533.46	2479.64
2531.68	2509.73
2529.9	2387.91
2528.12	2503.76
2526.34	2412.95
2524.56	2426.16
2522.78	2470.26
2521	2487.65
2519.22	2517.65
2517.44	2540.63
2515.66	2518.71
2513.87	2524.84
2512.09	2560.39
2510.3	2527.28
2508.52	2592.22
2506.73	2578.72
2504.95	2570.82
2503.16	2638.48
2501.37	2626.37
2499.58	2619.86
2497.8	2578.42
2496.01	2599.87
2494.22	2659.01
2492.43	2663.67
2490.63	2630.64
2488.84	2638.09
2487.05	2591.15
2485.26	2612.55
2483.46	2685.5
2481.67	2653.92
2479.87	2736.55
2478.08	2730.02
2476.28	2744.38
2474.48	2723.94
2472.69	2799.48
2470.89	2734.55
2469.09	2807.25
2467.29	2739.58
2465.49	2817.78
2463.69	2809.85
2461.89	2804.71
2460.08	2877.25
2458.28	2888.73
2456.48	2804.54
2454.67	2864.53
2452.87	2849.67
2451.06	2819.59
2449.26	2847.68
2447.45	2863.29
2445.65	2899.63
2443.84	2904.15
2442.03	2903.13
2440.22	2920.08
2438.41	3030.95
2436.6	2998.13
2434.79	2972.23
2432.98	2910.46
2431.17	2972.9
2429.35	3050.46
2427.54	3006.65
2425.72	3023.51
2423.91	3092.71
2422.09	3047.55
2420.28	3076.77
2418.46	3056.42
2416.64	2931.54
2414.83	3098.28
2413.01	3110.94
2411.19	3101.6
2409.37	3093.64
2407.55	3081.56
2405.73	3149.12
2403.91	3182.32
2402.08	3155.13
2400.26	3158.14
2398.44	3218.71
2396.61	3209.35
2394.79	3215.07
2392.96	3213.94
2391.14	3196.38
2389.31	3249.99
2387.48	3281.68
2385.65	3291.46
2383.82	3234.25
2381.99	3323.3
2380.16	3281.15
2378.33	3267.7
2376.5	3293.85
2374.67	3307.7
2372.84	3283.34
2371	3377.63
2369.17	3309.64
2367.33	3301.66
2365.5	3357.71
2363.66	3385.12
2361.83	3435.64
2359.99	3439.87
2358.15	3412.81
2356.31	3479.59
2354.47	3370.98
2352.63	3473.05
2350.79	3386.25
2348.95	3399.99
2347.11	3439.51
2345.27	3480.35
2343.42	3470.98
2341.58	3547.04
2339.74	3566.11
2337.89	3480.84
2336.05	3638.08
2334.2	3601.59
2332.35	3562.41
2330.5	3592.27
2328.66	3568
2326.81	3653.27
2324.96	3583.04
2323.11	3692.56
2321.26	3610.21
2319.4	3627.83
2317.55	3607.65
2315.7	3745.33
2313.85	3768.28
2311.99	3706.27
2310.14	3746.73
2308.28	3761.57
2306.42	3788.52
2304.57	3781.78
2302.71	3768.33
2300.85	3732.01
2298.99	3823.47
2297.13	3885.3
2295.27	3887.95
2293.41	3863.73
2291.55	3885.18
2289.69	3899.91
2287.83	3894.49
2285.96	3850.18
2284.1	3863.56
2282.23	3926.53
2280.37	3905.03
2278.5	3867.46
2276.63	3899.56
2274.77	4010.62
2272.9	3979.75
2271.03	4082.67
2269.16	3994.29
2267.29	4071.73
2265.42	4048.9
2263.55	4003.37
2261.68	4012.62
2259.8	4093.95
2257.93	4025.77
2256.05	4109.7
2254.18	4153.57
2252.3	4154.75
2250.43	4182.58
2248.55	4145.12
2246.67	4224.85
2244.8	4179.42
2242.92	4191.23
2241.04	4238.94
2239.16	4224.13
2237.28	4189.38
2235.39	4132.08
2233.51	4175.76
2231.63	4260.56
2229.74	4300.18
2227.86	4238.93
2225.98	4310.36
2224.09	4298.2
2222.2	4336.42
2220.32	4336.19
2218.43	4335.96
2216.54	4342.35
2214.65	4440.04
2212.76	4392.14
2210.87	4413.05
2208.98	4358.58
2207.09	4446.88
2205.2	4457.17
2203.3	4504.43
2201.41	4438.12
2199.51	4542.1
2197.62	4545.74
2195.72	4595.53
2193.83	4609.7
2191.93	4506.57
2190.03	4515.49
2188.13	4581.02
2186.23	4622.8
2184.33	4636.93
2182.43	4614.21
2180.53	4579.68
2178.63	4597.74
2176.73	4565.86
2174.82	4569.47
2172.92	4678.11
2171.01	4673.8
2169.11	4718.03
2167.2	4774.04
2165.3	4820.82
2163.39	4816.46
2161.48	4819.96
2159.57	4746.19
2157.66	4701.27
2155.75	4830.44
2153.84	4712.26
2151.93	4734.1
2150.02	4835.66
2148.1	4752.89
2146.19	4846.53
2144.28	4873.51
2142.36	4862.6
2140.44	4811.26
2138.53	4904.74
2136.61	4918.61
2134.69	4828.19
2132.77	4902.01
2130.86	4878.09
2128.94	4928.41
2127.01	4935.73
2125.09	4962.57
2123.17	5010.19
2121.25	4996.67
2119.32	5044.25
2117.4	5039.82
2115.48	5079.55
2113.55	5124.44
2111.62	5101.82
2109.7	5116.83
2107.77	5127.94
2105.84	5058.66
2103.91	5154.01
2101.98	5078.3
2100.05	5090.7
2098.12	5099.2
2096.19	5155.58
2094.26	5351.62
2092.32	5197.08
2090.39	5221.04
2088.45	5164.87
2086.52	5129.4
2084.58	5202.42
2082.65	5231.51
2080.71	5248.95
2078.77	5200.6
2076.83	5260.6
2074.89	5254.81
2072.95	5240.01
2071.01	5307.65
2069.07	5242.62
2067.13	5244.57
2065.18	5348.15
2063.24	5400.21
2061.29	5350.67
2059.35	5335.86
2057.4	5428.97
2055.46	5432.13
2053.51	5494.32
2051.56	5437.13
2049.61	5315.85
2047.66	5420.33
2045.71	5383.74
2043.76	5431.74
2041.81	5480.99
2039.86	5550.68
2037.9	5409.13
2035.95	5485.2
2033.99	5487.02
2032.04	5600.08
2030.08	5552.02
2028.13	5516.76
2026.17	5531.34
2024.21	5673.57
2022.25	5616.61
2020.29	5586.48
2018.33	5566.58
2016.37	5677.99
2014.41	5682.28
2012.45	5619.04
2010.48	5662.82
2008.52	5616.18
2006.55	5686.65
2004.59	5725.26
2002.62	5702.81
2000.66	5698.17
1998.69	5814.23
1996.72	5749.86
1994.75	5792.18
1992.78	5798.93
1990.81	5767.61
1988.84	5878.36
1986.87	5906.62
1984.89	5908.24
1982.92	5879.46
1980.95	5884.88
1978.97	5791.57
1977	5948.88
1975.02	5982.1
1973.04	5890.11
1971.07	5958.72
1969.09	5983.05
1967.11	6001.05
1965.13	5931.91
1963.15	6074.87
1961.17	6001.97
1959.18	6124.61
1957.2	5959.7
1955.22	6060.84
1953.23	6057.34
1951.25	6042.5
1949.26	6079.29
1947.28	6189.04
1945.29	6215.68
1943.3	6158.05
1941.31	6114.28
1939.32	6182.38
1937.33	6156.22
1935.34	6320.94
1933.35	6220.69
1931.36	6160.67
1929.36	6234.89
1927.37	6379.27
1925.37	6391.94
1923.38	6283.07
1921.38	6313.3
1919.39	6349.76
1917.39	6366.17
1915.39	6286.24
1913.39	6396.45
1911.39	6426.57
1909.39	6397.94
1907.39	6385.56
1905.39	6504.31
1903.38	6389.55
1901.38	6513.19
1899.38	6492.05
1897.37	6508.33
1895.36	6497.18
1893.36	6552.07
1891.35	6479.89
1889.34	6521.04
1887.33	6583.32
1885.32	6431.58
1883.31	6544.83
1881.3	6561.03
1879.29	6572.25
1877.28	6645.57
1875.26	6672.89
1873.25	6700.18
1871.24	6676.58
1869.22	6674.09
1867.2	6764.58
1865.19	6769.48
1863.17	6807.84
1861.15	6703.73
1859.13	6686.37
1857.11	6857.12
1855.09	6764.24
1853.07	6874.24
1851.05	6855.59
1849.02	6969.18
1847	6946.8
1844.97	6951.6
1842.95	6976.15
1840.92	6934.05
1838.89	6898.15
1836.87	6928.85
1834.84	6978.01
1832.81	7046.84
1830.78	7035.57
1828.75	7000.92
1826.72	7107.81
1824.68	7035.02
1822.65	6979.5
1820.62	7107.17
1818.58	7067.63
1816.55	7069.89
1814.51	7048.81
1812.47	7073.16
1810.44	7118.34
1808.4	7103.4
1806.36	7112.98
1804.32	7133.58
1802.28	7130.89
1800.24	7155.15
1798.19	7094.91
1796.15	7176.67
1794.11	7204.54
1792.06	7091.78
1790.02	7217.44
1787.97	7297.79
1785.92	7242.52
1783.88	7210.48
1781.83	7134.53
1779.78	7266.03
1777.73	7226.7
1775.68	7327.58
1773.63	7249.26
1771.57	7270.88
1769.52	7311.96
1767.47	7262.94
1765.41	7293.04
1763.36	7331.63
1761.3	7322.78
1759.24	7226.42
1757.19	7419.28
1755.13	7392.18
1753.07	7359.03
1751.01	7299.2
1748.95	7412.88
1746.88	7395.52
1744.82	7364.83
1742.76	7273.59
1740.69	7264.77
1738.63	7406.09
1736.56	7398.43
1734.5	7367.79
1732.43	7355.32
1730.36	7339.22
1728.29	7486.28
1726.22	7375.92
1724.15	7449.19
1722.08	7366.69
1720.01	7360.26
1717.94	7342.99
1715.86	7423.38
1713.79	7467.56
1711.72	7382.79
1709.64	7424.53
1707.56	7330.21
1705.49	7389.99
1703.41	7348.68
1701.33	7451.69
1699.25	7413.99
1697.17	7441.2
1695.09	7416.74
1693	7485.94
1690.92	7516.69
1688.84	7393.84
1686.75	7393.42
1684.67	7595.58
1682.58	7500.41
1680.49	7486.76
1678.41	7561.73
1676.32	7619.88
1674.23	7712.68
1672.14	7660.69
1670.05	7686.45
1667.95	7739.68
1665.86	7819.15
1663.77	7945.12
1661.67	8044.74
1659.58	8076.26
1657.48	8206.76
1655.39	8325.24
1653.29	8301.78
1651.19	8427.27
1649.09	8383.55
1646.99	8314.85
1644.89	8399.72
1642.79	8352.48
1640.69	8276.73
1638.58	8241.45
1636.48	8209.76
1634.38	8238.67
1632.27	8321
1630.16	8275.07
1628.06	8205.44
1625.95	8197.54
1623.84	8165.93
1621.73	8313.29
1619.62	8255.59
1617.51	8366.09
1615.4	8211.35
1613.28	8268.53
1611.17	8157.71
1609.06	8253.88
1606.94	8216.42
1604.83	8212.07
1602.71	8276.21
1600.59	8211.63
1598.47	8213.18
1596.35	8346.84
1594.23	8420.26
1592.11	8303.85
1589.99	8344.24
1587.87	8353.97
1585.74	8419.02
1583.62	8421.65
1581.49	8479.56
1579.37	8662.08
1577.24	8782.15
1575.11	8825.76
1572.99	9051.38
1570.86	9220.47
1568.73	9229.81
1566.6	9161.71
1564.46	9074.89
1562.33	8867.38
1560.2	8749.1
1558.06	8657.85
1555.93	8521
1553.79	8422.89
1551.66	8404.41
1549.52	8306.4
1547.38	8277.46
1545.24	8178.41
1543.1	8246.49
1540.96	8172.05
1538.82	8191.05
1536.68	8123.69
1534.53	8178.85
1532.39	8061.4
1530.24	8094.4
1528.1	8077.26
1525.95	8133.51
1523.8	8324.76
1521.66	8466.97
1519.51	8770.77
1517.36	8995.25
1515.2	9035.91
1513.05	9330.99
1510.9	9278.57
1508.75	9029.99
1506.59	8801.32
1504.44	8629.68
1502.28	8349.16
1500.13	8232.3
1497.97	8058.76
1495.81	8071.82
1493.65	7943.63
1491.49	8043.53
1489.33	8050.79
1487.17	8097.37
1485	8269.91
1482.84	8440
1480.68	8656.17
1478.51	8808.65
1476.35	9190.7
1474.18	9318.62
1472.01	9456.82
1469.84	9460.03
1467.67	9479.37
1465.5	9633.46
1463.33	9659.62
1461.16	9599.44
1458.99	9533.54
1456.81	9467.69
1454.64	9274.28
1452.46	9109.75
1450.29	8862.64
1448.11	8786.81
1445.93	8678.9
1443.75	8509.12
1441.57	8455.31
1439.39	8355.68
1437.21	8263
1435.03	8171.54
1432.85	8006.85
1430.66	8031.17
1428.48	7895.28
1426.29	7845.28
1424.1	7708.41
1421.92	7585.37
1419.73	7680.63
1417.54	7620.51
1415.35	7770.47
1413.16	8060.66
1410.97	8419.07
1408.77	8796.57
1406.58	9337.89
1404.39	10034.9
1402.19	10525.2
1400	10469.8
1397.8	10504.3
1395.6	10039.5
1393.4	9741.03
1391.2	9287.09
1389	8892.58
1386.8	8822.06
1384.6	8701.64
1382.4	8711.81
1380.19	8903.47
1377.99	9144.87
1375.78	9067.57
1373.57	9131.96
1371.37	9110.22
1369.16	9069.25
1366.95	9167.51
1364.74	9133.33
1362.53	9060.73
1360.32	9268.5
1358.1	9171.05
1355.89	9402.32
1353.68	9588.26
1351.46	9941.06
1349.24	10550.8
1347.03	11660.7
1344.81	13112.3
1342.59	14841.1
1340.37	16994.3
1338.15	19065.8
1335.93	21215.6
1333.71	23025
1331.48	24222.4
1329.26	24836.6
1327.03	25088.5
1324.81	24490
1322.58	23303.7
1320.35	21303.5
1318.13	19174.8
1315.9	16869.6
1313.67	14849.7
1311.43	13197.8
1309.2	11810.5
1306.97	10780.2
1304.73	10220.9
1302.5	9645.15
1300.26	9277.87
1298.03	9009.25
1295.79	8803.42
1293.55	8519.57
1291.31	8512.81
1289.07	8350.94
1286.83	8228.24
1284.59	8209.33
1282.35	8087.9
1280.1	8054.58
1277.86	8140.45
1275.61	7983.56
1273.37	8112.79
1271.12	8174.06
1268.87	8134.09
1266.62	8369.81
1264.37	8373.13
1262.12	8429.74
1259.87	8512.96
1257.62	8515.09
1255.36	8808.97
1253.11	9016.12
1250.85	9251.92
1248.6	9468.69
1246.34	9640.98
1244.08	9665.89
1241.82	9673.08
1239.56	9680.25
1237.3	9720.59
1235.04	9681.31
1232.78	9691.78
1230.51	9668.01
1228.25	9596.77
1225.98	9575.26
1223.72	9459.99
1221.45	9468.31
1219.18	9122.82
1216.91	8949.48
1214.64	8951.38
1212.37	8765.03
1210.1	8608.54
1207.83	8435.67
1205.55	8350.91
1203.28	8337.65
1201	8263.97
1198.72	8247.46
1196.45	8361.59
1194.17	8182.64
1191.89	8279.15
1189.61	8217.7
1187.33	8173.83
1185.05	8162.86
1182.76	8409.24
1180.48	8288.71
1178.2	8293.02
1175.91	8392.48
1173.62	8412.05
1171.34	8348.53
1169.05	8376.84
1166.76	8473.91
1164.47	8424.63
1162.18	8401.58
1159.88	8391.63
1157.59	8336.99
1155.3	8364.13
1153	8457.69
1150.71	8409.61
1148.41	8408.38
1146.11	8496.36
1143.81	8375.46
1141.51	8481.86
1139.21	8728.36
1136.91	8733.5
1134.61	8888.49
1132.31	9218.08
1130	9424.82
1127.7	9726.81
1125.39	9952.68
1123.08	9986.56
1120.77	9983.58
1118.47	10160.3
1116.16	10137.8
1113.84	10223.5
1111.53	10138.2
1109.22	9987.07
1106.91	9958.15
1104.59	9967.05
1102.28	9816.16
1099.96	9754.96
1097.64	9652.82
1095.32	9577.71
1093	9472.49
1090.68	9198.18
1088.36	9142.73
1086.04	9146.54
1083.72	9092.23
1081.39	9058.4
1079.07	9061.15
1076.74	9147.74
1074.42	9169.78
1072.09	9166.04
1069.76	9267.49
1067.43	9277.66
1065.1	9403.65
1062.77	9450.2
1060.43	9409.89
1058.1	9516.39
1055.77	9651.71
1053.43	9773
1051.09	9868.5
1048.76	9915.8
1046.42	10063.6
1044.08	10102.2
1041.74	10440.9
1039.4	10602.2
1037.06	10791
1034.71	10998.9
1032.37	11137.3
1030.02	11262.8
1027.68	11418
1025.33	11441
1022.98	11613.1
1020.63	11574.3
1018.28	11721.6
1015.93	11815.7
1013.58	11954.4
1011.23	11880.4
1008.87	12038
1006.52	11959.8
1004.16	11815.9
1001.81	11758
999.448	11641.8
997.09	11482.3
994.73	11366.3
992.37	11165.7
990.008	11132.5
987.646	10990.3
985.282	10974.2
982.918	10876.6
980.552	10746.4
978.186	10717.6
975.818	10874.8
973.45	11071.9
971.081	11447.2
968.71	12122.8
966.339	13012.8
963.967	13991.8
961.593	15379.6
959.219	16038.8
956.844	15977.4
954.468	15330.1
952.09	14304.7
949.712	13268.6
947.333	12426.7
944.953	11776.6
942.572	11338.1
940.19	11048
937.807	10827.3
935.423	10863.7
933.037	10758.6
930.651	10510
928.264	10647
925.876	10474.1
923.487	10532.5
921.097	10434
918.706	10505
916.314	10496.5
913.921	10532.9
911.527	10514.9
909.132	10632.7
906.736	10506.2
904.339	10587.4
901.941	10640.3
899.543	10682.8
897.143	10559.6
894.742	10558.3
892.34	10641.4
889.937	10676.5
887.533	10682.5
885.128	10771.6
882.722	10799.3
880.315	10644.2
877.907	10578.5
875.498	10555.5
873.088	10456.7
870.677	10306.1
868.265	10340.2
865.852	10214.7
863.438	10155.5
861.023	10283.8
858.607	10165.7
856.19	10192.5
853.772	10335.1
851.353	10219.1
848.933	10466.9
846.512	10329.4
844.09	10380.8
841.667	10387.8
839.243	10282.4
836.818	10174
834.392	10251.2
831.965	10228.3
829.537	10156.1
827.108	10188.9
824.678	10168.2
822.247	10119.8
819.815	10268.7
817.381	10211
814.947	10220
812.512	10339
810.076	10216.6
807.639	10360.1
805.2	10312.7
802.761	10241.7
800.321	10184.2
797.879	10391.9
795.437	10678.3
792.994	10739.3
790.549	10860.6
788.104	10675.1
785.657	10564.3
783.21	10506.8
780.761	10573.8
778.312	10487.8
775.861	10444.6
773.41	10512.6
770.957	10588.7
768.504	10658.7
766.049	10637.9
763.593	10862.5
761.136	10883.4
758.679	11146.3
756.22	11294.2
753.76	11548.6
751.299	11962.3
748.837	12562.5
746.374	13955
743.91	17079.2
741.445	24075.1
738.979	35296.6
736.512	48698.5
734.044	58762.6
731.575	59390
729.105	48903.2
726.634	34700.4
724.161	23785.9
721.688	17898.1
719.214	14694.8
716.738	13304
714.262	12386.8
711.784	11950.7
709.306	11569.4
706.826	11371.9
704.346	11291.6
701.864	11264.6
699.381	11119.9
696.898	11035.7
694.413	11057.2
691.927	11172.2
689.44	11123.3
686.952	11170.8
684.463	10949.2
681.973	10890.3
679.482	10914.8
676.99	10901.2
674.497	11061
672.002	11032.3
669.507	11152.9
667.011	11174.2
664.513	11334.7
662.015	11422.9
659.515	11514.1
657.015	11703.2
654.513	11644.3
652.01	11598.4
649.506	11738.3
647.002	11833.1
644.496	11870
641.989	12094.3
639.481	12151
636.972	12410.9
634.462	12967.4
631.95	13663.7
629.438	14540.6
626.925	15240.7
624.41	15679.7
621.895	15830
619.378	15197.5
616.861	14342
614.342	13253
611.822	12457.6
609.301	11856.3
606.78	11510.2
604.257	11154.6
601.733	11086.5
599.208	10899.6
596.681	10879.1
594.154	10864.6
591.626	10851.1
589.096	11098.5
586.566	11155
584.034	11235.2
581.502	11281.8
578.968	11297.7
576.433	11201.2
573.897	11098.8
571.36	11224.2
568.822	11341.5
566.283	11482.4
563.743	11568.1
561.202	11699.9
558.66	11880.8
556.116	11971.1
553.572	12144.8
551.026	12433.3
548.479	12850.1
545.932	13439.2
543.383	14316.3
540.833	14971
538.282	14990.1
535.73	14532.1
533.176	13613.3
530.622	12839.2
528.067	12350.4
525.51	12398.9
522.953	12322.3
520.394	12243.7
517.834	11876.2
515.274	11429.8
512.712	11293.2
510.149	11199.6
507.584	11084.7
505.019	11108.2
502.453	11194.1
499.885	11000.4
497.317	10953.8
494.747	11001.7
492.177	10975.6
489.605	11023.4
487.032	10964.2
484.458	11012
481.883	11009.2
479.307	10991.9
476.729	11049.3
474.151	11063
471.571	11012.7
468.991	10949.8
466.409	11024.6
463.826	11016.9
461.242	11185.4
458.657	11282.1
456.071	11077.2
453.484	11187.4
450.895	10997.2
448.306	11088.1
445.715	11127.7
443.123	11123.9
440.531	11043
437.937	11044
435.342	11258.9
432.745	11271.4
430.148	11282
427.55	11176.1
424.95	11271.3
422.35	11186.7
419.748	11195.4
417.145	11193.4
414.541	11132
411.936	11089.8
409.33	11083.1
406.722	10998.7
404.114	11194.3
401.504	11050.6
398.894	11098.5
396.282	11110
