2570.63	2206.42
2568.87	2219.17
2567.1	2175.91
2565.34	2213.39
2563.57	2257.92
2561.8	2281.19
2560.04	2286.06
2558.27	2330.52
2556.5	2271.75
2554.73	2317.6
2552.96	2291.36
2551.19	2203.01
2549.42	2343.42
2547.65	2249.46
2545.88	2389.75
2544.1	2297.26
2542.33	2323.24
2540.56	2387.26
2538.78	2383.62
2537.01	2399.69
2535.23	2422.78
2533.46	2445.87
2531.68	2487.22
2529.9	2396.35
2528.12	2432.07
2526.34	2516.95
2524.56	2468.31
2522.78	2457.62
2521	2404.82
2519.22	2512.04
2517.44	2439.62
2515.66	2461.21
2513.87	2481.38
2512.09	2526.76
2510.3	2537.09
2508.52	2553.01
2506.73	2507.32
2504.95	2563.82
2503.16	2544.74
2501.37	2538.26
2499.58	2551.36
2497.8	2603.57
2496.01	2655.75
2494.22	2607.34
2492.43	2619
2490.63	2625.06
2488.84	2677.16
2487.05	2614.86
2485.26	2673.89
2483.46	2713.37
2481.67	2630.23
2479.87	2658.56
2478.08	2753.69
2476.28	2656.7
2474.48	2711.42
2472.69	2713.25
2470.89	2787.38
2469.09	2739.15
2467.29	2811.82
2465.49	2845.56
2463.69	2736.28
2461.89	2892.14
2460.08	2816.21
2458.28	2768.07
2456.48	2785.13
2454.67	2852.06
2452.87	2870.45
2451.06	2840.37
2449.26	2828.3
2447.45	2831.46
2445.65	2881.65
2443.84	3012.02
2442.03	2921.1
2440.22	2903.49
2438.41	2841.69
2436.6	2945.65
2434.79	2908.72
2432.98	2996.02
2431.17	2942.55
2429.35	3031.15
2427.54	2939.1
2425.72	2989.06
2423.91	2988.01
2422.09	3032.41
2420.28	3003.81
2418.46	3132.11
2416.64	3014.08
2414.83	3043.27
2413.01	3097.19
2411.19	3093.35
2409.37	3191.17
2407.55	3092.55
2405.73	3191.67
2403.91	3228.97
2402.08	3142.79
2400.26	3215.73
2398.44	3176.21
2396.61	3239.5
2394.79	3272.61
2392.96	3308.43
2391.14	3223.76
2389.31	3347.15
2387.48	3315.87
2385.65	3221.72
2383.82	3258.86
2381.99	3293.24
2380.16	3341.25
2378.33	3331.88
2376.5	3256.99
2374.67	3365.01
2372.84	3350.18
2371	3362.63
2369.17	3320.55
2367.33	3338.45
2365.5	3463.95
2363.66	3524.01
2361.83	3422.03
2359.99	3422.18
2358.15	3431.85
2356.31	3425.2
2354.47	3501.47
2352.63	3515.18
2350.79	3456.88
2348.95	3537.13
2347.11	3525.02
2345.27	3588.9
2343.42	3565.93
2341.58	3610.77
2339.74	3587.8
2337.89	3586.53
2336.05	3540.56
2334.2	3554.2
2332.35	3586.78
2330.5	3623.39
2328.66	3676.21
2326.81	3658.68
2324.96	3683.06
2323.11	3691.21
2321.26	3672.34
2319.4	3757.45
2317.55	3743.97
2315.7	3762.87
2313.85	3687.36
2311.99	3739.98
2310.14	3725.17
2308.28	3837.02
2306.42	3827.57
2304.57	3845.06
2302.71	3889.45
2300.85	3843.67
2298.99	3908.2
2297.13	3956.55
2295.27	3839.57
2293.41	3878.51
2291.55	3906.67
2289.69	3971.06
2287.83	3946.83
2285.96	3956.16
2284.1	3986.93
2282.23	3938.59
2280.37	3978.73
2278.5	3942.48
2276.63	3973.21
2274.77	4034.71
2272.9	4027.92
2271.03	4002.41
2269.16	4069.18
2267.29	4057.03
2265.42	4070.28
2263.55	4116.91
2261.68	4084.73
2259.8	4127.32
2257.93	4089.82
2256.05	4148.38
2254.18	4176.23
2252.3	4217.39
2250.43	4125.28
2248.55	4163.76
2246.67	4174.26
2244.8	4208.7
2242.92	4237.8
2241.04	4238.94
2239.16	4285.29
2237.28	4238.56
2235.39	4287.53
2233.51	4293.96
2231.63	4315
2229.74	4350.61
2227.86	4351.71
2225.98	4364.73
2224.09	4352.56
2222.2	4301.96
2220.32	4386.53
2218.43	4440.58
2216.54	4437.66
2214.65	4376.52
2212.76	4439.77
2210.87	4455.37
2208.98	4493.43
2207.09	4514.28
2205.2	4564.17
2203.3	4544.05
2201.41	4476.41
2199.51	4548.69
2197.62	4606.42
2195.72	4575.75
2193.83	4479.2
2191.93	4615.94
2190.03	4540.52
2188.13	4611.3
2186.23	4583.31
2184.33	4657.98
2182.43	4679.98
2180.53	4680.92
2178.63	4625.34
2176.73	4680.17
2174.82	4746.78
2172.92	4746.38
2171.01	4677.73
2169.11	4782.32
2167.2	4821.25
2165.3	4801.16
2163.39	4802.04
2161.48	4812.1
2159.57	4802.5
2157.66	4946.09
2155.75	4912.89
2153.84	4848.32
2151.93	4888.41
2150.02	4851.35
2148.1	4904.48
2146.19	4889.64
2144.28	5048.49
2142.36	4990.53
2140.44	4953.49
2138.53	5005.18
2136.61	5067.26
2134.69	5035.45
2132.77	5055.77
2130.86	5155.54
2128.94	5112
2127.01	5155.71
2125.09	5108.3
2123.17	5062.22
2121.25	5151.4
2119.32	5119.63
2117.4	5154.15
2115.48	5160.07
2113.55	5214.03
2111.62	5227.71
2109.7	5218.02
2107.77	5301.72
2105.84	5253.12
2103.91	5235.66
2101.98	5294.64
2100.05	5376.89
2098.12	5324.45
2096.19	5362.63
2094.26	5332.22
2092.32	5328.98
2090.39	5317.99
2088.45	5348.36
2086.52	5392.91
2084.58	5445.18
2082.65	5510.31
2080.71	5439.92
2078.77	5396.66
2076.83	5506.87
2074.89	5502.28
2072.95	5466.77
2071.01	5455.76
2069.07	5555.48
2067.13	5621.66
2065.18	5653.06
2063.24	5585.4
2061.29	5695.21
2059.35	5580.03
2057.4	5736.01
2055.46	5673.55
2053.51	5663.78
2051.56	5651.44
2049.61	5759.69
2047.66	5790.92
2045.71	5768.29
2043.76	5685.45
2041.81	5670.56
2039.86	5825.97
2037.9	5754.72
2035.95	5727.02
2033.99	5654.58
2032.04	5724.1
2030.08	5877.93
2028.13	5831.05
2026.17	5887.66
2024.21	5902.1
2022.25	5878.24
2020.29	5914.35
2018.33	5796.13
2016.37	5945.7
2014.41	5934.59
2012.45	5887.83
2010.48	5894.58
2008.52	5926.78
2006.55	5979.31
2004.59	6114.49
2002.62	5957.11
2000.66	5977.8
1998.69	5946.37
1996.72	6064.85
1994.75	6072.77
1992.78	6083.22
1990.81	6105.09
1988.84	6197.96
1986.87	6160.17
1984.89	6126.22
1982.92	6161.96
1980.95	6155.89
1978.97	6284.01
1977	6199.43
1975.02	6238.89
1973.04	6207.5
1971.07	6294.96
1969.09	6249.67
1967.11	6338.3
1965.13	6190.76
1963.15	6317.21
1961.17	6294.68
1959.18	6328.93
1957.2	6373.24
1955.22	6394.83
1953.23	6386.16
1951.25	6412.76
1949.26	6386.47
1947.28	6435.7
1945.29	6416.96
1943.3	6434.7
1941.31	6378.26
1939.32	6480.19
1937.33	6497.89
1935.34	6470.36
1933.35	6496.83
1931.36	6554.65
1929.36	6494.52
1927.37	6597.42
1925.37	6628.81
1923.38	6572.48
1921.38	6600.09
1919.39	6601.4
1917.39	6622.72
1915.39	6547.7
1913.39	6642.8
1911.39	6632.83
1909.39	6615.37
1907.39	6617.9
1905.39	6729.07
1903.38	6737.79
1901.38	6816.39
1899.38	6776.43
1897.37	6639.25
1895.36	6716.54
1893.36	6832.39
1891.35	6801.2
1889.34	6794.93
1887.33	6787.42
1885.32	6894.36
1883.31	6858.21
1881.3	6875.54
1879.29	6932.61
1877.28	6846.8
1875.26	7011.87
1873.25	6944.7
1871.24	6963.2
1869.22	6914.71
1867.2	7086.94
1865.19	6992.57
1863.17	7045.71
1861.15	6968.76
1859.13	6978.53
1857.11	7001.91
1855.09	7026.5
1853.07	7120.32
1851.05	7151.03
1849.02	7158.23
1847	7123.43
1844.97	7160.27
1842.95	7230.41
1840.92	7195.62
1838.89	7150.98
1836.87	7235.84
1834.84	7154.24
1832.81	7152.79
1830.78	7262.17
1828.75	7204.04
1826.72	7145.96
1824.68	7293.35
1822.65	7392.66
1820.62	7284.17
1818.58	7306.01
1816.55	7244.3
1814.51	7406.1
1812.47	7379.99
1810.44	7379.67
1808.4	7390.38
1806.36	7387.59
1804.32	7404.42
1802.28	7421.23
1800.24	7484.55
1798.19	7484.18
1796.15	7532.75
1794.11	7488.32
1792.06	7483.05
1790.02	7485.11
1787.97	7404.09
1785.92	7507.55
1783.88	7502.27
1781.83	7533.61
1779.78	7455.12
1777.73	7460.84
1775.68	7538.47
1773.63	7656.26
1771.57	7574.19
1769.52	7609.07
1767.47	7634.18
1765.41	7540.04
1763.36	7589.48
1761.3	7647.4
1759.24	7700.41
1757.19	7679.26
1755.13	7762.58
1753.07	7805.76
1751.01	7799.16
1748.95	7796.2
1746.88	7790.82
1744.82	7853.32
1742.76	7829.74
1740.69	7832.82
1738.63	7685.77
1736.56	7789.35
1734.5	7964.23
1732.43	7927.34
1730.36	7932.79
1728.29	7908.02
1726.22	8075.34
1724.15	7898.39
1722.08	7934
1720.01	7845.32
1717.94	7985.86
1715.86	8014.17
1713.79	8053.3
1711.72	8074.32
1709.64	8109.78
1707.56	7977.88
1705.49	7991.68
1703.41	8071.64
1701.33	7956.73
1699.25	7983.74
1697.17	8121.28
1695.09	8121.78
1693	8129.48
1690.92	8105.97
1688.84	8198.85
1686.75	8266.48
1684.67	8220.16
1682.58	8280.53
1680.49	8316.89
1678.41	8298.14
1676.32	8221.95
1674.23	8362.39
1672.14	8324.5
1670.05	8450.43
1667.95	8524.88
1665.86	8467.85
1663.77	8487.3
1661.67	8620.13
1659.58	8671.72
1657.48	8806.76
1655.39	8830.81
1653.29	8959.73
1651.19	8832.38
1649.09	8867.1
1646.99	8931.55
1644.89	8863.86
1642.79	8982.99
1640.69	8940.29
1638.58	8934.48
1636.48	8975.01
1634.38	9061.83
1632.27	8944.36
1630.16	9046.55
1628.06	9079.85
1625.95	9036.03
1623.84	9126.21
1621.73	9209.2
1619.62	9240.01
1617.51	9332.37
1615.4	9423.47
1613.28	9321.62
1611.17	9390.18
1609.06	9351.09
1606.94	9295.48
1604.83	9222.18
1602.71	9166.66
1600.59	9209.16
1598.47	9065.18
1596.35	9166.66
1594.23	9062.89
1592.11	9045.25
1589.99	9051.18
1587.87	9080.65
1585.74	9186.63
1583.62	9232.51
1581.49	9220.7
1579.37	9157.16
1577.24	9222.97
1575.11	9201.77
1572.99	9303.92
1570.86	9417.73
1568.73	9407.04
1566.6	9329.48
1564.46	9221.48
1562.33	9224.94
1560.2	9097.15
1558.06	9127.59
1555.93	8978.85
1553.79	8898.11
1551.66	8964.86
1549.52	8940.32
1547.38	8786.03
1545.24	8885.46
1543.1	8838.78
1540.96	8886.73
1538.82	8882.1
1536.68	8883.32
1534.53	8995.33
1532.39	8954.52
1530.24	8952.2
1528.1	9071.05
1525.95	9076.83
1523.8	9160.61
1521.66	9321.12
1519.51	9503.6
1517.36	9497.57
1515.2	9710.06
1513.05	9616.81
1510.9	9703.65
1508.75	9460.7
1506.59	9430.32
1504.44	9380.24
1502.28	9236.26
1500.13	9078.49
1497.97	9099.27
1495.81	8972.94
1493.65	9049.32
1491.49	9081.66
1489.33	8994.81
1487.17	9012.11
1485	9087.19
1482.84	9251.19
1480.68	9398.88
1478.51	9506.05
1476.35	9561.19
1474.18	9782.42
1472.01	9824.71
1469.84	9873.89
1467.67	10030.2
1465.5	9944.48
1463.33	10123.7
1461.16	10302.7
1458.99	10089.3
1456.81	10010.5
1454.64	9985.92
1452.46	9824.56
1450.29	9895.37
1448.11	9726.12
1445.93	9762.47
1443.75	9633.57
1441.57	9571.29
1439.39	9689.05
1437.21	9539.69
1435.03	9390.45
1432.85	9249.34
1430.66	9226.24
1428.48	9185.99
1426.29	8961.62
1424.1	9107.86
1421.92	8923.7
1419.73	9069.84
1417.54	8981.76
1415.35	8957.67
1413.16	9204.03
1410.97	9442.22
1408.77	9489.8
1406.58	9867.87
1404.39	10143.1
1402.19	10354.3
1400	10467.5
1397.8	10586.3
1395.6	10389.8
1393.4	10073
1391.2	9944.04
1389	9617.44
1386.8	9550.04
1384.6	9635.95
1382.4	9764.9
1380.19	10078.7
1377.99	10273.1
1375.78	10471.9
1373.57	10543.7
1371.37	10592.7
1369.16	10484.4
1366.95	10575.3
1364.74	10513.4
1362.53	10412
1360.32	10370.5
1358.1	10307.7
1355.89	10369.1
1353.68	10646.1
1351.46	10878.9
1349.24	11325.8
1347.03	12004.6
1344.81	12879
1342.59	13789.9
1340.37	14706.8
1338.15	15611.8
1335.93	16563.3
1333.71	17232.8
1331.48	17647.6
1329.26	17926.1
1327.03	17811.1
1324.81	17629.9
1322.58	16953.7
1320.35	16226.5
1318.13	15354
1315.9	14401.5
1313.67	13186.3
1311.43	12270.1
1309.2	11716.4
1306.97	11188.9
1304.73	10962.8
1302.5	10650.8
1300.26	10580.6
1298.03	10253.3
1295.79	10225.8
1293.55	10143.5
1291.31	9853.65
1289.07	9860.87
1286.83	9772.15
1284.59	9892.01
1282.35	9778.82
1280.1	9918.64
1277.86	10037.2
1275.61	9997.54
1273.37	10053.6
1271.12	10230.9
1268.87	10346.9
1266.62	10266.1
1264.37	10278.6
1262.12	10286.7
1259.87	10198.2
1257.62	10241.9
1255.36	10435.2
1253.11	10387.8
1250.85	10575.4
1248.6	10873.6
1246.34	10989.9
1244.08	11171.5
1241.82	11247.8
1239.56	11254.4
1237.3	11223.3
1235.04	11226.5
1232.78	11088.3
1230.51	11205.3
1228.25	10961.3
1225.98	10963.5
1223.72	11026.4
1221.45	10920.5
1219.18	10867.6
1216.91	10853.3
1214.64	10844.5
1212.37	10782.9
1210.1	10679.5
1207.83	10722.5
1205.55	10646.7
1203.28	10653.4
1201	10664.5
1198.72	10546
1196.45	10548.3
1194.17	10485.9
1191.89	10682.4
1189.61	10564
1187.33	10669.4
1185.05	10703.4
1182.76	10760.4
1180.48	10693.7
1178.2	10717.8
1175.91	10642.4
1173.62	10607.4
1171.34	10627.2
1169.05	10733.2
1166.76	10697.2
1164.47	10645.9
1162.18	10756.2
1159.88	10743.1
1157.59	10772.6
1155.3	10865.2
1153	10773.6
1150.71	10858.6
1148.41	10809.5
1146.11	10999.9
1143.81	10886.7
1141.51	10883.3
1139.21	11059.3
1136.91	10974.5
1134.61	11119.8
1132.31	11354.1
1130	11397.2
1127.7	11625.8
1125.39	11635.1
1123.08	11837.4
1120.77	11952.8
1118.47	11771.4
1116.16	11884.6
1113.84	12015
1111.53	12166.9
1109.22	12150.1
1106.91	12112.7
1104.59	12018.1
1102.28	11652.6
1099.96	11639.3
1097.64	11633.4
1095.32	11647
1093	11525.9
1090.68	11463
1088.36	11413.1
1086.04	11496.7
1083.72	11495.2
1081.39	11434.6
1079.07	11556.8
1076.74	11646.7
1074.42	11563.5
1072.09	11691.9
1069.76	11736.5
1067.43	11784.3
1065.1	11770.9
1062.77	11900.1
1060.43	11774.2
1058.1	11858.3
1055.77	11856.6
1053.43	11758.6
1051.09	11988.2
1048.76	11904.1
1046.42	12002.9
1044.08	12128.4
1041.74	12152.3
1039.4	12284
1037.06	12335.5
1034.71	12478.7
1032.37	12711.4
1030.02	12797.9
1027.68	12847
1025.33	12787.4
1022.98	12927
1020.63	12988.7
1018.28	13075.9
1015.93	13081.2
1013.58	13288.4
1011.23	13252.1
1008.87	13196.8
1006.52	13307.1
1004.16	13390.8
1001.81	13433
999.448	13223.9
997.09	13032.9
994.73	13068.9
992.37	12984.1
990.008	12891.9
987.646	12986.1
985.282	12875
982.918	12892.9
980.552	12809.4
978.186	12813.6
975.818	13091.4
973.45	13188.4
971.081	13316.9
968.71	13831.4
966.339	14245.3
963.967	14620.9
961.593	15166.8
959.219	15766
956.844	15883.7
954.468	15535.2
952.09	14967.2
949.712	14201
947.333	13785.3
944.953	13525.4
942.572	13308.8
940.19	13100.8
937.807	12909.7
935.423	12945.2
933.037	12828.8
930.651	12838.1
928.264	12751.1
925.876	12702.9
923.487	12948.8
921.097	12766.7
918.706	12875.3
916.314	12905.5
913.921	12913.8
911.527	12885.4
909.132	12922.9
906.736	12960.3
904.339	12952.9
901.941	12919.3
899.543	12986.9
897.143	12911.7
894.742	12967.8
892.34	13000.9
889.937	13008
887.533	13095.2
885.128	12961.9
882.722	12841.1
880.315	12935.5
877.907	12901.1
875.498	12938.3
873.088	12761.7
870.677	12827.9
868.265	12716.9
865.852	12624.6
863.438	12689.7
861.023	12724.8
858.607	12709.2
856.19	12749.4
853.772	12696.5
851.353	12672.6
848.933	12687
846.512	12569.1
844.09	12736.3
841.667	12526.7
839.243	12535.9
836.818	12635.8
834.392	12506.9
831.965	12577.9
829.537	12518.1
827.108	12541.7
824.678	12511.7
822.247	12422.2
819.815	12524.9
817.381	12430.3
814.947	12316.2
812.512	12466.1
810.076	12470.1
807.639	12398.2
805.2	12398.2
802.761	12393
800.321	12408.3
797.879	12546.5
795.437	12596.5
792.994	12554.4
790.549	12684.1
788.104	12731
785.657	12495.7
783.21	12421
780.761	12293.3
778.312	12440.2
775.861	12520.7
773.41	12438.9
770.957	12459.2
768.504	12544.7
766.049	12645.3
763.593	12649.2
761.136	12436.3
758.679	12800.3
756.22	12972.9
753.76	13109.7
751.299	13229.1
748.837	13642
746.374	14581.2
743.91	16337.5
741.445	20437.2
738.979	26787
736.512	33663.4
734.044	38431.3
731.575	37038.1
729.105	30821.6
726.634	24044.8
724.161	19031.1
721.688	16049.4
719.214	14565.4
716.738	13791.8
714.262	13250.9
711.784	13056.6
709.306	13095.5
706.826	12829.9
704.346	12680.3
701.864	12756.6
699.381	12857.9
696.898	12866.6
694.413	12863.2
691.927	12916.1
689.44	12814.2
686.952	12787.6
684.463	12756.1
681.973	12599.1
679.482	12715.3
676.99	12658.7
674.497	12891
672.002	12865.5
669.507	12875.1
667.011	12883.7
664.513	13151.5
662.015	12979.9
659.515	13100.4
657.015	13108.9
654.513	13181.3
652.01	13238.6
649.506	13388.8
647.002	13337.2
644.496	13470.2
641.989	13343.9
639.481	13405
636.972	13670.3
634.462	14074.9
631.95	14353.6
629.438	14508.8
626.925	14936.3
624.41	15100
621.895	14855.1
619.378	14621.3
616.861	14148.4
614.342	13683.8
611.822	13407.1
609.301	13255.6
606.78	13228.2
604.257	13154.2
601.733	12979.3
599.208	12952
596.681	12892
594.154	12853.9
591.626	12922.6
589.096	12791.6
586.566	12766.4
584.034	12829.1
581.502	12931.3
578.968	12921.8
576.433	12956.8
573.897	12901
571.36	12908.3
568.822	13162.8
566.283	13259.6
563.743	13285.5
561.202	13279.8
558.66	13295.8
556.116	13271.5
553.572	13363.1
551.026	13573.5
548.479	13676.6
545.932	13949.5
543.383	14301.5
540.833	14584.7
538.282	14631.4
535.73	14363.6
533.176	14006.9
530.622	13539
528.067	13589
525.51	13865.8
522.953	14139.4
520.394	14003.4
517.834	13601.9
515.274	13176.3
512.712	13090.7
510.149	13086.1
507.584	13022
505.019	13088.5
502.453	13128.7
499.885	13051.1
497.317	13022.1
494.747	13040.9
492.177	13127.7
489.605	13231.9
487.032	13105.8
484.458	13084.6
481.883	13037.3
479.307	13084.1
476.729	13054.3
474.151	13103
471.571	13030.5
468.991	12953.2
466.409	13165.6
463.826	13088.3
461.242	13066.2
458.657	12812.1
456.071	12994.1
453.484	12923.8
450.895	12968.5
448.306	13065.3
445.715	12972.8
443.123	12976
440.531	13119.8
437.937	13053.5
435.342	13024.8
432.745	13007.6
430.148	13114.7
427.55	13059
424.95	13260.2
422.35	13138.2
419.748	13145
417.145	13102.9
414.541	13050.2
411.936	13071.5
409.33	13147.4
406.722	13168.6
404.114	13210.8
401.504	13146.7
398.894	13249.3
396.282	13265.6
