2570.63	3627.77
2568.87	3658.94
2567.1	3585.43
2565.34	3700.3
2563.57	3673.54
2561.8	3600.09
2560.04	3651.19
2558.27	3662.65
2556.5	3689.65
2554.73	3742.07
2552.96	3701.21
2551.19	3684.4
2549.42	3797.46
2547.65	3690.3
2545.88	3729.93
2544.1	3840.04
2542.33	3799.24
2540.56	3864.15
2538.78	3927.61
2537.01	3899.49
2535.23	3851.68
2533.46	3896.78
2531.68	3892.61
2529.9	3891.26
2528.12	3884.28
2526.34	3977.08
2524.56	3949.01
2522.78	3934.99
2521	3860.62
2519.22	3977.16
2517.44	4043.12
2515.66	3996.83
2513.87	4043.1
2512.09	4085.14
2510.3	4061.3
2508.52	4078.09
2506.73	4031.87
2504.95	4243.19
2503.16	4275.28
2501.37	4161.91
2499.58	4157.66
2497.8	4281.99
2496.01	4203.66
2494.22	4312.52
2492.43	4269.13
2490.63	4160.18
2488.84	4321.96
2487.05	4250.72
2485.26	4204.62
2483.46	4246.35
2481.67	4306.17
2479.87	4283.77
2478.08	4435.42
2476.28	4368.46
2474.48	4376.67
2472.69	4365.4
2470.89	4380.56
2469.09	4487.42
2467.29	4420.56
2465.49	4421.79
2463.69	4536.86
2461.89	4571.35
2460.08	4490.68
2458.28	4583.41
2456.48	4519.42
2454.67	4580.2
2452.87	4635.39
2451.06	4599.15
2449.26	4627.99
2447.45	4602.85
2445.65	4597.08
2443.84	4664.62
2442.03	4656.07
2440.22	4771.9
2438.41	4770.23
2436.6	4750.6
2434.79	4819.34
2432.98	4766.59
2431.17	4838.03
2429.35	4841.85
2427.54	4751.92
2425.72	4828.8
2423.91	4854.66
2422.09	4903.91
2420.28	4954.49
2418.46	4875.69
2416.64	5003.29
2414.83	5045.53
2413.01	4984.65
2411.19	4985.64
2409.37	4993.51
2407.55	5082.38
2405.73	5054.51
2403.91	5130.95
2402.08	5179.9
2400.26	5191.79
2398.44	5214.64
2396.61	5247.06
2394.79	5260.28
2392.96	5263.91
2391.14	5266.16
2389.31	5247.88
2387.48	5302.12
2385.65	5307.08
2383.82	5379.03
2381.99	5334.77
2380.16	5474.95
2378.33	5445.71
2376.5	5447.88
2374.67	5484.17
2372.84	5452.22
2371	5455.75
2369.17	5527.43
2367.33	5447.81
2365.5	5576.65
2363.66	5637.32
2361.83	5658.47
2359.99	5589.79
2358.15	5683.03
2356.31	5670.14
2354.47	5679.01
2352.63	5742.23
2350.79	5598.93
2348.95	5732.73
2347.11	5706.27
2345.27	5792.44
2343.42	5858.21
2341.58	5918.51
2339.74	5879.82
2337.89	5982.06
2336.05	5932.54
2334.2	5904.71
2332.35	5967.58
2330.5	5937.05
2328.66	5970.11
2326.81	6099.15
2324.96	6079.41
2323.11	6106.98
2321.26	6069.7
2319.4	6140.45
2317.55	6140.97
2315.7	6163.07
2313.85	6291.71
2311.99	6296.21
2310.14	6275.11
2308.28	6363.14
2306.42	6395.9
2304.57	6382.85
2302.71	6313.29
2300.85	6494.01
2298.99	6432.53
2297.13	6449.06
2295.27	6489.77
2293.41	6514.33
2291.55	6497.24
2289.69	6533.86
2287.83	6561.05
2285.96	6553.35
2284.1	6620.75
2282.23	6717.59
2280.37	6728.6
2278.5	6802.56
2276.63	6719.78
2274.77	6847.23
2272.9	6772.53
2271.03	6771.45
2269.16	6965.61
2267.29	6963.12
2265.42	6974
2263.55	7048.98
2261.68	6947.65
2259.8	7120.03
2257.93	7001.4
2256.05	7040.25
2254.18	7069.73
2252.3	7185.83
2250.43	7197.92
2248.55	7215.32
2246.67	7293.96
2244.8	7247.43
2242.92	7308.7
2241.04	7330.03
2239.16	7355.32
2237.28	7383.26
2235.39	7334.11
2233.51	7427.11
2231.63	7504.11
2229.74	7587.69
2227.86	7534.55
2225.98	7575.62
2224.09	7596.76
2222.2	7641.75
2220.32	7698.63
2218.43	7686.59
2216.54	7735.46
2214.65	7694.31
2212.76	7706.1
2210.87	7827.64
2208.98	7773.27
2207.09	7844.48
2205.2	7924.89
2203.3	7900.91
2201.41	8027.43
2199.51	8027.19
2197.62	8160.17
2195.72	8187.56
2193.83	8105.52
2191.93	8127.64
2190.03	8122.08
2188.13	8192.9
2186.23	8103.07
2184.33	8271.21
2182.43	8398.44
2180.53	8369.12
2178.63	8305.64
2176.73	8462.94
2174.82	8526.87
2172.92	8387.25
2171.01	8571.91
2169.11	8518.96
2167.2	8540.8
2165.3	8622.94
2163.39	8596.23
2161.48	8762.14
2159.57	8713.13
2157.66	8779.37
2155.75	8829.85
2153.84	8868.52
2151.93	8976.48
2150.02	8828.12
2148.1	8911.18
2146.19	9049.04
2144.28	8890.36
2142.36	9076.43
2140.44	9080.97
2138.53	9149.42
2136.61	9189.14
2134.69	9231.43
2132.77	9239.82
2130.86	9155.71
2128.94	9214.89
2127.01	9279.23
2125.09	9334.41
2123.17	9310.22
2121.25	9321.14
2119.32	9456.83
2117.4	9492.37
2115.48	9503.21
2113.55	9571.17
2111.62	9523.56
2109.7	9655.03
2107.77	9608.72
2105.84	9693.38
2103.91	9873.88
2101.98	9793.86
2100.05	9880.95
2098.12	9744.01
2096.19	9854.35
2094.26	9973.65
2092.32	10006.2
2090.39	10099.5
2088.45	10051.9
2086.52	10202
2084.58	10184
2082.65	10185.5
2080.71	10118.6
2078.77	10207.7
2076.83	10198.9
2074.89	10317.6
2072.95	10276.4
2071.01	10244.4
2069.07	10339.8
2067.13	10270.3
2065.18	10336.1
2063.24	10589.5
2061.29	10553.5
2059.35	10580.5
2057.4	10635.7
2055.46	10698.6
2053.51	10713.9
2051.56	10656.1
2049.61	10676.6
2047.66	10754.7
2045.71	10870
2043.76	10831.4
2041.81	10928.7
2039.86	10854.2
2037.9	10878.4
2035.95	10884.7
2033.99	10896
2032.04	10957.2
2030.08	11021
2028.13	11019.5
2026.17	11184
2024.21	11233.5
2022.25	11251.1
2020.29	11318.4
2018.33	11397.1
2016.37	11280.8
2014.41	11362
2012.45	11380.8
2010.48	11296.3
2008.52	11518.8
2006.55	11478.9
2004.59	11554.8
2002.62	11480.6
2000.66	11501.8
1998.69	11693.3
1996.72	11676.3
1994.75	11541.2
1992.78	11676.5
1990.81	11730.6
1988.84	11804.9
1986.87	11838.6
1984.89	11909
1982.92	11867.9
1980.95	11845.8
1978.97	12008.5
1977	11831.9
1975.02	11956.6
1973.04	11992.7
1971.07	12059
1969.09	12180.9
1967.11	12019.8
1965.13	12216.1
1963.15	12336.5
1961.17	12242.4
1959.18	12196.2
1957.2	12218.2
1955.22	12279.2
1953.23	12298.6
1951.25	12294.1
1949.26	12429.2
1947.28	12391.9
1945.29	12310.6
1943.3	12348.8
1941.31	12247.4
1939.32	12519.3
1937.33	12539.8
1935.34	12515.1
1933.35	12570.7
1931.36	12518.3
1929.36	12533.7
1927.37	12601.8
1925.37	12480.6
1923.38	12576.2
1921.38	12614.1
1919.39	12700.8
1917.39	12691
1915.39	12625
1913.39	12731.6
1911.39	12779.4
1909.39	12972.1
1907.39	12809.9
1905.39	12952.4
1903.38	12932.6
1901.38	12891.6
1899.38	12975.4
1897.37	13010.4
1895.36	12954.5
1893.36	12851.2
1891.35	12999.6
1889.34	12855.3
1887.33	13074.5
1885.32	13042.3
1883.31	13078.5
1881.3	12948
1879.29	13068.7
1877.28	13084.9
1875.26	13275
1873.25	13147.2
1871.24	13200.6
1869.22	13256.4
1867.2	13214.2
1865.19	13221.7
1863.17	13266.3
1861.15	13244
1859.13	13205.6
1857.11	13292.2
1855.09	13362.7
1853.07	13293.4
1851.05	13190.8
1849.02	13263.7
1847	13334.1
1844.97	13335.2
1842.95	13373.4
1840.92	13459.7
1838.89	13483
1836.87	13299.2
1834.84	13370.6
1832.81	13231.3
1830.78	13483.7
1828.75	13466.3
1826.72	13538.8
1824.68	13368.9
1822.65	13425.3
1820.62	13347.8
1818.58	13520.9
1816.55	13552.7
1814.51	13521.8
1812.47	13486
1810.44	13505.5
1808.4	13542.1
1806.36	13621.6
1804.32	13549
1802.28	13537.8
1800.24	13617.2
1798.19	13560.6
1796.15	13391.6
1794.11	13634.8
1792.06	13530.6
1790.02	13617.2
1787.97	13522.8
1785.92	13500.6
1783.88	13629.8
1781.83	13544.1
1779.78	13530.5
1777.73	13626.6
1775.68	13589.7
1773.63	13617.5
1771.57	13594.1
1769.52	13765.5
1767.47	13634.9
1765.41	13661.4
1763.36	13630.7
1761.3	13728.8
1759.24	13755.2
1757.19	13734.2
1755.13	13787.3
1753.07	13806.4
1751.01	13682.2
1748.95	13718.3
1746.88	13708.2
1744.82	13927.2
1742.76	13842
1740.69	13813.7
1738.63	13802.4
1736.56	13780.2
1734.5	13707.2
1732.43	13764.9
1730.36	13816.5
1728.29	13963.5
1726.22	13800
1724.15	13857.5
1722.08	13931.9
1720.01	13868.7
1717.94	14000.9
1715.86	14017.3
1713.79	14113.2
1711.72	14012.6
1709.64	14038.6
1707.56	14133.1
1705.49	13911.1
1703.41	13972
1701.33	14029.2
1699.25	13873.6
1697.17	13998.1
1695.09	14139.2
1693	14143.4
1690.92	14028.8
1688.84	14138.6
1686.75	14226.8
1684.67	14113.4
1682.58	14285.4
1680.49	14339.8
1678.41	14236.2
1676.32	14360
1674.23	14374.8
1672.14	14406.4
1670.05	14475
1667.95	14408.5
1665.86	14245.3
1663.77	14370
1661.67	14578.2
1659.58	14622.7
1657.48	14706.6
1655.39	14661.6
1653.29	14745.3
1651.19	14699.2
1649.09	14567.3
1646.99	14853.4
1644.89	14826.3
1642.79	14987.1
1640.69	14869.6
1638.58	14970.8
1636.48	14890.2
1634.38	15040.1
1632.27	14948.8
1630.16	15060.6
1628.06	15015.6
1625.95	14941.1
1623.84	15064.5
1621.73	15189.1
1619.62	15074.2
1617.51	15141.9
1615.4	15229.5
1613.28	15338.4
1611.17	15261.6
1609.06	15109.1
1606.94	15333.7
1604.83	15112.8
1602.71	15242.7
1600.59	15400.9
1598.47	15353.7
1596.35	15247.5
1594.23	15227.5
1592.11	15256.9
1589.99	15478.4
1587.87	15334.6
1585.74	15380.5
1583.62	15422.8
1581.49	15625.1
1579.37	15653.1
1577.24	15694.1
1575.11	15879.5
1572.99	16091.9
1570.86	15897.8
1568.73	15984.3
1566.6	15866.7
1564.46	15966.1
1562.33	15675
1560.2	15626.7
1558.06	15866.7
1555.93	15717.7
1553.79	15818.1
1551.66	15553.4
1549.52	15492.3
1547.38	15472.3
1545.24	15562.1
1543.1	15656.5
1540.96	15566.4
1538.82	15547.5
1536.68	15697.8
1534.53	15522.6
1532.39	15566.6
1530.24	15635.2
1528.1	15627.9
1525.95	15748.8
1523.8	15551.7
1521.66	15756.3
1519.51	15754.8
1517.36	15916.1
1515.2	16054
1513.05	15929.3
1510.9	15996.2
1508.75	15966.8
1506.59	15932.7
1504.44	15888.2
1502.28	15789.2
1500.13	15866.5
1497.97	15732.8
1495.81	15790.4
1493.65	15805.1
1491.49	15915.8
1489.33	15857.5
1487.17	15936.9
1485	16011.5
1482.84	16079.2
1480.68	16161.9
1478.51	16214.4
1476.35	16384.7
1474.18	16419.8
1472.01	16467.6
1469.84	16660.5
1467.67	16707
1465.5	16530
1463.33	16670.9
1461.16	16734.6
1458.99	16816.6
1456.81	16876.7
1454.64	16763.1
1452.46	16801.4
1450.29	16723.6
1448.11	16548.2
1445.93	16710.4
1443.75	16515.7
1441.57	16440.4
1439.39	16534.8
1437.21	16524.8
1435.03	16423.3
1432.85	16405.3
1430.66	16283.3
1428.48	16226.5
1426.29	16119.5
1424.1	16058.2
1421.92	16047.3
1419.73	16123.3
1417.54	16084.9
1415.35	16082
1413.16	16127
1410.97	16305.5
1408.77	16525.9
1406.58	16660.7
1404.39	16817.1
1402.19	16986.9
1400	17154.4
1397.8	17363.8
1395.6	17129.5
1393.4	16991.9
1391.2	16868.2
1389	16674
1386.8	16683.3
1384.6	16666.5
1382.4	16737.1
1380.19	17007.2
1377.99	17010.7
1375.78	17362.1
1373.57	17550.1
1371.37	17480.9
1369.16	17522.6
1366.95	17565.5
1364.74	17642.2
1362.53	17496.2
1360.32	17505
1358.1	17318.4
1355.89	17357.9
1353.68	17519.2
1351.46	17748.1
1349.24	18085.1
1347.03	18464.7
1344.81	19005.2
1342.59	19995.9
1340.37	20696.4
1338.15	21410.9
1335.93	22104.6
1333.71	22471.6
1331.48	22625.7
1329.26	22642.5
1327.03	22638
1324.81	22251.6
1322.58	21993.5
1320.35	21402.3
1318.13	20636.5
1315.9	19955.5
1313.67	19267.2
1311.43	18954.7
1309.2	18787
1306.97	18432.4
1304.73	18227
1302.5	17946.8
1300.26	18110.7
1298.03	17921.3
1295.79	17839.2
1293.55	17784.1
1291.31	17651.9
1289.07	17625.9
1286.83	17567.6
1284.59	17641.9
1282.35	17793.1
1280.1	17794.9
1277.86	17884.7
1275.61	17947.7
1273.37	18002.8
1271.12	18161.4
1268.87	18332
1266.62	18378
1264.37	18237.3
1262.12	18344.4
1259.87	18359.3
1257.62	18359.7
1255.36	18404.4
1253.11	18676.5
1250.85	18633.5
1248.6	18720.2
1246.34	18639.6
1244.08	18738.4
1241.82	18781.8
1239.56	18787.5
1237.3	18688.2
1235.04	18945.9
1232.78	18950.5
1230.51	18768.3
1228.25	18897.7
1225.98	18747.7
1223.72	18634.3
1221.45	18691.8
1219.18	18762.6
1216.91	18753.9
1214.64	18716.6
1212.37	18661.7
1210.1	18879.8
1207.83	18809.5
1205.55	18754.6
1203.28	18927.3
1201	18884.5
1198.72	18887.9
1196.45	18851.7
1194.17	18803.5
1191.89	18916.6
1189.61	18799.3
1187.33	18850.9
1185.05	18676.7
1182.76	18714.1
1180.48	18724
1178.2	18821.5
1175.91	18846.7
1173.62	18869.7
1171.34	18904.7
1169.05	19028.1
1166.76	19108.9
1164.47	19036.7
1162.18	19162.1
1159.88	19060.6
1157.59	19026.7
1155.3	19089.8
1153	19103.9
1150.71	18997
1148.41	19027.4
1146.11	19266.7
1143.81	19106.6
1141.51	19095.6
1139.21	19203
1136.91	19221.3
1134.61	19430.7
1132.31	19583.4
1130	19734.9
1127.7	19658.6
1125.39	19644.1
1123.08	19710.9
1120.77	19865.3
1118.47	19871.3
1116.16	19908.7
1113.84	19934.1
1111.53	19789.8
1109.22	19823.9
1106.91	19789.9
1104.59	19839.1
1102.28	19686.3
1099.96	19591.9
1097.64	19797.6
1095.32	19656.8
1093	19819.1
1090.68	19499.7
1088.36	19587.6
1086.04	19629.1
1083.72	19695.3
1081.39	19622.8
1079.07	19669.6
1076.74	19740
1074.42	19862
1072.09	19786.2
1069.76	19862.9
1067.43	19935.3
1065.1	19967.9
1062.77	19964
1060.43	20030.9
1058.1	19866.2
1055.77	19879.5
1053.43	19865
1051.09	19938.2
1048.76	19845.5
1046.42	19990.3
1044.08	20085.7
1041.74	20193.9
1039.4	20153.6
1037.06	20270.3
1034.71	20368.6
1032.37	20456.3
1030.02	20454.3
1027.68	20707
1025.33	20640.9
1022.98	20699.5
1020.63	20634.6
1018.28	20523
1015.93	20563.5
1013.58	20632.6
1011.23	20597.6
1008.87	20556.2
1006.52	20584.9
1004.16	20759
1001.81	20778
999.448	20851.1
997.09	20577.5
994.73	20636.9
992.37	20211.1
990.008	20541.6
987.646	20484.4
985.282	20559.5
982.918	20408.3
980.552	20443.3
978.186	20342.9
975.818	20438
973.45	20751.6
971.081	20601.6
968.71	20955.9
966.339	21369
963.967	21824.9
961.593	22228.8
959.219	22455.5
956.844	22316.8
954.468	21968.8
952.09	21383.4
949.712	21194.8
947.333	20879.2
944.953	20726.7
942.572	20638.3
940.19	20536.4
937.807	20506.9
935.423	20459.6
933.037	20420.8
930.651	20368.3
928.264	20568.3
925.876	20281.3
923.487	20587.9
921.097	20355.5
918.706	20426.6
916.314	20315.7
913.921	20376.2
911.527	20305.1
909.132	20373.9
906.736	20411.4
904.339	20472.8
901.941	20527.9
899.543	20543.3
897.143	20579.6
894.742	20412.8
892.34	20575
889.937	20459.3
887.533	20373.9
885.128	20265.6
882.722	20137.7
880.315	20083.6
877.907	19898.8
875.498	20161.3
873.088	20005.7
870.677	19926.8
868.265	19764.1
865.852	19829.4
863.438	20036.6
861.023	19988.9
858.607	19949.5
856.19	19961.9
853.772	19897.8
851.353	19889.5
848.933	19906
846.512	19895.6
844.09	19789.3
841.667	19711.9
839.243	19741.8
836.818	19487.2
834.392	19549.1
831.965	19559.5
829.537	19583.3
827.108	19743.9
824.678	19541.2
822.247	19521.7
819.815	19520.8
817.381	19495.2
814.947	19474.7
812.512	19432.7
810.076	19614.4
807.639	19551.8
805.2	19550.8
802.761	19322.3
800.321	19341.9
797.879	19399.3
795.437	19284.7
792.994	19447.5
790.549	19489.5
788.104	19298.3
785.657	19269.8
783.21	19197.4
780.761	19270
778.312	19271.1
775.861	19282.4
773.41	19343.7
770.957	19166.4
768.504	19172.6
766.049	19125.8
763.593	19218.6
761.136	19382.5
758.679	19362.2
756.22	19477.1
753.76	19566.5
751.299	19812.2
748.837	20292.3
746.374	20692.9
743.91	22067.1
741.445	24588.3
738.979	29098.4
736.512	34220.8
734.044	37343.4
731.575	36026.6
729.105	31433.9
726.634	26518.2
724.161	23151.8
721.688	21213.5
719.214	20298.3
716.738	19660.5
714.262	19384.7
711.784	19248.4
709.306	19193.9
706.826	19046.7
704.346	19040.7
701.864	19044.7
699.381	18981.3
696.898	19070.9
694.413	19079
691.927	19145.4
689.44	19031.7
686.952	19000.6
684.463	18988.6
681.973	18835
679.482	19060.8
676.99	18920.4
674.497	19011.6
672.002	19021.7
669.507	19432.4
667.011	19228.9
664.513	19239.8
662.015	19233.7
659.515	19280.5
657.015	19225.4
654.513	19288.2
652.01	19255.1
649.506	19400.7
647.002	19284.7
644.496	19261.6
641.989	19215.5
639.481	19280.2
636.972	19471.3
634.462	19782.7
631.95	19818.1
629.438	20062.5
626.925	20052
624.41	20073.3
621.895	19802.4
619.378	19642.1
616.861	19184.9
614.342	19090.4
611.822	18961.2
609.301	18492
606.78	18460.4
604.257	18540.8
601.733	18570.5
599.208	18422
596.681	18251.9
594.154	18473.7
591.626	18428.2
589.096	18431.3
586.566	18367.1
584.034	18268.5
581.502	18288.4
578.968	18393.1
576.433	18362.6
573.897	18629.8
571.36	18572.6
568.822	18518.4
566.283	18440.6
563.743	18512.5
561.202	18552.8
558.66	18686.5
556.116	18717.9
553.572	18786.5
551.026	18781.5
548.479	18894.2
545.932	18748.8
543.383	19223.4
540.833	19110.3
538.282	19263.8
535.73	18946.1
533.176	18714.7
530.622	18879
528.067	18799.5
525.51	19171.9
522.953	19374.9
520.394	19386.2
517.834	18963.8
515.274	18665.7
512.712	18378.7
510.149	18318.2
507.584	18372.7
505.019	18359
502.453	18097.9
499.885	18277.1
497.317	18292.7
494.747	18407.4
492.177	18330.5
489.605	18304.2
487.032	18350.8
484.458	18348.8
481.883	18438
479.307	18316.6
476.729	18171
474.151	18272.8
471.571	18198.1
468.991	18262
466.409	18159.3
463.826	18222.2
461.242	18206.6
458.657	18233.6
456.071	18044.1
453.484	18106.9
450.895	18218.9
448.306	18131
445.715	18181.1
443.123	18066.2
440.531	18110.5
437.937	18090.2
435.342	18212.5
432.745	18211.5
430.148	18209.4
427.55	18140
424.95	18053.4
422.35	18037.9
419.748	18229.1
417.145	18024.4
414.541	18215.4
411.936	18180.7
409.33	18075
406.722	18062.4
404.114	18136.2
401.504	18280.7
398.894	18169.4
396.282	18237.2
