4832.363281	17820.703125
4829.012695	18083.343750
4825.660156	17877.619141
4822.306641	18005.289063
4818.951172	18012.134766
4815.593750	17989.927734
4812.234375	18060.777344
4808.874023	17950.773438
4805.512695	17814.847656
4802.148438	17742.968750
4798.783203	17937.101563
4795.416016	17924.625000
4792.047852	17945.552734
4788.676758	18013.189453
4785.305664	17961.388672
4781.931641	17835.529297
4778.556641	17921.625000
4775.179688	18065.378906
4771.800781	17959.621094
4768.420898	17993.748047
4765.039063	18067.015625
4761.655273	17937.017578
4758.270508	17939.335938
4754.883789	17901.050781
4751.495117	17975.681641
4748.104492	17835.640625
4744.712891	17834.302734
4741.319336	17832.962891
4737.924805	17735.894531
4734.527344	17889.154297
4731.128906	17900.285156
4727.729492	17948.898438
4724.327148	17994.519531
4720.923828	18014.382813
4717.518555	17990.906250
4714.112305	17804.533203
4710.704102	17855.255859
4707.293945	17851.671875
4703.881836	17997.572266
4700.468750	17930.195313
4697.053711	18019.539063
4693.636719	17947.085938
4690.218750	17852.027344
4686.798828	18042.140625
4683.376953	18045.025391
4679.953125	17937.630859
4676.528320	17901.138672
4673.101563	17856.652344
4669.672852	17933.251953
4666.243164	17908.464844
4662.811523	17903.365234
4659.377930	17909.189453
4655.943359	18047.458984
4652.505859	17936.082031
4649.067383	17936.050781
4645.627930	17975.986328
4642.185547	17769.640625
4638.742188	17922.138672
4635.296875	17890.894531
4631.850586	17829.214844
4628.401367	17795.861328
4624.951172	17897.310547
4621.499023	17909.574219
4618.045898	17986.972656
4614.590820	17882.683594
4611.133789	17831.285156
4607.674805	17838.480469
4604.214844	17768.359375
4600.751953	17838.392578
4597.289063	17896.804688
4593.823242	17979.683594
4590.356445	17884.375000
4586.887695	17730.779297
4583.416992	17766.779297
4579.944336	17876.181641
4576.470703	17935.814453
4572.995117	17740.035156
4569.517578	17782.414063
4566.039063	17831.931641
4562.557617	17857.695313
4559.075195	17821.689453
4555.591797	17794.324219
4552.105469	17665.857422
4548.618164	17872.992188
4545.128906	17758.931641
4541.637695	17733.781250
4538.145508	17690.037109
4534.651367	17691.406250
4531.155273	17689.908203
4527.657227	17509.720703
4524.157227	17818.347656
4520.656250	17626.839844
4517.153320	17833.755859
4513.648438	17587.490234
4510.142578	17591.007813
4506.634766	17642.978516
4503.125000	17656.427734
4499.613281	17521.775391
4496.099609	17530.990234
4492.584961	17582.869141
4489.068359	17619.761719
4485.549805	17660.876953
4482.030273	17611.751953
4478.507813	17719.546875
4474.984375	17703.777344
4471.458984	17605.753906
4467.932617	17507.822266
4464.403320	17504.207031
4460.873047	17512.628906
4457.340820	17620.835938
4453.806641	17571.880859
4450.271484	17517.310547
4446.734375	17596.363281
4443.195313	17518.513672
4439.654297	17466.154297
4436.111328	17656.601563
4432.567383	17503.347656
4429.021484	17512.392578
4425.473633	17605.277344
4421.923828	17724.830078
4418.372070	17645.740234
4414.819336	17656.083984
4411.264648	17656.564453
4407.708008	17519.968750
4404.150391	17630.812500
4400.589844	17535.082031
4397.028320	17668.261719
4393.464844	17526.994141
4389.899414	17420.220703
4386.332031	17773.314453
4382.763672	17555.130859
4379.193359	17538.808594
4375.621094	17524.593750
4372.046875	17500.597656
4368.470703	17420.685547
4364.893555	17516.248047
4361.314453	17634.060547
4357.733398	17545.109375
4354.150391	17514.156250
4350.565430	17528.560547
4346.979492	17471.841797
4343.391602	17666.699219
4339.801758	17447.695313
4336.209961	17494.101563
4332.616211	17477.144531
4329.021484	17554.076172
4325.424805	17532.230469
4321.825195	17559.029297
4318.225586	17349.716797
4314.623047	17405.716797
4311.018555	17430.441406
4307.413086	17525.160156
4303.805664	17566.421875
4300.196289	17401.228516
4296.584961	17488.191406
4292.971680	17519.011719
4289.357422	17367.902344
4285.741211	17290.212891
4282.122070	17572.570313
4278.501953	17255.896484
4274.880859	17266.021484
4271.256836	17349.951172
4267.631836	17322.769531
4264.003906	17463.783203
4260.375000	17413.140625
4256.744141	17180.763672
4253.112305	17320.244141
4249.477539	17386.667969
4245.840820	17292.136719
4242.203125	17386.671875
4238.563477	17358.160156
4234.921875	17302.898438
4231.278320	17177.695313
4227.633789	17344.087891
4223.986328	17288.896484
4220.337891	17327.621094
4216.686523	17273.166016
4213.034180	17221.496094
4209.379883	17205.447266
4205.724609	17116.240234
4202.066406	17139.888672
4198.407227	17223.623047
4194.745117	17307.949219
4191.082031	17364.207031
4187.416992	17314.675781
4183.750000	17164.968750
4180.081055	17264.806641
4176.411133	17252.160156
4172.738281	17001.935547
4169.064453	17190.142578
4165.387695	17121.087891
4161.709961	17219.990234
4158.030273	17089.150391
4154.348633	17163.513672
4150.666016	17172.636719
4146.980469	17211.595703
4143.293945	17175.923828
4139.604492	17218.218750
4135.914063	17072.152344
4132.221680	17087.363281
4128.527344	17074.130859
4124.831055	16938.480469
4121.132813	17020.644531
4117.433594	16936.498047
4113.731445	17017.894531
4110.028320	17006.722656
4106.322266	16916.619141
4102.615234	16833.341797
4098.906250	16985.375000
4095.195068	17114.343750
4091.482178	17020.974609
4087.767334	17010.470703
4084.051514	17022.843750
4080.332764	17003.599609
4076.613037	17046.863281
4072.890381	16850.960938
4069.166748	16966.750000
4065.441162	17001.226563
4061.713623	16920.306641
4057.984131	16856.890625
4054.252686	16756.011719
4050.519287	16805.232422
4046.783936	16816.244141
4043.047607	16915.548828
4039.308350	16749.955078
4035.568115	16883.933594
4031.824951	16862.796875
4028.080811	16802.951172
4024.334717	16940.017578
4020.586670	16775.462891
4016.836670	16901.062500
4013.084717	16893.265625
4009.330811	16902.785156
4005.574951	16820.427734
4001.817139	16927.097656
3998.058350	16719.117188
3994.296631	16787.167969
3990.532959	16726.267578
3986.768311	16784.939453
3983.000732	16889.337891
3979.232178	16768.095703
3975.461670	16778.904297
3971.688232	16740.658203
3967.913818	16779.273438
3964.137451	16770.843750
3960.359131	16773.662109
3956.578857	16887.576172
3952.796631	16805.714844
3949.012451	16802.546875
3945.226318	16774.943359
3941.438232	16688.623047
3937.649170	16547.630859
3933.857178	16674.460938
3930.063232	16581.710938
3926.268311	16695.210938
3922.470459	16680.214844
3918.671631	16642.197266
3914.869873	16760.080078
3911.066162	16682.607422
3907.261475	16767.486328
3903.454834	16852.931641
3899.645264	16696.091797
3895.834717	16723.085938
3892.022217	16545.476563
3888.206787	16600.031250
3884.390381	16648.630859
3880.572021	16606.171875
3876.750732	16604.320313
3872.928467	16501.089844
3869.104248	16718.269531
3865.278076	16665.380859
3861.449951	16590.990234
3857.619873	16566.273438
3853.786865	16626.382813
3849.952881	16611.441406
3846.116943	16612.800781
3842.279053	16640.207031
3838.439209	16677.343750
3834.597412	16620.083984
3830.753662	16672.138672
3826.907959	16542.767578
3823.060303	16550.615234
3819.210693	16609.101563
3815.358154	16697.378906
3811.504639	16659.703125
3807.649170	16660.316406
3803.791748	16643.421875
3799.932373	16565.003906
3796.071045	16565.642578
3792.207764	16573.392578
3788.342529	16630.929688
3784.474365	16658.017578
3780.605225	16640.492188
3776.734131	16597.144531
3772.861084	16610.634766
3768.986084	16644.101563
3765.108154	16584.679688
3761.229248	16522.732422
3757.348389	16641.199219
3753.464600	16684.857422
3749.579834	16555.367188
3745.692139	16492.892578
3741.803467	16584.107422
3737.912842	16616.753906
3734.019287	16728.990234
3730.123779	16567.041016
3726.227295	16441.175781
3722.327881	16561.001953
3718.426514	16611.488281
3714.524170	16534.451172
3710.618896	16517.025391
3706.711670	16555.917969
3702.802490	16478.367188
3698.891357	16655.935547
3694.978271	16640.371094
3691.063232	16550.744141
3687.146240	16525.023438
3683.227295	16770.431641
3679.306396	16564.816406
3675.383545	16614.302734
3671.457764	16635.070313
3667.531006	16722.015625
3663.601318	16652.978516
3659.670654	16709.287109
3655.737061	16853.244141
3651.801514	16915.093750
3647.864990	16905.123047
3643.925537	16841.210938
3639.984131	16866.794922
3636.040771	16905.658203
3632.095459	17072.472656
3628.148193	17276.474609
3624.197998	17221.994141
3620.246826	17294.730469
3616.293701	17256.091797
3612.337646	17366.009766
3608.380615	17456.224609
3604.420654	17665.037109
3600.458740	17695.041016
3596.494873	17943.232422
3592.529053	18029.781250
3588.561279	18171.677734
3584.591553	18499.193359
3580.619873	18570.822266
3576.645264	18846.191406
3572.669678	18915.662109
3568.691162	19070.521484
3564.711670	19060.646484
3560.729248	19343.322266
3556.744873	19501.458984
3552.758545	19507.029297
3548.770264	19561.476563
3544.779053	19753.685547
3540.786865	19661.412109
3536.791748	19813.925781
3532.795654	19626.619141
3528.796631	19701.453125
3524.795654	19784.947266
3520.792725	19672.867188
3516.787842	19763.140625
3512.780029	19460.884766
3508.771240	19489.423828
3504.759521	19584.611328
3500.746826	19366.988281
3496.731201	19432.238281
3492.713623	19324.421875
3488.694092	19304.404297
3484.671631	19365.830078
3480.648193	19302.923828
3476.621826	19283.542969
3472.594482	19244.314453
3468.564209	19298.166016
3464.531982	19252.132813
3460.496826	19085.302734
3456.460693	19178.765625
3452.421631	19212.695313
3448.381592	19267.617188
3444.338623	19199.416016
3440.293701	19376.644531
3436.246826	19338.091797
3432.197021	19335.998047
3428.146240	19360.431641
3424.092529	19395.318359
3420.036865	19382.691406
3415.979248	19448.316406
3411.919678	19410.412109
3407.857178	19487.013672
3403.793701	19538.306641
3399.727295	19445.669922
3395.658936	19496.912109
3391.588623	19728.048828
3387.516357	19878.517578
3383.441162	20005.503906
3379.364014	20336.548828
3375.284912	20712.589844
3371.203857	20990.216797
3367.120850	21753.050781
3363.034912	22587.279297
3358.947998	23494.011719
3354.858154	24400.392578
3350.765381	25109.078125
3346.671631	25594.123047
3342.575928	26112.824219
3338.477295	26643.777344
3334.376709	26876.029297
3330.274170	26645.529297
3326.168701	26699.677734
3322.061279	26290.531250
3317.952881	25587.957031
3313.840576	25048.464844
3309.727295	24362.458984
3305.612061	23583.623047
3301.493896	22905.166016
3297.373779	22246.832031
3293.251709	21606.164063
3289.126709	21289.841797
3284.999756	20895.087891
3280.870850	20673.914063
3276.739990	20409.996094
3272.607178	20257.037109
3268.471436	19840.052734
3264.333740	19683.914063
3260.194092	19681.923828
3256.051514	19309.939453
3251.907959	19340.105469
3247.761475	19406.404297
3243.613037	19395.492188
3239.461670	19450.832031
3235.308350	19364.642578
3231.153076	19379.613281
3226.995850	19387.945313
3222.836670	19354.187500
3218.674561	19250.777344
3214.510498	19124.054688
3210.343506	19011.259766
3206.175537	19171.451172
3202.004639	19234.359375
3197.831787	19135.437500
3193.656006	19125.230469
3189.478271	18942.673828
3185.298584	18694.507813
3181.116943	18591.267578
3176.933350	18286.775391
3172.746826	17947.365234
3168.558350	17915.093750
3164.366943	17668.691406
3160.173584	17629.431641
3155.978271	17263.656250
3151.781006	17307.423828
3147.580811	17205.296875
3143.378662	17246.058594
3139.174561	17205.900391
3134.967529	16991.052734
3130.758545	17170.830078
3126.547607	17212.677734
3122.334717	17383.822266
3118.118896	17550.031250
3113.901123	17301.750000
3109.680420	17462.476563
3105.457764	17300.341797
3101.233154	17379.810547
3097.006592	17398.267578
3092.777100	17257.093750
3088.545654	16949.458984
3084.312256	16888.968750
3080.075928	16788.404297
3075.837646	16728.050781
3071.596436	16569.302734
3067.353271	16700.019531
3063.108154	16503.753906
3058.861084	16486.029297
3054.611084	16378.312500
3050.359131	16195.447266
3046.104248	16102.679688
3041.847412	16004.717773
3037.588623	16026.600586
3033.327881	15830.209961
3029.064209	15693.245117
3024.797607	15683.006836
3020.530029	15525.168945
3016.259521	15486.333008
3011.986084	15506.040039
3007.710693	15523.963867
3003.433350	15441.919922
2999.154053	15378.649414
2994.871826	15214.439453
2990.587646	15206.779297
2986.300537	15206.119141
2982.011475	15368.657227
2977.720459	15426.734375
2973.426514	15283.285156
2969.130615	15396.614258
2964.831787	15506.323242
2960.531006	15507.204102
2956.228271	15613.814453
2951.922607	15639.008789
2947.614990	15683.901367
2943.304443	15891.145508
2938.991943	15924.822266
2934.677490	16191.374023
2930.360107	16208.621094
2926.040771	16235.681641
2921.719482	16164.366211
2917.395264	16164.233398
2913.068115	16056.040039
2908.739014	16090.023438
2904.407959	15886.735352
2900.073975	15874.609375
2895.738037	15970.883789
2891.400146	15852.103516
2887.059326	15538.202148
2882.716553	15462.369141
2878.370850	15350.367188
2874.023193	15209.730469
2869.672607	15320.375977
2865.320068	15232.736328
2860.964600	15292.142578
2856.607178	15300.988281
2852.247803	15200.292969
2847.885498	15219.480469
2843.521240	15099.451172
2839.154053	14763.720703
2834.784912	14570.820313
2830.412842	14356.394531
2826.038818	14155.914063
2821.661865	14108.735352
2817.282959	14170.075195
2812.902100	14055.596680
2808.518311	14055.293945
2804.131592	13932.441406
2799.742920	13924.218750
2795.352295	14005.385742
2790.958740	13998.256836
2786.563232	13840.417969
2782.164795	13788.470703
2777.764404	13794.519531
2773.361084	13759.106445
2768.955811	13749.262695
2764.547607	13663.424805
2760.137451	13569.738281
2755.724365	13647.808594
2751.309326	13611.409180
2746.891357	13623.712891
2742.471436	13620.724609
2738.048584	13704.221680
2733.623779	13615.303711
2729.197021	13573.909180
2724.766357	13362.684570
2720.334717	13558.359375
2715.899170	13367.658203
2711.462646	13456.615234
2707.023193	13386.671875
2702.580811	13346.065430
2698.136475	13199.188477
2693.689209	13367.284180
2689.239014	13305.385742
2684.787842	13328.906250
2680.332764	13283.361328
2675.875732	13224.959961
2671.416748	13196.889648
2666.954834	13126.261719
2662.490967	13102.184570
2658.024170	13125.142578
2653.554443	13098.843750
2649.082764	13080.954102
2644.608154	13025.640625
2640.131592	12981.552734
2635.652100	12884.484375
2631.170654	12894.620117
2626.686279	12861.809570
2622.199951	12834.602539
2617.710693	12746.717773
2613.218506	12763.562500
2608.724365	12844.353516
2604.228271	12751.033203
2599.729248	12876.737305
2595.227295	12719.625977
2590.723389	12749.729492
2586.216553	12611.158203
2581.706787	12654.028320
2577.195068	12527.289063
2572.681396	12574.023438
2568.163818	12436.941406
2563.645264	12616.979492
2559.122803	12446.842773
2554.598389	12511.176758
2550.072021	12443.997070
2545.542725	12352.599609
2541.010498	12435.618164
2536.476318	12404.411133
2531.939209	12388.112305
2527.399170	12260.029297
2522.857178	12290.602539
2518.312256	12316.183594
2513.765381	12262.561523
2509.215576	12248.555664
2504.663818	12240.601563
2500.109131	12176.117188
2495.551514	12162.714844
2490.990967	12107.107422
2486.429443	12099.775391
2481.864014	12111.065430
2477.296631	12137.116211
2472.726318	12061.384766
2468.153076	11998.306641
2463.577881	12121.621094
2459.000732	12037.271484
2454.419678	11988.488281
2449.836670	11941.389648
2445.251709	11800.567383
2440.662842	11990.639648
2436.072021	11895.136719
2431.479248	11793.748047
2426.883545	11776.238281
2422.284912	11765.266602
2417.683350	11826.024414
2413.079834	11691.212891
2408.473389	11760.074219
2403.864990	11658.528320
2399.253662	11729.488281
2394.638428	11517.531250
2390.023193	11695.701172
2385.404053	11627.954102
2380.781006	11602.468750
2376.157959	11566.735352
2371.529053	11442.968750
2366.900146	11515.894531
2362.267334	11552.572266
2357.632568	11527.175781
2352.995850	11606.921875
2348.355225	11530.867188
2343.712646	11551.280273
2339.068115	11471.565430
2334.419678	11470.462891
2329.769287	11554.291016
2325.114990	11582.144531
2320.458740	11594.927734
2315.800537	11450.989258
2311.140381	11534.618164
2306.476318	11438.574219
2301.808350	11547.820313
2297.140381	11404.749023
2292.468506	11458.227539
2287.794678	11512.708984
2283.116943	11446.856445
2278.437256	11484.712891
2273.755615	11416.804688
2269.070068	11431.144531
2264.382568	11425.198242
2259.691162	11369.682617
2254.999756	11353.113281
2250.302490	11330.701172
2245.605225	11278.511719
2240.904053	11217.334961
2236.200928	11408.686523
2231.493896	11280.033203
2226.784912	11267.788086
2222.073975	11288.448242
2217.359131	11196.127930
2212.642334	11249.655273
2207.921631	11250.676758
2203.198975	11273.398438
2198.474365	11233.655273
2193.747803	11248.418945
2189.017334	11181.772461
2184.282959	11243.018555
2179.546631	11188.055664
2174.808350	11297.756836
2170.068115	11226.996094
2165.323975	11102.031250
2160.577881	11151.010742
2155.827881	11247.831055
2151.075928	11194.075195
2146.320068	11143.003906
2141.564209	11149.790039
2136.802490	11165.492188
2132.040771	11114.509766
2127.275146	11197.351563
2122.505615	11143.254883
2117.736084	11098.645508
2112.960693	11086.551758
2108.185303	11045.157227
2103.406006	11004.328125
2098.622803	10975.042969
2093.839600	10995.945313
2089.050537	10959.899414
2084.261475	10976.602539
2079.468506	10947.379883
2074.673584	10953.635742
2069.874756	10935.391602
2065.073975	10834.891602
2060.269287	10895.309570
2055.462646	10884.397461
2050.654053	10818.393555
2045.841553	10853.246094
2041.025146	10917.650391
2036.208740	10870.926758
2031.388428	10844.997070
2026.564209	10764.666992
2021.738037	10862.110352
2016.909912	10814.471680
2012.077881	10734.800781
2007.243896	10756.060547
2002.407959	10779.875000
1997.568115	10787.644531
1992.724365	10672.532227
1987.878662	10765.478516
1983.031006	10733.523438
1978.181396	10676.347656
1973.325928	10665.073242
1968.470459	10577.622070
1963.611084	10606.538086
1958.749756	10570.629883
1953.884521	10588.203125
1949.017334	10607.291992
1944.146240	10541.147461
1939.273193	10488.924805
1934.396240	10462.393555
1929.517334	10435.376953
1924.636475	10522.077148
1919.751709	10489.929688
1914.864990	10379.549805
1909.974365	10425.732422
1905.081787	10505.068359
1900.185303	10453.583008
1895.286865	10502.692383
1890.386475	10503.794922
1885.482178	10332.079102
1880.575928	10438.732422
1875.665771	10352.786133
1870.753662	10289.326172
1865.837646	10351.558594
1860.919678	10251.565430
1855.997803	10239.570313
1851.073975	10250.939453
1846.146240	10253.158203
1841.218506	10229.505859
1836.284912	10240.342773
1831.349365	10214.183594
1826.411865	10172.863281
1821.470459	10070.363281
1816.527100	10133.334961
1811.579834	10056.237305
1806.630615	10141.361328
1801.677490	10034.051758
1796.722412	10077.711914
1791.765381	9970.553711
1786.804443	9964.302734
1781.839600	9906.683594
1776.872803	10036.877930
1771.904053	9996.881836
1766.931396	10022.289063
1761.956787	9985.355469
1756.978271	9945.949219
1751.997803	9902.569336
1747.013428	9905.885742
1742.027100	9882.123047
1737.036865	9855.877930
1732.044678	9828.658203
1727.048584	9801.966797
1722.050537	9750.794922
1717.048584	9850.140625
1712.044678	9742.538086
1707.038818	9757.884766
1702.029053	9859.040039
1697.015381	9810.955078
1691.999756	9862.112305
1686.982178	9913.704102
1681.960693	9946.811523
1676.935303	9956.491211
1671.907959	10087.494141
1666.878662	10174.605469
1661.845459	10328.668945
1656.808350	10568.432617
1651.769287	10745.898438
1646.728271	10969.268555
1641.683350	10954.008789
1636.636475	11033.857422
1631.585693	11029.459961
1626.531006	11000.823242
1621.476318	10908.928711
1616.415771	10942.153320
1611.353271	11076.081055
1606.288818	11119.034180
1601.220459	11239.377930
1596.150146	11273.304688
1591.075928	11252.497070
1585.997803	11357.278320
1580.919678	11445.693359
1575.835693	11600.402344
1570.749756	11686.599609
1565.661865	11615.481445
1560.570068	11510.071289
1555.474365	11689.885742
1550.378662	11912.156250
1545.277100	11689.109375
1540.173584	11097.445313
1535.068115	10658.723633
1529.958740	10458.793945
1524.845459	10529.517578
1519.730225	10635.345703
1514.613037	10929.101563
1509.491943	11032.615234
1504.366943	10979.881836
1499.239990	10752.643555
1494.109131	10666.988281
1488.976318	10761.145508
1483.841553	11044.539063
1478.700928	11320.790039
1473.560303	11708.055664
1468.415771	11876.208984
1463.267334	11898.473633
1458.116943	11809.562500
1452.962646	11193.479492
1447.804443	10658.581055
1442.646240	10255.114258
1437.482178	9940.241211
1432.316162	9731.713867
1427.148193	9574.209961
1421.976318	9396.582031
1416.800537	9782.944336
1411.622803	10398.200195
1406.443115	11461.993164
1401.259521	12274.736328
1396.072021	12135.566406
1390.882568	11582.281250
1385.689209	11093.182617
1380.493896	11235.438477
1375.294678	11544.872070
1370.093506	11621.333984
1364.888428	11551.206055
1359.679443	11556.041992
1354.468506	12329.451172
1349.255615	13969.350586
1344.038818	16733.009766
1338.818115	19343.082031
1333.595459	20842.523438
1328.368896	20835.724609
1323.140381	19272.710938
1317.907959	16992.851563
1312.673584	14614.384766
1307.435303	12411.914063
1302.193115	10933.680664
1296.948975	9947.220703
1291.702881	9572.699219
1286.452881	9480.500000
1281.198975	9773.400391
1275.943115	10027.434570
1270.683350	10034.944336
1265.421631	9668.089844
1260.156006	9370.975586
1254.886475	9291.057617
1249.614990	9224.507813
1244.341553	9252.825195
1239.062256	9077.892578
1233.782959	8898.898438
1228.497803	8624.060547
1223.212646	8380.273438
1217.921631	8158.033203
1212.628662	7960.135742
1207.333740	7750.663574
1202.034912	7623.520996
1196.732178	7565.835449
1191.427490	7310.294434
1186.118896	7291.000000
1180.806396	7162.524902
1175.491943	7107.582031
1170.175537	7174.468750
1164.855225	7185.830566
1159.531006	7051.130371
1154.204834	7077.565430
1148.874756	7210.444824
1143.540771	7247.535645
1138.204834	7240.540527
1132.866943	7146.456543
1127.525146	7112.380859
1122.179443	7048.408691
1116.831787	7088.280762
1111.480225	6974.872559
1106.124756	6848.986816
1100.767334	6669.115234
1095.407959	6454.938477
1090.042725	6380.834961
1084.677490	6277.468750
1079.306396	6192.841797
1073.933350	6199.973145
1068.558350	6161.522461
1063.179443	6206.769531
1057.796631	6291.909180
1052.409912	6209.366211
1047.023193	6402.039063
1041.630615	6517.980957
1036.236084	6684.763184
1030.837646	6732.322266
1025.437256	6894.156738
1020.032959	7010.929688
1014.626709	6968.056152
1009.216553	6830.503418
1003.802490	6723.125488
998.386475	6574.791016
992.966553	6468.141602
987.542725	6368.528320
982.116943	6363.482910
976.689209	6423.371094
971.255615	6551.761719
965.820068	6776.595703
960.382568	6863.260254
954.941162	6772.942871
949.495850	6363.146484
944.048584	6009.347168
938.597412	5892.610840
933.144287	5863.557617
927.687256	5870.269043
922.226318	5812.872559
916.763428	5680.038574
911.296631	5590.801270
905.825928	5514.006348
900.353271	5477.953125
894.878662	5481.202637
889.398193	5462.089844
883.915771	5334.465820
878.431396	5265.779297
872.943115	5113.815430
867.450928	5095.407227
861.956787	5089.758301
856.458740	5055.013184
850.956787	5024.396973
845.452881	5049.680176
839.945068	4967.352051
834.435303	4908.708008
828.919678	4834.260254
823.404053	4855.965332
817.884521	4926.556641
812.361084	4830.950195
806.833740	4896.044434
801.304443	4935.292969
795.771240	4960.488281
790.236084	4915.204590
784.697021	4899.308594
779.154053	4883.880859
773.609131	4867.567871
768.060303	4979.685059
762.509521	5077.713867
756.954834	5790.854492
751.396240	8297.425781
745.833740	12858.240234
740.271240	16564.705078
734.702881	17291.226563
729.132568	13980.645508
723.558350	8495.380859
717.980225	5755.244629
712.400146	4911.506836
706.818115	4777.520508
701.230225	4699.175293
695.640381	4763.589355
690.048584	4785.464844
684.450928	4719.308594
678.853271	4600.988281
673.249756	4605.960449
667.644287	4566.774414
662.034912	4658.229004
656.423584	4774.524902
650.808350	4921.853027
645.189209	4977.351563
639.568115	5060.357910
633.943115	5104.157227
628.314209	5021.307617
622.683350	4800.480957
617.048584	4524.884766
611.411865	4349.376465
605.771240	4287.525879
600.126709	4180.120605
594.480225	4222.026367
588.829834	4256.804688
583.175537	4321.170410
577.519287	4423.028809
571.859131	4521.237793
566.197021	4515.594238
560.529053	4482.161133
554.861084	4458.907227
549.187256	4378.387695
543.511475	4397.060059
537.831787	4517.839355
532.150146	4678.518066
526.464600	4682.478516
520.775146	4658.747559
515.083740	4290.258301
509.388428	4034.120605
503.689209	3916.906250
497.988037	3927.419678
492.282959	3890.154053
486.575928	3907.239502
480.864990	3796.924316
475.150146	3846.416504
469.433350	3810.589844
463.712646	3781.358398
457.988037	3778.364258
452.259521	3761.405029
446.529053	3762.787598
440.796631	3721.874268
435.060303	3762.496582
429.320068	3731.645996
423.575928	3747.840576
417.829834	3714.856689
412.079834	3741.912109
406.325928	3721.135254
400.570068	3722.531738
394.812256	3753.443359
389.048584	3760.459473
383.282959	3771.803467
377.513428	3794.834961
371.741943	3891.468750
365.966553	3932.587646
360.187256	4117.724609
354.406006	4401.671875
