4832.363281	8547.729492
4829.012695	8609.659180
4825.660156	8612.908203
4822.306641	8569.191406
4818.951172	8585.118164
4815.593750	8545.922852
4812.234375	8547.700195
4808.874023	8509.301758
4805.512695	8539.348633
4802.148438	8463.083008
4798.783203	8586.720703
4795.416016	8555.052734
4792.047852	8625.829102
4788.676758	8547.437500
4785.305664	8593.678711
4781.931641	8529.456055
4778.556641	8615.653320
4775.179688	8670.670898
4771.800781	8624.999023
4768.420898	8622.265625
4765.039063	8705.285156
4761.655273	8551.041992
4758.270508	8636.227539
4754.883789	8718.375000
4751.495117	8631.484375
4748.104492	8613.996094
4744.712891	8634.114258
4741.319336	8638.002930
4737.924805	8559.414063
4734.527344	8703.906250
4731.128906	8657.725586
4727.729492	8634.381836
4724.327148	8686.755859
4720.923828	8609.059570
4717.518555	8606.325195
4714.112305	8627.808594
4710.704102	8746.823242
4707.293945	8608.391602
4703.881836	8595.396484
4700.468750	8774.303711
4697.053711	8745.863281
4693.636719	8748.179688
4690.218750	8596.178711
4686.798828	8748.413086
4683.376953	8785.058594
4679.953125	8676.341797
4676.528320	8636.340820
4673.101563	8606.590820
4669.672852	8778.857422
4666.243164	8782.588867
4662.811523	8744.791992
4659.377930	8775.473633
4655.943359	8714.422852
4652.505859	8782.184570
4649.067383	8657.204102
4645.627930	8819.395508
4642.185547	8691.609375
4638.742188	8687.366211
4635.296875	8781.813477
4631.850586	8685.414063
4628.401367	8647.826172
4624.951172	8774.753906
4621.499023	8779.161133
4618.045898	8811.068359
4614.590820	8733.690430
4611.133789	8729.425781
4607.674805	8725.885742
4604.214844	8691.281250
4600.751953	8731.085938
4597.289063	8692.898438
4593.823242	8785.322266
4590.356445	8706.041992
4586.887695	8824.308594
4583.416992	8705.462891
4579.944336	8686.089844
4576.470703	8785.476563
4572.995117	8708.535156
4569.517578	8728.005859
4566.039063	8683.500000
4562.557617	8627.543945
4559.075195	8755.420898
4555.591797	8666.471680
4552.105469	8740.410156
4548.618164	8728.253906
4545.128906	8733.301758
4541.637695	8824.280273
4538.145508	8667.502930
4534.651367	8806.353516
4531.155273	8804.908203
4527.657227	8778.446289
4524.157227	8629.132813
4520.656250	8766.292969
4517.153320	8773.425781
4513.648438	8787.681641
4510.142578	8760.567383
4506.634766	8752.005859
4503.125000	8804.708008
4499.613281	8796.128906
4496.099609	8818.865234
4492.584961	8778.987305
4489.068359	8780.378906
4485.549805	8756.896484
4482.030273	8746.217773
4478.507813	8900.235352
4474.984375	8797.965820
4471.458984	8764.582031
4467.932617	8860.942383
4464.403320	8770.877930
4460.873047	8795.616211
4457.340820	8842.975586
4453.806641	8915.753906
4450.271484	8820.171875
4446.734375	8856.133789
4443.195313	8814.355469
4439.654297	8802.269531
4436.111328	8894.635742
4432.567383	8911.436523
4429.021484	8852.077148
4425.473633	8905.519531
4421.923828	8915.239258
4418.372070	8879.187500
4414.819336	8949.416992
4411.264648	8913.379883
4407.708008	8958.211914
4404.150391	8979.812500
4400.589844	8876.389648
4397.028320	8965.385742
4393.464844	8933.625000
4389.899414	8999.360352
4386.332031	8982.326172
4382.763672	9014.342773
4379.193359	9051.226563
4375.621094	8958.601563
4372.046875	9036.041016
4368.470703	9014.822266
4364.893555	9022.970703
4361.314453	9048.570313
4357.733398	9080.424805
4354.150391	9066.192383
4350.565430	9077.775391
4346.979492	9146.506836
4343.391602	9060.489258
4339.801758	9062.299805
4336.209961	8965.265625
4332.616211	9035.992188
4329.021484	9147.672852
4325.424805	9098.688477
4321.825195	9150.479492
4318.225586	9073.762695
4314.623047	9128.979492
4311.018555	9173.733398
4307.413086	9285.693359
4303.805664	9126.583984
4300.196289	9126.935547
4296.584961	9147.360352
4292.971680	9217.583008
4289.357422	9174.308594
4285.741211	9122.086914
4282.122070	9248.866211
4278.501953	9142.096680
4274.880859	9171.409180
4271.256836	9153.085938
4267.631836	9198.217773
4264.003906	9182.650391
4260.375000	9205.672852
4256.744141	9309.918945
4253.112305	9322.527344
4249.477539	9260.829102
4245.840820	9248.003906
4242.203125	9308.717773
4238.563477	9285.572266
4234.921875	9315.308594
4231.278320	9299.723633
4227.633789	9299.926758
4223.986328	9324.803711
4220.337891	9369.522461
4216.686523	9418.987305
4213.034180	9372.573242
4209.379883	9241.368164
4205.724609	9348.936523
4202.066406	9429.057617
4198.407227	9353.342773
4194.745117	9339.151367
4191.082031	9312.685547
4187.416992	9422.665039
4183.750000	9360.726563
4180.081055	9360.174805
4176.411133	9365.750000
4172.738281	9444.838867
4169.064453	9382.318359
4165.387695	9408.947266
4161.709961	9453.899414
4158.030273	9340.501953
4154.348633	9389.510742
4150.666016	9511.093750
4146.980469	9531.470703
4143.293945	9525.378906
4139.604492	9559.954102
4135.914063	9356.729492
4132.221680	9448.896484
4128.527344	9459.085938
4124.831055	9390.802734
4121.132813	9442.918945
4117.433594	9433.491211
4113.731445	9534.154297
4110.028320	9429.503906
4106.322266	9463.941406
4102.615234	9438.998047
4098.906250	9400.595703
4095.195068	9527.281250
4091.482178	9554.854492
4087.767334	9552.111328
4084.051514	9511.697266
4080.332764	9441.737305
4076.613037	9515.653320
4072.890381	9455.157227
4069.166748	9428.956055
4065.441162	9474.575195
4061.713623	9569.104492
4057.984131	9560.304688
4054.252686	9457.039063
4050.519287	9433.564453
4046.783936	9426.842773
4043.047607	9516.458984
4039.308350	9551.152344
4035.568115	9459.494141
4031.824951	9461.442383
4028.080811	9554.186523
4024.334717	9502.025391
4020.586670	9377.877930
4016.836670	9407.182617
4013.084717	9377.151367
4009.330811	9429.728516
4005.574951	9344.459961
4001.817139	9424.938477
3998.058350	9470.751953
3994.296631	9380.927734
3990.532959	9465.242188
3986.768311	9528.883789
3983.000732	9423.890625
3979.232178	9391.964844
3975.461670	9458.188477
3971.688232	9360.666992
3967.913818	9409.613281
3964.137451	9361.194336
3960.359131	9441.843750
3956.578857	9419.902344
3952.796631	9390.708984
3949.012451	9473.192383
3945.226318	9381.923828
3941.438232	9323.743164
3937.649170	9389.633789
3933.857178	9384.247070
3930.063232	9417.742188
3926.268311	9378.747070
3922.470459	9359.538086
3918.671631	9332.448242
3914.869873	9399.429688
3911.066162	9343.416992
3907.261475	9333.447266
3903.454834	9286.053711
3899.645264	9318.779297
3895.834717	9244.537109
3892.022217	9198.560547
3888.206787	9355.130859
3884.390381	9320.927734
3880.572021	9313.597656
3876.750732	9254.578125
3872.928467	9208.040039
3869.104248	9364.845703
3865.278076	9226.820313
3861.449951	9214.967773
3857.619873	9169.834961
3853.786865	9263.046875
3849.952881	9285.741211
3846.116943	9200.223633
3842.279053	9237.249023
3838.439209	9313.296875
3834.597412	9287.100586
3830.753662	9236.211914
3826.907959	9251.027344
3823.060303	9203.449219
3819.210693	9239.689453
3815.358154	9222.015625
3811.504639	9184.893555
3807.649170	9171.149414
3803.791748	9307.122070
3799.932373	9212.352539
3796.071045	9233.563477
3792.207764	9255.397461
3788.342529	9138.150391
3784.474365	9173.578125
3780.605225	9212.842773
3776.734131	9108.054688
3772.861084	9168.605469
3768.986084	9199.415039
3765.108154	9161.840820
3761.229248	9155.879883
3757.348389	9155.075195
3753.464600	9181.950195
3749.579834	9115.490234
3745.692139	9166.791016
3741.803467	9027.760742
3737.912842	9239.668945
3734.019287	9111.009766
3730.123779	9121.115234
3726.227295	9110.678711
3722.327881	9079.089844
3718.426514	9136.607422
3714.524170	9110.793945
3710.618896	9123.416016
3706.711670	9146.258789
3702.802490	9087.212891
3698.891357	9117.074219
3694.978271	9155.845703
3691.063232	9149.875000
3687.146240	9157.947266
3683.227295	9178.765625
3679.306396	9172.780273
3675.383545	9255.375000
3671.457764	9231.515625
3667.531006	9181.576172
3663.601318	9237.303711
3659.670654	9333.035156
3655.737061	9317.431641
3651.801514	9265.628906
3647.864990	9394.204102
3643.925537	9376.042969
3639.984131	9424.498047
3636.040771	9509.670898
3632.095459	9466.120117
3628.148193	9527.742188
3624.197998	9562.078125
3620.246826	9728.602539
3616.293701	9838.040039
3612.337646	9877.207031
3608.380615	10008.555664
3604.420654	10072.208984
3600.458740	10255.058594
3596.494873	10435.823242
3592.529053	10678.174805
3588.561279	10849.704102
3584.591553	11105.436523
3580.619873	11308.028320
3576.645264	11489.646484
3572.669678	11736.462891
3568.691162	11909.492188
3564.711670	11956.086914
3560.729248	11994.466797
3556.744873	11956.878906
3552.758545	12151.992188
3548.770264	12060.445313
3544.779053	12032.889648
3540.786865	12052.320313
3536.791748	11980.978516
3532.795654	11982.264648
3528.796631	11895.393555
3524.795654	11892.338867
3520.792725	11803.095703
3516.787842	11858.757813
3512.780029	11719.080078
3508.771240	11741.668945
3504.759521	11566.039063
3500.746826	11629.162109
3496.731201	11476.799805
3492.713623	11432.242188
3488.694092	11533.881836
3484.671631	11397.332031
3480.648193	11337.337891
3476.621826	11168.111328
3472.594482	11218.763672
3468.564209	11175.690430
3464.531982	11012.998047
3460.496826	10916.775391
3456.460693	11006.453125
3452.421631	10883.707031
3448.381592	10818.623047
3444.338623	10808.019531
3440.293701	10724.492188
3436.246826	10687.376953
3432.197021	10700.305664
3428.146240	10663.233398
3424.092529	10518.260742
3420.036865	10493.024414
3415.979248	10472.739258
3411.919678	10398.280273
3407.857178	10339.897461
3403.793701	10397.218750
3399.727295	10266.339844
3395.658936	10234.527344
3391.588623	10280.130859
3387.516357	10342.869141
3383.441162	10218.409180
3379.364014	10255.350586
3375.284912	10215.024414
3371.203857	10305.211914
3367.120850	10240.403320
3363.034912	10534.856445
3358.947998	10534.203125
3354.858154	10597.119141
3350.765381	10700.897461
3346.671631	10767.923828
3342.575928	10665.818359
3338.477295	10787.073242
3334.376709	10757.605469
3330.274170	10669.667969
3326.168701	10598.870117
3322.061279	10556.751953
3317.952881	10345.542969
3313.840576	10380.817383
3309.727295	10312.125977
3305.612061	10199.768555
3301.493896	9997.067383
3297.373779	9869.816406
3293.251709	9822.141602
3289.126709	9849.672852
3284.999756	9739.045898
3280.870850	9693.923828
3276.739990	9633.111328
3272.607178	9603.811523
3268.471436	9532.825195
3264.333740	9541.061523
3260.194092	9484.667969
3256.051514	9459.715820
3251.907959	9426.340820
3247.761475	9412.290039
3243.613037	9453.087891
3239.461670	9443.847656
3235.308350	9346.124023
3231.153076	9453.661133
3226.995850	9331.974609
3222.836670	9391.315430
3218.674561	9438.575195
3214.510498	9367.508789
3210.343506	9288.712891
3206.175537	9279.565430
3202.004639	9332.760742
3197.831787	9354.144531
3193.656006	9370.710938
3189.478271	9362.717773
3185.298584	9293.123047
3181.116943	9118.382813
3176.933350	9188.199219
3172.746826	9115.212891
3168.558350	9083.482422
3164.366943	9020.166016
3160.173584	8964.067383
3155.978271	9013.498047
3151.781006	8995.572266
3147.580811	9010.995117
3143.378662	8934.776367
3139.174561	8932.369141
3134.967529	8926.393555
3130.758545	8948.931641
3126.547607	8923.949219
3122.334717	8939.929688
3118.118896	8924.458008
3113.901123	8952.859375
3109.680420	8781.590820
3105.457764	8931.405273
3101.233154	8836.068359
3097.006592	8801.156250
3092.777100	8920.559570
3088.545654	8808.827148
3084.312256	8799.955078
3080.075928	8841.251953
3075.837646	8818.796875
3071.596436	8820.533203
3067.353271	8879.416992
3063.108154	8800.431641
3058.861084	8918.700195
3054.611084	8845.653320
3050.359131	8872.042969
3046.104248	8859.029297
3041.847412	8858.359375
3037.588623	8844.772461
3033.327881	8919.196289
3029.064209	8972.426758
3024.797607	8896.667969
3020.530029	8908.843750
3016.259521	8889.976563
3011.986084	8951.283203
3007.710693	8945.854492
3003.433350	8930.492188
2999.154053	8973.556641
2994.871826	9091.882813
2990.587646	9120.799805
2986.300537	9192.254883
2982.011475	9412.843750
2977.720459	9479.393555
2973.426514	9740.335938
2969.130615	9918.939453
2964.831787	10121.189453
2960.531006	10357.512695
2956.228271	10536.056641
2951.922607	10741.113281
2947.614990	10878.621094
2943.304443	11438.817383
2938.991943	12007.675781
2934.677490	12466.402344
2930.360107	12687.777344
2926.040771	12772.316406
2921.719482	12779.822266
2917.395264	12757.829102
2913.068115	12742.788086
2908.739014	12776.267578
2904.407959	12612.303711
2900.073975	12764.644531
2895.738037	12615.268555
2891.400146	12502.353516
2887.059326	12226.565430
2882.716553	12166.355469
2878.370850	11878.958984
2874.023193	11857.517578
2869.672607	11910.228516
2865.320068	11744.617188
2860.964600	11654.381836
2856.607178	11769.637695
2852.247803	12026.970703
2847.885498	12092.598633
2843.521240	11261.724609
2839.154053	10401.413086
2834.784912	9595.250977
2830.412842	9182.831055
2826.038818	8971.470703
2821.661865	8818.031250
2817.282959	8822.328125
2812.902100	8640.599609
2808.518311	8638.708008
2804.131592	8612.875000
2799.742920	8591.054688
2795.352295	8661.487305
2790.958740	8640.793945
2786.563232	8568.365234
2782.164795	8534.664063
2777.764404	8502.131836
2773.361084	8512.215820
2768.955811	8488.236328
2764.547607	8474.488281
2760.137451	8419.937500
2755.724365	8450.423828
2751.309326	8394.806641
2746.891357	8407.721680
2742.471436	8462.473633
2738.048584	8486.069336
2733.623779	8462.177734
2729.197021	8530.348633
2724.766357	8464.125000
2720.334717	8450.425781
2715.899170	8358.379883
2711.462646	8404.468750
2707.023193	8302.406250
2702.580811	8280.369141
2698.136475	8229.666016
2693.689209	8189.695801
2689.239014	8200.895508
2684.787842	8167.717285
2680.332764	8109.876953
2675.875732	8132.870605
2671.416748	8066.696777
2666.954834	8126.101074
2662.490967	8011.277344
2658.024170	8040.416016
2653.554443	8035.396973
2649.082764	7947.079102
2644.608154	7991.838867
2640.131592	7884.648438
2635.652100	7922.130371
2631.170654	7904.341797
2626.686279	7887.684570
2622.199951	7879.958008
2617.710693	7834.923828
2613.218506	7896.243652
2608.724365	7847.905762
2604.228271	7821.300781
2599.729248	7815.836426
2595.227295	7759.837891
2590.723389	7759.957031
2586.216553	7783.925781
2581.706787	7759.075195
2577.195068	7689.919922
2572.681396	7784.209473
2568.163818	7720.645020
2563.645264	7666.552246
2559.122803	7729.725586
2554.598389	7622.634277
2550.072021	7584.139160
2545.542725	7637.858887
2541.010498	7559.121094
2536.476318	7612.236328
2531.939209	7531.940918
2527.399170	7579.498047
2522.857178	7596.175293
2518.312256	7544.618164
2513.765381	7540.947266
2509.215576	7499.912109
2504.663818	7552.828613
2500.109131	7489.321777
2495.551514	7492.807129
2490.990967	7523.149902
2486.429443	7437.290527
2481.864014	7513.077637
2477.296631	7459.605469
2472.726318	7554.980957
2468.153076	7428.278320
2463.577881	7489.680176
2459.000732	7434.688965
2454.419678	7482.912598
2449.836670	7498.348633
2445.251709	7457.064453
2440.662842	7495.375977
2436.072021	7456.311523
2431.479248	7501.104492
2426.883545	7421.820801
2422.284912	7417.646973
2417.683350	7433.035645
2413.079834	7421.793945
2408.473389	7439.869629
2403.864990	7413.984375
2399.253662	7407.641602
2394.638428	7441.938965
2390.023193	7434.497559
2385.404053	7450.875000
2380.781006	7429.366699
2376.157959	7485.185059
2371.529053	7458.812500
2366.900146	7491.865234
2362.267334	7487.099121
2357.632568	7453.747559
2352.995850	7502.370117
2348.355225	7438.869629
2343.712646	7512.747559
2339.068115	7580.080566
2334.419678	7542.450684
2329.769287	7612.909180
2325.114990	7559.716309
2320.458740	7557.053223
2315.800537	7554.389648
2311.140381	7587.661133
2306.476318	7562.462891
2301.808350	7580.148926
2297.140381	7691.512695
2292.468506	7621.337402
2287.794678	7545.354492
2283.116943	7619.656250
2278.437256	7681.583496
2273.755615	7715.139160
2269.070068	7662.207520
2264.382568	7633.331543
2259.691162	7746.266113
2254.999756	7772.770020
2250.302490	7674.657227
2245.605225	7731.495117
2240.904053	7623.405762
2236.200928	7662.130371
2231.493896	7655.124023
2226.784912	7691.125488
2222.073975	7724.429199
2217.359131	7689.283691
2212.642334	7733.144043
2207.921631	7703.323730
2203.198975	7760.354004
2198.474365	7808.321777
2193.747803	7701.295898
2189.017334	7688.459473
2184.282959	7843.598145
2179.546631	7759.423828
2174.808350	7742.345215
2170.068115	7784.338867
2165.323975	7814.687500
2160.577881	7750.194824
2155.827881	7856.321289
2151.075928	7919.710449
2146.320068	7853.680664
2141.564209	7844.475098
2136.802490	7785.383301
2132.040771	7963.080566
2127.275146	7918.670410
2122.505615	7950.854004
2117.736084	7843.091797
2112.960693	7898.317383
2108.185303	7901.137207
2103.406006	7869.425781
2098.622803	7886.890625
2093.839600	7970.688477
2089.050537	7933.759766
2084.261475	7865.556152
2079.468506	7993.027344
2074.673584	7858.654785
2069.874756	7850.516113
2065.073975	7874.146484
2060.269287	7974.767090
2055.462646	7896.350586
2050.654053	8007.752930
2045.841553	7944.466309
2041.025146	7893.709961
2036.208740	7976.891113
2031.388428	7943.800781
2026.564209	7995.232910
2021.738037	8044.012207
2016.909912	8093.250488
2012.077881	8027.557129
2007.243896	7924.701660
2002.407959	7977.014160
1997.568115	8064.389160
1992.724365	8032.921875
1987.878662	8035.541016
1983.031006	8058.264160
1978.181396	8001.591309
1973.325928	8002.668457
1968.470459	8023.302246
1963.611084	8033.619141
1958.749756	8056.775879
1953.884521	8021.319336
1949.017334	8113.785156
1944.146240	8014.166992
1939.273193	8038.807129
1934.396240	8154.166016
1929.517334	8022.916504
1924.636475	8004.993164
1919.751709	8034.175293
1914.864990	8056.159180
1909.974365	8064.311035
1905.081787	7957.487305
1900.185303	8001.425781
1895.286865	8140.237305
1890.386475	8071.798828
1885.482178	8054.923340
1880.575928	8081.369141
1875.665771	8130.185547
1870.753662	8024.239258
1865.837646	8051.156250
1860.919678	8074.480469
1855.997803	8055.101563
1851.073975	7958.567871
1846.146240	7973.269043
1841.218506	8035.114258
1836.284912	8001.090820
1831.349365	8026.877441
1826.411865	8044.023926
1821.470459	7953.881836
1816.527100	7973.067383
1811.579834	7987.173340
1806.630615	7960.347168
1801.677490	8013.308594
1796.722412	8002.636230
1791.765381	8071.136719
1786.804443	7983.839355
1781.839600	7997.871582
1776.872803	8015.408203
1771.904053	7996.197754
1766.931396	8094.655273
1761.956787	8053.305664
1756.978271	8045.145508
1751.997803	8054.558105
1747.013428	8109.603516
1742.027100	8124.476563
1737.036865	8157.867188
1732.044678	8279.347656
1727.048584	8264.060547
1722.050537	8182.264648
1717.048584	8318.507813
1712.044678	8373.157227
1707.038818	8322.387695
1702.029053	8241.732422
1697.015381	8297.319336
1691.999756	8342.870117
1686.982178	8265.322266
1681.960693	8331.743164
1676.935303	8350.316406
1671.907959	8370.854492
1666.878662	8439.575195
1661.845459	8506.225586
1656.808350	8693.924805
1651.769287	8806.982422
1646.728271	8941.723633
1641.683350	9035.669922
1636.636475	9234.999023
1631.585693	9337.570313
1626.531006	9498.394531
1621.476318	9658.041016
1616.415771	9758.203125
1611.353271	9929.853516
1606.288818	10297.248047
1601.220459	10662.734375
1596.150146	10639.313477
1591.075928	10344.433594
1585.997803	9984.398438
1580.919678	10049.984375
1575.835693	10036.794922
1570.749756	9968.560547
1565.661865	10060.069336
1560.570068	10193.694336
1555.474365	10021.935547
1550.378662	9705.693359
1545.277100	9610.871094
1540.173584	9402.016602
1535.068115	9429.868164
1529.958740	9377.439453
1524.845459	9331.425781
1519.730225	9395.426758
1514.613037	9278.135742
1509.491943	9193.195313
1504.366943	9100.055664
1499.239990	9013.847656
1494.109131	8973.057617
1488.976318	8951.304688
1483.841553	9065.380859
1478.700928	9204.131836
1473.560303	9126.361328
1468.415771	9104.558594
1463.267334	9094.433594
1458.116943	9069.270508
1452.962646	8873.388672
1447.804443	8992.359375
1442.646240	8940.157227
1437.482178	8832.810547
1432.316162	8694.613281
1427.148193	8575.918945
1421.976318	8402.252930
1416.800537	8228.785156
1411.622803	8326.864258
1406.443115	8481.769531
1401.259521	8414.165039
1396.072021	8503.765625
1390.882568	8437.666016
1385.689209	8388.972656
1380.493896	8378.343750
1375.294678	8372.533203
1370.093506	8464.287109
1364.888428	8426.247070
1359.679443	8449.212891
1354.468506	8564.744141
1349.255615	8774.597656
1344.038818	9133.718750
1338.818115	9651.425781
1333.595459	10078.544922
1328.368896	10293.245117
1323.140381	10170.632813
1317.907959	9734.228516
1312.673584	9287.342773
1307.435303	9002.289063
1302.193115	8819.161133
1296.948975	8552.817383
1291.702881	8236.276367
1286.452881	8025.807129
1281.198975	7856.030273
1275.943115	7698.812988
1270.683350	7551.757813
1265.421631	7532.187988
1260.156006	7424.327148
1254.886475	7397.257324
1249.614990	7488.776855
1244.341553	7443.685547
1239.062256	7415.696777
1233.782959	7315.304688
1228.497803	7355.078613
1223.212646	7238.282715
1217.921631	7204.324707
1212.628662	7116.086426
1207.333740	7042.109863
1202.034912	6976.708496
1196.732178	6925.054199
1191.427490	6893.721191
1186.118896	6849.235352
1180.806396	6859.869629
1175.491943	6839.442383
1170.175537	6805.401855
1164.855225	6726.291016
1159.531006	6700.804688
1154.204834	6727.441406
1148.874756	6746.072266
1143.540771	6617.009277
1138.204834	6631.930176
1132.866943	6643.085938
1127.525146	6610.704590
1122.179443	6552.166992
1116.831787	6443.679199
1111.480225	6316.160645
1106.124756	6347.067383
1100.767334	6273.410645
1095.407959	6257.666504
1090.042725	6249.396484
1084.677490	6250.916504
1079.306396	6205.412109
1073.933350	6220.911133
1068.558350	6156.407227
1063.179443	6160.294434
1057.796631	6136.770996
1052.409912	6105.381836
1047.023193	6132.020508
1041.630615	6186.911621
1036.236084	6138.396484
1030.837646	6251.111328
1025.437256	6122.996582
1020.032959	6104.666992
1014.626709	6089.131348
1009.216553	6133.683105
1003.802490	6016.083984
998.386475	5979.852051
992.966553	5990.711426
987.542725	5898.749023
982.116943	5855.270508
976.689209	5843.153809
971.255615	5924.015137
965.820068	6025.480469
960.382568	5970.071289
954.941162	5849.025391
949.495850	5786.431641
944.048584	5810.182617
938.597412	5672.463379
933.144287	5677.915039
927.687256	5717.259277
922.226318	5716.266113
916.763428	5682.783691
911.296631	5604.978516
905.825928	5667.579590
900.353271	5699.958496
894.878662	5660.622559
889.398193	5648.707031
883.915771	5617.651367
878.431396	5540.143066
872.943115	5459.989746
867.450928	5456.860840
861.956787	5448.729980
856.458740	5442.426270
850.956787	5401.590332
845.452881	5442.554199
839.945068	5342.297852
834.435303	5317.464355
828.919678	5312.608398
823.404053	5316.366699
817.884521	5336.876465
812.361084	5301.235352
806.833740	5331.228516
801.304443	5290.203613
795.771240	5286.729004
790.236084	5227.259277
784.697021	5248.646484
779.154053	5189.715332
773.609131	5204.785645
768.060303	5151.352051
762.509521	5162.372559
756.954834	5235.937012
751.396240	5386.332520
745.833740	5885.399902
740.271240	6396.477051
734.702881	6621.388184
729.132568	6178.266602
723.558350	5527.088379
717.980225	5262.604004
712.400146	5120.278320
706.818115	5067.216309
701.230225	5062.543457
695.640381	5105.730469
690.048584	5073.326172
684.450928	5109.754883
678.853271	5128.282227
673.249756	5161.067383
667.644287	5247.331055
662.034912	5259.060547
656.423584	5217.319824
650.808350	5266.449707
645.189209	5148.662109
639.568115	5053.242676
633.943115	5048.600098
628.314209	5046.183105
622.683350	4941.214844
617.048584	4944.627930
611.411865	4883.292480
605.771240	4936.815430
600.126709	4840.559570
594.480225	4872.352051
588.829834	4809.423828
583.175537	4782.826660
577.519287	4753.165039
571.859131	4757.546875
566.197021	4743.824219
560.529053	4688.643555
554.861084	4741.116699
549.187256	4776.783203
543.511475	4710.664063
537.831787	4770.077637
532.150146	4888.378418
526.464600	4892.220215
520.775146	4877.600098
515.083740	4687.309082
509.388428	4629.800781
503.689209	4593.853516
497.988037	4588.639648
492.282959	4642.592285
486.575928	4622.464355
480.864990	4564.713379
475.150146	4586.650391
469.433350	4626.051758
463.712646	4588.933594
457.988037	4499.009277
452.259521	4534.900391
446.529053	4516.217773
440.796631	4511.508301
435.060303	4512.032715
429.320068	4489.473145
423.575928	4499.149902
417.829834	4479.232422
412.079834	4453.684082
406.325928	4455.541504
400.570068	4494.313477
394.812256	4471.402832
389.048584	4468.474121
383.282959	4465.548340
377.513428	4518.527344
371.741943	4524.238281
365.966553	4512.195313
360.187256	4504.924316
354.406006	4591.488281
